,Id,Number_of_dependents__c,Disability_Rating__c,days_seek_services,length_of_service,"Highest_Level_of_Education_Completed__c__2 Year Degree (AA, AS, etc.)","Highest_Level_of_Education_Completed__c__4 Year Degree (BA, BS, etc.)","Highest_Level_of_Education_Completed__c__Doctorate (PhD, MD, etc.)",Highest_Level_of_Education_Completed__c__High School/GED,"Highest_Level_of_Education_Completed__c__Post-Graduate Degree (MA, MS, JD, etc.)",Service_Branch__c__Air Force,Service_Branch__c__Army,Service_Branch__c__Coast Guard,Service_Branch__c__Marines,Service_Branch__c__Navy,Gender__c__Female,Gender__c__Male,confirm_hire
8,0030z00002PrWk2AAF,0.0,0,3627.0,2630.0,1,0,0,0,0,1,0,0,0,0,0,1,0
12,0030z00002PrWn1AAF,0.0,0,0.0,7314.0,0,0,0,1,0,0,0,0,1,0,0,1,1
13,0030z00002PrWr8AAF,0.0,0,4622.0,1461.0,0,0,0,1,0,0,0,0,1,0,0,1,0
32,0030z00002PrXLpAAN,0.0,10,15.0,10617.0,0,1,0,0,0,0,1,0,0,0,0,1,1
36,0030z00002PrXNvAAN,0.0,0,0.0,7312.0,1,0,0,0,0,1,0,0,0,0,1,0,0
40,0030z00002PrXU9AAN,0.0,30,2077.0,1460.0,0,1,0,0,0,0,0,0,1,0,1,0,1
47,0030z00002PrXpMAAV,0.0,0,66.0,7043.0,0,0,0,0,1,1,0,0,0,0,1,0,1
51,0030z00002PrXwcAAF,0.0,0,0.0,1371.0,0,1,0,0,0,0,1,0,0,0,0,1,1
54,0030z00002PrY43AAF,0.0,10,2569.0,2556.0,0,0,0,1,0,0,1,0,0,0,0,1,1
66,0030z00002PrYQzAAN,0.0,0,0.0,7867.0,1,0,0,0,0,1,0,0,0,0,0,1,1
70,0030z00002PrZ9qAAF,0.0,0,0.0,1461.0,0,0,0,1,0,1,0,0,0,0,0,1,0
80,0030z00002PrZNxAAN,0.0,0,0.0,2594.0,0,0,0,1,0,0,1,0,0,0,0,1,1
83,0030z00002PrZVNAA3,0.0,10,105.0,9871.0,0,0,0,0,1,0,1,0,0,0,0,1,1
86,0030z00002PrZW1AAN,0.0,0,0.0,1461.0,0,0,0,1,0,0,0,0,1,0,0,1,0
87,0030z00002PrZXsAAN,0.0,0,0.0,2735.0,0,0,0,1,0,0,0,0,0,1,0,1,0
89,0030z00002PrZZ0AAN,0.0,0,0.0,7305.0,0,0,0,1,0,0,1,0,0,0,0,1,0
92,0030z00002PrZhpAAF,0.0,0,534.0,7305.0,0,1,0,0,0,0,1,0,0,0,0,1,0
99,0030z00002Pra0zAAB,0.0,40,0.0,2963.0,0,0,0,1,0,0,1,0,0,0,0,1,0
101,0030z00002PrbmfAAB,0.0,0,152.0,3738.0,1,0,0,0,0,0,0,0,0,1,1,0,1
115,0030z00002Pre5dAAB,0.0,0,913.0,5296.0,0,0,0,1,0,0,1,0,0,0,0,1,0
123,0030z00002Prf1IAAR,0.0,50,3820.0,7912.0,0,0,0,1,0,0,0,0,1,0,0,1,1
125,0030z00002PrfdvAAB,0.0,0,2510.0,3136.0,0,1,0,0,0,0,0,0,0,1,0,1,0
126,0030z00002PrfgVAAR,0.0,100,501.0,5411.0,0,1,0,0,0,0,1,0,0,0,0,1,1
132,0030z00002PrhEkAAJ,0.0,0,778.0,2835.0,1,0,0,0,0,0,1,0,0,0,0,1,1
134,0030z00002PrhXlAAJ,0.0,0,317.0,8249.0,0,1,0,0,0,1,0,0,0,0,0,1,1
139,0030z00002PrhrMAAR,0.0,0,1414.0,2260.0,0,0,0,1,0,1,0,0,0,0,0,1,1
145,0030z00002Pri2AAAR,0.0,80,3309.0,1136.0,0,0,0,1,0,0,1,0,0,0,1,0,1
149,0030z00002Pri46AAB,0.0,0,0.0,4030.0,0,0,0,1,0,0,0,0,0,1,0,1,1
160,0030z00002PriMAAAZ,0.0,0,0.0,7312.0,0,0,0,1,0,0,0,0,0,1,0,1,0
163,0030z00002PriTQAAZ,0.0,60,1417.0,1917.0,0,1,0,0,0,0,0,0,1,0,0,1,0
164,0030z00002PriUdAAJ,0.0,0,0.0,2638.0,0,1,0,0,0,0,1,0,0,0,0,1,1
173,0030z00002PriivAAB,0.0,40,1840.0,8448.0,0,0,0,0,1,0,1,0,0,0,0,1,1
177,0030z00002PriseAAB,0.0,0,0.0,7308.0,0,0,0,1,0,1,0,0,0,0,0,1,1
183,0030z00002PrixjAAB,3.0,0,198.0,1392.0,0,0,0,1,0,0,1,0,0,0,0,1,1
187,0030z00002PrizVAAR,0.0,0,0.0,2190.0,0,0,0,0,1,0,1,0,0,0,0,1,1
188,0030z00002Prj0dAAB,0.0,0,199.0,7555.0,0,0,0,1,0,0,1,0,0,0,0,1,0
200,0030z00002PrjAsAAJ,0.0,0,0.0,8769.0,0,0,0,1,0,0,1,0,0,0,0,1,1
201,0030z00002PrjDIAAZ,0.0,0,700.0,2922.0,1,0,0,0,0,0,0,0,0,1,0,1,0
204,0030z00002PrjHAAAZ,0.0,80,43.0,7319.0,0,0,0,0,1,1,0,0,0,0,0,1,1
206,0030z00002PrjIIAAZ,0.0,60,6433.0,5083.0,0,0,0,1,0,1,0,0,0,0,0,1,0
220,0030z00002PrjeOAAR,0.0,30,2417.0,1767.0,0,1,0,0,0,0,1,0,0,0,0,1,0
234,0030z00002PrkJ9AAJ,0.0,0,0.0,3286.0,0,0,0,1,0,0,0,0,1,0,0,1,0
235,0030z00002PrkJdAAJ,0.0,90,2366.0,1605.0,0,1,0,0,0,0,1,0,0,0,0,1,0
252,0030z00002Prl5NAAR,0.0,40,1745.0,1461.0,0,1,0,0,0,0,0,0,1,0,0,1,1
258,0030z00002Prl7xAAB,0.0,0,1247.0,8334.0,0,0,0,1,0,0,1,0,0,0,1,0,1
259,0030z00002PrlAhAAJ,0.0,0,0.0,7625.0,0,1,0,0,0,1,0,0,0,0,0,1,1
269,0030z00002PrmicAAB,0.0,0,0.0,7327.0,0,1,0,0,0,1,0,0,0,0,0,1,1
274,0030z00002PrmtGAAR,0.0,80,1812.0,7309.0,0,0,0,1,0,0,1,0,0,0,0,1,1
279,0030z00002Prn15AAB,0.0,0,0.0,7317.0,0,0,0,1,0,0,0,0,1,0,0,1,1
280,0030z00002Prn4iAAB,0.0,0,0.0,8775.0,1,0,0,0,0,1,0,0,0,0,1,0,1
320,0030z00002Prqd4AAB,0.0,10,8260.0,4383.0,0,0,0,1,0,1,0,0,0,0,1,0,1
333,0030z00002PrqxjAAB,0.0,0,0.0,8896.0,1,0,0,0,0,0,0,0,0,1,0,1,0
340,0030z00002Prr7eAAB,0.0,0,0.0,13227.0,0,0,0,1,0,0,0,0,0,1,0,1,1
350,0030z00002PrrJlAAJ,0.0,0,0.0,4032.0,0,0,0,0,1,0,1,0,0,0,1,0,1
360,0030z00002PrrJvAAJ,0.0,10,3654.0,1891.0,0,0,0,0,1,0,1,0,0,0,0,1,1
380,0030z00002PrrKFAAZ,0.0,0,0.0,11022.0,0,0,1,0,0,0,1,0,0,0,0,1,1
381,0030z00002PrrKGAAZ,0.0,0,22.0,7323.0,0,0,0,0,1,1,0,0,0,0,1,0,0
399,0030z00002PrrKYAAZ,0.0,0,0.0,7750.0,0,1,0,0,0,1,0,0,0,0,0,1,1
401,0030z00002PrrKaAAJ,0.0,0,0.0,7450.0,0,0,0,0,1,0,1,0,0,0,0,1,1
405,0030z00002PrrKeAAJ,0.0,0,0.0,2679.0,0,0,0,0,1,0,1,0,0,0,1,0,1
411,0030z00002PrrKkAAJ,0.0,0,0.0,3757.0,0,1,0,0,0,0,0,0,0,1,0,1,1
433,0030z00002PrrL6AAJ,0.0,40,7766.0,2389.0,0,1,0,0,0,0,0,0,0,1,1,0,1
440,0030z00002PrrNyAAJ,0.0,0,11838.0,1756.0,0,1,0,0,0,0,0,0,1,0,0,1,1
443,0030z00002PrrPxAAJ,0.0,0,0.0,3604.0,0,0,0,1,0,0,1,0,0,0,0,1,1
444,0030z00002PrrQRAAZ,0.0,0,0.0,1893.0,0,0,0,1,0,0,1,0,0,0,0,1,1
450,0030z00002PrrraAAB,0.0,0,1930.0,2100.0,0,0,0,1,0,0,1,0,0,0,0,1,0
463,0030z00002Prs5wAAB,0.0,0,0.0,7313.0,0,1,0,0,0,1,0,0,0,0,1,0,0
483,0030z00002PrsgjAAB,0.0,0,1164.0,3202.0,0,0,0,1,0,0,1,0,0,0,0,1,1
484,0030z00002PrskzAAB,0.0,0,861.0,804.0,1,0,0,0,0,0,1,0,0,0,0,1,0
486,0030z00002PrssFAAR,0.0,0,0.0,7959.0,0,0,0,0,1,0,1,0,0,0,1,0,0
492,0030z00002PrtL6AAJ,0.0,0,0.0,7602.0,0,0,0,0,1,0,1,0,0,0,0,1,1
496,0030z00002Prtd0AAB,0.0,90,12440.0,868.0,1,0,0,0,0,1,0,0,0,0,0,1,0
497,0030z00002PrtdUAAR,0.0,100,2499.0,2268.0,0,1,0,0,0,0,1,0,0,0,0,1,0
506,0030z00002PrtvkAAB,0.0,50,6730.0,5844.0,0,0,0,0,1,0,0,0,0,1,0,1,0
526,0030z00002PruESAAZ,0.0,0,83.0,12061.0,0,0,0,1,0,0,0,0,1,0,0,1,0
529,0030z00002PruFkAAJ,0.0,70,4686.0,3701.0,0,0,0,1,0,0,0,0,0,1,1,0,0
530,0030z00002PruG9AAJ,0.0,0,0.0,3534.0,1,0,0,0,0,0,1,0,0,0,1,0,1
540,0030z00002PruVEAAZ,0.0,0,0.0,2107.0,1,0,0,0,0,1,0,0,0,0,0,1,1
544,0030z00002PrubCAAR,0.0,0,0.0,2190.0,0,0,0,1,0,1,0,0,0,0,0,1,1
546,0030z00002PrudmAAB,0.0,20,664.0,2192.0,0,1,0,0,0,0,0,0,0,1,1,0,0
553,0030z00002Prut6AAB,0.0,0,1480.0,791.0,0,0,0,1,0,0,0,0,0,1,0,1,1
554,0030z00002Prv0HAAR,0.0,60,293.0,7388.0,0,0,0,0,1,0,1,0,0,0,0,1,1
558,0030z00002Prv9sAAB,0.0,0,0.0,5623.0,0,1,0,0,0,0,1,0,0,0,0,1,1
577,0030z00002PrvnsAAB,0.0,0,392.0,1857.0,1,0,0,0,0,0,1,0,0,0,1,0,0
579,0030z00002PrvtHAAR,0.0,0,0.0,1083.0,0,0,0,1,0,0,1,0,0,0,0,1,0
581,0030z00002PrvzkAAB,0.0,0,0.0,9160.0,1,0,0,0,0,0,1,0,0,0,1,0,1
588,0030z00002PrwBKAAZ,0.0,50,2093.0,2397.0,0,1,0,0,0,1,0,0,0,0,0,1,0
594,0030z00002PrwSQAAZ,0.0,0,0.0,7414.0,0,1,0,0,0,0,0,1,0,0,0,1,0
595,0030z00002PrwT9AAJ,0.0,0,956.0,1460.0,0,0,0,1,0,0,0,0,1,0,0,1,0
596,0030z00002PrwTdAAJ,0.0,0,0.0,8052.0,0,1,0,0,0,0,1,0,0,0,0,1,0
602,0030z00002PrwigAAB,0.0,0,0.0,4826.0,0,0,0,1,0,0,0,0,0,1,1,0,0
606,0030z00002PrwngAAB,0.0,0,14.0,909.0,0,0,0,1,0,0,1,0,0,0,1,0,1
616,0030z00002PrwzvAAB,0.0,0,1471.0,1460.0,0,1,0,0,0,0,0,0,0,1,0,1,1
617,0030z00002Prx1IAAR,0.0,0,3.0,2630.0,0,1,0,0,0,0,1,0,0,0,0,1,0
624,0030z00002Prx7pAAB,0.0,0,142.0,9979.0,0,1,0,0,0,0,0,0,1,0,0,1,1
626,0030z00002QO38wAAD,0.0,0,0.0,1825.0,1,0,0,0,0,0,0,0,0,1,1,0,1
628,0030z00002QO39kAAD,0.0,0,0.0,3103.0,0,0,0,1,0,0,0,0,1,0,0,1,0
632,0030z00002QXQomAAH,0.0,0,4496.0,1476.0,0,0,0,0,1,0,1,0,0,0,1,0,0
642,0030z00002QXQxoAAH,0.0,0,0.0,17313.0,0,0,0,0,1,0,0,0,0,1,0,1,1
651,0030z00002QXRCzAAP,0.0,0,49.0,2599.0,0,0,0,1,0,0,0,0,0,1,0,1,1
653,0030z00002QXRD1AAP,0.0,90,637.0,3054.0,0,0,0,1,0,0,0,0,1,0,0,1,0
662,0030z00002QXREWAA5,0.0,100,3315.0,2921.0,0,0,0,0,1,0,1,0,0,0,0,1,0
667,0030z00002QXREcAAP,0.0,0,1554.0,1499.0,0,1,0,0,0,0,1,0,0,0,0,1,0
669,0030z00002QXREeAAP,0.0,0,1392.0,2191.0,0,0,0,1,0,1,0,0,0,0,0,1,1
689,0030z00002QXRaUAAX,0.0,0,0.0,7385.0,0,1,0,0,0,0,0,0,0,1,0,1,0
704,0030z00002QXReYAAX,0.0,0,5331.0,2921.0,0,0,0,0,1,0,0,0,0,1,0,1,1
709,0030z00002QXRsqAAH,0.0,0,8081.0,1460.0,0,0,0,0,1,0,0,1,0,0,0,1,1
712,0030z00002QXS2mAAH,0.0,0,4462.0,2860.0,0,1,0,0,0,0,0,0,0,1,1,0,0
716,0030z00002QXS95AAH,0.0,0,2337.0,49.0,0,0,0,1,0,0,1,0,0,0,0,1,1
720,0030z00002QXSFeAAP,0.0,0,0.0,2955.0,0,0,0,0,1,1,0,0,0,0,0,1,0
722,0030z00002QXSKAAA5,0.0,0,689.0,3013.0,0,0,0,1,0,0,1,0,0,0,0,1,1
746,0030z00002QXU02AAH,0.0,0,0.0,8227.0,1,0,0,0,0,1,0,0,0,0,0,1,1
749,0030z00002QXU5RAAX,0.0,0,52.0,1268.0,0,0,0,1,0,0,1,0,0,0,0,1,1
750,0030z00002QXU5bAAH,0.0,0,2661.0,1460.0,0,1,0,0,0,0,0,0,0,1,0,1,1
759,0030z00002QXUIGAA5,0.0,0,0.0,7620.0,0,0,0,1,0,0,0,0,0,1,0,1,1
769,0030z00002QXUsVAAX,8.0,0,235.0,1336.0,0,0,0,1,0,0,1,0,0,0,0,1,1
771,0030z00002QXUyOAAX,0.0,0,0.0,9512.0,0,1,0,0,0,0,1,0,0,0,0,1,1
778,0030z00002QXV4WAAX,0.0,70,7378.0,817.0,0,0,0,0,1,0,1,0,0,0,1,0,1
787,0030z00002QXVPeAAP,0.0,10,1025.0,7308.0,0,0,0,0,1,0,0,0,0,1,0,1,0
792,0030z00002QXVYrAAP,0.0,0,506.0,5115.0,1,0,0,0,0,0,0,0,0,1,1,0,1
793,0030z00002QXVbHAAX,0.0,0,0.0,2078.0,0,1,0,0,0,0,1,0,0,0,0,1,1
794,0030z00002QXVbMAAX,0.0,0,0.0,2089.0,0,0,0,1,0,0,1,0,0,0,0,1,0
807,0030z00002QXW2aAAH,0.0,0,21.0,8574.0,0,1,0,0,0,1,0,0,0,0,1,0,1
814,0030z00002QXWRGAA5,0.0,0,9.0,6209.0,0,1,0,0,0,0,0,0,0,1,0,1,1
823,0030z00002QXWRPAA5,0.0,0,0.0,7327.0,0,1,0,0,0,1,0,0,0,0,0,1,1
832,0030z00002QXWRYAA5,0.0,100,66.0,12722.0,0,0,1,0,0,0,0,1,0,0,0,1,1
840,0030z00002QXWRgAAP,0.0,0,423.0,1886.0,0,1,0,0,0,0,0,1,0,0,0,1,1
851,0030z00002QXWRrAAP,0.0,0,384.0,7309.0,0,1,0,0,0,1,0,0,0,0,0,1,0
852,0030z00002QXWRsAAP,0.0,0,4513.0,3242.0,0,1,0,0,0,0,1,0,0,0,0,1,0
857,0030z00002QXWRxAAP,0.0,0,0.0,8473.0,1,0,0,0,0,1,0,0,0,0,0,1,1
866,0030z00002QXWS6AAP,0.0,70,4703.0,1826.0,0,1,0,0,0,0,0,0,1,0,0,1,0
880,0030z00002QXWSKAA5,0.0,0,0.0,8028.0,0,1,0,0,0,0,0,0,0,1,1,0,1
890,0030z00002QXWSVAA5,0.0,0,0.0,8962.0,0,0,0,1,0,0,1,0,0,0,0,1,1
896,0030z00002QXWSbAAP,0.0,0,0.0,1277.0,0,1,0,0,0,0,1,0,0,0,1,0,1
898,0030z00002QXWSdAAP,0.0,80,174.0,1025.0,0,1,0,0,0,0,1,0,0,0,0,1,1
924,0030z00002QXWkfAAH,0.0,0,0.0,2008.0,0,0,0,1,0,0,1,0,0,0,0,1,0
926,0030z00002QXWnAAAX,0.0,0,0.0,3588.0,0,0,0,0,1,0,1,0,0,0,1,0,1
930,0030z00002QXWomAAH,0.0,0,0.0,1411.0,1,0,0,0,0,0,0,0,0,1,1,0,1
933,0030z00002QXWp6AAH,0.0,0,0.0,2962.0,0,1,0,0,0,0,0,0,0,1,1,0,0
934,0030z00002QXWpGAAX,0.0,0,0.0,4826.0,1,0,0,0,0,0,0,0,0,1,0,1,1
945,0030z00002QXWvuAAH,0.0,80,3227.0,3001.0,1,0,0,0,0,0,1,0,0,0,0,1,0
948,0030z00002QXWyAAAX,0.0,100,756.0,6001.0,0,1,0,0,0,1,0,0,0,0,0,1,1
949,0030z00002QXWyPAAX,0.0,60,6.0,5090.0,1,0,0,0,0,0,0,0,1,0,0,1,1
968,0030z00002QXXmBAAX,0.0,90,6168.0,1692.0,0,1,0,0,0,0,1,0,0,0,0,1,0
972,0030z00002QXXv8AAH,0.0,0,5255.0,2251.0,0,0,0,1,0,0,0,0,1,0,0,1,1
1001,0030z00002QXY6UAAX,0.0,0,1974.0,5937.0,1,0,0,0,0,0,1,0,0,0,0,1,1
1005,0030z00002QXY9JAAX,0.0,0,0.0,3241.0,1,0,0,0,0,0,0,0,1,0,1,0,1
1006,0030z00002QXY9sAAH,0.0,0,0.0,7672.0,0,0,0,1,0,0,0,0,1,0,0,1,0
1009,0030z00002QXYE3AAP,0.0,100,5588.0,1461.0,0,1,0,0,0,1,0,0,0,0,1,0,0
1011,0030z00002QXYGEAA5,0.0,0,0.0,5156.0,0,1,0,0,0,1,0,0,0,0,0,1,0
1013,0030z00002QXYGxAAP,0.0,0,0.0,2410.0,1,0,0,0,0,0,0,0,0,1,0,1,1
1029,0030z00002QXYmCAAX,0.0,0,0.0,1461.0,0,0,0,1,0,0,0,0,0,1,1,0,1
1032,0030z00002QXYp1AAH,0.0,0,3671.0,1460.0,0,1,0,0,0,1,0,0,0,0,0,1,0
1066,0030z00002QXfEUAA1,0.0,0,1024.0,5721.0,0,1,0,0,0,0,1,0,0,0,0,1,0
1071,0030z00002QXfN0AAL,0.0,20,1505.0,1414.0,0,1,0,0,0,1,0,0,0,0,1,0,0
1076,0030z00002QXfW2AAL,0.0,0,12.0,2921.0,1,0,0,0,0,1,0,0,0,0,1,0,0
1099,0030z00002QXk1lAAD,0.0,90,4555.0,5265.0,0,1,0,0,0,0,0,0,0,1,0,1,0
1106,0030z00002QXkAwAAL,0.0,0,2321.0,1858.0,0,1,0,0,0,0,0,0,1,0,0,1,0
1108,0030z00002QXkGZAA1,0.0,0,0.0,7869.0,0,1,0,0,0,0,1,0,0,0,0,1,1
1116,0030z00002QXl6VAAT,0.0,0,119.0,973.0,0,1,0,0,0,0,1,0,0,0,1,0,1
1137,0030z00002QXnnBAAT,0.0,0,2260.0,1827.0,0,0,0,1,0,0,0,0,0,1,0,1,1
1140,0030z00002QXpMzAAL,0.0,0,0.0,8432.0,1,0,0,0,0,0,0,0,0,1,0,1,1
1144,0030z00002QXpSiAAL,0.0,0,0.0,7306.0,0,0,0,0,1,1,0,0,0,0,0,1,1
1154,0030z00002QXpeEAAT,0.0,0,0.0,10242.0,0,1,0,0,0,1,0,0,0,0,0,1,0
1160,0030z00002QXsuOAAT,0.0,40,8632.0,311.0,0,0,0,0,1,0,0,0,1,0,0,1,1
1162,0030z00002QXsxhAAD,0.0,0,0.0,11672.0,0,0,0,1,0,0,0,0,1,0,0,1,1
1168,0030z00002QXt31AAD,0.0,0,193.0,2642.0,1,0,0,0,0,0,1,0,0,0,1,0,1
1173,0030z00002QXt5lAAD,0.0,0,0.0,10246.0,1,0,0,0,0,0,1,0,0,0,0,1,1
1174,0030z00002QXt78AAD,0.0,90,1910.0,4753.0,0,0,0,1,0,0,0,0,0,1,0,1,0
1176,0030z00002QXt81AAD,0.0,0,17.0,7208.0,0,0,0,1,0,0,1,0,0,0,0,1,1
1178,0030z00002QXt94AAD,0.0,0,97.0,8788.0,1,0,0,0,0,1,0,0,0,0,0,1,1
1180,0030z00002QXtDLAA1,0.0,0,0.0,3317.0,0,0,0,1,0,0,1,0,0,0,0,1,1
1182,0030z00002QXtDzAAL,0.0,0,1300.0,5992.0,0,0,0,1,0,1,0,0,0,0,1,0,1
1186,0030z00002QXtIBAA1,0.0,0,543.0,1096.0,0,1,0,0,0,0,1,0,0,0,1,0,1
1211,0030z00002QXtdiAAD,0.0,10,1095.0,3961.0,1,0,0,0,0,0,0,0,0,1,0,1,1
1214,0030z00002QXtfjAAD,0.0,0,0.0,4393.0,0,1,0,0,0,0,0,0,1,0,0,1,1
1224,0030z00002QXtrVAAT,0.0,0,2887.0,1471.0,0,0,0,1,0,0,1,0,0,0,0,1,1
1225,0030z00002QXts4AAD,0.0,70,1901.0,1527.0,0,0,0,1,0,0,1,0,0,0,0,1,0
1228,0030z00002QXttlAAD,0.0,0,0.0,10632.0,0,0,0,1,0,0,0,0,1,0,0,1,1
1232,0030z00002QXtzUAAT,0.0,90,1408.0,4681.0,0,0,0,0,1,1,0,0,0,0,0,1,1
1250,0030z00002QXutPAAT,0.0,0,2265.0,3455.0,0,0,0,1,0,1,0,0,0,0,0,1,1
1312,0030z00002QXwcBAAT,0.0,0,11364.0,1458.0,1,0,0,0,0,0,0,0,0,1,0,1,1
1316,0030z00002QXwk5AAD,0.0,0,0.0,1725.0,0,0,0,1,0,0,1,0,0,0,0,1,1
1322,0030z00002QXwp0AAD,0.0,0,0.0,2190.0,0,0,0,1,0,0,1,0,0,0,0,1,0
1331,0030z00002QXx2sAAD,0.0,0,438.0,1240.0,0,0,0,1,0,0,1,0,0,0,0,1,0
1342,0030z00002QXyedAAD,0.0,0,0.0,7324.0,1,0,0,0,0,1,0,0,0,0,0,1,1
1344,0030z00002QXylZAAT,0.0,0,443.0,1228.0,0,0,0,1,0,0,1,0,0,0,0,1,1
1346,0030z00002QXyo3AAD,0.0,0,0.0,4134.0,0,1,0,0,0,0,0,0,0,1,0,1,0
1357,0030z00002QXz5YAAT,0.0,90,0.0,5886.0,0,1,0,0,0,0,0,0,1,0,0,1,1
1361,0030z00002QXz82AAD,0.0,0,8204.0,2261.0,1,0,0,0,0,0,1,0,0,0,0,1,0
1362,0030z00002QXz8MAAT,0.0,0,0.0,7322.0,0,1,0,0,0,0,0,0,1,0,0,1,1
1380,0030z00002QXzbwAAD,0.0,0,2741.0,2191.0,0,1,0,0,0,0,0,0,1,0,0,1,1
1381,0030z00002QXzcqAAD,0.0,90,1427.0,10343.0,0,1,0,0,0,0,1,0,0,0,0,1,1
1382,0030z00002QXzisAAD,0.0,0,4318.0,7335.0,0,0,0,1,0,0,0,0,0,1,0,1,1
1394,0030z00002QXzwkAAD,0.0,0,0.0,1242.0,0,0,0,1,0,0,1,0,0,0,0,1,1
1403,0030z00002QY0P4AAL,0.0,0,336.0,1937.0,0,1,0,0,0,0,1,0,0,0,1,0,1
1406,0030z00002QY0TfAAL,0.0,0,5247.0,2452.0,0,0,0,1,0,0,0,0,0,1,0,1,1
1421,0030z00002QY0kWAAT,0.0,0,0.0,3550.0,0,1,0,0,0,0,0,0,0,1,0,1,1
1430,0030z00002QY0qPAAT,0.0,0,0.0,8476.0,0,1,0,0,0,0,1,0,0,0,0,1,1
1439,0030z00002QY1CBAA1,0.0,0,0.0,12074.0,0,1,0,0,0,0,1,0,0,0,0,1,0
1444,0030z00002QY1WaAAL,0.0,0,0.0,7688.0,0,1,0,0,0,1,0,0,0,0,0,1,1
1445,0030z00002QY1WuAAL,0.0,0,2249.0,3014.0,0,0,0,1,0,0,1,0,0,0,0,1,0
1463,0030z00002QY24HAAT,0.0,0,0.0,7470.0,0,0,0,1,0,0,1,0,0,0,0,1,1
1464,0030z00002QY25KAAT,0.0,0,0.0,3298.0,0,0,0,1,0,0,0,0,1,0,0,1,0
1474,0030z00002QY2prAAD,0.0,0,0.0,1209.0,0,0,0,1,0,0,1,0,0,0,0,1,0
1475,0030z00002QY2sMAAT,0.0,0,0.0,7291.0,1,0,0,0,0,0,1,0,0,0,0,1,0
1483,0030z00002QY380AAD,0.0,0,7.0,1826.0,1,0,0,0,0,0,1,0,0,0,0,1,1
1490,0030z00002QY3C2AAL,0.0,0,4281.0,1460.0,0,0,0,0,1,0,0,0,1,0,1,0,1
1492,0030z00002QY3GOAA1,0.0,0,7833.0,1381.0,0,0,0,1,0,0,0,0,1,0,0,1,1
1497,0030z00002QY3N0AAL,0.0,0,27.0,10977.0,0,1,0,0,0,0,0,0,0,1,0,1,1
1503,0030z00002QY3WuAAL,0.0,80,4547.0,1073.0,0,1,0,0,0,1,0,0,0,0,0,1,1
1521,0030z00002QY3zMAAT,0.0,0,0.0,7345.0,0,0,0,1,0,0,0,0,1,0,0,1,1
1522,0030z00002QY47BAAT,0.0,0,0.0,7321.0,0,1,0,0,0,0,1,0,0,0,1,0,1
1525,0030z00002QY4ZdAAL,0.0,0,112.0,1826.0,0,0,0,1,0,0,0,0,0,1,0,1,1
1529,0030z00002QY4ixAAD,0.0,10,7209.0,8370.0,1,0,0,0,0,0,1,0,0,0,0,1,0
1532,0030z00002QY4n4AAD,0.0,0,9156.0,3136.0,0,0,0,1,0,0,1,0,0,0,1,0,0
1536,0030z00002QY4tRAAT,0.0,0,1115.0,1247.0,0,1,0,0,0,0,1,0,0,0,0,1,1
1547,0030z00002QY5IJAA1,0.0,0,2315.0,1687.0,1,0,0,0,0,0,1,0,0,0,0,1,1
1550,0030z00002QY5lQAAT,0.0,30,164.0,3967.0,0,1,0,0,0,0,0,0,1,0,0,1,1
1564,0030z00002QY6P2AAL,0.0,0,3258.0,2683.0,0,1,0,0,0,0,1,0,0,0,0,1,1
1565,0030z00002QY6QFAA1,0.0,0,0.0,5843.0,0,1,0,0,0,0,1,0,0,0,0,1,1
1575,0030z00002QY6bNAAT,0.0,30,0.0,9863.0,0,1,0,0,0,0,1,0,0,0,0,1,1
1582,0030z00002QY6lBAAT,0.0,0,1473.0,1152.0,1,0,0,0,0,0,0,0,0,1,1,0,1
1585,0030z00002QY6oKAAT,0.0,0,0.0,9151.0,0,0,0,1,0,0,1,0,0,0,0,1,1
1587,0030z00002QY6sHAAT,0.0,100,697.0,4455.0,0,1,0,0,0,0,0,0,1,0,0,1,0
1591,0030z00002QY6umAAD,0.0,0,0.0,9377.0,0,0,0,0,1,0,1,0,0,0,0,1,1
1600,0030z00002QY7KOAA1,0.0,0,0.0,3912.0,0,0,0,1,0,0,1,0,0,0,0,1,1
1602,0030z00002QY7QvAAL,0.0,0,0.0,7699.0,0,0,0,1,0,1,0,0,0,0,0,1,0
1604,0030z00002QY7T6AAL,0.0,100,3300.0,1761.0,0,0,0,0,1,0,1,0,0,0,0,1,0
1608,0030z00002QY7cwAAD,0.0,80,227.0,2095.0,0,0,0,1,0,0,0,0,0,1,1,0,1
1614,0030z00002QY7glAAD,0.0,80,940.0,10370.0,0,0,1,0,0,0,1,0,0,0,0,1,1
1625,0030z00002QY7gwAAD,0.0,0,0.0,10133.0,0,0,0,0,1,0,0,0,0,1,0,1,1
1637,0030z00002QY7h8AAD,0.0,0,2083.0,1574.0,1,0,0,0,0,0,1,0,0,0,0,1,1
1641,0030z00002QY7hCAAT,0.0,0,4.0,1934.0,0,1,0,0,0,0,0,0,0,1,0,1,1
1643,0030z00002QY7hEAAT,0.0,30,5337.0,339.0,0,0,1,0,0,0,1,0,0,0,1,0,0
1663,0030z00002QY7hYAAT,0.0,0,0.0,7391.0,0,0,0,0,1,1,0,0,0,0,1,0,0
1666,0030z00002QY7hbAAD,0.0,0,0.0,7782.0,0,1,0,0,0,1,0,0,0,0,0,1,1
1670,0030z00002QY7hfAAD,0.0,0,2648.0,787.0,0,1,0,0,0,0,1,0,0,0,0,1,1
1676,0030z00002QY7hlAAD,0.0,0,1627.0,1634.0,0,0,0,0,1,0,0,0,1,0,1,0,1
1678,0030z00002QY7hnAAD,0.0,0,0.0,7455.0,0,0,0,0,1,1,0,0,0,0,0,1,0
1679,0030z00002QY7hoAAD,0.0,0,0.0,1599.0,0,1,0,0,0,0,1,0,0,0,0,1,1
1680,0030z00002QY7hpAAD,0.0,0,0.0,10957.0,0,0,0,0,1,0,0,0,0,1,0,1,1
1684,0030z00002QY7htAAD,0.0,0,0.0,7308.0,0,0,0,1,0,0,0,0,0,1,0,1,1
1686,0030z00002QY7hvAAD,0.0,0,0.0,7324.0,0,0,0,0,1,0,1,0,0,0,0,1,1
1689,0030z00002QY7hyAAD,0.0,10,0.0,4028.0,0,0,0,0,1,0,1,0,0,0,0,1,1
1691,0030z00002QY7i0AAD,0.0,0,0.0,7327.0,0,0,0,0,1,0,0,0,0,1,0,1,1
1694,0030z00002QY7i3AAD,0.0,0,1817.0,4463.0,0,0,0,0,1,0,1,0,0,0,0,1,0
1697,0030z00002QY7i6AAD,0.0,0,812.0,7521.0,0,0,0,1,0,0,1,0,0,0,0,1,1
1707,0030z00002QY7iGAAT,0.0,0,0.0,9136.0,0,1,0,0,0,0,0,0,0,1,0,1,1
1709,0030z00002QY7iIAAT,0.0,0,0.0,8001.0,0,0,0,0,1,0,0,0,0,1,0,1,1
1712,0030z00002QY7iLAAT,0.0,0,0.0,7310.0,0,0,0,1,0,0,1,0,0,0,0,1,0
1714,0030z00002QY7iNAAT,0.0,70,3743.0,3222.0,0,0,0,0,1,1,0,0,0,0,1,0,0
1715,0030z00002QY7iOAAT,0.0,0,0.0,7068.0,0,0,0,0,1,0,1,0,0,0,0,1,1
1716,0030z00002QY7iPAAT,0.0,0,0.0,2880.0,0,0,0,0,1,0,1,0,0,0,0,1,1
1723,0030z00002QY7iWAAT,0.0,0,0.0,2899.0,1,0,0,0,0,0,0,0,0,1,0,1,1
1724,0030z00002QY7iXAAT,0.0,0,0.0,1460.0,0,1,0,0,0,0,1,0,0,0,0,1,1
1725,0030z00002QY7iYAAT,0.0,80,647.0,6168.0,0,0,0,0,1,0,1,0,0,0,0,1,1
1726,0030z00002QY7iZAAT,0.0,0,0.0,10892.0,0,1,0,0,0,1,0,0,0,0,0,1,1
1727,0030z00002QY7iaAAD,0.0,0,0.0,5100.0,0,0,0,0,1,0,0,0,0,1,1,0,1
1728,0030z00002QY7ibAAD,0.0,0,0.0,8132.0,0,0,1,0,0,0,1,0,0,0,0,1,1
1732,0030z00002QY7ifAAD,0.0,0,0.0,7310.0,1,0,0,0,0,0,1,0,0,0,0,1,1
1737,0030z00002QY7kyAAD,0.0,0,5.0,2557.0,0,1,0,0,0,1,0,0,0,0,0,1,1
1746,0030z00002QY7tbAAD,0.0,0,0.0,7332.0,0,0,0,1,0,0,0,0,0,1,0,1,1
1749,0030z00002QY805AAD,0.0,0,0.0,8694.0,0,0,0,1,0,0,1,0,0,0,0,1,0
1758,0030z00002QY8XkAAL,0.0,0,303.0,542.0,0,0,0,1,0,0,1,0,0,0,0,1,0
1759,0030z00002QY8YsAAL,0.0,0,253.0,1645.0,0,0,0,1,0,0,1,0,0,0,0,1,0
1776,0030z00002QY9H1AAL,0.0,0,0.0,1461.0,0,0,0,1,0,0,1,0,0,0,0,1,0
1786,0030z00002QY9b1AAD,0.0,0,0.0,8086.0,1,0,0,0,0,1,0,0,0,0,1,0,1
1790,0030z00002QY9eyAAD,0.0,100,967.0,5383.0,0,1,0,0,0,0,1,0,0,0,0,1,1
1816,0030z00002QYAE9AAP,0.0,0,0.0,1812.0,0,0,0,1,0,0,1,0,0,0,0,1,1
1851,0030z00002QYB3ZAAX,0.0,0,0.0,8990.0,1,0,0,0,0,0,0,0,0,1,0,1,1
1852,0030z00002QYB4SAAX,0.0,0,2499.0,1903.0,0,0,0,1,0,0,1,0,0,0,0,1,1
1869,0030z00002QYBYyAAP,0.0,0,0.0,2891.0,0,0,0,1,0,0,0,0,0,1,0,1,1
1871,0030z00002QYBaaAAH,0.0,100,1700.0,10010.0,0,1,0,0,0,0,0,0,1,0,0,1,1
1872,0030z00002QYBbOAAX,0.0,20,9662.0,161.0,0,1,0,0,0,0,0,0,1,0,0,1,0
1881,0030z00002QYBm2AAH,0.0,0,0.0,10973.0,1,0,0,0,0,1,0,0,0,0,0,1,1
1887,0030z00002QYBwMAAX,0.0,0,12458.0,730.0,0,1,0,0,0,0,1,0,0,0,0,1,0
1894,0030z00002QYC5YAAX,0.0,0,0.0,7864.0,0,0,0,0,1,0,1,0,0,0,0,1,1
1906,0030z00002QYCx2AAH,5.0,60,0.0,1176.0,0,1,0,0,0,0,1,0,0,0,0,1,1
1912,0030z00002QYDJtAAP,0.0,80,242.0,1460.0,0,1,0,0,0,0,1,0,0,0,0,1,1
1918,0030z00002QYDcqAAH,0.0,100,216.0,4962.0,0,0,0,1,0,0,1,0,0,0,0,1,1
1922,0030z00002QYDoDAAX,0.0,0,9377.0,1189.0,0,0,0,1,0,0,0,0,0,1,1,0,0
1925,0030z00002QYHFXAA5,0.0,0,0.0,1460.0,1,0,0,0,0,0,1,0,0,0,0,1,1
1932,0030z00002QYJvFAAX,0.0,40,1842.0,1882.0,0,1,0,0,0,0,0,0,0,1,1,0,1
1939,0030z00002QYKCGAA5,0.0,0,13491.0,1096.0,0,0,0,1,0,0,1,0,0,0,0,1,0
1949,0030z00002QYKRkAAP,0.0,100,3559.0,5674.0,0,0,0,1,0,1,0,0,0,0,0,1,0
1951,0030z00002QYKTWAA5,0.0,0,1726.0,4986.0,0,0,0,1,0,0,1,0,0,0,0,1,1
1962,0030z00002QYKrnAAH,0.0,50,1891.0,4696.0,0,1,0,0,0,0,0,0,0,1,0,1,1
1969,0030z00002QYLRjAAP,0.0,0,0.0,2729.0,0,1,0,0,0,0,0,0,0,1,1,0,1
1970,0030z00002QYLSPAA5,0.0,0,0.0,8035.0,0,1,0,0,0,0,0,0,0,1,0,1,1
1977,0030z00002QYLbgAAH,0.0,0,12268.0,2016.0,0,0,0,0,1,0,1,0,0,0,0,1,1
1980,0030z00002QYLszAAH,0.0,0,4413.0,1159.0,0,1,0,0,0,0,1,0,0,0,1,0,0
1982,0030z00002QYLw8AAH,0.0,0,310.0,7928.0,0,0,0,1,0,0,1,0,0,0,0,1,1
1988,0030z00002QYMCuAAP,0.0,0,2061.0,2922.0,0,0,0,1,0,0,0,0,0,1,0,1,1
1996,0030z00002QYMfiAAH,0.0,20,4148.0,2191.0,0,1,0,0,0,0,1,0,0,0,0,1,0
1999,0030z00002QYMjVAAX,0.0,0,27.0,7308.0,0,0,0,1,0,0,1,0,0,0,0,1,0
2004,0030z00002QYMoHAAX,0.0,90,555.0,1391.0,0,1,0,0,0,0,0,0,0,1,0,1,0
2017,0030z00002QYNU1AAP,0.0,0,1972.0,1460.0,1,0,0,0,0,0,0,0,1,0,0,1,0
2026,0030z00002QYOwBAAX,0.0,0,0.0,2475.0,0,1,0,0,0,0,1,0,0,0,0,1,1
2027,0030z00002QYOwGAAX,0.0,0,0.0,2190.0,0,0,0,1,0,1,0,0,0,0,0,1,0
2038,0030z00002QYPFIAA5,0.0,90,1861.0,8053.0,0,1,0,0,0,0,0,0,1,0,0,1,1
2046,0030z00002QYPQBAA5,0.0,70,1439.0,2972.0,1,0,0,0,0,1,0,0,0,0,0,1,0
2048,0030z00002QYPQzAAP,0.0,0,0.0,7317.0,1,0,0,0,0,1,0,0,0,0,0,1,1
2054,0030z00002QYPUXAA5,0.0,0,35.0,2528.0,0,0,0,1,0,0,1,0,0,0,0,1,1
2061,0030z00002QYQ8xAAH,0.0,0,0.0,6942.0,0,1,0,0,0,1,0,0,0,0,1,0,0
2064,0030z00002QYQLhAAP,0.0,0,0.0,1460.0,0,0,0,1,0,0,0,0,0,1,1,0,0
2071,0030z00002QYQTRAA5,0.0,0,0.0,2317.0,0,0,0,0,1,0,1,0,0,0,1,0,1
2082,0030z00002QYQu3AAH,4.0,70,288.0,2662.0,0,0,0,1,0,0,1,0,0,0,0,1,1
2084,0030z00002QYR2YAAX,0.0,0,564.0,2187.0,0,0,0,1,0,0,1,0,0,0,0,1,0
2086,0030z00002QYR7YAAX,0.0,0,1047.0,5507.0,1,0,0,0,0,0,1,0,0,0,0,1,1
2091,0030z00002QYREAAA5,0.0,0,0.0,14015.0,0,1,0,0,0,0,0,0,1,0,0,1,1
2101,0030z00002QYRXbAAP,0.0,0,0.0,5419.0,0,1,0,0,0,0,1,0,0,0,0,1,1
2112,0030z00002QYRvLAAX,0.0,0,657.0,1250.0,0,0,0,1,0,0,1,0,0,0,1,0,1
2119,0030z00002QYS85AAH,0.0,10,0.0,6340.0,0,0,0,1,0,0,1,0,0,0,0,1,0
2123,0030z00002QYS9hAAH,0.0,0,4882.0,7316.0,0,0,0,0,1,0,1,0,0,0,0,1,1
2125,0030z00002QYSDyAAP,0.0,90,8612.0,3196.0,0,0,0,1,0,0,0,0,1,0,0,1,1
2129,0030z00002QYSI0AAP,0.0,100,1328.0,1224.0,0,0,0,0,1,0,1,0,0,0,0,1,1
2138,0030z00002QYT0YAAX,0.0,0,11.0,5733.0,0,0,0,0,1,0,1,0,0,0,0,1,1
2139,0030z00002QYT7PAAX,0.0,0,0.0,1498.0,1,0,0,0,0,0,0,0,0,1,0,1,0
2144,0030z00002QYTHoAAP,0.0,60,3543.0,3833.0,0,1,0,0,0,1,0,0,0,0,1,0,1
2154,0030z00002QYThIAAX,0.0,0,72.0,3809.0,0,1,0,0,0,1,0,0,0,0,0,1,1
2159,0030z00002QYTtJAAX,0.0,20,4866.0,1166.0,1,0,0,0,0,0,1,0,0,0,0,1,0
2162,0030z00002QYU47AAH,0.0,0,405.0,1863.0,1,0,0,0,0,0,1,0,0,0,0,1,1
2177,0030z00002QYUyAAAX,0.0,0,0.0,7326.0,0,1,0,0,0,1,0,0,0,0,0,1,1
2191,0030z00002QYVq7AAH,0.0,0,7531.0,1734.0,0,1,0,0,0,0,0,0,0,1,1,0,1
2192,0030z00002QYVtQAAX,0.0,20,7968.0,1828.0,0,1,0,0,0,0,1,0,0,0,1,0,1
2195,0030z00002QYVyLAAX,0.0,0,4321.0,1461.0,0,0,0,0,1,0,1,0,0,0,0,1,1
2200,0030z00002QYW8uAAH,0.0,90,0.0,7735.0,0,0,0,1,0,0,1,0,0,0,0,1,1
2213,0030z00002QYXU1AAP,0.0,0,1543.0,1460.0,0,1,0,0,0,0,0,0,0,1,0,1,1
2214,0030z00002QYXUzAAP,0.0,0,0.0,11003.0,0,0,0,0,1,0,1,0,0,0,0,1,0
2231,0030z00002QYXeHAAX,0.0,0,0.0,7608.0,0,0,0,0,1,0,1,0,0,0,1,0,1
2233,0030z00002QYXeJAAX,0.0,10,353.0,2799.0,0,0,0,1,0,0,1,0,0,0,0,1,0
2234,0030z00002QYXeKAAX,0.0,30,3242.0,2922.0,0,0,0,0,1,0,1,0,0,0,0,1,1
2235,0030z00002QYXeLAAX,0.0,0,15.0,1491.0,0,1,0,0,0,0,1,0,0,0,0,1,1
2241,0030z00002QYXeRAAX,0.0,0,0.0,9873.0,0,0,0,0,1,0,1,0,0,0,0,1,0
2243,0030z00002QYXeTAAX,0.0,0,0.0,1993.0,0,0,0,0,1,0,0,0,0,1,1,0,1
2245,0030z00002QYXeVAAX,0.0,0,4646.0,2916.0,0,0,0,1,0,0,0,0,0,1,0,1,0
2248,0030z00002QYXeYAAX,0.0,50,5576.0,4105.0,0,0,0,0,1,0,1,0,0,0,0,1,0
2251,0030z00002QYXebAAH,0.0,100,89.0,3945.0,1,0,0,0,0,0,1,0,0,0,0,1,1
2272,0030z00002QYXewAAH,0.0,20,3141.0,2590.0,0,1,0,0,0,0,0,0,0,1,0,1,1
2282,0030z00002QYXf6AAH,0.0,0,0.0,7406.0,0,0,0,0,1,0,0,0,1,0,0,1,1
2287,0030z00002QYXfCAAX,0.0,0,11.0,8285.0,0,0,0,0,1,0,0,0,0,1,0,1,1
2300,0030z00002QYYOuAAP,0.0,0,0.0,3806.0,0,0,0,1,0,0,0,0,0,1,0,1,1
2308,0030z00002QYYo9AAH,0.0,0,13.0,9499.0,0,0,0,1,0,0,1,0,0,0,0,1,1
2312,0030z00002QYYspAAH,0.0,0,34.0,1759.0,0,1,0,0,0,1,0,0,0,0,1,0,1
2319,0030z00002QYZCWAA5,0.0,0,258.0,820.0,0,0,0,0,1,0,1,0,0,0,0,1,1
2322,0030z00002QYZDoAAP,0.0,0,10.0,10593.0,0,0,0,1,0,0,1,0,0,0,1,0,1
2336,0030z00002QYZYXAA5,0.0,0,2865.0,2191.0,0,1,0,0,0,0,0,0,0,1,1,0,1
2339,0030z00002QYZeuAAH,0.0,0,0.0,7313.0,0,0,0,1,0,0,1,0,0,0,0,1,1
2359,0030z00002QYZykAAH,0.0,0,197.0,10613.0,0,0,0,1,0,0,1,0,0,0,0,1,1
2367,0030z00002QYaUMAA1,0.0,0,0.0,7237.0,0,0,0,1,0,0,1,0,0,0,0,1,1
2378,0030z00002QYb08AAD,0.0,0,884.0,1173.0,0,0,0,1,0,0,1,0,0,0,0,1,0
2397,0030z00002QYcT7AAL,0.0,0,0.0,1279.0,0,0,0,1,0,0,1,0,0,0,0,1,0
2418,0030z00002QYd37AAD,0.0,80,240.0,5995.0,0,0,0,0,1,0,1,0,0,0,0,1,1
2419,0030z00002QYd3CAAT,0.0,90,1129.0,5798.0,1,0,0,0,0,0,1,0,0,0,0,1,0
2420,0030z00002QYd9VAAT,0.0,0,10903.0,767.0,0,0,0,1,0,0,0,1,0,0,0,1,1
2425,0030z00002QYdGHAA1,0.0,0,0.0,7307.0,0,0,0,1,0,0,1,0,0,0,0,1,1
2428,0030z00002QYdL3AAL,0.0,90,375.0,7519.0,0,1,0,0,0,1,0,0,0,0,0,1,1
2434,0030z00002QYdckAAD,0.0,0,0.0,8549.0,0,1,0,0,0,0,1,0,0,0,0,1,1
2436,0030z00002QYdk7AAD,0.0,0,0.0,3185.0,0,0,0,1,0,0,0,0,0,1,0,1,1
2439,0030z00002QYdteAAD,0.0,40,4586.0,1461.0,1,0,0,0,0,0,0,0,1,0,0,1,0
2443,0030z00002QYe9mAAD,0.0,60,2596.0,2494.0,0,1,0,0,0,1,0,0,0,0,0,1,1
2445,0030z00002QYeDeAAL,0.0,30,44.0,7502.0,0,0,0,1,0,0,0,0,0,1,0,1,1
2448,0030z00002QYenRAAT,0.0,0,842.0,1461.0,0,1,0,0,0,0,1,0,0,0,0,1,1
2458,0030z00002QYfJxAAL,4.0,0,305.0,1768.0,0,1,0,0,0,0,1,0,0,0,1,0,1
2460,0030z00002QYfUqAAL,0.0,0,0.0,8065.0,0,1,0,0,0,0,1,0,0,0,0,1,1
2463,0030z00002QYfbxAAD,0.0,60,607.0,7168.0,0,1,0,0,0,1,0,0,0,0,0,1,0
2465,0030z00002QYff1AAD,0.0,0,0.0,1277.0,0,0,0,1,0,0,1,0,0,0,0,1,1
2466,0030z00002QYfiZAAT,0.0,0,0.0,2725.0,0,0,0,1,0,0,1,0,0,0,0,1,1
2467,0030z00002QYflEAAT,0.0,0,0.0,8709.0,0,1,0,0,0,0,0,0,1,0,0,1,0
2470,0030z00002QYftcAAD,0.0,50,102.0,7332.0,0,0,0,1,0,0,0,0,0,1,0,1,0
2480,0030z00002QYgDDAA1,0.0,0,374.0,1431.0,0,1,0,0,0,0,0,0,0,1,1,0,1
2482,0030z00002QYgNMAA1,0.0,70,2638.0,5390.0,0,1,0,0,0,1,0,0,0,0,0,1,0
2500,0030z00002QYgvCAAT,0.0,0,1949.0,2026.0,0,1,0,0,0,0,1,0,0,0,0,1,0
2515,0030z00002QYhGUAA1,0.0,100,10.0,5274.0,0,0,0,1,0,0,0,0,1,0,0,1,0
2519,0030z00002QYhK2AAL,0.0,0,0.0,2877.0,0,0,0,1,0,0,1,0,0,0,0,1,1
2531,0030z00002QYhWtAAL,0.0,80,1137.0,7326.0,1,0,0,0,0,1,0,0,0,0,0,1,1
2546,0030z00002QYhnjAAD,0.0,0,0.0,9670.0,0,0,0,0,1,0,0,0,0,1,0,1,1
2611,0030z00002QYhvzAAD,0.0,0,92.0,1825.0,0,0,0,1,0,0,0,0,1,0,0,1,0
2617,0030z00002QYiLmAAL,0.0,0,0.0,9708.0,0,0,0,0,1,0,1,0,0,0,0,1,0
2627,0030z00002QYimiAAD,0.0,80,0.0,3368.0,0,1,0,0,0,0,1,0,0,0,1,0,1
2632,0030z00002QYj80AAD,0.0,0,0.0,7320.0,0,0,0,0,1,1,0,0,0,0,0,1,0
2638,0030z00002QYj87AAD,0.0,0,0.0,1144.0,0,0,0,1,0,0,0,0,0,1,0,1,1
2641,0030z00002QYj8AAAT,0.0,0,2606.0,733.0,0,1,0,0,0,0,1,0,0,0,0,1,1
2653,0030z00002QYj8MAAT,0.0,0,0.0,3064.0,0,1,0,0,0,0,1,0,0,0,0,1,1
2663,0030z00002QYj8WAAT,0.0,100,375.0,7931.0,0,1,0,0,0,0,0,0,0,1,0,1,0
2669,0030z00002QYj8cAAD,0.0,0,399.0,1484.0,0,0,0,0,1,0,1,0,0,0,0,1,1
2673,0030z00002QYj8gAAD,0.0,70,393.0,652.0,0,1,0,0,0,0,1,0,0,0,1,0,0
2696,0030z00002QYj93AAD,0.0,60,1272.0,7327.0,0,1,0,0,0,1,0,0,0,0,1,0,1
2698,0030z00002QYjCDAA1,0.0,0,5001.0,2706.0,0,1,0,0,0,0,1,0,0,0,0,1,0
2711,0030z00002QYjPhAAL,0.0,0,0.0,1258.0,0,1,0,0,0,0,0,0,1,0,0,1,1
2714,0030z00002QYjYSAA1,0.0,0,0.0,1206.0,0,0,0,1,0,0,1,0,0,0,0,1,0
2723,0030z00002QYjvAAAT,0.0,0,115.0,3181.0,1,0,0,0,0,0,1,0,0,0,1,0,0
2724,0030z00002QYjzqAAD,0.0,0,0.0,2070.0,0,0,0,1,0,0,1,0,0,0,0,1,1
2733,0030z00002QYkCsAAL,0.0,0,0.0,2257.0,0,0,0,1,0,0,1,0,0,0,0,1,1
2742,0030z00002QYkMjAAL,0.0,0,16.0,1825.0,0,0,0,1,0,0,0,0,0,1,0,1,1
2744,0030z00002QYkPdAAL,0.0,0,5461.0,7357.0,0,0,0,1,0,0,0,0,0,1,0,1,1
2745,0030z00002QYkRjAAL,0.0,60,7492.0,2984.0,0,0,0,0,1,0,1,0,0,0,1,0,1
2747,0030z00002QYkWAAA1,0.0,80,0.0,3433.0,0,0,0,1,0,0,1,0,0,0,0,1,0
2749,0030z00002QYkbKAAT,0.0,0,0.0,2698.0,0,0,0,0,1,0,0,0,0,1,0,1,1
2752,0030z00002QYkfCAAT,0.0,0,0.0,4828.0,0,0,0,1,0,0,1,0,0,0,0,1,0
2754,0030z00002QYkfgAAD,0.0,0,959.0,1943.0,1,0,0,0,0,0,1,0,0,0,0,1,0
2757,0030z00002QYknaAAD,0.0,0,0.0,4166.0,1,0,0,0,0,0,0,0,1,0,0,1,1
2763,0030z00002QYlIcAAL,0.0,0,198.0,7802.0,0,0,0,1,0,0,0,0,1,0,0,1,1
2771,0030z00002QYlalAAD,0.0,0,0.0,7305.0,0,0,0,1,0,0,0,0,0,1,0,1,0
2774,0030z00002QYljnAAD,0.0,0,0.0,6391.0,0,0,0,0,1,0,1,0,0,0,0,1,1
2776,0030z00002QYllPAAT,0.0,0,0.0,2891.0,0,0,0,1,0,0,0,0,0,1,1,0,1
2782,0030z00002QYm3zAAD,0.0,60,73.0,2845.0,0,1,0,0,0,1,0,0,0,0,0,1,1
2791,0030z00002QYmMwAAL,0.0,0,5399.0,1825.0,0,0,0,0,1,1,0,0,0,0,1,0,0
2797,0030z00002QYmUlAAL,0.0,0,1812.0,9147.0,0,0,0,0,1,0,0,0,0,1,0,1,0
2800,0030z00002QYmfZAAT,0.0,10,11703.0,1846.0,0,1,0,0,0,0,0,0,1,0,0,1,1
2803,0030z00002QYmnTAAT,0.0,30,4908.0,1071.0,0,0,0,1,0,0,1,0,0,0,0,1,0
2804,0030z00002QYmqhAAD,0.0,0,4042.0,1826.0,1,0,0,0,0,0,0,0,0,1,0,1,0
2808,0030z00002QYn1fAAD,0.0,90,1266.0,8778.0,0,1,0,0,0,0,0,0,0,1,0,1,1
2833,0030z00002QYnqbAAD,0.0,0,0.0,10421.0,0,1,0,0,0,0,1,0,0,0,1,0,1
2837,0030z00002QYntBAAT,0.0,0,0.0,9971.0,0,0,0,1,0,0,0,0,0,1,0,1,1
2857,0030z00002QYo5gAAD,0.0,0,182.0,3759.0,0,0,0,1,0,0,0,0,1,0,0,1,0
2872,0030z00002QYoQPAA1,0.0,0,0.0,7330.0,0,1,0,0,0,0,0,0,0,1,1,0,0
2877,0030z00002QYoVtAAL,0.0,0,0.0,11312.0,0,0,0,0,1,0,1,0,0,0,1,0,0
2892,0030z00002QYoisAAD,0.0,0,0.0,9719.0,0,1,0,0,0,1,0,0,0,0,0,1,1
2924,0030z00002QYpn0AAD,0.0,0,801.0,3694.0,0,0,0,0,1,0,1,0,0,0,0,1,1
2933,0030z00002QYqzRAAT,0.0,0,0.0,8770.0,0,1,0,0,0,1,0,0,0,0,1,0,1
2938,0030z00002QYrBXAA1,0.0,0,0.0,7322.0,0,1,0,0,0,0,1,0,0,0,0,1,0
2963,0030z00002QYruMAAT,0.0,100,3235.0,1634.0,1,0,0,0,0,0,1,0,0,0,1,0,0
2971,0030z00002QYs75AAD,0.0,0,0.0,7483.0,1,0,0,0,0,0,1,0,0,0,0,1,1
2998,0030z00002QYsunAAD,0.0,0,0.0,1825.0,0,0,0,1,0,0,0,0,1,0,0,1,1
3005,0030z00002QYtAbAAL,0.0,0,0.0,641.0,0,0,0,1,0,0,1,0,0,0,0,1,0
3008,0030z00002QYtPvAAL,0.0,0,4323.0,2642.0,0,0,0,0,1,0,0,0,1,0,0,1,1
3012,0030z00002QYvQSAA1,0.0,100,1509.0,6540.0,0,0,0,0,1,1,0,0,0,0,0,1,1
3013,0030z00002QYvRhAAL,0.0,0,0.0,1825.0,1,0,0,0,0,0,0,0,0,1,1,0,1
3014,0030z00002QYvVlAAL,0.0,0,2969.0,3290.0,1,0,0,0,0,0,1,0,0,0,0,1,0
3021,0030z00002QYvsXAAT,0.0,0,567.0,14021.0,1,0,0,0,0,0,1,0,0,0,0,1,0
3026,0030z00002QYvz4AAD,0.0,0,0.0,3284.0,0,0,0,1,0,0,0,0,0,1,0,1,1
3037,0030z00002QYx5DAAT,0.0,60,2104.0,1578.0,0,1,0,0,0,0,1,0,0,0,0,1,1
3043,0030z00002QYx9tAAD,0.0,0,805.0,3023.0,0,0,0,1,0,0,1,0,0,0,0,1,1
3044,0030z00002QYx9yAAD,0.0,90,1749.0,1825.0,0,0,0,0,1,0,0,0,1,0,1,0,1
3046,0030z00002QYxuaAAD,0.0,0,138.0,1431.0,0,0,0,1,0,0,0,1,0,0,0,1,1
3048,0030z00002QYxwqAAD,0.0,0,0.0,2965.0,1,0,0,0,0,0,1,0,0,0,1,0,0
3052,0030z00002QYy6MAAT,0.0,30,2816.0,4018.0,1,0,0,0,0,0,1,0,0,0,1,0,1
3057,0030z00002QYyJLAA1,0.0,0,18.0,7322.0,0,0,0,1,0,0,1,0,0,0,0,1,1
3059,0030z00002QYyMyAAL,0.0,0,960.0,2923.0,0,0,0,0,1,1,0,0,0,0,0,1,1
3060,0030z00002QYyQvAAL,0.0,50,2111.0,1658.0,0,1,0,0,0,1,0,0,0,0,1,0,1
3067,0030z00002QYymDAAT,0.0,0,393.0,1918.0,1,0,0,0,0,0,0,0,1,0,0,1,0
3077,0030z00002QYz2aAAD,0.0,0,0.0,11020.0,0,1,0,0,0,0,1,0,0,0,1,0,0
3079,0030z00002QYz6DAAT,0.0,0,2176.0,3287.0,1,0,0,0,0,0,1,0,0,0,0,1,1
3087,0030z00002QYzCBAA1,0.0,0,0.0,8944.0,1,0,0,0,0,1,0,0,0,0,0,1,1
3089,0030z00002QYzCVAA1,0.0,0,0.0,7314.0,0,0,0,1,0,0,1,0,0,0,0,1,0
3090,0030z00002QYzDiAAL,0.0,0,5903.0,6501.0,0,1,0,0,0,1,0,0,0,0,0,1,1
3098,0030z00002QYzYqAAL,0.0,0,0.0,7662.0,1,0,0,0,0,1,0,0,0,0,1,0,0
3116,0030z00002QZ0bgAAD,0.0,0,0.0,4333.0,0,1,0,0,0,0,1,0,0,0,1,0,0
3129,0030z00002QZ12DAAT,0.0,40,83.0,3272.0,0,0,0,1,0,0,1,0,0,0,1,0,0
3134,0030z00002QZ19dAAD,0.0,70,400.0,2224.0,0,1,0,0,0,0,0,0,0,1,1,0,1
3155,0030z00002QZ1wZAAT,0.0,0,0.0,1221.0,0,0,0,1,0,0,1,0,0,0,0,1,0
3169,0030z00002QZ2VZAA1,0.0,40,3178.0,2412.0,0,0,0,0,1,0,1,0,0,0,1,0,1
3170,0030z00002QZ2ZvAAL,0.0,0,140.0,11648.0,0,0,1,0,0,0,1,0,0,0,0,1,0
3537,0030z00002RmZMnAAN,0.0,0,110.0,8305.0,0,0,0,1,0,0,1,0,0,0,0,1,1
3543,0030z00002RmaFGAAZ,0.0,0,1412.0,6533.0,0,1,0,0,0,0,1,0,0,0,0,1,1
3551,0030z00002RmfMfAAJ,0.0,0,2486.0,1461.0,0,1,0,0,0,0,0,0,0,1,1,0,1
3561,0030z00002RmfiYAAR,0.0,0,48.0,8113.0,0,0,0,1,0,0,1,0,0,0,0,1,1
3572,0030z00002Rmg1xAAB,0.0,30,8295.0,2922.0,1,0,0,0,0,0,0,0,0,1,0,1,1
3586,0030z00002RmgphAAB,0.0,0,0.0,7305.0,0,0,0,1,0,0,0,0,1,0,0,1,0
3591,0030z00002Rmgu8AAB,0.0,30,2607.0,1514.0,0,0,0,1,0,0,1,0,0,0,0,1,1
3593,0030z00002RmgxoAAB,0.0,0,24.0,1460.0,0,0,0,1,0,0,0,0,1,0,0,1,1
3605,0030z00002RmhkSAAR,0.0,0,5078.0,1461.0,0,0,0,1,0,0,0,0,1,0,0,1,0
3617,0030z00002RmhtIAAR,0.0,0,0.0,6147.0,0,0,0,0,1,0,1,0,0,0,0,1,1
3644,0030z00002RmhtjAAB,0.0,0,0.0,2932.0,0,1,0,0,0,0,1,0,0,0,0,1,1
3658,0030z00002RmhtxAAB,0.0,0,1423.0,1843.0,0,1,0,0,0,0,1,0,0,0,0,1,1
3674,0030z00002RmhuDAAR,0.0,10,4882.0,1453.0,0,1,0,0,0,1,0,0,0,0,1,0,1
3676,0030z00002RmhuFAAR,0.0,30,4973.0,9166.0,0,0,1,0,0,1,0,0,0,0,0,1,1
3679,0030z00002RmhuIAAR,0.0,100,0.0,3987.0,0,0,0,1,0,0,1,0,0,0,0,1,1
3680,0030z00002RmhuJAAR,0.0,60,1516.0,10302.0,0,0,0,0,1,0,1,0,0,0,0,1,1
3689,0030z00002RmhuSAAR,0.0,0,32.0,7458.0,0,1,0,0,0,1,0,0,0,0,0,1,1
3691,0030z00002RmhuUAAR,0.0,0,0.0,8183.0,0,1,0,0,0,0,1,0,0,0,1,0,1
3713,0030z00002RmhuqAAB,0.0,0,0.0,8793.0,0,0,1,0,0,0,1,0,0,0,0,1,1
3714,0030z00002RmhurAAB,0.0,0,3944.0,4664.0,0,0,0,0,1,0,0,0,0,1,1,0,0
3717,0030z00002RmhuuAAB,0.0,0,0.0,3025.0,0,1,0,0,0,0,0,0,1,0,0,1,1
3721,0030z00002RmhuyAAB,0.0,80,107.0,5052.0,0,0,0,0,1,0,1,0,0,0,0,1,1
3726,0030z00002Rmhv3AAB,0.0,0,0.0,7708.0,0,0,0,1,0,0,1,0,0,0,1,0,1
3727,0030z00002Rmhv4AAB,0.0,0,85.0,8445.0,0,1,0,0,0,0,0,0,0,1,1,0,1
3734,0030z00002RmhvBAAR,0.0,0,0.0,3038.0,0,1,0,0,0,0,1,0,0,0,0,1,1
3736,0030z00002RmhvDAAR,0.0,0,0.0,8938.0,0,1,0,0,0,0,0,0,0,1,0,1,1
3739,0030z00002RmhvGAAR,0.0,0,0.0,5277.0,0,1,0,0,0,0,1,0,0,0,1,0,1
3740,0030z00002RmhvHAAR,0.0,0,1160.0,6124.0,0,0,0,0,1,0,1,0,0,0,0,1,0
3749,0030z00002RmhvQAAR,0.0,0,0.0,6253.0,1,0,0,0,0,0,0,1,0,0,0,1,1
3752,0030z00002RmhvTAAR,0.0,0,0.0,9225.0,0,0,0,0,1,0,1,0,0,0,0,1,1
3767,0030z00002RmiC1AAJ,0.0,0,0.0,1978.0,0,0,0,1,0,0,1,0,0,0,0,1,1
3780,0030z00002RmifXAAR,0.0,60,870.0,1735.0,0,1,0,0,0,0,0,0,1,0,0,1,0
3781,0030z00002RmihYAAR,0.0,0,0.0,3259.0,0,0,0,0,1,1,0,0,0,0,1,0,1
3784,0030z00002RmioFAAR,0.0,0,481.0,4087.0,0,1,0,0,0,0,1,0,0,0,0,1,1
3794,0030z00002Rmj42AAB,0.0,0,0.0,1461.0,0,0,0,1,0,0,0,0,0,1,0,1,0
3816,0030z00002RmjkHAAR,0.0,90,12.0,3223.0,0,1,0,0,0,1,0,0,0,0,0,1,1
3820,0030z00002RmjmNAAR,0.0,90,1200.0,2909.0,0,1,0,0,0,1,0,0,0,0,0,1,0
3826,0030z00002Rmjz7AAB,0.0,0,0.0,12939.0,0,0,0,1,0,0,1,0,0,0,0,1,1
3829,0030z00002Rmk1SAAR,0.0,0,0.0,7310.0,0,0,0,1,0,0,0,0,0,1,0,1,1
3832,0030z00002Rmk4bAAB,0.0,0,0.0,8281.0,0,0,0,1,0,0,1,0,0,0,0,1,1
3833,0030z00002Rmk89AAB,0.0,0,0.0,9480.0,0,1,0,0,0,0,0,0,0,1,0,1,1
3838,0030z00002RmkFtAAJ,0.0,0,0.0,7310.0,0,0,0,1,0,1,0,0,0,0,0,1,1
3846,0030z00002RmkSTAAZ,0.0,70,1086.0,5115.0,0,0,0,1,0,1,0,0,0,0,0,1,1
3847,0030z00002RmkT7AAJ,0.0,0,0.0,4393.0,0,0,0,1,0,0,0,0,0,1,0,1,1
3849,0030z00002Rmka3AAB,0.0,0,2796.0,3925.0,0,1,0,0,0,0,1,0,0,0,0,1,1
3852,0030z00002RmkgaAAB,0.0,0,0.0,9230.0,0,0,0,0,1,0,1,0,0,0,1,0,0
3878,0030z00002RmmSBAAZ,0.0,0,0.0,1826.0,0,0,0,1,0,0,0,0,1,0,0,1,1
3885,0030z00002Rmor3AAB,0.0,0,420.0,10617.0,0,1,0,0,0,0,0,0,1,0,0,1,0
3896,0030z00002RmppNAAR,0.0,0,24.0,2854.0,1,0,0,0,0,0,1,0,0,0,0,1,1
3897,0030z00002RmprdAAB,0.0,100,4784.0,1793.0,1,0,0,0,0,0,1,0,0,0,0,1,1
3901,0030z00002RmpwsAAB,0.0,100,0.0,4991.0,0,1,0,0,0,0,1,0,0,0,0,1,1
3916,0030z00002RmqceAAB,0.0,0,0.0,2147.0,0,0,0,1,0,0,1,0,0,0,0,1,1
3917,0030z00002RmqctAAB,0.0,0,0.0,7468.0,0,0,0,0,1,0,0,0,0,1,0,1,1
3920,0030z00002RmqixAAB,0.0,0,883.0,3134.0,0,1,0,0,0,1,0,0,0,0,0,1,1
3933,0030z00002RmqzdAAB,0.0,0,0.0,1460.0,0,0,0,1,0,0,0,0,1,0,0,1,1
3966,0030z00002RmsTVAAZ,0.0,0,0.0,1460.0,0,0,0,1,0,0,0,0,1,0,0,1,1
3968,0030z00002RmsVMAAZ,0.0,0,0.0,1461.0,0,0,0,1,0,0,0,0,1,0,0,1,1
3970,0030z00002RmsXIAAZ,0.0,0,0.0,1461.0,0,0,0,1,0,0,0,0,1,0,0,1,0
3979,0030z00002RmsnzAAB,0.0,0,0.0,809.0,0,0,0,1,0,0,1,0,0,0,0,1,0
3989,0030z00002Rmt7KAAR,0.0,0,0.0,1862.0,0,0,0,1,0,0,1,0,0,0,0,1,0
3997,0030z00002RmtTuAAJ,0.0,0,0.0,1679.0,0,0,0,1,0,0,1,0,0,0,1,0,0
4003,0030z00002Rmu1EAAR,0.0,50,583.0,4459.0,0,1,0,0,0,1,0,0,0,0,0,1,1
4004,0030z00002Rmu1OAAR,0.0,0,0.0,7324.0,1,0,0,0,0,1,0,0,0,0,0,1,1
4008,0030z00002Rmu5qAAB,0.0,0,24.0,7020.0,0,0,0,1,0,0,0,0,0,1,0,1,1
4012,0030z00002RmuCDAAZ,0.0,0,85.0,8768.0,0,0,0,0,1,1,0,0,0,0,0,1,1
4014,0030z00002RmuEcAAJ,0.0,100,0.0,7623.0,0,0,0,0,1,0,1,0,0,0,0,1,0
4017,0030z00002RmuJnAAJ,0.0,100,158.0,3217.0,0,0,0,1,0,1,0,0,0,0,0,1,1
4028,0030z00002RmuvuAAB,0.0,0,0.0,8391.0,0,0,0,0,1,0,0,0,1,0,0,1,0
4039,0030z00002Rmvk6AAB,0.0,0,0.0,1461.0,0,1,0,0,0,0,0,0,0,1,0,1,1
4041,0030z00002Rmvz3AAB,0.0,0,11240.0,2163.0,0,1,0,0,0,0,1,0,0,0,0,1,0
4050,0030z00002RmwKkAAJ,0.0,0,0.0,3197.0,0,0,0,1,0,0,1,0,0,0,0,1,0
4051,0030z00002RmwLJAAZ,0.0,0,0.0,1207.0,0,0,0,1,0,0,1,0,0,0,0,1,0
4054,0030z00002RmwPQAAZ,0.0,0,0.0,1958.0,0,1,0,0,0,0,1,0,0,0,0,1,0
4071,0030z00002Rmy3HAAR,0.0,0,166.0,597.0,0,0,0,1,0,0,1,0,0,0,0,1,0
4075,0030z00002Rmy6BAAR,0.0,0,0.0,4531.0,1,0,0,0,0,1,0,0,0,0,1,0,1
4096,0030z00002RmyiiAAB,0.0,0,55.0,7764.0,0,0,0,1,0,0,0,0,1,0,0,1,1
4098,0030z00002Rmyo2AAB,0.0,0,0.0,7816.0,0,0,0,1,0,0,1,0,0,0,0,1,1
4101,0030z00002RmyqcAAB,0.0,100,4854.0,1461.0,0,0,0,1,0,0,1,0,0,0,0,1,0
4104,0030z00002RmyzPAAR,0.0,0,603.0,7327.0,1,0,0,0,0,0,1,0,0,0,0,1,0
4106,0030z00002Rmz0DAAR,0.0,30,1776.0,3009.0,0,0,0,0,1,0,1,0,0,0,0,1,1
4114,0030z00002Rmz64AAB,0.0,0,0.0,3653.0,0,0,0,1,0,0,0,0,0,1,1,0,0
4123,0030z00002RmzI6AAJ,0.0,40,2045.0,3441.0,0,0,0,0,1,0,1,0,0,0,0,1,0
4127,0030z00002RmzjCAAR,0.0,0,55.0,3109.0,0,0,0,1,0,1,0,0,0,0,0,1,1
4134,0030z00002Rn1hrAAB,0.0,0,0.0,1825.0,1,0,0,0,0,0,0,0,1,0,0,1,1
4152,0030z00002Rn2nRAAR,0.0,70,0.0,8376.0,0,1,0,0,0,0,0,0,0,1,0,1,1
4153,0030z00002Rn2oyAAB,0.0,90,5994.0,8820.0,1,0,0,0,0,0,1,0,0,0,0,1,0
4156,0030z00002Rn2phAAB,0.0,80,737.0,3735.0,0,0,1,0,0,0,1,0,0,0,0,1,1
4173,0030z00002Rn2pyAAB,0.0,0,2089.0,1461.0,0,1,0,0,0,0,0,1,0,0,0,1,1
4179,0030z00002Rn2q4AAB,0.0,0,133.0,9131.0,0,0,0,0,1,0,0,0,0,1,0,1,1
4186,0030z00002Rn2qBAAR,0.0,0,0.0,9105.0,0,0,0,0,1,0,1,0,0,0,0,1,1
4189,0030z00002Rn2qEAAR,0.0,100,731.0,7304.0,0,1,0,0,0,0,0,0,0,1,1,0,1
4190,0030z00002Rn2qFAAR,0.0,0,420.0,5772.0,0,1,0,0,0,0,0,0,0,1,0,1,1
4191,0030z00002Rn2qGAAR,0.0,0,0.0,2203.0,0,0,0,1,0,0,0,0,0,1,0,1,1
4203,0030z00002Rn2qSAAR,0.0,0,0.0,7310.0,0,1,0,0,0,0,1,0,0,0,0,1,0
4205,0030z00002Rn2qUAAR,0.0,0,39.0,7316.0,0,0,0,0,1,1,0,0,0,0,1,0,1
4206,0030z00002Rn2qVAAR,0.0,0,5155.0,441.0,0,0,0,0,1,0,1,0,0,0,0,1,1
4210,0030z00002Rn2qZAAR,0.0,40,3949.0,5297.0,0,1,0,0,0,0,0,0,0,1,0,1,1
4212,0030z00002Rn2rHAAR,0.0,0,6.0,4353.0,0,1,0,0,0,0,1,0,0,0,0,1,1
4225,0030z00002Rn3K9AAJ,0.0,0,9858.0,4106.0,0,0,0,1,0,0,0,0,0,1,0,1,1
4229,0030z00002Rn3TrAAJ,0.0,0,0.0,8042.0,0,0,0,1,0,0,1,0,0,0,1,0,0
4241,0030z00002Rn3rFAAR,0.0,0,0.0,8132.0,0,1,0,0,0,0,0,0,0,1,0,1,1
4258,0030z00002Rn4J7AAJ,0.0,0,0.0,7320.0,1,0,0,0,0,0,1,0,0,0,0,1,0
4261,0030z00002Rn4p1AAB,0.0,0,24.0,8379.0,0,1,0,0,0,0,1,0,0,0,0,1,1
4262,0030z00002Rn4vJAAR,0.0,0,3.0,1460.0,0,0,0,1,0,0,0,0,0,1,1,0,1
4272,0030z00002Rn58jAAB,0.0,0,1289.0,4817.0,0,0,0,0,1,0,1,0,0,0,0,1,0
4273,0030z00002Rn5DPAAZ,0.0,0,148.0,9126.0,0,0,0,0,1,0,1,0,0,0,1,0,1
4280,0030z00002Rn5R3AAJ,0.0,0,1363.0,3179.0,0,0,0,0,1,0,1,0,0,0,0,1,1
4285,0030z00002Rn5UaAAJ,0.0,0,0.0,7626.0,1,0,0,0,0,0,1,0,0,0,0,1,1
4297,0030z00002Rn6e7AAB,0.0,0,0.0,2886.0,0,0,0,1,0,0,0,0,0,1,0,1,0
4309,0030z00002Rn7PXAAZ,0.0,0,0.0,2130.0,0,1,0,0,0,1,0,0,0,0,0,1,0
4322,0030z00002Rn7viAAB,0.0,100,148.0,10963.0,0,1,0,0,0,0,0,0,0,1,0,1,1
4324,0030z00002Rn7x0AAB,0.0,0,1348.0,395.0,0,1,0,0,0,0,0,0,1,0,0,1,1
4325,0030z00002Rn7zaAAB,0.0,0,3648.0,3044.0,0,1,0,0,0,0,0,0,1,0,1,0,1
4326,0030z00002Rn860AAB,0.0,0,0.0,8822.0,0,1,0,0,0,0,0,0,0,1,0,1,1
4341,0030z00002Rn8fbAAB,0.0,100,1239.0,5452.0,0,0,0,1,0,1,0,0,0,0,0,1,0
4348,0030z00002Rn8klAAB,0.0,0,7877.0,1461.0,0,0,0,1,0,0,0,0,0,1,0,1,0
4350,0030z00002Rn8nQAAR,0.0,0,0.0,4090.0,0,0,0,1,0,0,1,0,0,0,0,1,1
4359,0030z00002Rn8qZAAR,0.0,0,2318.0,1579.0,0,0,0,0,1,0,1,0,0,0,1,0,1
4366,0030z00002Rn8xIAAR,0.0,0,6939.0,455.0,0,0,0,1,0,1,0,0,0,0,1,0,0
4411,0030z00002RnC9LAAV,0.0,0,0.0,6774.0,0,1,0,0,0,0,0,0,0,1,0,1,1
4424,0030z00002RnCmIAAV,0.0,100,551.0,9661.0,1,0,0,0,0,0,1,0,0,0,1,0,1
4425,0030z00002RnDDYAA3,0.0,0,675.0,1827.0,1,0,0,0,0,0,1,0,0,0,0,1,1
4427,0030z00002RnDnmAAF,0.0,0,248.0,2099.0,0,0,0,1,0,0,0,0,0,1,0,1,1
4434,0030z00002RnFTVAA3,0.0,0,2588.0,7763.0,1,0,0,0,0,0,1,0,0,0,0,1,0
4439,0030z00002RnFc7AAF,0.0,0,0.0,1215.0,0,0,0,1,0,0,1,0,0,0,0,1,1
4446,0030z00002RnGVRAA3,0.0,80,64.0,9518.0,1,0,0,0,0,0,1,0,0,0,1,0,1
4453,0030z00002RnGe7AAF,0.0,80,356.0,7259.0,0,0,0,0,1,0,1,0,0,0,0,1,0
4481,0030z00002RnICFAA3,0.0,0,8040.0,2921.0,1,0,0,0,0,0,1,0,0,0,1,0,0
4482,0030z00002RnICjAAN,0.0,90,366.0,8783.0,0,0,0,1,0,0,0,0,0,1,0,1,0
4483,0030z00002RnIJNAA3,0.0,80,1955.0,1300.0,0,1,0,0,0,0,1,0,0,0,1,0,1
4500,0030z00002RnJ0MAAV,0.0,40,3075.0,1875.0,0,1,0,0,0,0,0,0,1,0,1,0,1
4508,0030z00002RnJQnAAN,0.0,0,13.0,4971.0,1,0,0,0,0,1,0,0,0,0,0,1,0
4516,0030z00002RnJm4AAF,0.0,0,39.0,2617.0,0,0,0,1,0,0,1,0,0,0,1,0,1
4527,0030z00002RnLKyAAN,0.0,0,243.0,10053.0,0,1,0,0,0,0,0,0,1,0,0,1,1
4530,0030z00002RnLNdAAN,0.0,0,823.0,8057.0,0,0,0,0,1,0,0,0,0,1,1,0,1
4532,0030z00002RnLTjAAN,0.0,0,0.0,899.0,0,0,0,1,0,0,1,0,0,0,0,1,1
4541,0030z00002RnLcvAAF,0.0,0,31.0,7331.0,1,0,0,0,0,1,0,0,0,0,1,0,1
4542,0030z00002RnLgaAAF,0.0,0,0.0,5281.0,0,0,0,0,1,1,0,0,0,0,0,1,0
4545,0030z00002RnLp6AAF,0.0,50,182.0,2190.0,0,0,0,1,0,1,0,0,0,0,0,1,1
4546,0030z00002RnLqMAAV,0.0,0,49.0,1634.0,0,0,0,1,0,0,0,0,1,0,0,1,1
4558,0030z00002RnMSdAAN,0.0,0,0.0,2704.0,0,0,0,1,0,0,0,0,1,0,0,1,0
4582,0030z00002RnMmOAAV,0.0,0,0.0,7794.0,0,0,0,0,1,0,1,0,0,0,0,1,1
4602,0030z00002RnNbcAAF,5.0,80,98.0,1543.0,0,0,0,1,0,0,1,0,0,0,0,1,0
4606,0030z00002RnNhBAAV,0.0,0,10790.0,1491.0,0,0,0,1,0,0,1,0,0,0,0,1,0
4610,0030z00002RnNqcAAF,0.0,0,0.0,9178.0,0,0,0,1,0,1,0,0,0,0,0,1,1
4614,0030z00002RnNutAAF,0.0,0,0.0,1826.0,0,0,0,0,1,1,0,0,0,0,1,0,1
4619,0030z00002RnNzTAAV,0.0,0,0.0,5516.0,1,0,0,0,0,1,0,0,0,0,0,1,0
4621,0030z00002RnONBAA3,0.0,0,0.0,6493.0,0,0,0,1,0,0,0,0,0,1,0,1,1
4657,0030z00002RnQgNAAV,0.0,0,0.0,7467.0,0,0,0,0,1,1,0,0,0,0,1,0,1
4660,0030z00002RnQiYAAV,0.0,0,0.0,8792.0,1,0,0,0,0,1,0,0,0,0,0,1,1
4680,0030z00002RnRJBAA3,0.0,0,4462.0,2212.0,0,0,0,0,1,1,0,0,0,0,1,0,1
4682,0030z00002RnRO1AAN,5.0,0,92.0,5840.0,0,0,0,1,0,1,0,0,0,0,0,1,1
4687,0030z00002RnRSqAAN,0.0,80,2091.0,4427.0,1,0,0,0,0,0,1,0,0,0,0,1,1
4691,0030z00002RnRaVAAV,0.0,0,3044.0,1443.0,0,0,0,0,1,0,1,0,0,0,0,1,1
4700,0030z00002RnS2FAAV,0.0,0,0.0,2190.0,1,0,0,0,0,1,0,0,0,0,0,1,1
4708,0030z00002RnSJBAA3,0.0,0,0.0,2080.0,0,0,0,1,0,0,0,0,0,1,0,1,1
4717,0030z00002RnSlAAAV,0.0,0,44.0,1461.0,0,0,0,1,0,0,0,0,0,1,0,1,1
4719,0030z00002RnSlyAAF,0.0,0,0.0,1461.0,0,0,0,1,0,1,0,0,0,0,0,1,1
4721,0030z00002RnSqlAAF,0.0,90,2405.0,2922.0,0,1,0,0,0,0,0,0,1,0,0,1,1
4723,0030z00002RnSswAAF,0.0,0,0.0,8794.0,0,0,0,1,0,0,1,0,0,0,0,1,1
4732,0030z00002RnTB9AAN,0.0,0,0.0,8728.0,0,1,0,0,0,0,0,0,1,0,0,1,1
4736,0030z00002RnTIoAAN,0.0,0,2646.0,1825.0,0,1,0,0,0,0,1,0,0,0,0,1,1
4742,0030z00002RnTYBAA3,0.0,0,11565.0,1049.0,0,1,0,0,0,1,0,0,0,0,1,0,0
4743,0030z00002RnTYGAA3,0.0,0,0.0,1827.0,1,0,0,0,0,1,0,0,0,0,1,0,1
4746,0030z00002RnTchAAF,0.0,0,0.0,4346.0,1,0,0,0,0,0,1,0,0,0,0,1,1
4755,0030z00002RnTczAAF,0.0,0,3812.0,1461.0,0,1,0,0,0,0,0,0,0,1,1,0,0
4763,0030z00002RnTd7AAF,0.0,0,220.0,3653.0,1,0,0,0,0,0,0,0,1,0,1,0,0
4808,0030z00002RnTdrAAF,0.0,0,0.0,7528.0,0,0,1,0,0,1,0,0,0,0,1,0,1
4809,0030z00002RnTdsAAF,0.0,0,1319.0,6367.0,0,0,0,0,1,0,1,0,0,0,1,0,1
4825,0030z00002RnTe8AAF,0.0,0,0.0,5603.0,0,0,0,0,1,0,1,0,0,0,0,1,1
4827,0030z00002RnTeAAAV,0.0,0,0.0,9532.0,0,1,0,0,0,0,1,0,0,0,0,1,1
4849,0030z00002RnTeWAAV,0.0,0,0.0,4640.0,0,0,1,0,0,1,0,0,0,0,0,1,0
4854,0030z00002RnTebAAF,0.0,0,760.0,2026.0,1,0,0,0,0,0,0,0,0,1,0,1,0
4855,0030z00002RnTecAAF,0.0,0,0.0,7328.0,0,0,0,0,1,0,0,0,0,1,1,0,0
4857,0030z00002RnTeeAAF,0.0,0,0.0,14421.0,0,0,0,1,0,0,0,0,1,0,0,1,1
4860,0030z00002RnTehAAF,0.0,0,967.0,3782.0,0,1,0,0,0,0,0,0,1,0,1,0,0
4862,0030z00002RnTejAAF,0.0,0,0.0,2793.0,0,0,0,0,1,0,1,0,0,0,1,0,1
4866,0030z00002RnTenAAF,0.0,0,3426.0,309.0,0,0,0,0,1,0,0,0,0,1,0,1,1
4879,0030z00002RnUHYAA3,0.0,90,855.0,4895.0,0,0,0,1,0,0,1,0,0,0,0,1,1
4887,0030z00002RoKFvAAN,0.0,0,0.0,7311.0,0,1,0,0,0,0,0,0,0,1,0,1,1
4890,0030z00002RoKYIAA3,0.0,10,2383.0,1368.0,0,0,0,1,0,0,0,0,1,0,0,1,1
4894,0030z00002RoKj4AAF,0.0,0,383.0,2922.0,0,1,0,0,0,0,1,0,0,0,0,1,1
4900,0030z00002RoKtYAAV,0.0,0,3731.0,734.0,0,0,0,1,0,1,0,0,0,0,0,1,1
4906,0030z00002RoNioAAF,0.0,0,2490.0,1461.0,0,1,0,0,0,0,0,0,0,1,0,1,0
4914,0030z00002RoO88AAF,0.0,0,0.0,2775.0,0,0,0,1,0,0,1,0,0,0,0,1,0
4921,0030z00002RoOGSAA3,0.0,0,0.0,1826.0,0,1,0,0,0,0,0,0,0,1,0,1,1
4924,0030z00002RoOOMAA3,0.0,70,544.0,2556.0,0,1,0,0,0,1,0,0,0,0,0,1,1
4925,0030z00002RoOQNAA3,0.0,0,1202.0,2563.0,1,0,0,0,0,1,0,0,0,0,0,1,1
4927,0030z00002RoOSYAA3,0.0,20,2588.0,2556.0,0,1,0,0,0,0,0,0,0,1,1,0,1
4935,0030z00002RoOWBAA3,0.0,0,0.0,1715.0,0,1,0,0,0,0,1,0,0,0,0,1,1
4975,0030z00002RoQLXAA3,0.0,0,0.0,1423.0,0,1,0,0,0,1,0,0,0,0,1,0,1
4977,0030z00002RoQQ8AAN,0.0,50,1083.0,1301.0,0,0,0,1,0,1,0,0,0,0,0,1,1
4980,0030z00002RoQRuAAN,0.0,0,0.0,2037.0,0,0,0,1,0,1,0,0,0,0,0,1,0
5010,0030z00002RoTCZAA3,0.0,0,281.0,18360.0,0,1,0,0,0,0,0,0,0,1,0,1,1
5016,0030z00002RoTZsAAN,0.0,0,0.0,561.0,0,0,0,1,0,0,0,0,0,1,0,1,0
5018,0030z00002RoTbFAAV,0.0,90,0.0,2251.0,0,0,0,1,0,1,0,0,0,0,0,1,0
5023,0030z00002RoTmmAAF,0.0,0,0.0,9520.0,0,0,0,1,0,0,1,0,0,0,0,1,0
5073,0030z00002RoUWeAAN,0.0,0,283.0,1264.0,0,1,0,0,0,0,1,0,0,0,0,1,1
5078,0030z00002RoUcIAAV,0.0,0,0.0,1827.0,0,0,0,1,0,0,1,0,0,0,0,1,0
5080,0030z00002RoUh8AAF,0.0,0,9626.0,2694.0,0,0,0,0,1,0,0,0,1,0,0,1,1
5088,0030z00002RoYXZAA3,0.0,0,3005.0,3153.0,0,0,0,0,1,0,1,0,0,0,0,1,1
5091,0030z00002RoYeVAAV,0.0,100,891.0,7320.0,0,0,0,1,0,0,0,0,1,0,0,1,1
5102,0030z00002RoZW7AAN,0.0,0,0.0,7696.0,0,0,0,0,1,0,1,0,0,0,1,0,1
5107,0030z00002RoZkEAAV,0.0,0,129.0,3133.0,0,0,0,1,0,0,0,0,0,1,0,1,0
5108,0030z00002RoZkxAAF,0.0,0,7.0,3877.0,0,1,0,0,0,0,1,0,0,0,0,1,0
5128,0030z00002RoagUAAR,0.0,0,8475.0,3677.0,0,0,0,1,0,1,0,0,0,0,1,0,0
5135,0030z00002RoasAAAR,0.0,100,0.0,3601.0,0,1,0,0,0,0,1,0,0,0,1,0,1
5142,0030z00002RobA2AAJ,0.0,100,0.0,4048.0,0,0,0,1,0,0,1,0,0,0,0,1,0
5166,0030z00002RobT5AAJ,0.0,0,1515.0,3416.0,0,0,0,1,0,1,0,0,0,0,0,1,0
5194,0030z00002RoddRAAR,0.0,30,148.0,7927.0,0,0,0,1,0,0,1,0,0,0,0,1,1
5203,0030z00002RodfdAAB,0.0,0,0.0,4575.0,1,0,0,0,0,1,0,0,0,0,0,1,1
5225,0030z00002RodfzAAB,0.0,0,0.0,4109.0,0,0,1,0,0,0,0,0,1,0,0,1,1
5229,0030z00002RodggAAB,0.0,0,0.0,1460.0,0,0,0,1,0,0,1,0,0,0,0,1,0
5235,0030z00002RoduEAAR,0.0,0,0.0,2921.0,0,0,0,1,0,1,0,0,0,0,0,1,0
5240,0030z00002Roe0ZAAR,0.0,0,0.0,1357.0,0,1,0,0,0,0,1,0,0,0,0,1,1
5242,0030z00002Roe0oAAB,0.0,0,8.0,10247.0,1,0,0,0,0,0,0,0,1,0,0,1,0
5276,0030z00002RoffKAAR,0.0,70,0.0,1496.0,0,0,0,0,1,0,0,0,0,1,1,0,1
5278,0030z00002RofhVAAR,0.0,0,0.0,4771.0,0,0,0,1,0,0,1,0,0,0,0,1,1
5281,0030z00002RofmkAAB,0.0,0,133.0,5243.0,0,0,0,1,0,0,0,1,0,0,0,1,1
5289,0030z00002Rog3xAAB,0.0,0,0.0,1221.0,0,0,0,1,0,0,1,0,0,0,0,1,0
5302,0030z00002RogndAAB,0.0,70,1426.0,1716.0,0,0,0,1,0,0,1,0,0,0,1,0,0
5304,0030z00002RogtMAAR,0.0,0,139.0,365.0,0,1,0,0,0,1,0,0,0,0,0,1,1
5320,0030z00002RoixeAAB,0.0,0,9.0,10218.0,0,0,0,1,0,0,0,0,0,1,0,1,1
5329,0030z00002RokNiAAJ,0.0,90,762.0,2794.0,0,0,0,1,0,0,0,0,1,0,0,1,0
5332,0030z00002Rol78AAB,0.0,0,42.0,5044.0,0,0,0,1,0,0,1,0,0,0,0,1,1
5333,0030z00002RolPDAAZ,0.0,0,0.0,7471.0,0,0,0,1,0,0,1,0,0,0,0,1,1
5342,0030z00002RolaLAAR,0.0,0,0.0,3927.0,0,0,0,1,0,0,1,0,0,0,0,1,0
5349,0030z00002RolpLAAR,0.0,0,119.0,2919.0,0,0,0,1,0,0,0,0,0,1,0,1,1
5366,0030z00002Rov4LAAR,0.0,100,136.0,1328.0,0,1,0,0,0,0,1,0,0,0,0,1,0
5376,0030z00002Rp98iAAB,0.0,0,0.0,3416.0,0,0,0,1,0,0,0,0,0,1,0,1,1
5383,0030z00002RpJw2AAF,0.0,0,5578.0,328.0,0,1,0,0,0,0,1,0,0,0,1,0,1
5391,0030z00002RpZfMAAV,0.0,0,0.0,1385.0,0,0,0,1,0,0,0,0,0,1,1,0,0
5399,0030z00002RpyspAAB,0.0,0,139.0,6091.0,0,1,0,0,0,0,1,0,0,0,1,0,0
5408,0030z00002RqEI6AAN,0.0,0,0.0,7527.0,0,1,0,0,0,1,0,0,0,0,0,1,1
5411,0030z00002RqELoAAN,0.0,0,0.0,8815.0,1,0,0,0,0,0,0,0,0,1,0,1,1
5420,0030z00002RqEb1AAF,0.0,60,2649.0,4021.0,0,0,0,1,0,0,0,0,0,1,1,0,0
5425,0030z00002RqEkXAAV,0.0,0,0.0,1460.0,0,0,0,1,0,0,0,0,0,1,0,1,1
5426,0030z00002RqFBcAAN,0.0,0,0.0,2190.0,0,1,0,0,0,1,0,0,0,0,1,0,0
5441,0030z00002SG3iqAAD,0.0,0,0.0,8042.0,1,0,0,0,0,0,1,0,0,0,0,1,1
5451,0030z00002SGK66AAH,0.0,60,2216.0,2443.0,0,1,0,0,0,0,1,0,0,0,1,0,1
5478,0030z00002SHRQ8AAP,0.0,0,14.0,7705.0,0,1,0,0,0,1,0,0,0,0,0,1,0
5490,0030z00002SHaQuAAL,0.0,0,14641.0,1468.0,1,0,0,0,0,0,0,0,0,1,0,1,0
5498,0030z00002SHt45AAD,0.0,0,8034.0,910.0,0,0,0,1,0,0,1,0,0,0,1,0,1
5503,0030z00002SHyZhAAL,0.0,0,2208.0,1719.0,0,1,0,0,0,1,0,0,0,0,1,0,1
5521,0030z00002SIZncAAH,0.0,90,15.0,7711.0,0,0,0,0,1,1,0,0,0,0,0,1,0
5536,0030z00002SIjswAAD,0.0,0,1538.0,6055.0,0,1,0,0,0,0,0,0,1,0,0,1,0
5538,0030z00002SIl4oAAD,0.0,0,1717.0,3010.0,0,0,0,0,1,0,1,0,0,0,1,0,0
5580,0030z00002SK2ZtAAL,0.0,0,6103.0,1481.0,1,0,0,0,0,0,0,0,1,0,0,1,1
5585,0030z00002SK3StAAL,0.0,50,4330.0,758.0,0,0,0,1,0,1,0,0,0,0,1,0,0
5586,0030z00002SK3X0AAL,0.0,0,2016.0,59.0,0,0,0,1,0,0,1,0,0,0,1,0,0
5590,0030z00002SK3d8AAD,0.0,0,8977.0,301.0,0,0,0,1,0,0,0,0,0,1,1,0,0
5597,0030z00002SK3mgAAD,0.0,0,6087.0,2205.0,0,0,0,1,0,0,0,0,0,1,0,1,1
5614,0030z00002SK4IEAA1,0.0,0,5192.0,1037.0,0,0,0,1,0,0,0,0,0,1,0,1,1
5615,0030z00002SK4IiAAL,0.0,80,2507.0,2882.0,0,1,0,0,0,0,1,0,0,0,1,0,1
5621,0030z00002SK4XTAA1,0.0,0,2889.0,1232.0,1,0,0,0,0,0,1,0,0,0,0,1,1
5623,0030z00002SK4eyAAD,0.0,0,0.0,12348.0,0,0,0,0,1,0,1,0,0,0,0,1,1
5624,0030z00002SK4jKAAT,0.0,0,0.0,7426.0,0,1,0,0,0,0,1,0,0,0,0,1,0
5626,0030z00002SK4vwAAD,0.0,0,130.0,626.0,0,0,0,1,0,0,1,0,0,0,0,1,1
5627,0030z00002SK4y7AAD,0.0,0,410.0,7421.0,1,0,0,0,0,1,0,0,0,0,0,1,1
5636,0030z00002SK69NAAT,0.0,0,0.0,7790.0,0,0,0,1,0,0,0,0,0,1,0,1,1
5659,0030z00002SK7VdAAL,0.0,0,107.0,1463.0,0,1,0,0,0,0,1,0,0,0,0,1,0
5661,0030z00002SKE8ZAAX,0.0,0,0.0,1155.0,0,0,0,1,0,0,1,0,0,0,0,1,1
5662,0030z00002SKEHWAA5,0.0,0,0.0,7863.0,0,1,0,0,0,1,0,0,0,0,0,1,1
5668,0030z00002SKQkzAAH,0.0,0,0.0,1825.0,0,0,0,1,0,0,0,0,0,1,0,1,1
5673,0030z00002SKUmdAAH,0.0,0,4884.0,243.0,0,0,0,1,0,0,1,0,0,0,1,0,1
5679,0030z00002SKcUEAA1,0.0,0,0.0,2856.0,1,0,0,0,0,1,0,0,0,0,0,1,1
5691,0030z00002SKiUgAAL,0.0,0,15.0,1825.0,0,0,0,1,0,0,0,0,0,1,1,0,0
5708,0030z00002SKpmCAAT,0.0,0,11.0,3719.0,0,0,0,1,0,1,0,0,0,0,0,1,1
5714,0030z00002SKtRXAA1,0.0,60,196.0,946.0,0,0,0,1,0,1,0,0,0,0,0,1,1
5731,0030z00002SLB71AAH,0.0,50,713.0,2938.0,0,0,0,1,0,0,1,0,0,0,0,1,1
5748,0030z00002SLGJtAAP,0.0,0,0.0,7329.0,0,0,0,1,0,0,1,0,0,0,0,1,1
5750,0030z00002SLGJvAAP,0.0,80,3801.0,6051.0,0,0,0,0,1,0,1,0,0,0,0,1,1
5770,0030z00002SLGKFAA5,0.0,80,3028.0,7335.0,0,0,0,0,1,0,0,0,1,0,0,1,1
5793,0030z00002SLGKgAAP,0.0,0,2054.0,1491.0,0,0,0,1,0,0,0,0,1,0,0,1,1
5811,0030z00002SLGKzAAP,0.0,20,661.0,3287.0,0,0,0,1,0,0,1,0,0,0,0,1,1
5849,0030z00002SLgIMAA1,0.0,0,0.0,4528.0,0,0,0,1,0,0,0,0,0,1,0,1,1
5863,0030z00002SLgtNAAT,0.0,0,0.0,8077.0,0,0,0,1,0,0,1,0,0,0,0,1,0
5901,0030z00002SLjbFAAT,0.0,30,1767.0,1460.0,0,1,0,0,0,0,0,0,0,1,1,0,1
5910,0030z00002SLjxcAAD,0.0,50,4141.0,4559.0,0,1,0,0,0,0,1,0,0,0,0,1,1
5913,0030z00002SLk6FAAT,0.0,50,6055.0,1663.0,0,1,0,0,0,0,0,0,0,1,0,1,1
5916,0030z00002SLkK9AAL,0.0,60,714.0,4011.0,0,0,0,1,0,0,1,0,0,0,0,1,1
5919,0030z00002SLkfTAAT,0.0,10,5305.0,2957.0,1,0,0,0,0,0,1,0,0,0,1,0,0
5924,0030z00002SLl70AAD,0.0,0,0.0,1460.0,0,0,0,1,0,0,1,0,0,0,0,1,0
5951,0030z00002SLmt8AAD,0.0,0,0.0,1461.0,0,0,0,1,0,0,1,0,0,0,0,1,0
5989,0030z00002SLoXHAA1,0.0,0,2673.0,2769.0,1,0,0,0,0,1,0,0,0,0,0,1,1
6016,0030z00002SLpeGAAT,0.0,30,4527.0,3646.0,0,1,0,0,0,0,1,0,0,0,0,1,1
6023,0030z00002SLpxoAAD,0.0,0,3452.0,2922.0,0,1,0,0,0,0,0,0,1,0,0,1,1
6025,0030z00002SLpzrAAD,0.0,90,96.0,1136.0,0,0,0,1,0,0,1,0,0,0,0,1,1
6027,0030z00002SLq22AAD,0.0,0,1605.0,1636.0,0,0,0,1,0,1,0,0,0,0,0,1,1
6045,0030z00002SLrIOAA1,0.0,0,0.0,7326.0,0,0,0,0,1,0,0,0,0,1,1,0,0
6057,0030z00002SLrjcAAD,0.0,0,0.0,7313.0,0,1,0,0,0,1,0,0,0,0,1,0,0
6069,0030z00002SLsQMAA1,0.0,0,2457.0,2839.0,0,1,0,0,0,0,0,0,1,0,0,1,0
6090,0030z00002SLtApAAL,0.0,20,4971.0,1095.0,0,0,0,1,0,0,1,0,0,0,1,0,0
6133,0030z00002SLuokAAD,0.0,30,3437.0,2192.0,0,1,0,0,0,0,0,0,1,0,0,1,1
6141,0030z00002SLvFgAAL,0.0,0,1391.0,10500.0,1,0,0,0,0,1,0,0,0,0,0,1,0
6186,0030z00002SLx4VAAT,0.0,0,26.0,2596.0,0,1,0,0,0,0,1,0,0,0,0,1,1
6189,0030z00002SLxBVAA1,0.0,0,0.0,8134.0,0,0,0,0,1,1,0,0,0,0,0,1,1
6198,0030z00002SLxkrAAD,0.0,0,362.0,861.0,0,0,0,1,0,0,0,0,0,1,0,1,1
6204,0030z00002SLy4cAAD,0.0,0,122.0,7971.0,0,1,0,0,0,0,0,0,1,0,0,1,1
6208,0030z00002SLyH7AAL,0.0,90,294.0,2451.0,0,0,0,1,0,0,1,0,0,0,1,0,1
6210,0030z00002SLygdAAD,0.0,0,7898.0,7215.0,1,0,0,0,0,0,1,0,0,0,1,0,0
6222,0030z00002SM0EyAAL,0.0,0,4858.0,3159.0,1,0,0,0,0,0,0,0,1,0,0,1,0
6254,0030z00002SM4SWAA1,0.0,80,0.0,4749.0,0,1,0,0,0,0,1,0,0,0,0,1,1
6265,0030z00002SM4ShAAL,0.0,100,147.0,7563.0,0,0,0,0,1,0,0,0,0,1,0,1,1
6267,0030z00002SM4SjAAL,0.0,100,2153.0,7246.0,1,0,0,0,0,0,1,0,0,0,0,1,1
6303,0030z00002SM4TJAA1,0.0,0,0.0,11745.0,0,0,0,0,1,0,1,0,0,0,0,1,1
6310,0030z00002SM4TQAA1,0.0,0,0.0,8475.0,0,1,0,0,0,0,0,0,0,1,0,1,1
6316,0030z00002SM4TWAA1,0.0,0,53.0,1460.0,0,1,0,0,0,0,0,0,1,0,0,1,1
6317,0030z00002SM4TmAAL,0.0,0,37.0,1825.0,0,0,0,1,0,0,0,0,1,0,0,1,0
6326,0030z00002SM6FFAA1,0.0,0,1111.0,2615.0,0,1,0,0,0,0,0,0,1,0,0,1,1
6330,0030z00002SM6HuAAL,0.0,0,0.0,2722.0,0,1,0,0,0,0,1,0,0,0,1,0,0
6333,0030z00002SM6KjAAL,0.0,0,16.0,2948.0,0,0,0,1,0,0,0,0,1,0,1,0,1
6343,0030z00002SM6l6AAD,0.0,80,1889.0,4532.0,0,0,0,1,0,1,0,0,0,0,1,0,0
6352,0030z00002SM7DKAA1,0.0,0,0.0,1242.0,0,0,0,1,0,0,1,0,0,0,0,1,0
6355,0030z00002SM7DeAAL,0.0,30,2972.0,1130.0,0,1,0,0,0,0,1,0,0,0,0,1,1
6356,0030z00002SM7DyAAL,0.0,0,1763.0,8005.0,0,0,0,1,0,0,1,0,0,0,0,1,0
6360,0030z00002SM7ZZAA1,0.0,0,0.0,7317.0,0,0,0,1,0,1,0,0,0,0,0,1,1
6369,0030z00002SM8YbAAL,0.0,0,0.0,8228.0,0,0,0,0,1,0,1,0,0,0,0,1,0
6377,0030z00002SM8rJAAT,0.0,0,10635.0,1461.0,0,0,1,0,0,0,1,0,0,0,0,1,1
6378,0030z00002SM91dAAD,0.0,0,147.0,1274.0,0,0,0,1,0,0,0,0,0,1,0,1,1
6387,0030z00002SMA6AAAX,0.0,50,52.0,8053.0,0,0,0,1,0,0,0,0,1,0,0,1,1
6390,0030z00002SMA9xAAH,0.0,0,0.0,906.0,0,0,0,1,0,0,1,0,0,0,0,1,0
6396,0030z00002SMAIQAA5,0.0,0,164.0,1108.0,0,0,0,1,0,0,1,0,0,0,0,1,0
6412,0030z00002SMBGqAAP,0.0,0,0.0,2767.0,0,1,0,0,0,0,0,0,1,0,0,1,1
6416,0030z00002SMBNhAAP,0.0,0,420.0,1469.0,1,0,0,0,0,1,0,0,0,0,1,0,1
6439,0030z00002SMCCIAA5,0.0,0,1148.0,7381.0,0,0,0,0,1,0,1,0,0,0,0,1,1
6445,0030z00002SMCSkAAP,0.0,0,10332.0,1474.0,0,0,0,1,0,0,0,0,0,1,1,0,0
6456,0030z00002SMClmAAH,0.0,90,118.0,981.0,0,0,0,1,0,0,0,0,1,0,0,1,1
6473,0030z00002SMDS4AAP,0.0,0,0.0,9160.0,0,0,0,0,1,0,0,0,1,0,0,1,1
6493,0030z00002SMETCAA5,0.0,0,0.0,7304.0,0,0,0,1,0,0,0,0,0,1,0,1,0
6498,0030z00002SMEawAAH,0.0,70,5479.0,6049.0,0,0,1,0,0,0,1,0,0,0,0,1,1
6499,0030z00002SMEbpAAH,0.0,0,7638.0,1461.0,0,1,0,0,0,1,0,0,0,0,1,0,1
6529,0030z00002SMGvjAAH,0.0,0,0.0,2900.0,0,1,0,0,0,0,1,0,0,0,0,1,0
6625,0030z00002SMIVIAA5,0.0,0,0.0,9984.0,0,0,0,1,0,0,0,0,1,0,0,1,0
6643,0030z00002SMK4DAAX,0.0,0,15465.0,10.0,0,0,0,0,1,0,1,0,0,0,0,1,0
6646,0030z00002SMK77AAH,0.0,0,30.0,1460.0,0,1,0,0,0,0,0,0,0,1,1,0,1
6663,0030z00002SMKvfAAH,0.0,20,4505.0,8047.0,0,0,0,1,0,0,0,0,0,1,0,1,0
6690,0030z00002SMNHSAA5,0.0,80,0.0,4642.0,0,1,0,0,0,0,1,0,0,0,0,1,1
6693,0030z00002SMNOyAAP,6.0,90,148.0,5230.0,0,0,0,0,1,1,0,0,0,0,0,1,1
6710,0030z00002SMRziAAH,0.0,0,0.0,7305.0,0,0,0,1,0,0,0,0,0,1,0,1,1
6717,0030z00002SMSNyAAP,0.0,0,0.0,11076.0,0,0,0,1,0,0,1,0,0,0,0,1,1
6796,0030z00002SMWKHAA5,0.0,70,547.0,8776.0,0,0,0,0,1,0,1,0,0,0,0,1,1
6800,0030z00002SMWVtAAP,0.0,0,1408.0,686.0,0,0,0,1,0,1,0,0,0,0,0,1,0
6819,0030z00002SMXmRAAX,0.0,0,0.0,1781.0,0,0,0,1,0,0,0,0,1,0,0,1,1
6827,0030z00002SMY7yAAH,0.0,0,120.0,4119.0,0,0,0,0,1,0,1,0,0,0,0,1,1
6853,0030z00002SMZbqAAH,0.0,0,0.0,7613.0,0,0,0,0,1,0,0,0,1,0,0,1,1
6854,0030z00002SMZezAAH,0.0,0,0.0,8405.0,0,0,0,0,1,0,0,0,1,0,0,1,1
6888,0030z00002SMaRMAA1,0.0,0,0.0,7375.0,0,0,0,0,1,0,0,0,1,0,0,1,1
6912,0030z00002SMat6AAD,0.0,0,1552.0,1644.0,0,1,0,0,0,0,0,0,0,1,0,1,0
6914,0030z00002SMavHAAT,0.0,0,31.0,1541.0,0,0,0,1,0,0,0,0,0,1,0,1,0
6921,0030z00002SMbL0AAL,0.0,30,456.0,8781.0,0,1,0,0,0,1,0,0,0,0,0,1,1
6930,0030z00002SMbjSAAT,0.0,70,2437.0,9165.0,1,0,0,0,0,0,1,0,0,0,0,1,0
6936,0030z00002SMbt1AAD,0.0,0,2.0,4872.0,0,0,0,1,0,0,0,0,0,1,0,1,0
6961,0030z00002SMf38AAD,0.0,30,4082.0,3652.0,0,1,0,0,0,0,1,0,0,0,0,1,1
6962,0030z00002SMf5xAAD,0.0,0,0.0,3383.0,0,1,0,0,0,0,0,0,0,1,0,1,1
6978,0030z00002SMf6DAAT,0.0,0,0.0,7219.0,0,1,0,0,0,0,0,0,1,0,0,1,1
6981,0030z00002SMf6GAAT,0.0,0,0.0,1000.0,0,1,0,0,0,0,0,0,1,0,0,1,1
6985,0030z00002SMf6KAAT,0.0,0,0.0,5265.0,0,1,0,0,0,0,1,0,0,0,0,1,1
6990,0030z00002SMf6PAAT,0.0,0,0.0,7324.0,0,1,0,0,0,0,0,1,0,0,0,1,1
6994,0030z00002SMf6TAAT,0.0,0,0.0,8786.0,1,0,0,0,0,1,0,0,0,0,0,1,1
7001,0030z00002SMf6aAAD,0.0,0,0.0,8787.0,1,0,0,0,0,0,0,0,0,1,1,0,1
7003,0030z00002SMf6cAAD,0.0,10,6411.0,1764.0,1,0,0,0,0,0,1,0,0,0,1,0,1
7013,0030z00002SMf6mAAD,0.0,0,0.0,9200.0,0,0,0,0,1,0,1,0,0,0,0,1,1
7015,0030z00002SMf6oAAD,0.0,0,0.0,1950.0,0,1,0,0,0,0,0,0,0,1,0,1,1
7016,0030z00002SMf6pAAD,0.0,0,0.0,10073.0,0,0,0,0,1,0,1,0,0,0,1,0,1
7034,0030z00002SMf77AAD,0.0,0,0.0,8806.0,0,1,0,0,0,0,0,0,0,1,0,1,1
7040,0030z00002SMf7DAAT,0.0,0,0.0,9271.0,0,0,0,0,1,0,1,0,0,0,0,1,1
7042,0030z00002SMf7FAAT,0.0,0,0.0,2267.0,0,1,0,0,0,0,0,0,0,1,0,1,1
7045,0030z00002SMfGsAAL,0.0,90,185.0,9627.0,0,0,0,1,0,0,1,0,0,0,0,1,1
7055,0030z00002SMghbAAD,0.0,60,2833.0,7310.0,1,0,0,0,0,0,1,0,0,0,0,1,0
7064,0030z00002SMhB2AAL,0.0,0,0.0,4570.0,1,0,0,0,0,1,0,0,0,0,1,0,0
7068,0030z00002SMhKYAA1,0.0,0,10.0,2719.0,0,0,0,1,0,0,1,0,0,0,0,1,1
7071,0030z00002SMhNmAAL,0.0,0,0.0,7769.0,0,0,0,1,0,0,0,0,1,0,0,1,1
7072,0030z00002SMhP9AAL,0.0,10,2919.0,2680.0,0,0,0,0,1,1,0,0,0,0,0,1,0
7082,0030z00002SMi3lAAD,0.0,0,0.0,8046.0,0,0,0,0,1,0,1,0,0,0,0,1,1
7128,0030z00002SMk2uAAD,0.0,0,5612.0,2463.0,0,0,0,1,0,0,1,0,0,0,0,1,1
7161,0030z00002SMm5YAAT,0.0,0,0.0,7456.0,0,1,0,0,0,0,1,0,0,0,0,1,1
7164,0030z00002SMmGnAAL,0.0,0,0.0,2586.0,0,1,0,0,0,0,0,1,0,0,0,1,0
7189,0030z00002SMnuCAAT,0.0,0,2757.0,3185.0,0,1,0,0,0,0,1,0,0,0,0,1,1
7226,0030z00002SMpinAAD,0.0,0,2361.0,1461.0,0,0,0,1,0,0,0,0,0,1,0,1,1
7227,0030z00002SMpj7AAD,0.0,30,1162.0,2185.0,0,1,0,0,0,0,0,0,1,0,0,1,1
7265,0030z00002SMsFpAAL,0.0,0,0.0,1826.0,0,0,0,1,0,0,0,0,1,0,0,1,1
7274,0030z00002SMsg7AAD,0.0,100,5.0,9406.0,0,1,0,0,0,0,1,0,0,0,1,0,0
7312,0030z00002SMwOTAA1,0.0,0,10697.0,947.0,1,0,0,0,0,0,0,0,0,1,1,0,0
7316,0030z00002SMwabAAD,0.0,0,35.0,4213.0,0,0,0,1,0,1,0,0,0,0,0,1,0
7341,0030z00002SN23IAAT,0.0,0,0.0,1826.0,0,0,0,1,0,1,0,0,0,0,0,1,1
7348,0030z00002SN4VQAA1,0.0,0,0.0,1608.0,0,0,0,1,0,0,0,0,1,0,0,1,0
7385,0030z00002SN8KjAAL,0.0,0,9079.0,2288.0,0,0,0,1,0,0,1,0,0,0,1,0,1
7389,0030z00002SN8QEAA1,0.0,0,0.0,8631.0,0,0,0,0,1,0,1,0,0,0,0,1,1
7392,0030z00002SN8QHAA1,0.0,30,2071.0,2013.0,1,0,0,0,0,0,1,0,0,0,0,1,0
7427,0030z00002SN8QqAAL,0.0,0,0.0,9949.0,0,0,0,0,1,0,1,0,0,0,0,1,1
7428,0030z00002SN8QrAAL,0.0,0,0.0,5924.0,0,0,0,1,0,1,0,0,0,0,0,1,1
7429,0030z00002SN8QsAAL,0.0,70,7649.0,3374.0,0,1,0,0,0,0,1,0,0,0,0,1,1
7448,0030z00002SN8RBAA1,0.0,0,5279.0,6945.0,0,0,0,1,0,1,0,0,0,0,0,1,1
7463,0030z00002SN8RQAA1,3.0,0,0.0,3374.0,1,0,0,0,0,0,0,0,0,1,0,1,1
7494,0030z00002SN8RwAAL,0.0,0,0.0,1559.0,0,1,0,0,0,0,1,0,0,0,0,1,1
7511,0030z00002SN8SDAA1,0.0,0,180.0,7315.0,0,0,0,0,1,0,0,0,0,1,0,1,0
7597,0030z00002SNBrtAAH,0.0,50,9607.0,5852.0,0,0,0,1,0,0,0,0,0,1,0,1,1
7602,0030z00002SNCQcAAP,0.0,0,250.0,7362.0,0,0,0,1,0,0,1,0,0,0,0,1,0
7616,0030z00002SND53AAH,0.0,10,4763.0,2683.0,0,0,0,0,1,0,1,0,0,0,1,0,1
7631,0030z00002SNDRtAAP,0.0,0,0.0,8566.0,1,0,0,0,0,1,0,0,0,0,0,1,1
7641,0030z00002SNDgAAAX,0.0,0,0.0,2070.0,0,0,0,1,0,0,1,0,0,0,0,1,1
7643,0030z00002SNDkqAAH,0.0,0,616.0,5108.0,0,0,0,0,1,0,1,0,0,0,0,1,1
7646,0030z00002SNDoYAAX,0.0,30,5019.0,3008.0,0,1,0,0,0,1,0,0,0,0,0,1,0
7673,0030z00002SNF8qAAH,0.0,0,0.0,2344.0,0,0,0,1,0,0,0,0,0,1,1,0,1
7696,0030z00002SNGAkAAP,0.0,0,0.0,2191.0,0,0,0,1,0,1,0,0,0,0,0,1,0
7714,0030z00002SNGrqAAH,0.0,0,1474.0,6563.0,1,0,0,0,0,0,1,0,0,0,0,1,1
7715,0030z00002SNGs5AAH,0.0,100,292.0,6372.0,1,0,0,0,0,1,0,0,0,0,0,1,0
7757,0030z00002SNIc9AAH,0.0,0,0.0,2339.0,0,0,0,1,0,0,1,0,0,0,0,1,0
7759,0030z00002SNIi8AAH,0.0,0,0.0,4742.0,0,1,0,0,0,0,0,0,1,0,0,1,0
7801,0030z00002SNKL5AAP,0.0,60,5911.0,7339.0,0,1,0,0,0,0,1,0,0,0,0,1,0
7812,0030z00002SNKX3AAP,0.0,90,1420.0,1825.0,0,0,0,1,0,1,0,0,0,0,0,1,1
7849,0030z00002SNNnHAAX,0.0,30,381.0,2730.0,0,0,0,1,0,0,0,0,1,0,0,1,0
7868,0030z00002SNNz0AAH,0.0,40,1214.0,7425.0,0,0,0,1,0,0,1,0,0,0,1,0,1
7881,0030z00002SNNzDAAX,0.0,20,1265.0,7335.0,0,0,0,0,1,1,0,0,0,0,0,1,0
7942,0030z00002SNQeyAAH,0.0,0,4173.0,3836.0,0,0,0,0,1,1,0,0,0,0,0,1,0
7957,0030z00002SNRDBAA5,0.0,0,0.0,6079.0,0,0,0,1,0,0,0,0,0,1,1,0,0
7976,0030z00002SNRrgAAH,0.0,50,302.0,735.0,0,0,0,1,0,0,0,0,0,1,0,1,1
8008,0030z00002SNYVHAA5,0.0,100,0.0,5227.0,1,0,0,0,0,1,0,0,0,0,0,1,1
8105,0030z00002SNZkPAAX,0.0,0,0.0,2038.0,0,0,0,1,0,0,0,0,1,0,0,1,0
8113,0030z00002SNa6MAAT,0.0,0,4287.0,2721.0,0,0,0,1,0,0,1,0,0,0,0,1,0
8115,0030z00002SNaE1AAL,0.0,0,835.0,7326.0,0,0,0,1,0,0,1,0,0,0,0,1,1
8135,0030z00002SNdOYAA1,0.0,0,0.0,5413.0,0,0,0,1,0,0,0,0,1,0,0,1,0
8139,0030z00002SNdelAAD,0.0,80,0.0,4590.0,0,1,0,0,0,0,1,0,0,0,0,1,1
8144,0030z00002SNhcHAAT,0.0,0,13353.0,1460.0,0,0,0,1,0,0,0,0,0,1,0,1,0
8215,0030z00002SNoW4AAL,0.0,0,9297.0,1460.0,0,1,0,0,0,0,0,0,0,1,0,1,1
8224,0030z00002SNpUKAA1,0.0,30,1082.0,1460.0,0,0,0,1,0,0,0,0,1,0,1,0,1
8282,0030z00002SNtSxAAL,0.0,0,133.0,2190.0,1,0,0,0,0,1,0,0,0,0,0,1,0
8302,0030z00002SNuO3AAL,0.0,10,8174.0,2781.0,0,1,0,0,0,0,1,0,0,0,0,1,1
8304,0030z00002SNuSFAA1,0.0,0,9053.0,1235.0,0,0,0,1,0,0,0,0,0,1,0,1,0
8350,0030z00002SNwOoAAL,0.0,60,50.0,749.0,0,0,0,1,0,0,1,0,0,0,0,1,0
8456,0030z00002SO6DdAAL,0.0,0,8097.0,2188.0,0,1,0,0,0,1,0,0,0,0,0,1,1
8475,0030z00002SO6DwAAL,0.0,0,0.0,8792.0,1,0,0,0,0,0,1,0,0,0,0,1,1
8498,0030z00002SO6EJAA1,0.0,0,0.0,7332.0,0,1,0,0,0,0,0,0,0,1,0,1,1
8533,0030z00002SO6EsAAL,0.0,10,3903.0,2679.0,0,0,0,0,1,0,1,0,0,0,1,0,1
8545,0030z00002SO6F4AAL,0.0,60,46.0,1460.0,0,1,0,0,0,0,1,0,0,0,0,1,1
8554,0030z00002SO6FDAA1,0.0,50,551.0,1103.0,0,0,0,1,0,0,0,0,0,1,1,0,1
8562,0030z00002SO6FLAA1,0.0,0,180.0,8407.0,0,1,0,0,0,1,0,0,0,0,1,0,1
8563,0030z00002SO6FMAA1,0.0,90,670.0,4510.0,1,0,0,0,0,0,0,0,0,1,1,0,0
8578,0030z00002SO6FbAAL,0.0,0,0.0,7495.0,0,1,0,0,0,0,1,0,0,0,0,1,1
8582,0030z00002SO6FfAAL,0.0,0,0.0,4239.0,0,0,0,1,0,0,0,0,0,1,0,1,1
8590,0030z00002SO6FnAAL,0.0,0,0.0,11047.0,0,1,0,0,0,0,0,0,0,1,0,1,1
8593,0030z00002SO6FqAAL,0.0,0,0.0,2993.0,0,1,0,0,0,0,1,0,0,0,0,1,1
8608,0030z00002SO6G5AAL,0.0,0,569.0,6129.0,0,0,1,0,0,0,1,0,0,0,1,0,0
8615,0030z00002SO6VRAA1,0.0,0,3421.0,1401.0,0,0,0,0,1,0,1,0,0,0,1,0,1
8639,0030z00002SO8F0AAL,0.0,0,703.0,1172.0,0,0,0,1,0,0,1,0,0,0,1,0,0
8702,0030z00002SOE21AAH,0.0,30,387.0,2935.0,0,1,0,0,0,1,0,0,0,0,0,1,1
8722,0030z00002SOI1lAAH,0.0,0,0.0,7302.0,0,0,0,0,1,0,0,0,1,0,1,0,0
8735,0030z00002SOIgtAAH,0.0,0,563.0,2762.0,0,0,0,1,0,0,1,0,0,0,0,1,1
8785,0030z00002SrkjTAAR,0.0,0,0.0,5213.0,0,0,0,1,0,0,1,0,0,0,0,1,1
8825,0030z00002SrmLnAAJ,0.0,0,0.0,1096.0,0,0,0,1,0,0,1,0,0,0,1,0,1
8827,0030z00002SrmMgAAJ,0.0,0,7843.0,1096.0,0,0,0,0,1,0,0,0,0,1,0,1,1
8837,0030z00002SrmjBAAR,0.0,0,0.0,8203.0,0,1,0,0,0,0,1,0,0,0,0,1,1
8840,0030z00002Srml7AAB,0.0,90,2230.0,1014.0,0,1,0,0,0,0,0,0,0,1,1,0,0
8848,0030z00002SrnCbAAJ,0.0,0,0.0,2692.0,0,0,0,1,0,0,0,0,0,1,1,0,0
8877,0030z00002SrpKoAAJ,0.0,0,83.0,4509.0,0,0,0,1,0,0,1,0,0,0,0,1,1
8897,0030z00002Srq5MAAR,0.0,100,3133.0,8564.0,1,0,0,0,0,0,1,0,0,0,0,1,1
8918,0030z00002SrrUNAAZ,0.0,0,4100.0,596.0,0,0,0,1,0,0,0,0,0,1,0,1,1
8945,0030z00002SrrUoAAJ,0.0,0,0.0,9322.0,0,0,0,1,0,0,1,0,0,0,0,1,1
8962,0030z00002SrrV5AAJ,0.0,0,2392.0,2875.0,0,0,0,0,1,0,1,0,0,0,0,1,1
8977,0030z00002SrtgzAAB,0.0,0,2060.0,1825.0,0,1,0,0,0,0,0,0,1,0,0,1,1
9011,0030z00002Ss0xFAAR,0.0,0,303.0,2846.0,0,0,0,1,0,0,0,0,0,1,0,1,1
9049,0030z00002Ss7EHAAZ,0.0,30,8341.0,1567.0,0,0,0,1,0,0,0,1,0,0,0,1,1
9078,0030z00002Ss8o9AAB,0.0,0,0.0,3725.0,0,0,0,0,1,0,0,0,1,0,0,1,0
9171,0030z00002SsG7kAAF,0.0,0,3621.0,2888.0,1,0,0,0,0,0,1,0,0,0,1,0,1
9310,0030z00002SsRCJAA3,0.0,100,0.0,8653.0,0,1,0,0,0,0,1,0,0,0,0,1,1
9323,0030z00002SsRCWAA3,0.0,0,1920.0,970.0,0,1,0,0,0,0,1,0,0,0,1,0,1
9382,0030z00002SsRDUAA3,0.0,80,414.0,5905.0,0,1,0,0,0,0,1,0,0,0,0,1,1
9413,0030z00002SsRDzAAN,0.0,0,0.0,2465.0,0,0,0,1,0,0,0,0,0,1,0,1,1
9422,0030z00002SsRE8AAN,0.0,0,0.0,3766.0,0,0,0,0,1,0,1,0,0,0,1,0,1
9432,0030z00002SsREJAA3,0.0,0,1198.0,1825.0,0,0,1,0,0,0,1,0,0,0,0,1,1
9443,0030z00002SsREUAA3,0.0,0,0.0,4418.0,0,0,0,0,1,0,1,0,0,0,0,1,1
9469,0030z00002SsREuAAN,0.0,0,0.0,7550.0,0,0,0,0,1,0,0,0,0,1,0,1,0
9494,0030z00002SsRFJAA3,0.0,0,0.0,7330.0,0,0,0,1,0,0,1,0,0,0,0,1,1
9497,0030z00002SsRFMAA3,0.0,0,796.0,2596.0,0,1,0,0,0,0,0,0,1,0,0,1,1
9514,0030z00002SsRFdAAN,0.0,0,0.0,8777.0,0,1,0,0,0,0,0,0,0,1,0,1,1
9515,0030z00002SsRFeAAN,0.0,0,0.0,5386.0,0,0,0,1,0,0,1,0,0,0,0,1,0
9543,0030z00002SsRG6AAN,0.0,0,162.0,4048.0,0,0,0,0,1,0,1,0,0,0,0,1,1
9671,0030z00002SsYJpAAN,0.0,0,287.0,7111.0,0,1,0,0,0,0,1,0,0,0,0,1,0
9704,0030z00002Ssca0AAB,0.0,0,148.0,2347.0,0,1,0,0,0,0,1,0,0,0,0,1,1
9725,0030z00002SsehIAAR,0.0,10,7136.0,2556.0,0,1,0,0,0,0,1,0,0,0,0,1,0
9755,0030z00002Ssh7dAAB,0.0,0,0.0,7883.0,0,0,0,1,0,0,1,0,0,0,0,1,0
9763,0030z00002SshjVAAR,0.0,0,0.0,1242.0,0,0,0,1,0,0,1,0,0,0,0,1,1
9776,0030z00002SsiQBAAZ,0.0,0,0.0,7626.0,0,0,0,1,0,0,0,0,0,1,0,1,0
9815,0030z00002SslCfAAJ,0.0,0,0.0,1505.0,1,0,0,0,0,1,0,0,0,0,0,1,0
9879,0030z00002SsqMRAAZ,0.0,0,0.0,9647.0,0,0,0,0,1,0,1,0,0,0,0,1,0
9897,0030z00002SsqMjAAJ,0.0,0,0.0,10978.0,0,0,0,0,1,0,0,0,0,1,0,1,0
9902,0030z00002SsqMoAAJ,0.0,0,0.0,3758.0,0,1,0,0,0,0,1,0,0,0,0,1,1
9926,0030z00002SsqNCAAZ,0.0,0,0.0,8670.0,0,1,0,0,0,0,0,0,1,0,0,1,1
9948,0030z00002SsqNZAAZ,0.0,0,0.0,3736.0,0,0,0,1,0,0,0,0,0,1,1,0,1
9958,0030z00002SsqNjAAJ,0.0,0,0.0,10962.0,0,1,0,0,0,0,0,0,0,1,0,1,1
10004,0030z00002Sst6TAAR,0.0,0,0.0,4383.0,1,0,0,0,0,0,1,0,0,0,0,1,0
10006,0030z00002SstL4AAJ,0.0,0,0.0,3800.0,0,1,0,0,0,1,0,0,0,0,0,1,0
10025,0030z00002Ssw0eAAB,0.0,0,0.0,6449.0,0,0,0,1,0,0,1,0,0,0,0,1,1
10079,0030z00002SszUgAAJ,0.0,60,0.0,1243.0,0,0,0,1,0,0,0,0,0,1,0,1,1
10125,0030z00002St6kZAAR,0.0,40,952.0,3646.0,0,1,0,0,0,1,0,0,0,0,0,1,1
10139,0030z00002St8kbAAB,0.0,0,12954.0,1387.0,1,0,0,0,0,1,0,0,0,0,0,1,0
10143,0030z00002StAwRAAV,0.0,0,0.0,3912.0,1,0,0,0,0,0,0,0,0,1,0,1,0
10153,0030z00002StBhKAAV,0.0,70,133.0,5815.0,0,0,0,1,0,0,1,0,0,0,0,1,1
10160,0030z00002StCOOAA3,0.0,0,113.0,2221.0,1,0,0,0,0,0,1,0,0,0,1,0,1
10169,0030z00002StFv6AAF,0.0,0,1486.0,1518.0,0,0,0,1,0,0,1,0,0,0,0,1,0
10257,0030z00002StROOAA3,0.0,0,0.0,2150.0,0,0,0,1,0,0,1,0,0,0,0,1,0
10354,0030z00002StWsYAAV,0.0,0,332.0,5479.0,0,1,0,0,0,1,0,0,0,0,0,1,1
10425,0030z00002StaL7AAJ,0.0,60,450.0,4391.0,1,0,0,0,0,0,1,0,0,0,0,1,1
10436,0030z00002StaLIAAZ,0.0,0,0.0,7724.0,0,1,0,0,0,0,1,0,0,0,0,1,1
10488,0030z00002StaM9AAJ,0.0,0,39.0,7344.0,1,0,0,0,0,1,0,0,0,0,1,0,1
10496,0030z00002StaMHAAZ,0.0,0,0.0,2740.0,1,0,0,0,0,1,0,0,0,0,0,1,1
10506,0030z00002StaMRAAZ,0.0,0,1134.0,1693.0,0,1,0,0,0,0,0,0,1,0,0,1,1
10509,0030z00002StaMUAAZ,0.0,40,1232.0,11018.0,0,1,0,0,0,0,1,0,0,0,0,1,1
10516,0030z00002StaMbAAJ,0.0,0,0.0,1833.0,0,1,0,0,0,0,1,0,0,0,0,1,1
10536,0030z00002StaMvAAJ,0.0,0,0.0,8789.0,0,0,0,0,1,0,0,0,0,1,0,1,1
10543,0030z00002StaN2AAJ,0.0,0,7.0,8786.0,0,0,1,0,0,0,0,0,0,1,0,1,1
10597,0030z00002Stbh9AAB,0.0,40,789.0,5174.0,0,0,0,1,0,0,1,0,0,0,0,1,0
10635,0030z00002Ste75AAB,0.0,100,2180.0,8452.0,0,0,0,0,1,0,1,0,0,0,1,0,0
10637,0030z00002StejiAAB,0.0,0,0.0,2654.0,0,0,0,1,0,0,1,0,0,0,0,1,0
10705,0030z00002StlrkAAB,0.0,0,0.0,2832.0,0,0,0,1,0,0,1,0,0,0,0,1,0
10805,0030z00002StwLGAAZ,0.0,0,850.0,1922.0,0,0,0,1,0,1,0,0,0,0,1,0,0
10904,0030z00002Su3rCAAR,0.0,60,2542.0,867.0,0,1,0,0,0,0,1,0,0,0,0,1,0
10907,0030z00002Su40OAAR,0.0,0,340.0,1340.0,1,0,0,0,0,0,0,0,0,1,0,1,0
10925,0030z00002Su53dAAB,0.0,0,1042.0,5222.0,0,1,0,0,0,0,1,0,0,0,0,1,0
10935,0030z00002Su5eZAAR,0.0,0,0.0,3497.0,1,0,0,0,0,0,1,0,0,0,1,0,0
10949,0030z00002Su6R7AAJ,0.0,0,0.0,8743.0,0,0,1,0,0,1,0,0,0,0,0,1,0
10988,0030z00002Su85ZAAR,0.0,0,0.0,2720.0,0,0,0,0,1,0,1,0,0,0,1,0,1
11023,0030z00002Su868AAB,0.0,0,145.0,1207.0,0,0,0,1,0,0,1,0,0,0,0,1,1
11036,0030z00002Su86LAAR,0.0,50,3490.0,2192.0,0,1,0,0,0,0,0,0,0,1,1,0,1
11045,0030z00002Su86UAAR,0.0,0,156.0,3768.0,0,0,0,0,1,0,1,0,0,0,0,1,1
11079,0030z00002Su9NSAAZ,0.0,0,0.0,7305.0,0,0,0,0,1,0,0,0,0,1,0,1,0
11125,0030z00002SuFeIAAV,0.0,0,2085.0,2192.0,0,1,0,0,0,1,0,0,0,0,0,1,0
11340,0030z00002Sumu0AAB,0.0,50,2707.0,2899.0,0,0,0,1,0,0,1,0,0,0,0,1,0
11346,0030z00002SunChAAJ,0.0,0,7.0,4118.0,0,1,0,0,0,0,1,0,0,0,0,1,0
11363,0030z00002SuoFMAAZ,0.0,0,10829.0,734.0,0,0,0,1,0,0,1,0,0,0,0,1,0
11509,0030z00002SuxkmAAB,0.0,0,12787.0,1586.0,0,1,0,0,0,0,0,1,0,0,0,1,0
11616,0030z00002Sv1hQAAR,0.0,0,0.0,2190.0,1,0,0,0,0,1,0,0,0,0,0,1,1
11667,0030z00002Sv1iFAAR,0.0,0,0.0,2190.0,0,0,0,1,0,0,0,0,0,1,0,1,1
11679,0030z00002Sv1iRAAR,0.0,0,0.0,7447.0,0,0,0,1,0,0,0,0,0,1,0,1,1
11698,0030z00002Sv1ikAAB,0.0,0,0.0,7458.0,0,0,0,0,1,1,0,0,0,0,0,1,0
11703,0030z00002Sv1ipAAB,0.0,0,7079.0,3849.0,0,0,0,0,1,0,1,0,0,0,0,1,0
12002,0030z00002SvHwGAAV,0.0,80,160.0,3277.0,0,0,0,1,0,0,1,0,0,0,0,1,0
12063,0030z00002SvMVqAAN,0.0,90,715.0,9462.0,0,0,0,0,1,0,1,0,0,0,0,1,1
12133,0030z00002SvMWyAAN,0.0,0,0.0,7316.0,0,0,0,0,1,0,1,0,0,0,0,1,1
12136,0030z00002SvMX1AAN,0.0,0,18.0,2220.0,1,0,0,0,0,0,0,0,0,1,0,1,0
12165,0030z00002SvMXUAA3,0.0,0,0.0,7527.0,0,1,0,0,0,0,0,0,0,1,0,1,0
12166,0030z00002SvMXVAA3,0.0,0,0.0,7326.0,0,0,0,1,0,0,0,0,1,0,1,0,1
12190,0030z00002SvMXtAAN,0.0,0,0.0,8050.0,1,0,0,0,0,1,0,0,0,0,0,1,1
12211,0030z00002SvMYEAA3,0.0,0,0.0,8804.0,0,0,0,0,1,0,0,0,0,1,1,0,1
12581,0033800002TLT7RAAX,0.0,0,0.0,7120.0,1,0,0,0,0,1,0,0,0,0,0,1,0
12582,0033800002TLT7WAAX,0.0,0,13569.0,2557.0,1,0,0,0,0,0,1,0,0,0,0,1,1
12583,0033800002TLT85AAH,0.0,0,0.0,7210.0,0,0,0,0,1,0,0,0,0,1,0,1,1
12584,0033800002TLT8AAAX,0.0,0,633.0,9139.0,0,1,0,0,0,0,0,0,0,1,0,1,1
12585,0033800002TLT9DAAX,0.0,0,0.0,1460.0,0,0,0,1,0,0,0,0,0,1,0,1,1
12586,0033800002TLT9SAAX,0.0,0,0.0,7324.0,0,1,0,0,0,0,1,0,0,0,0,1,1
12589,0033800002TLTVAAA5,0.0,0,0.0,2732.0,0,1,0,0,0,0,1,0,0,0,0,1,1
12590,0033800002TLTaFAAX,0.0,0,752.0,1825.0,1,0,0,0,0,0,0,0,0,1,0,1,1
12591,0033800002TLUSwAAP,0.0,0,2932.0,3660.0,0,1,0,0,0,0,1,0,0,0,0,1,1
12592,0033800002TLUTfAAP,0.0,0,1103.0,7310.0,1,0,0,0,0,0,1,0,0,0,0,1,1
12598,0033800002TLUzcAAH,0.0,0,0.0,2190.0,0,1,0,0,0,0,1,0,0,0,0,1,1
12608,0033800002TLUzoAAH,0.0,0,439.0,2835.0,0,0,0,1,0,0,1,0,0,0,0,1,0
12611,0033800002TLVfIAAX,0.0,10,3116.0,11233.0,0,0,0,0,1,1,0,0,0,0,0,1,1
12614,0033800002TLVtFAAX,0.0,50,310.0,5184.0,0,0,0,1,0,0,1,0,0,0,0,1,1
12625,0033800002TLWK6AAP,0.0,0,266.0,2032.0,1,0,0,0,0,0,0,0,0,1,0,1,0
12629,0033800002TLWtyAAH,0.0,0,3744.0,1214.0,1,0,0,0,0,0,1,0,0,0,0,1,1
12630,0033800002TLX48AAH,0.0,0,4056.0,1460.0,1,0,0,0,0,0,0,0,1,0,1,0,0
12631,0033800002TLXHbAAP,0.0,0,227.0,1460.0,0,0,0,1,0,0,0,0,1,0,0,1,0
12632,0033800002TLXLxAAP,0.0,0,3562.0,8311.0,0,1,0,0,0,0,1,0,0,0,0,1,1
12633,0033800002TLXMqAAP,0.0,0,61.0,9501.0,0,0,0,1,0,0,0,0,0,1,0,1,1
12636,0033800002TLXVdAAP,0.0,80,1191.0,9500.0,0,0,0,0,1,0,1,0,0,0,0,1,0
12637,0033800002TLXVxAAP,0.0,0,308.0,2190.0,0,0,0,0,1,0,1,0,0,0,1,0,1
12643,0033800002TLYJ9AAP,0.0,0,369.0,1887.0,0,0,0,1,0,0,0,0,1,0,0,1,0
12648,0033800002TLYrzAAH,0.0,0,11.0,4826.0,0,0,0,1,0,0,0,0,1,0,0,1,1
12649,0033800002TLYsdAAH,0.0,90,2741.0,3459.0,1,0,0,0,0,0,0,0,0,1,0,1,1
12650,0033800002TLZ0NAAX,0.0,0,1308.0,8358.0,0,1,0,0,0,0,1,0,0,0,0,1,1
12651,0033800002TLZ0SAAX,0.0,0,4148.0,2192.0,0,0,0,1,0,1,0,0,0,0,0,1,1
12653,0033800002TLZLSAA5,0.0,0,13409.0,3238.0,0,0,0,1,0,0,0,0,1,0,0,1,1
12654,0033800002TLZSYAA5,0.0,0,1041.0,4383.0,1,0,0,0,0,0,1,0,0,0,0,1,1
12655,0033800002TLZUKAA5,0.0,0,9707.0,4196.0,0,0,0,1,0,0,1,0,0,0,0,1,1
12667,0033800002TLdOEAA1,0.0,0,0.0,10801.0,0,1,0,0,0,0,1,0,0,0,0,1,0
12668,0033800002TLdOFAA1,0.0,0,0.0,9600.0,0,0,0,0,1,0,1,0,0,0,0,1,1
12669,0033800002TLdOGAA1,0.0,0,0.0,11443.0,1,0,0,0,0,0,1,0,0,0,0,1,1
12670,0033800002TLdOHAA1,0.0,0,0.0,7706.0,0,0,0,1,0,0,1,0,0,0,0,1,0
12673,0033800002TLdOKAA1,0.0,0,0.0,9169.0,0,1,0,0,0,0,1,0,0,0,0,1,0
12676,0033800002TLdONAA1,0.0,100,0.0,14352.0,0,1,0,0,0,0,1,0,0,0,0,1,0
12677,0033800002TLdOOAA1,0.0,0,0.0,11359.0,0,1,0,0,0,0,1,0,0,0,0,1,1
12691,0033800002TLdwcAAD,0.0,0,701.0,997.0,0,0,0,0,1,0,0,0,1,0,0,1,1
12698,0033800002TLeVhAAL,0.0,0,62.0,2724.0,0,0,0,1,0,0,1,0,0,0,0,1,0
12700,0033800002TLebQAAT,0.0,0,2800.0,7601.0,1,0,0,0,0,0,0,0,1,0,1,0,1
12702,0033800002TLenqAAD,0.0,0,684.0,2617.0,0,1,0,0,0,0,1,0,0,0,0,1,1
12703,0033800002TLf5pAAD,0.0,0,1033.0,2191.0,0,0,0,0,1,0,1,0,0,0,0,1,1
12706,0033800002TLfWdAAL,0.0,0,0.0,1277.0,0,0,0,1,0,0,1,0,0,0,0,1,1
12707,0033800002TLfWeAAL,0.0,0,0.0,1435.0,0,1,0,0,0,0,1,0,0,0,1,0,0
12708,0033800002TLfWfAAL,0.0,100,0.0,9144.0,0,1,0,0,0,0,1,0,0,0,1,0,1
12709,0033800002TLfWgAAL,0.0,0,0.0,4748.0,0,1,0,0,0,0,1,0,0,0,0,1,0
12710,0033800002TLfWhAAL,0.0,0,0.0,6771.0,0,1,0,0,0,0,1,0,0,0,0,1,0
12712,0033800002TLfWjAAL,0.0,0,0.0,7305.0,0,1,0,0,0,0,1,0,0,0,1,0,1
12713,0033800002TLfWlAAL,0.0,0,0.0,6635.0,1,0,0,0,0,0,1,0,0,0,0,1,0
12714,0033800002TLfWmAAL,0.0,0,0.0,10960.0,1,0,0,0,0,0,1,0,0,0,0,1,0
12715,0033800002TLfWnAAL,0.0,0,0.0,4383.0,0,1,0,0,0,0,1,0,0,0,0,1,0
12717,0033800002TLfWpAAL,0.0,0,0.0,2835.0,0,0,0,1,0,0,1,0,0,0,0,1,1
12718,0033800002TLfWqAAL,0.0,0,0.0,10073.0,0,1,0,0,0,0,1,0,0,0,0,1,1
12719,0033800002TLfWrAAL,0.0,0,0.0,40517.0,0,1,0,0,0,0,1,0,0,0,1,0,1
12720,0033800002TLfWsAAL,0.0,0,0.0,3407.0,0,0,0,1,0,0,1,0,0,0,0,1,0
12729,0033800002TLfbhAAD,0.0,0,0.0,2402.0,0,0,0,1,0,0,1,0,0,0,0,1,1
12733,0033800002TLfblAAD,0.0,0,0.0,8775.0,0,0,0,1,0,0,1,0,0,0,0,1,1
12734,0033800002TLfbmAAD,0.0,0,0.0,2623.0,0,0,0,1,0,0,1,0,0,0,1,0,0
12737,0033800002TLfbpAAD,0.0,0,0.0,2861.0,0,0,0,1,0,0,1,0,0,0,0,1,0
12738,0033800002TLfbqAAD,0.0,0,0.0,1375.0,1,0,0,0,0,0,1,0,0,0,0,1,0
12741,0033800002TLfbuAAD,0.0,0,0.0,3620.0,0,1,0,0,0,0,1,0,0,0,1,0,1
12744,0033800002TLfbyAAD,0.0,0,0.0,8294.0,1,0,0,0,0,0,1,0,0,0,1,0,1
12750,0033800002TLfmeAAD,0.0,0,0.0,3862.0,1,0,0,0,0,0,1,0,0,0,0,1,0
12752,0033800002TLfwtAAD,0.0,0,1654.0,8247.0,0,0,0,1,0,1,0,0,0,0,0,1,1
12757,0033800002TLhHSAA1,0.0,0,1837.0,1481.0,0,0,0,1,0,0,0,0,1,0,0,1,0
12759,0033800002TLhlPAAT,0.0,0,1723.0,1374.0,0,1,0,0,0,0,0,0,1,0,0,1,1
12760,0033800002TLhmSAAT,0.0,60,4141.0,1928.0,0,1,0,0,0,0,0,0,1,0,0,1,0
12761,0033800002TLi2pAAD,0.0,0,5400.0,1937.0,0,0,0,0,1,0,1,0,0,0,1,0,0
12768,0033800002TLmBBAA1,0.0,0,211.0,1716.0,0,1,0,0,0,0,1,0,0,0,0,1,1
12769,0033800002TLmD7AAL,0.0,40,336.0,3723.0,0,1,0,0,0,1,0,0,0,0,0,1,1
12771,0033800002TLmX3AAL,0.0,0,7277.0,2922.0,0,0,1,0,0,1,0,0,0,0,1,0,0
12775,0033800002TLn3dAAD,0.0,40,1383.0,1276.0,0,0,0,1,0,0,1,0,0,0,0,1,1
12778,0033800002TLnPyAAL,0.0,90,1492.0,4541.0,0,0,0,1,0,0,1,0,0,0,0,1,0
12789,0033800002TLoomAAD,0.0,60,397.0,10972.0,0,1,0,0,0,1,0,0,0,0,0,1,1
12790,0033800002TLotmAAD,0.0,0,1393.0,3653.0,0,0,0,1,0,0,0,0,1,0,0,1,0
12792,0033800002TLp5JAAT,0.0,0,3745.0,1742.0,0,1,0,0,0,0,1,0,0,0,0,1,1
12793,0033800002TLp9BAAT,0.0,0,48.0,4741.0,0,0,0,1,0,0,0,0,0,1,0,1,0
12795,0033800002TLpXWAA1,0.0,40,10310.0,1491.0,0,0,0,1,0,0,1,0,0,0,0,1,0
12796,0033800002TLpcqAAD,0.0,100,2287.0,1460.0,0,1,0,0,0,0,0,0,1,0,0,1,1
12797,0033800002TLpdeAAD,0.0,100,359.0,3217.0,0,1,0,0,0,0,0,0,0,1,0,1,0
12798,0033800002TLpq6AAD,0.0,20,7368.0,2138.0,0,1,0,0,0,0,0,0,0,1,0,1,0
12800,0033800002TLpxqAAD,0.0,0,4230.0,2963.0,0,0,0,1,0,0,1,0,0,0,1,0,1
12804,0033800002TLqHxAAL,0.0,60,273.0,2742.0,0,1,0,0,0,0,1,0,0,0,0,1,1
12805,0033800002TLqNqAAL,0.0,70,605.0,1825.0,1,0,0,0,0,0,0,0,1,0,0,1,0
12807,0033800002TLqnMAAT,0.0,30,729.0,5986.0,0,0,0,0,1,0,1,0,0,0,1,0,1
12810,0033800002TLtxOAAT,0.0,0,20.0,1988.0,0,0,0,1,0,0,1,0,0,0,0,1,0
12815,0033800002TLuWbAAL,0.0,0,669.0,10982.0,0,1,0,0,0,0,1,0,0,0,0,1,0
12817,0033800002TLuxpAAD,0.0,0,4568.0,8766.0,0,0,0,1,0,0,1,0,0,0,0,1,1
12824,0033800002TLvZqAAL,0.0,90,855.0,4963.0,0,1,0,0,0,0,1,0,0,0,0,1,0
12825,0033800002TLvkJAAT,0.0,0,13705.0,539.0,0,0,0,1,0,0,1,0,0,0,0,1,1
12828,0033800002TLwN3AAL,0.0,50,5997.0,5037.0,0,0,0,0,1,0,0,0,0,1,0,1,1
12831,0033800002TLwgyAAD,0.0,0,0.0,3766.0,0,0,0,1,0,0,1,0,0,0,0,1,1
12833,0033800002TLwwDAAT,0.0,0,6710.0,8358.0,0,1,0,0,0,0,0,0,0,1,0,1,0
12835,0033800002TLxHSAA1,0.0,0,250.0,3923.0,0,1,0,0,0,0,1,0,0,0,0,1,1
12841,0033800002TLyWxAAL,0.0,80,459.0,9689.0,0,1,0,0,0,0,1,0,0,0,0,1,1
12843,0033800002TLyZCAA1,0.0,50,761.0,7309.0,0,1,0,0,0,0,0,0,1,0,0,1,0
12844,0033800002TLyaZAAT,0.0,0,774.0,2557.0,0,1,0,0,0,0,1,0,0,0,0,1,1
12845,0033800002TLyxqAAD,0.0,80,851.0,9211.0,0,1,0,0,0,1,0,0,0,0,1,0,1
12846,0033800002TLyyjAAD,0.0,100,1056.0,2953.0,0,0,0,1,0,0,0,0,1,0,1,0,0
12847,0033800002TLzJpAAL,0.0,10,239.0,8323.0,0,0,0,0,1,0,1,0,0,0,0,1,0
12850,0033800002TLzgHAAT,0.0,0,1316.0,1460.0,0,0,0,1,0,0,0,0,0,1,0,1,0
12851,0033800002TLzudAAD,0.0,30,92.0,7312.0,1,0,0,0,0,0,0,0,0,1,0,1,1
12853,0033800002TM15SAAT,0.0,60,1483.0,1902.0,1,0,0,0,0,0,0,0,0,1,0,1,1
12860,0033800002TM3RHAA1,0.0,0,1939.0,1407.0,0,1,0,0,0,0,0,0,1,0,0,1,0
12865,0033800002TM7bsAAD,0.0,0,0.0,4915.0,1,0,0,0,0,0,1,0,0,0,1,0,1
12867,0033800002TM7q8AAD,0.0,0,3264.0,1563.0,0,0,0,1,0,0,1,0,0,0,0,1,0
12868,0033800002TM7rfAAD,0.0,0,720.0,3637.0,0,1,0,0,0,0,1,0,0,0,0,1,1
12872,0033800002TM9dUAAT,0.0,0,0.0,3682.0,0,1,0,0,0,0,1,0,0,0,0,1,0
12875,0033800002TMAD3AAP,0.0,0,2023.0,3930.0,0,0,0,0,1,0,1,0,0,0,0,1,1
12876,0033800002TMAKYAA5,0.0,0,61.0,11088.0,0,0,0,0,1,0,1,0,0,0,0,1,1
12877,0033800002TMAWxAAP,0.0,0,79.0,4709.0,0,0,0,1,0,0,0,0,1,0,0,1,0
12879,0033800002TMAh1AAH,0.0,100,0.0,3946.0,1,0,0,0,0,0,0,0,1,0,0,1,1
12883,0033800002TMC5mAAH,0.0,0,31.0,1383.0,0,1,0,0,0,0,0,0,1,0,0,1,1
12884,0033800002TMCC2AAP,0.0,40,93.0,1825.0,0,0,0,1,0,0,0,0,0,1,0,1,1
12885,0033800002TMCFcAAP,0.0,0,2361.0,2644.0,0,1,0,0,0,0,0,0,0,1,1,0,0
12886,0033800002TMCFrAAP,0.0,0,336.0,6007.0,0,0,0,1,0,0,0,0,1,0,0,1,0
12890,0033800002TMCeYAAX,0.0,50,2656.0,2836.0,0,1,0,0,0,0,1,0,0,0,1,0,1
12891,0033800002TMCesAAH,0.0,0,139.0,13344.0,0,0,0,1,0,0,0,0,0,1,0,1,0
12894,0033800002TMClmAAH,0.0,0,1328.0,3053.0,0,1,0,0,0,1,0,0,0,0,0,1,1
12895,0033800002TMCqnAAH,0.0,0,30.0,8488.0,0,0,0,1,0,0,1,0,0,0,0,1,1
12896,0033800002TMCrgAAH,0.0,0,83.0,3759.0,0,0,0,1,0,0,1,0,0,0,0,1,0
12898,0033800002TMCxEAAX,0.0,0,0.0,3977.0,0,0,0,1,0,0,1,0,0,0,0,1,0
12899,0033800002TMCxdAAH,0.0,0,960.0,2910.0,0,0,0,1,0,0,0,0,1,0,0,1,1
12903,0033800002TMEM1AAP,0.0,30,4603.0,7335.0,0,1,0,0,0,0,1,0,0,0,0,1,1
12906,0033800002TMF1fAAH,0.0,100,4551.0,810.0,0,0,0,0,1,0,0,0,0,1,0,1,1
12907,0033800002TMFGsAAP,0.0,0,142.0,4568.0,0,0,0,1,0,0,0,0,1,0,0,1,0
12913,0033800002TMFeiAAH,0.0,0,0.0,8207.0,0,0,0,0,1,0,1,0,0,0,0,1,0
12914,0033800002TMFekAAH,0.0,100,0.0,4264.0,0,0,0,1,0,0,1,0,0,0,0,1,1
12915,0033800002TMFelAAH,0.0,0,0.0,7451.0,0,0,0,1,0,0,1,0,0,0,0,1,1
12920,0033800002TMFeqAAH,0.0,0,0.0,3012.0,0,1,0,0,0,0,1,0,0,0,0,1,1
12924,0033800002TMFeuAAH,0.0,0,0.0,8148.0,0,0,0,0,1,0,1,0,0,0,0,1,1
12925,0033800002TMFevAAH,0.0,40,303.0,2161.0,1,0,0,0,0,0,1,0,0,0,0,1,1
12926,0033800002TMFewAAH,0.0,0,517.0,730.0,0,0,0,1,0,0,1,0,0,0,0,1,1
12929,0033800002TMFezAAH,0.0,50,90.0,1857.0,0,1,0,0,0,0,1,0,0,0,0,1,1
12935,0033800002TMFf5AAH,0.0,0,0.0,5937.0,1,0,0,0,0,0,1,0,0,0,0,1,0
12940,0033800002TMFfAAAX,0.0,90,3581.0,3705.0,1,0,0,0,0,0,0,0,0,1,0,1,1
12943,0033800002TMFucAAH,0.0,70,1133.0,2192.0,0,0,0,1,0,1,0,0,0,0,0,1,0
12946,0033800002TMGoXAAX,0.0,0,576.0,1728.0,0,1,0,0,0,0,1,0,0,0,0,1,0
12947,0033800002TMH2aAAH,0.0,0,2511.0,2145.0,0,0,0,0,1,1,0,0,0,0,1,0,0
12948,0033800002TMHAOAA5,0.0,0,9.0,7321.0,0,0,0,1,0,0,1,0,0,0,0,1,1
12950,0033800002TMHcaAAH,0.0,0,3663.0,1900.0,0,0,0,1,0,0,1,0,0,0,0,1,0
12954,0033800002TMHl3AAH,0.0,100,1256.0,11873.0,0,0,0,0,1,0,0,0,1,0,0,1,0
12956,0033800002TMIEjAAP,0.0,0,0.0,6402.0,0,1,0,0,0,0,1,0,0,0,0,1,0
12959,0033800002TMLjlAAH,0.0,0,313.0,4388.0,0,0,0,1,0,0,1,0,0,0,0,1,1
12960,0033800002TMLzYAAX,0.0,40,1603.0,973.0,0,0,0,1,0,0,0,0,0,1,0,1,1
12961,0033800002TMM2XAAX,0.0,0,3347.0,3583.0,1,0,0,0,0,0,0,0,0,1,0,1,0
12962,0033800002TMMmAAAX,0.0,0,4994.0,1460.0,0,1,0,0,0,0,1,0,0,0,0,1,1
12965,0033800002TMNAbAAP,0.0,80,602.0,3954.0,0,1,0,0,0,0,1,0,0,0,1,0,0
12968,0033800002TMNgbAAH,0.0,80,1103.0,9733.0,0,0,0,0,1,0,1,0,0,0,0,1,1
12969,0033800002TMNkVAAX,0.0,70,753.0,3034.0,0,0,0,1,0,0,1,0,0,0,0,1,0
12970,0033800002TMNkzAAH,0.0,100,264.0,3735.0,1,0,0,0,0,0,1,0,0,0,0,1,1
12971,0033800002TMPPFAA5,0.0,0,9010.0,1461.0,0,1,0,0,0,0,1,0,0,0,0,1,0
12972,0033800002TMPfPAAX,0.0,0,0.0,4587.0,0,0,0,1,0,0,1,0,0,0,0,1,0
12973,0033800002TMPniAAH,0.0,0,2247.0,1364.0,1,0,0,0,0,0,1,0,0,0,1,0,0
12976,0033800002TMQm6AAH,0.0,60,2347.0,1886.0,1,0,0,0,0,0,0,0,1,0,0,1,0
12978,0033800002TMQwuAAH,0.0,0,1833.0,3675.0,0,1,0,0,0,0,0,0,1,0,0,1,1
12980,0033800002TMR9mAAH,0.0,0,1533.0,1817.0,1,0,0,0,0,1,0,0,0,0,0,1,0
12981,0033800002TMRjLAAX,0.0,40,8806.0,2809.0,0,0,0,1,0,0,1,0,0,0,0,1,1
12982,0033800002TMRqgAAH,0.0,0,1106.0,2191.0,0,0,0,1,0,1,0,0,0,0,0,1,0
12986,0033800002TMSHSAA5,0.0,0,39.0,9829.0,0,1,0,0,0,0,1,0,0,0,0,1,0
12995,0033800002TMTznAAH,0.0,0,195.0,1221.0,0,1,0,0,0,0,1,0,0,0,0,1,1
12996,0033800002TMUCDAA5,0.0,0,53.0,1641.0,0,0,0,1,0,0,0,0,0,1,1,0,1
12999,0033800002TMUhDAAX,0.0,0,1100.0,2856.0,1,0,0,0,0,0,1,0,0,0,0,1,0
13002,0033800002TMUsTAAX,0.0,30,3188.0,1888.0,0,1,0,0,0,0,0,0,1,0,0,1,1
13004,0033800002TMVLgAAP,0.0,60,711.0,7305.0,0,0,0,1,0,0,0,0,0,1,0,1,0
13005,0033800002TMWcbAAH,0.0,80,2652.0,1485.0,1,0,0,0,0,0,0,0,1,0,0,1,0
13008,0033800002TMZz8AAH,0.0,0,0.0,9612.0,0,0,0,0,1,0,1,0,0,0,0,1,0
13010,0033800002TMZzAAAX,0.0,0,0.0,484.0,0,0,0,1,0,0,1,0,0,0,0,1,1
13011,0033800002TMZzBAAX,0.0,0,0.0,7305.0,0,1,0,0,0,0,1,0,0,0,0,1,1
13012,0033800002TMZzCAAX,0.0,0,0.0,5046.0,0,0,0,1,0,0,1,0,0,0,0,1,0
13013,0033800002TMZzDAAX,0.0,0,0.0,4541.0,0,0,0,1,0,0,1,0,0,0,1,0,0
13023,0033800002TMaVwAAL,0.0,20,2652.0,2923.0,1,0,0,0,0,0,0,0,1,0,0,1,0
13025,0033800002TMajZAAT,0.0,70,4095.0,2350.0,0,1,0,0,0,0,1,0,0,0,1,0,1
13030,0033800002TMbVxAAL,0.0,40,322.0,9513.0,1,0,0,0,0,1,0,0,0,0,0,1,0
13033,0033800002TMbswAAD,0.0,0,516.0,2711.0,0,0,0,1,0,0,1,0,0,0,0,1,0
13034,0033800002TMbypAAD,0.0,10,960.0,1322.0,0,1,0,0,0,0,1,0,0,0,1,0,1
13037,0033800002TMcZWAA1,0.0,0,233.0,1461.0,0,0,0,1,0,0,0,0,0,1,0,1,1
13039,0033800002TMcolAAD,0.0,40,3068.0,1104.0,0,0,0,0,1,0,1,0,0,0,0,1,1
13040,0033800002TMeIyAAL,0.0,0,739.0,2191.0,0,1,0,0,0,1,0,0,0,0,1,0,0
13041,0033800002TMeXOAA1,0.0,0,324.0,1612.0,0,0,0,0,1,0,1,0,0,0,0,1,1
13042,0033800002TMeXYAA1,0.0,0,2440.0,2648.0,0,1,0,0,0,0,0,0,0,1,0,1,1
13043,0033800002TMeYMAA1,0.0,0,5485.0,1461.0,0,1,0,0,0,0,1,0,0,0,0,1,0
13044,0033800002TMeZAAA1,0.0,0,69.0,2928.0,0,0,0,1,0,0,0,0,0,1,0,1,1
13047,0033800002TMevsAAD,0.0,0,8064.0,2925.0,0,0,0,1,0,0,0,0,1,0,0,1,0
13050,0033800002TMgemAAD,0.0,0,56.0,2393.0,0,0,0,1,0,0,1,0,0,0,0,1,1
13051,0033800002TMgjlAAD,0.0,0,3082.0,7320.0,0,1,0,0,0,1,0,0,0,0,0,1,1
13053,0033800002TMhM7AAL,0.0,0,3210.0,7305.0,0,0,0,1,0,0,1,0,0,0,0,1,0
13065,0033800002TMimOAAT,0.0,0,1141.0,3018.0,0,0,0,0,1,0,1,0,0,0,0,1,1
13066,0033800002TMipmAAD,0.0,40,2954.0,1414.0,0,1,0,0,0,0,0,0,1,0,0,1,1
13067,0033800002TMiqBAAT,0.0,70,195.0,7504.0,0,0,0,0,1,0,0,0,0,1,0,1,0
13068,0033800002TMjzjAAD,0.0,80,3727.0,7335.0,0,0,0,1,0,0,1,0,0,0,0,1,0
13070,0033800002TMldHAAT,0.0,30,709.0,7802.0,0,0,0,0,1,1,0,0,0,0,0,1,1
13073,0033800002TMlxqAAD,0.0,0,6916.0,1764.0,0,0,0,1,0,0,0,0,1,0,0,1,0
13074,0033800002TMm1iAAD,0.0,80,2412.0,864.0,0,0,0,1,0,0,1,0,0,0,0,1,1
13075,0033800002TMmY5AAL,0.0,70,616.0,9506.0,0,0,0,0,1,0,0,0,0,1,0,1,1
13077,0033800002TMmcGAAT,0.0,80,7782.0,4364.0,0,0,0,0,1,0,0,0,1,0,0,1,0
13080,0033800002TMnCHAA1,0.0,0,11.0,1460.0,0,0,0,1,0,0,1,0,0,0,0,1,0
13084,0033800002TMpUGAA1,0.0,80,1804.0,8402.0,0,1,0,0,0,0,1,0,0,0,1,0,1
13094,0033800002TMrXZAA1,0.0,80,2856.0,8156.0,0,1,0,0,0,0,1,0,0,0,0,1,0
13098,0033800002TMs5nAAD,0.0,0,236.0,1472.0,0,1,0,0,0,1,0,0,0,0,0,1,1
13106,0033800002TMu58AAD,0.0,70,6854.0,7311.0,0,1,0,0,0,0,0,0,1,0,0,1,1
13107,0033800002TMu6GAAT,0.0,30,468.0,1666.0,0,0,0,1,0,0,1,0,0,0,0,1,1
13108,0033800002TMu9SAAT,0.0,60,7653.0,1778.0,0,0,0,1,0,0,0,0,0,1,0,1,0
13111,0033800002TMubqAAD,0.0,0,1865.0,1882.0,0,0,0,1,0,0,0,0,1,0,1,0,0
13116,0033800002TMvDlAAL,0.0,70,1864.0,8068.0,0,0,0,0,1,0,1,0,0,0,0,1,1
13120,0033800002TMvPgAAL,0.0,0,146.0,2121.0,0,0,0,1,0,0,1,0,0,0,0,1,0
13124,0033800002TMxgiAAD,0.0,0,1727.0,3043.0,0,0,0,1,0,0,0,0,0,1,0,1,0
13125,0033800002TMxjcAAD,0.0,0,1269.0,1460.0,0,0,0,0,1,0,0,1,0,0,0,1,1
13126,0033800002TMxluAAD,0.0,0,56.0,1582.0,0,0,0,1,0,0,0,0,1,0,1,0,1
13130,0033800002TMzFbAAL,0.0,0,78.0,2924.0,0,0,0,1,0,0,0,0,1,0,0,1,0
13134,0033800002TN0JnAAL,0.0,0,39.0,3956.0,0,0,0,0,1,0,1,0,0,0,0,1,1
13136,0033800002TN0JpAAL,0.0,0,1332.0,1371.0,1,0,0,0,0,0,0,0,1,0,0,1,1
13138,0033800002TN0JrAAL,0.0,0,1193.0,7457.0,0,1,0,0,0,0,1,0,0,0,1,0,0
13140,0033800002TN0JtAAL,0.0,0,1072.0,4171.0,0,1,0,0,0,0,1,0,0,0,1,0,1
13141,0033800002TN0JuAAL,0.0,0,687.0,21.0,0,0,0,0,1,1,0,0,0,0,1,0,1
13142,0033800002TN0JvAAL,0.0,30,436.0,8822.0,0,1,0,0,0,0,1,0,0,0,1,0,1
13143,0033800002TN0JxAAL,0.0,0,7.0,9891.0,0,1,0,0,0,0,1,0,0,0,0,1,1
13148,0033800002TN0K2AAL,0.0,40,3930.0,847.0,0,1,0,0,0,0,0,0,1,0,0,1,1
13149,0033800002TN0K3AAL,0.0,0,3537.0,7305.0,0,1,0,0,0,1,0,0,0,0,0,1,1
13153,0033800002TN1nWAAT,0.0,20,12063.0,1472.0,0,1,0,0,0,0,1,0,0,0,1,0,0
13154,0033800002TN1wdAAD,0.0,0,532.0,3201.0,1,0,0,0,0,0,1,0,0,0,0,1,1
13157,0033800002TN2WsAAL,0.0,0,2693.0,3625.0,0,0,0,1,0,1,0,0,0,0,0,1,1
13164,0033800002TN3cWAAT,0.0,0,6654.0,1095.0,0,1,0,0,0,0,1,0,0,0,0,1,1
13168,0033800002TN4sCAAT,0.0,0,3774.0,1460.0,0,0,0,0,1,0,1,0,0,0,0,1,1
13170,0033800002TN4xMAAT,0.0,0,755.0,2653.0,0,0,0,0,1,1,0,0,0,0,0,1,1
13171,0033800002TN52gAAD,0.0,0,1089.0,1460.0,1,0,0,0,0,0,0,0,1,0,0,1,0
13177,0033800002TN5YvAAL,0.0,0,1551.0,2796.0,0,1,0,0,0,0,0,0,0,1,0,1,1
13179,0033800002TN7LNAA1,0.0,0,1781.0,1979.0,0,0,0,1,0,0,1,0,0,0,0,1,0
13187,0033800002TN8llAAD,0.0,100,2936.0,962.0,0,0,0,0,1,1,0,0,0,0,1,0,0
13188,0033800002TN9DsAAL,0.0,40,376.0,471.0,0,1,0,0,0,0,1,0,0,0,1,0,1
13190,0033800002TN9vkAAD,0.0,0,11.0,2207.0,0,0,0,1,0,0,1,0,0,0,0,1,0
13193,0033800002TNAHWAA5,0.0,0,883.0,612.0,0,0,0,1,0,0,1,0,0,0,0,1,0
13195,0033800002TNAUGAA5,0.0,60,1805.0,1296.0,0,0,0,1,0,0,1,0,0,0,0,1,0
13197,0033800002TNB2XAAX,0.0,0,608.0,2557.0,0,1,0,0,0,0,1,0,0,0,0,1,1
13199,0033800002TNBDVAA5,0.0,30,563.0,3171.0,0,1,0,0,0,0,0,0,0,1,1,0,1
13200,0033800002TNBZbAAP,0.0,0,15104.0,1092.0,0,0,0,1,0,0,1,0,0,0,0,1,1
13203,0033800002TNC2nAAH,0.0,30,1416.0,2945.0,1,0,0,0,0,1,0,0,0,0,0,1,1
13206,0033800002TNCy0AAH,0.0,90,106.0,8981.0,0,0,0,1,0,0,1,0,0,0,0,1,0
13208,0033800002TNDSKAA5,0.0,0,32.0,2598.0,0,0,0,1,0,0,1,0,0,0,0,1,1
13209,0033800002TNDqlAAH,0.0,70,943.0,8505.0,0,1,0,0,0,0,1,0,0,0,0,1,1
13213,0033800002TNFonAAH,0.0,20,1680.0,1462.0,0,1,0,0,0,1,0,0,0,0,1,0,0
13214,0033800002TNFvoAAH,0.0,100,7456.0,1181.0,0,1,0,0,0,0,0,0,0,1,0,1,0
13215,0033800002TNG63AAH,0.0,0,1263.0,4658.0,0,0,0,0,1,1,0,0,0,0,0,1,0
13217,0033800002TNIShAAP,0.0,70,4337.0,1959.0,0,1,0,0,0,0,1,0,0,0,0,1,0
13221,0033800002TNJWfAAP,0.0,80,560.0,1330.0,0,0,0,1,0,0,1,0,0,0,0,1,0
13223,0033800002TNKEhAAP,0.0,30,4717.0,1723.0,0,0,0,0,1,1,0,0,0,0,1,0,1
13225,0033800002TNKOSAA5,0.0,0,409.0,7316.0,0,1,0,0,0,0,1,0,0,0,0,1,0
13226,0033800002TNKRqAAP,0.0,0,1547.0,8260.0,0,0,0,0,1,0,1,0,0,0,0,1,1
13228,0033800002TNKkYAAX,0.0,0,8514.0,2085.0,0,0,0,0,1,0,1,0,0,0,1,0,1
13235,0033800002TNMNuAAP,0.0,80,3279.0,2448.0,1,0,0,0,0,0,1,0,0,0,0,1,1
13236,0033800002TNMZRAA5,0.0,90,11292.0,3381.0,0,0,0,0,1,1,0,0,0,0,1,0,0
13240,0033800002TNMeMAAX,0.0,0,49.0,4638.0,0,0,0,1,0,0,1,0,0,0,0,1,1
13244,0033800002TNN6oAAH,0.0,0,1177.0,1258.0,0,0,0,0,1,0,1,0,0,0,0,1,1
13250,0033800002TNPYvAAP,0.0,80,474.0,2191.0,0,0,0,1,0,0,1,0,0,0,0,1,0
13252,0033800002TNPxqAAH,0.0,0,6892.0,1096.0,0,0,0,1,0,0,1,0,0,0,0,1,1
13253,0033800002TNQM2AAP,0.0,0,130.0,3018.0,0,0,0,1,0,0,1,0,0,0,0,1,0
13255,0033800002TNQpuAAH,0.0,0,0.0,3856.0,0,1,0,0,0,0,0,0,0,1,0,1,0
13258,0033800002TNRCZAA5,0.0,0,2875.0,2921.0,1,0,0,0,0,0,1,0,0,0,0,1,1
13260,0033800002TNRVCAA5,0.0,0,949.0,1213.0,0,0,0,1,0,0,1,0,0,0,0,1,0
13265,0033800002TNSNYAA5,0.0,10,9014.0,2192.0,0,0,0,0,1,0,0,0,0,1,0,1,1
13268,0033800002UFcMAAA1,0.0,0,4011.0,7683.0,0,0,0,0,1,1,0,0,0,0,0,1,1
13282,0033800002UFekeAAD,0.0,0,229.0,4762.0,1,0,0,0,0,0,0,0,1,0,0,1,1
13287,0033800002UFfL0AAL,0.0,30,2665.0,4416.0,1,0,0,0,0,0,1,0,0,0,0,1,1
13289,0033800002UFfl7AAD,0.0,0,0.0,4019.0,0,0,0,1,0,0,1,0,0,0,0,1,1
13296,0033800002UFgydAAD,0.0,0,1445.0,1196.0,0,1,0,0,0,0,0,0,0,1,0,1,0
13300,0033800002UFhh5AAD,0.0,30,268.0,5351.0,1,0,0,0,0,1,0,0,0,0,0,1,1
13303,0033800002UFi2JAAT,0.0,100,910.0,2520.0,0,0,0,1,0,0,0,0,1,0,0,1,0
13305,0033800002UFiKEAA1,0.0,0,498.0,1460.0,0,0,0,1,0,0,1,0,0,0,0,1,0
13311,0033800002UFkG6AAL,0.0,0,15.0,6269.0,0,1,0,0,0,1,0,0,0,0,0,1,1
13313,0033800002UFlIMAA1,0.0,0,1028.0,1485.0,0,0,0,1,0,0,0,0,0,1,0,1,0
13317,0033800002UFm0YAAT,0.0,0,0.0,9496.0,0,0,0,0,1,0,1,0,0,0,0,1,0
13318,0033800002UFm0ZAAT,0.0,0,0.0,9498.0,0,0,0,0,1,0,1,0,0,0,0,1,0
13319,0033800002UFm0aAAD,0.0,0,0.0,8040.0,0,1,0,0,0,0,0,1,0,0,1,0,1
13320,0033800002UFm0bAAD,0.0,0,0.0,7885.0,0,0,0,0,1,1,0,0,0,0,0,1,1
13323,0033800002UFm0eAAD,0.0,0,0.0,11131.0,0,0,0,0,1,0,1,0,0,0,0,1,1
13325,0033800002UFm0gAAD,0.0,0,0.0,6026.0,0,0,0,1,0,0,1,0,0,0,0,1,0
13326,0033800002UFm0iAAD,0.0,0,0.0,9146.0,0,0,0,0,1,0,1,0,0,0,1,0,1
13331,0033800002UFmWJAA1,0.0,0,419.0,1491.0,0,1,0,0,0,0,0,0,0,1,0,1,0
13332,0033800002UFmahAAD,0.0,40,344.0,1879.0,0,0,0,1,0,0,1,0,0,0,0,1,1
13333,0033800002UFmkrAAD,0.0,0,3902.0,1291.0,1,0,0,0,0,0,1,0,0,0,0,1,1
13335,0033800002UFmzWAAT,0.0,0,2279.0,7304.0,1,0,0,0,0,0,0,0,0,1,1,0,1
13347,0033800002UFpdnAAD,0.0,0,0.0,7325.0,0,1,0,0,0,0,0,0,0,1,0,1,1
13352,0033800002UFpdsAAD,0.0,0,0.0,9651.0,0,1,0,0,0,0,1,0,0,0,0,1,1
13356,0033800002UFpr2AAD,0.0,0,0.0,7326.0,1,0,0,0,0,0,1,0,0,0,0,1,1
13359,0033800002UFq7pAAD,0.0,0,664.0,8517.0,0,0,0,1,0,0,1,0,0,0,0,1,1
13360,0033800002UFq9WAAT,0.0,0,14754.0,1086.0,0,0,0,1,0,0,1,0,0,0,0,1,1
13361,0033800002UFqHGAA1,0.0,70,1202.0,1401.0,0,0,0,1,0,0,1,0,0,0,0,1,1
13371,0033800002UFsCwAAL,0.0,0,1822.0,1442.0,0,0,0,1,0,0,1,0,0,0,0,1,1
13373,0033800002UFseaAAD,0.0,0,0.0,4077.0,0,0,0,1,0,0,1,0,0,0,0,1,1
13374,0033800002UFu9LAAT,0.0,30,1000.0,1461.0,0,0,0,1,0,0,1,0,0,0,0,1,0
13383,0033800002UFvqtAAD,0.0,90,1763.0,3866.0,0,0,0,1,0,0,1,0,0,0,0,1,1
13387,0033800002UFwJnAAL,0.0,0,1551.0,2340.0,0,1,0,0,0,0,0,1,0,0,0,1,1
13389,0033800002UFwitAAD,0.0,0,2151.0,2922.0,0,0,0,1,0,0,0,0,1,0,0,1,0
13395,0033800002UFyEYAA1,0.0,0,2238.0,2118.0,1,0,0,0,0,0,1,0,0,0,0,1,0
13398,0033800002UFyQ9AAL,0.0,20,2070.0,1411.0,0,0,0,1,0,0,1,0,0,0,0,1,0
13400,0033800002UFzAnAAL,0.0,0,194.0,2997.0,1,0,0,0,0,0,1,0,0,0,0,1,1
13407,0033800002UG02xAAD,0.0,0,0.0,2991.0,0,0,0,1,0,0,0,0,1,0,0,1,0
13416,0033800002UG0ZhAAL,0.0,100,1339.0,3203.0,0,0,0,1,0,0,0,0,0,1,0,1,0
13425,0033800002UHIoCAAX,0.0,100,1222.0,2587.0,0,0,0,0,1,0,1,0,0,0,0,1,1
13432,0033800002UHJyUAAX,0.0,0,2138.0,1825.0,0,0,0,1,0,0,0,0,1,0,0,1,1
13441,0033800002UHLxGAAX,0.0,100,247.0,6476.0,0,0,0,0,1,0,1,0,0,0,0,1,0
13445,0033800002UHMfsAAH,0.0,70,2114.0,3907.0,0,1,0,0,0,0,1,0,0,0,0,1,0
13449,0033800002UHOAXAA5,0.0,0,1587.0,2222.0,0,1,0,0,0,0,1,0,0,0,0,1,1
13453,0033800002UHOI2AAP,0.0,0,0.0,2605.0,0,0,0,1,0,0,0,0,1,0,0,1,0
13460,0033800002UHOzwAAH,0.0,30,1327.0,2378.0,0,0,0,1,0,1,0,0,0,0,0,1,1
13463,0033800002UHPLYAA5,0.0,0,2.0,1825.0,0,0,0,1,0,0,0,0,0,1,0,1,0
13465,0033800002UHPQ4AAP,0.0,0,266.0,1178.0,0,0,0,1,0,0,1,0,0,0,0,1,0
13466,0033800002UHPSZAA5,0.0,80,492.0,8915.0,0,1,0,0,0,0,1,0,0,0,0,1,1
13468,0033800002UHPeOAAX,0.0,0,0.0,3212.0,0,0,0,1,0,0,0,0,1,0,0,1,0
13470,0033800002UHR3FAAX,0.0,80,25.0,4714.0,0,0,0,1,0,0,0,0,1,0,0,1,0
13471,0033800002UHR3GAAX,0.0,0,0.0,4555.0,0,0,0,1,0,0,0,0,1,0,0,1,1
13472,0033800002UHR3HAAX,0.0,0,52.0,206.0,0,0,0,1,0,0,0,0,0,1,0,1,1
13476,0033800002UHR3MAAX,0.0,0,2124.0,254.0,0,0,0,1,0,0,0,0,1,0,0,1,1
13484,0033800002UHR3UAAX,0.0,0,0.0,2152.0,0,0,0,1,0,0,1,0,0,0,0,1,1
13485,0033800002UHR3VAAX,0.0,0,0.0,5113.0,1,0,0,0,0,0,1,0,0,0,0,1,1
13486,0033800002UHR3WAAX,0.0,0,1025.0,2937.0,0,1,0,0,0,0,0,0,1,0,0,1,1
13491,0033800002UHR3bAAH,0.0,0,40270.0,12.0,1,0,0,0,0,0,0,0,1,0,0,1,1
13493,0033800002UHR3dAAH,0.0,0,553.0,7307.0,0,0,0,1,0,0,0,0,0,1,0,1,1
13496,0033800002UHR3gAAH,0.0,0,0.0,4373.0,0,0,0,1,0,0,1,0,0,0,0,1,0
13498,0033800002UHR3iAAH,0.0,0,0.0,4077.0,0,0,0,1,0,0,0,0,1,0,0,1,1
13501,0033800002UHR3lAAH,0.0,0,455.0,7305.0,0,0,0,1,0,0,0,0,1,0,0,1,1
13505,0033800002UHR3pAAH,0.0,0,7048.0,3663.0,0,0,0,1,0,0,1,0,0,0,0,1,1
13507,0033800002UHR3rAAH,0.0,0,0.0,2771.0,0,0,0,1,0,0,1,0,0,0,0,1,0
13508,0033800002UHR3sAAH,0.0,0,0.0,2953.0,0,0,0,1,0,0,1,0,0,0,0,1,1
13509,0033800002UHR3tAAH,0.0,0,34.0,7031.0,1,0,0,0,0,0,1,0,0,0,0,1,0
13510,0033800002UHR3uAAH,0.0,40,3019.0,7669.0,0,1,0,0,0,1,0,0,0,0,1,0,0
13513,0033800002UHR3xAAH,0.0,0,0.0,1584.0,0,0,0,1,0,0,1,0,0,0,0,1,1
13515,0033800002UHR3zAAH,0.0,0,0.0,2435.0,0,0,0,1,0,0,1,0,0,0,0,1,0
13517,0033800002UHR41AAH,0.0,0,277.0,4383.0,0,0,0,1,0,0,1,0,0,0,1,0,1
13518,0033800002UHR42AAH,0.0,0,948.0,3469.0,0,0,0,0,1,1,0,0,0,0,1,0,1
13521,0033800002UHR45AAH,0.0,0,0.0,5861.0,1,0,0,0,0,0,1,0,0,0,0,1,0
13523,0033800002UHR47AAH,0.0,0,0.0,3181.0,0,0,0,1,0,0,1,0,0,0,0,1,0
13524,0033800002UHR48AAH,0.0,0,0.0,1227.0,0,0,0,1,0,0,1,0,0,0,1,0,0
13525,0033800002UHR49AAH,0.0,0,4.0,2012.0,1,0,0,0,0,0,1,0,0,0,0,1,0
13526,0033800002UHR4AAAX,0.0,0,0.0,2020.0,0,0,0,1,0,0,1,0,0,0,0,1,0
13535,0033800002UHR4JAAX,0.0,0,0.0,1825.0,0,0,0,1,0,0,1,0,0,0,1,0,0
13541,0033800002UHR4QAAX,0.0,0,0.0,2202.0,0,1,0,0,0,0,1,0,0,0,0,1,1
13543,0033800002UHR4SAAX,0.0,0,0.0,2557.0,0,0,0,1,0,0,1,0,0,0,1,0,1
13546,0033800002UHR4VAAX,0.0,80,3961.0,914.0,0,0,0,0,1,0,1,0,0,0,1,0,1
13547,0033800002UHR4WAAX,0.0,0,0.0,2013.0,0,0,0,1,0,0,1,0,0,0,0,1,0
13563,0033800002UHR4mAAH,0.0,0,0.0,7314.0,0,0,0,1,0,0,1,0,0,0,0,1,0
13566,0033800002UHR4pAAH,0.0,0,0.0,6336.0,0,0,0,1,0,0,1,0,0,0,0,1,1
13570,0033800002UHR4tAAH,0.0,0,0.0,1260.0,0,1,0,0,0,0,1,0,0,0,1,0,1
13571,0033800002UHR4uAAH,0.0,0,0.0,8035.0,0,1,0,0,0,0,1,0,0,0,0,1,1
13580,0033800002UHUD5AAP,0.0,0,41.0,1415.0,1,0,0,0,0,0,0,0,1,0,0,1,0
13587,0033800002UHWGeAAP,0.0,0,0.0,8379.0,0,1,0,0,0,0,1,0,0,0,0,1,0
13593,0033800002UHXLlAAP,0.0,0,2376.0,1461.0,0,1,0,0,0,0,0,0,1,0,0,1,0
13594,0033800002UHXQmAAP,0.0,0,7482.0,2191.0,0,1,0,0,0,1,0,0,0,0,0,1,1
13602,0033800002UHXmwAAH,0.0,0,0.0,7307.0,0,1,0,0,0,0,1,0,0,0,0,1,1
13608,0033800002UHZFWAA5,0.0,0,2715.0,4081.0,0,1,0,0,0,0,1,0,0,0,0,1,1
13612,0033800002UHZvSAAX,0.0,0,5987.0,1806.0,0,1,0,0,0,0,1,0,0,0,0,1,0
13615,0033800002UHaIMAA1,0.0,0,0.0,9144.0,0,0,0,1,0,0,0,0,0,1,0,1,1
13622,0033800002UHb5SAAT,0.0,0,2.0,1461.0,0,1,0,0,0,1,0,0,0,0,0,1,1
13630,0033800002UHbaOAAT,0.0,0,0.0,1445.0,0,0,0,1,0,0,0,0,1,0,0,1,0
13632,0033800002UHbaQAAT,0.0,0,0.0,8767.0,0,1,0,0,0,0,0,0,0,1,0,1,0
13635,0033800002UHbaTAAT,0.0,0,0.0,7311.0,1,0,0,0,0,0,0,0,1,0,0,1,1
13637,0033800002UHbaVAAT,0.0,0,0.0,1460.0,0,0,0,1,0,0,0,0,1,0,0,1,0
13645,0033800002UHbadAAD,0.0,0,0.0,2839.0,0,0,0,1,0,0,0,0,1,0,0,1,0
13651,0033800002UHbajAAD,0.0,0,0.0,1460.0,0,0,0,1,0,0,0,0,1,0,1,0,0
13653,0033800002UHbalAAD,0.0,0,0.0,1868.0,0,0,0,1,0,0,0,0,1,0,0,1,0
13670,0033800002UHdrcAAD,0.0,0,0.0,8801.0,0,0,0,0,1,0,1,0,0,0,0,1,1
13676,0033800002UHeVcAAL,0.0,80,651.0,11320.0,0,0,0,1,0,0,1,0,0,0,0,1,0
13678,0033800002UHeXxAAL,0.0,80,606.0,4601.0,1,0,0,0,0,0,1,0,0,0,0,1,1
13683,0033800002UHgR6AAL,0.0,0,0.0,9661.0,0,1,0,0,0,0,1,0,0,0,1,0,1
13687,0033800002UHgqBAAT,0.0,0,3.0,5113.0,0,0,0,1,0,0,1,0,0,0,0,1,1
13688,0033800002UHgvfAAD,0.0,0,60.0,3713.0,0,0,0,1,0,1,0,0,0,0,0,1,0
13690,0033800002UHheuAAD,0.0,0,376.0,3373.0,0,0,0,1,0,0,1,0,0,0,0,1,1
13692,0033800002UHhjpAAD,0.0,0,5.0,1723.0,0,0,0,1,0,0,1,0,0,0,0,1,1
13697,0033800002UHiEdAAL,0.0,0,4490.0,589.0,0,1,0,0,0,0,0,0,0,1,0,1,0
13701,0033800002UHjIvAAL,0.0,0,315.0,6604.0,0,0,0,0,1,0,0,0,1,0,0,1,1
13702,0033800002UHjQzAAL,0.0,80,140.0,7496.0,1,0,0,0,0,0,0,0,0,1,0,1,0
13703,0033800002UHjl9AAD,0.0,0,8226.0,3456.0,0,0,0,1,0,0,1,0,0,0,1,0,1
13704,0033800002UHkMoAAL,0.0,0,2774.0,1616.0,1,0,0,0,0,0,1,0,0,0,0,1,0
13721,0033800002UHmedAAD,0.0,0,195.0,7314.0,0,0,0,0,1,0,0,0,0,1,0,1,1
13722,0033800002UHmflAAD,0.0,0,40.0,1245.0,1,0,0,0,0,0,1,0,0,0,0,1,0
13724,0033800002UHngpAAD,0.0,10,18.0,5451.0,0,1,0,0,0,0,0,0,1,0,0,1,0
13737,0033800002UHq2jAAD,0.0,0,197.0,804.0,0,0,0,1,0,0,1,0,0,0,0,1,0
13740,0033800002UHqS3AAL,0.0,0,8013.0,1430.0,0,0,0,1,0,0,0,0,0,1,1,0,1
13742,0033800002UHqXhAAL,0.0,50,255.0,9316.0,1,0,0,0,0,0,1,0,0,0,0,1,1
13744,0033800002UHqcDAAT,0.0,70,8818.0,358.0,0,0,0,0,1,0,1,0,0,0,0,1,1
13745,0033800002UHqgAAAT,0.0,0,0.0,3225.0,1,0,0,0,0,1,0,0,0,0,0,1,1
13746,0033800002UHqgyAAD,0.0,80,3436.0,1498.0,0,0,1,0,0,0,1,0,0,0,0,1,1
13748,0033800002UHr1VAAT,0.0,0,235.0,4414.0,1,0,0,0,0,1,0,0,0,0,0,1,1
13749,0033800002UHrj9AAD,0.0,0,12.0,7386.0,0,1,0,0,0,0,0,0,0,1,1,0,1
13751,0033800002UHs68AAD,0.0,0,570.0,1078.0,0,0,0,1,0,0,1,0,0,0,0,1,1
13753,0033800002UHsEHAA1,0.0,0,238.0,3290.0,1,0,0,0,0,0,1,0,0,0,0,1,1
13754,0033800002UHsG8AAL,0.0,0,377.0,2913.0,1,0,0,0,0,0,0,0,1,0,0,1,1
13755,0033800002UHsHzAAL,0.0,0,2554.0,1455.0,1,0,0,0,0,0,0,0,0,1,0,1,1
13757,0033800002UHszDAAT,0.0,100,112.0,3500.0,0,0,0,1,0,0,1,0,0,0,0,1,0
13762,0033800002UHtxcAAD,0.0,50,1004.0,2910.0,0,0,0,1,0,0,0,0,1,0,0,1,0
13768,0033800002UHw8JAAT,0.0,100,749.0,4129.0,0,1,0,0,0,0,0,0,1,0,0,1,1
13778,0033800002UHyHXAA1,0.0,0,1041.0,1307.0,0,0,0,1,0,0,1,0,0,0,0,1,0
13779,0033800002UHyKiAAL,0.0,0,0.0,9699.0,0,1,0,0,0,0,1,0,0,0,0,1,1
13782,0033800002UHyjNAAT,0.0,40,896.0,3261.0,0,0,0,0,1,0,1,0,0,0,0,1,1
13784,0033800002UHznRAAT,0.0,0,415.0,1541.0,1,0,0,0,0,0,1,0,0,0,1,0,1
13785,0033800002UHzwdAAD,0.0,0,1198.0,5479.0,0,0,0,1,0,0,0,0,0,1,0,1,1
13786,0033800002UHzweAAD,0.0,0,1268.0,4632.0,0,1,0,0,0,0,0,0,0,1,0,1,1
13788,0033800002UHzwgAAD,0.0,0,377.0,9953.0,0,0,0,0,1,1,0,0,0,0,0,1,1
13789,0033800002UHzwhAAD,0.0,0,0.0,7330.0,0,0,0,1,0,0,0,0,0,1,0,1,0
13790,0033800002UHzwiAAD,0.0,0,42.0,7333.0,0,1,0,0,0,0,0,0,0,1,0,1,1
13794,0033800002UHzwmAAD,0.0,0,0.0,8035.0,0,0,0,1,0,0,0,0,0,1,0,1,0
13798,0033800002UHzwqAAD,0.0,30,2475.0,7305.0,0,0,0,0,1,0,0,0,0,1,0,1,1
13800,0033800002UHzwsAAD,0.0,30,649.0,3653.0,1,0,0,0,0,1,0,0,0,0,0,1,1
13801,0033800002UHzwtAAD,0.0,0,1380.0,8400.0,0,1,0,0,0,0,1,0,0,0,0,1,1
13802,0033800002UHzwuAAD,0.0,0,284.0,8766.0,1,0,0,0,0,0,0,0,0,1,1,0,1
13833,0033800002UHzxRAAT,0.0,0,372.0,6001.0,0,0,0,0,1,0,1,0,0,0,0,1,1
13838,0033800002UHzxWAAT,0.0,0,142.0,1827.0,0,1,0,0,0,0,1,0,0,0,0,1,1
13839,0033800002UHzxXAAT,0.0,0,0.0,1925.0,0,1,0,0,0,0,1,0,0,0,0,1,1
13841,0033800002UHzxZAAT,0.0,0,0.0,3391.0,0,0,0,1,0,0,1,0,0,0,0,1,1
13846,0033800002UHzxeAAD,0.0,0,0.0,3249.0,0,1,0,0,0,0,0,0,1,0,0,1,1
13851,0033800002UHzxjAAD,0.0,0,0.0,2363.0,0,0,0,0,1,0,1,0,0,0,0,1,1
13852,0033800002UHzxkAAD,0.0,90,681.0,9748.0,0,0,0,0,1,0,0,0,1,0,0,1,0
13855,0033800002UHzxnAAD,0.0,0,2515.0,3035.0,0,0,0,0,1,1,0,0,0,0,0,1,1
13861,0033800002UHzxtAAD,0.0,90,68.0,4365.0,0,0,0,1,0,0,1,0,0,0,0,1,1
13863,0033800002UHzxvAAD,0.0,0,0.0,7508.0,0,0,0,1,0,1,0,0,0,0,0,1,1
13864,0033800002UHzxwAAD,0.0,0,0.0,7305.0,0,0,0,1,0,1,0,0,0,0,0,1,0
13867,0033800002UHzxzAAD,0.0,0,0.0,944.0,0,0,0,1,0,0,1,0,0,0,1,0,1
13868,0033800002UHzy1AAD,0.0,0,0.0,2611.0,0,0,0,1,0,0,0,0,1,0,0,1,1
13873,0033800002UHzy6AAD,0.0,90,0.0,2890.0,1,0,0,0,0,0,1,0,0,0,0,1,1
13877,0033800002UHzyBAAT,0.0,80,270.0,6327.0,0,0,0,0,1,0,0,0,0,1,1,0,1
13879,0033800002UHzyDAAT,0.0,10,7817.0,1946.0,0,1,0,0,0,0,0,0,0,1,0,1,1
13880,0033800002UHzyEAAT,0.0,60,1859.0,1369.0,0,1,0,0,0,0,1,0,0,0,0,1,1
13881,0033800002UHzyFAAT,0.0,10,8325.0,4078.0,0,0,0,1,0,1,0,0,0,0,0,1,1
13883,0033800002UHzyHAAT,0.0,0,1815.0,846.0,1,0,0,0,0,0,1,0,0,0,0,1,1
13884,0033800002UHzyIAAT,0.0,40,6858.0,7305.0,0,1,0,0,0,1,0,0,0,0,0,1,1
13885,0033800002UHzyJAAT,0.0,0,3585.0,1460.0,0,1,0,0,0,1,0,0,0,0,1,0,1
13888,0033800002UHzyMAAT,0.0,0,0.0,1096.0,1,0,0,0,0,0,0,0,1,0,1,0,0
13908,0033800002UHzygAAD,0.0,0,2472.0,3122.0,0,1,0,0,0,0,1,0,0,0,1,0,0
13917,0033800002UHzypAAD,0.0,60,351.0,1460.0,0,0,0,1,0,0,0,0,1,0,0,1,1
13920,0033800002UHzysAAD,0.0,0,0.0,9976.0,0,0,0,0,1,0,1,0,0,0,0,1,1
13921,0033800002UHzytAAD,0.0,0,5334.0,2829.0,0,0,0,1,0,0,1,0,0,0,0,1,1
13923,0033800002UHzyvAAD,0.0,0,0.0,8122.0,0,0,0,1,0,0,1,0,0,0,0,1,0
13925,0033800002UI01cAAD,0.0,0,0.0,2332.0,0,0,0,1,0,0,1,0,0,0,0,1,1
13933,0033800002UI1FbAAL,0.0,0,1936.0,5547.0,0,0,0,1,0,0,0,0,1,0,0,1,0
13936,0033800002UI1SVAA1,0.0,0,0.0,7552.0,0,0,0,0,1,0,1,0,0,0,0,1,1
13937,0033800002UI298AAD,0.0,50,2127.0,1672.0,0,1,0,0,0,0,0,0,1,0,0,1,1
13939,0033800002UI2jDAAT,0.0,0,68.0,1094.0,1,0,0,0,0,0,0,0,0,1,0,1,1
13942,0033800002UI33dAAD,0.0,0,0.0,7322.0,1,0,0,0,0,0,1,0,0,0,0,1,1
13943,0033800002UI35oAAD,0.0,80,1757.0,2330.0,0,1,0,0,0,0,1,0,0,0,1,0,1
13950,0033800002UI3y0AAD,0.0,0,0.0,6480.0,0,1,0,0,0,0,1,0,0,0,1,0,1
13952,0033800002UI48aAAD,0.0,0,12.0,2922.0,0,0,0,1,0,0,1,0,0,0,0,1,0
13959,0033800002UI5hcAAD,0.0,50,10826.0,2102.0,0,0,0,1,0,0,1,0,0,0,1,0,1
13960,0033800002UI5xBAAT,0.0,0,0.0,2412.0,0,0,0,0,1,0,0,0,0,1,1,0,1
13962,0033800002UI69bAAD,0.0,0,1509.0,1388.0,1,0,0,0,0,0,0,0,1,0,0,1,1
13974,0033800002UI8D9AAL,0.0,40,1122.0,1461.0,0,1,0,0,0,0,1,0,0,0,0,1,0
13978,0033800002UI9f5AAD,0.0,0,6284.0,2557.0,0,0,0,0,1,0,0,1,0,0,0,1,0
13979,0033800002UI9iTAAT,0.0,0,50.0,7535.0,1,0,0,0,0,0,1,0,0,0,0,1,1
13980,0033800002UI9tWAAT,0.0,0,1383.0,1599.0,0,0,0,1,0,0,0,0,1,0,0,1,0
13982,0033800002UIAFEAA5,0.0,0,18.0,8862.0,1,0,0,0,0,0,1,0,0,0,0,1,1
13984,0033800002UIAVqAAP,0.0,0,1656.0,2128.0,0,1,0,0,0,1,0,0,0,0,1,0,1
13987,0033800002UIAiPAAX,0.0,0,1.0,4009.0,0,1,0,0,0,0,1,0,0,0,0,1,0
13991,0033800002UIC7KAAX,0.0,80,1145.0,8898.0,0,0,0,0,1,0,1,0,0,0,0,1,0
13992,0033800002UICJfAAP,0.0,0,0.0,7333.0,0,0,0,1,0,0,0,0,0,1,0,1,1
13995,0033800002UID4OAAX,0.0,0,157.0,2765.0,0,0,0,1,0,0,0,0,0,1,0,1,0
13996,0033800002UIDFqAAP,0.0,10,1559.0,3225.0,0,1,0,0,0,0,1,0,0,0,0,1,1
13999,0033800002UIEOBAA5,0.0,0,1626.0,1462.0,0,1,0,0,0,0,0,0,1,0,0,1,1
14002,0033800002UIGLLAA5,0.0,0,80.0,8101.0,1,0,0,0,0,1,0,0,0,0,0,1,0
14008,0033800002UIHMRAA5,0.0,0,1525.0,2919.0,0,0,0,1,0,1,0,0,0,0,0,1,0
14016,0033800002UIID7AAP,0.0,80,205.0,3748.0,0,0,0,1,0,0,0,0,1,0,0,1,0
14017,0033800002UIIFSAA5,0.0,0,0.0,11698.0,0,0,0,0,1,1,0,0,0,0,1,0,1
14018,0033800002UIIabAAH,0.0,80,53.0,3306.0,1,0,0,0,0,0,1,0,0,0,0,1,1
14022,0033800002UIJrOAAX,0.0,0,3124.0,1416.0,0,1,0,0,0,0,1,0,0,0,0,1,1
14027,0033800002UILm9AAH,0.0,0,3696.0,2556.0,0,1,0,0,0,0,1,0,0,0,1,0,1
14028,0033800002UIM1YAAX,0.0,0,3170.0,2094.0,1,0,0,0,0,0,0,0,0,1,0,1,1
14030,0033800002UIMuWAAX,0.0,0,74.0,2290.0,1,0,0,0,0,0,1,0,0,0,0,1,0
14032,0033800002UIN6CAAX,0.0,0,8368.0,2192.0,0,1,0,0,0,0,0,0,1,0,0,1,0
14033,0033800002UIN8SAAX,0.0,0,0.0,11267.0,0,1,0,0,0,0,1,0,0,0,0,1,1
14038,0033800002UIOCZAA5,0.0,0,172.0,8578.0,1,0,0,0,0,1,0,0,0,0,1,0,0
14041,0033800002UIOebAAH,0.0,0,395.0,1460.0,1,0,0,0,0,0,0,0,1,0,0,1,1
14043,0033800002UIP3eAAH,0.0,60,2545.0,7332.0,0,1,0,0,0,0,0,0,0,1,0,1,0
14044,0033800002UIPG0AAP,0.0,0,4258.0,1094.0,0,0,0,1,0,0,1,0,0,0,0,1,1
14046,0033800002UIPOOAA5,0.0,80,0.0,5201.0,0,0,0,1,0,0,0,0,0,1,0,1,1
14049,0033800002UIQaqAAH,0.0,40,1541.0,8861.0,1,0,0,0,0,0,0,0,1,0,0,1,0
14060,0033800002UIVPXAA5,0.0,0,35.0,8607.0,0,0,0,0,1,0,1,0,0,0,0,1,0
14067,0033800002UIW9fAAH,0.0,0,885.0,1403.0,0,1,0,0,0,1,0,0,0,0,0,1,1
14072,0033800002UIXHKAA5,0.0,0,80.0,9481.0,0,0,0,0,1,0,1,0,0,0,0,1,1
14074,0033800002UIXQqAAP,0.0,0,0.0,7255.0,1,0,0,0,0,0,1,0,0,0,0,1,1
14075,0033800002UIXiMAAX,0.0,0,165.0,2870.0,0,0,0,1,0,0,1,0,0,0,0,1,0
14099,0033800002UIaPqAAL,0.0,20,1101.0,1923.0,0,0,0,0,1,0,0,0,1,0,0,1,0
14100,0033800002UIaWtAAL,0.0,0,29.0,3225.0,0,0,0,1,0,1,0,0,0,0,0,1,1
14103,0033800002UIblaAAD,0.0,0,0.0,5773.0,1,0,0,0,0,0,1,0,0,0,0,1,1
14106,0033800002UIc02AAD,0.0,0,0.0,1896.0,0,0,0,1,0,0,1,0,0,0,0,1,1
14107,0033800002UIc03AAD,0.0,0,531.0,5114.0,0,0,0,1,0,0,0,0,0,1,0,1,1
14108,0033800002UIc04AAD,0.0,100,2635.0,7618.0,0,0,0,0,1,0,1,0,0,0,1,0,0
14109,0033800002UIc05AAD,0.0,0,2170.0,1189.0,0,1,0,0,0,0,0,0,0,1,1,0,1
14110,0033800002UIc06AAD,0.0,0,0.0,5291.0,1,0,0,0,0,0,1,0,0,0,0,1,1
14111,0033800002UIc07AAD,0.0,0,1021.0,2192.0,0,0,0,1,0,0,0,0,0,1,0,1,0
14112,0033800002UIc08AAD,0.0,0,2176.0,9161.0,0,0,0,0,1,1,0,0,0,0,0,1,1
14113,0033800002UIc09AAD,0.0,0,92.0,1175.0,0,1,0,0,0,0,0,0,0,1,0,1,1
14118,0033800002UIc0EAAT,0.0,0,0.0,7315.0,0,0,0,1,0,0,0,0,1,0,0,1,0
14119,0033800002UIc0FAAT,0.0,0,0.0,5826.0,0,0,0,1,0,0,0,0,1,0,0,1,1
14134,0033800002UIc0WAAT,0.0,0,0.0,1476.0,1,0,0,0,0,0,0,0,1,0,0,1,1
14137,0033800002UIc0ZAAT,0.0,0,0.0,1827.0,1,0,0,0,0,0,0,0,1,0,0,1,0
14139,0033800002UIc0bAAD,0.0,0,0.0,3084.0,0,0,0,1,0,0,0,0,1,0,1,0,0
14140,0033800002UIc0cAAD,0.0,0,0.0,7188.0,0,1,0,0,0,0,0,0,1,0,0,1,0
14146,0033800002UIc0iAAD,0.0,0,1752.0,9131.0,0,0,0,0,1,0,1,0,0,0,0,1,1
14148,0033800002UIc0kAAD,0.0,0,1891.0,1461.0,0,0,0,1,0,0,1,0,0,0,1,0,1
14150,0033800002UIc0mAAD,0.0,0,0.0,4156.0,0,0,0,1,0,0,1,0,0,0,0,1,1
14151,0033800002UIc0nAAD,0.0,0,1298.0,2756.0,1,0,0,0,0,0,0,0,1,0,0,1,0
14152,0033800002UIc0oAAD,0.0,0,1165.0,1460.0,0,0,0,1,0,0,0,0,1,0,0,1,0
14154,0033800002UIc0qAAD,0.0,70,1752.0,3653.0,0,0,0,1,0,0,1,0,0,0,0,1,0
14157,0033800002UIc0tAAD,0.0,0,3180.0,1463.0,0,0,0,0,1,0,0,0,0,1,0,1,0
14160,0033800002UIc0wAAD,0.0,0,1273.0,1574.0,0,1,0,0,0,0,0,0,1,0,1,0,1
14161,0033800002UIc0xAAD,0.0,0,0.0,11067.0,0,1,0,0,0,0,0,0,0,1,0,1,1
14163,0033800002UIc0zAAD,0.0,0,1222.0,2191.0,0,1,0,0,0,0,1,0,0,0,0,1,1
14164,0033800002UIc10AAD,0.0,0,72.0,4685.0,0,0,0,1,0,0,1,0,0,0,0,1,1
14166,0033800002UIc12AAD,0.0,0,3356.0,2099.0,0,1,0,0,0,0,1,0,0,0,1,0,0
14167,0033800002UIc13AAD,0.0,0,1557.0,2937.0,1,0,0,0,0,0,0,0,0,1,0,1,0
14170,0033800002UIc16AAD,0.0,0,34.0,9131.0,0,0,0,1,0,0,1,0,0,0,0,1,0
14175,0033800002UIc2nAAD,0.0,0,5418.0,1826.0,0,0,0,1,0,0,0,0,1,0,1,0,1
14182,0033800002UIcpQAAT,0.0,0,0.0,4748.0,0,0,0,0,1,0,1,0,0,0,1,0,0
14185,0033800002UIcpTAAT,0.0,0,0.0,8401.0,0,0,0,0,1,0,0,0,0,1,0,1,1
14189,0033800002UIdOaAAL,0.0,30,1470.0,1460.0,1,0,0,0,0,0,1,0,0,0,0,1,1
14195,0033800002UIeHzAAL,0.0,60,1298.0,1460.0,0,1,0,0,0,0,0,0,0,1,0,1,1
14198,0033800002UIejiAAD,0.0,0,329.0,3085.0,0,0,0,1,0,0,1,0,0,0,0,1,0
14206,0033800002UIfqMAAT,0.0,0,0.0,1461.0,0,0,0,1,0,0,0,0,1,0,0,1,1
14207,0033800002UIfulAAD,0.0,0,87.0,7882.0,1,0,0,0,0,0,1,0,0,0,1,0,1
14208,0033800002UIfwcAAD,0.0,20,3529.0,1733.0,0,0,0,0,1,0,1,0,0,0,1,0,0
14209,0033800002UIg1XAAT,0.0,0,3013.0,1460.0,0,1,0,0,0,0,0,0,1,0,0,1,0
14228,0033800002UIjPXAA1,0.0,0,88.0,1670.0,0,1,0,0,0,0,0,0,1,0,0,1,1
14230,0033800002UIjgPAAT,0.0,0,0.0,5995.0,0,0,0,1,0,0,1,0,0,0,0,1,0
14236,0033800002UIjiqAAD,0.0,0,0.0,2139.0,0,0,0,1,0,0,0,0,1,0,0,1,1
14237,0033800002UIjirAAD,0.0,0,0.0,1461.0,0,0,0,1,0,0,0,0,1,0,0,1,1
14238,0033800002UIjisAAD,0.0,0,0.0,2925.0,0,0,0,1,0,0,0,0,1,0,0,1,0
14247,0033800002UIkUlAAL,0.0,0,194.0,4459.0,0,1,0,0,0,0,1,0,0,0,0,1,1
14267,0033800002UjTB0AAN,0.0,0,351.0,1945.0,0,0,0,1,0,1,0,0,0,0,0,1,0
14268,0033800002UjTOsAAN,0.0,30,8315.0,1948.0,0,0,0,1,0,0,0,0,1,0,0,1,0
14269,0033800002UjTPWAA3,0.0,0,880.0,3033.0,0,0,0,1,0,0,1,0,0,0,0,1,1
14271,0033800002UjUMlAAN,0.0,0,1322.0,3773.0,0,0,0,1,0,0,1,0,0,0,1,0,1
14272,0033800002UjUpPAAV,0.0,0,406.0,2191.0,0,1,0,0,0,0,1,0,0,0,0,1,1
14273,0033800002UjUyCAAV,0.0,0,0.0,6754.0,0,0,0,0,1,0,0,0,1,0,0,1,1
14274,0033800002UjV4jAAF,0.0,0,0.0,3019.0,0,0,0,1,0,0,1,0,0,0,0,1,1
14275,0033800002UjV87AAF,0.0,80,963.0,2523.0,1,0,0,0,0,0,1,0,0,0,0,1,1
14277,0033800002UjVAhAAN,0.0,20,378.0,9633.0,0,0,0,1,0,0,0,1,0,0,0,1,1
14278,0033800002UjViFAAV,0.0,0,245.0,1264.0,1,0,0,0,0,1,0,0,0,0,0,1,1
14280,0033800002UjVnPAAV,0.0,100,1485.0,6025.0,0,0,0,1,0,0,1,0,0,0,0,1,0
14282,0033800002UjW1WAAV,0.0,0,1826.0,1460.0,0,0,0,0,1,0,0,0,1,0,0,1,1
14283,0033800002UjW2PAAV,0.0,20,1398.0,2922.0,0,0,0,0,1,0,1,0,0,0,0,1,1
14284,0033800002UjW33AAF,0.0,0,1538.0,1702.0,0,0,0,0,1,0,1,0,0,0,0,1,1
14285,0033800002UjW4VAAV,0.0,0,106.0,7306.0,0,0,0,1,0,0,0,0,1,0,0,1,1
14294,0033800002UjXe0AAF,0.0,0,0.0,5894.0,0,0,0,1,0,0,0,0,1,0,0,1,1
14297,0033800002UjY1PAAV,0.0,0,0.0,5789.0,0,0,0,1,0,0,1,0,0,0,0,1,1
14301,0033800002UjY1TAAV,0.0,0,2796.0,3448.0,0,0,0,0,1,0,0,0,0,1,0,1,1
14303,0033800002UjY1VAAV,0.0,0,13077.0,1094.0,1,0,0,0,0,0,1,0,0,0,0,1,0
14306,0033800002UjY1YAAV,0.0,0,0.0,6424.0,0,1,0,0,0,0,1,0,0,0,1,0,0
14308,0033800002UjY1aAAF,0.0,0,2021.0,1734.0,1,0,0,0,0,0,0,0,0,1,0,1,0
14309,0033800002UjY1bAAF,0.0,0,5585.0,3287.0,0,0,0,0,1,0,1,0,0,0,1,0,1
14314,0033800002UjY1hAAF,0.0,0,5369.0,3288.0,0,0,0,1,0,1,0,0,0,0,0,1,1
14321,0033800002UjY1oAAF,0.0,0,3712.0,2853.0,0,1,0,0,0,0,1,0,0,0,1,0,1
14322,0033800002UjY1pAAF,0.0,40,197.0,2980.0,0,0,0,1,0,0,1,0,0,0,0,1,1
14327,0033800002UjYbrAAF,0.0,0,0.0,7576.0,1,0,0,0,0,1,0,0,0,0,1,0,0
14328,0033800002UjYbsAAF,0.0,0,0.0,7807.0,1,0,0,0,0,1,0,0,0,0,0,1,0
14329,0033800002UjYbtAAF,0.0,0,0.0,8941.0,0,1,0,0,0,1,0,0,0,0,1,0,0
14330,0033800002UjYbuAAF,0.0,0,0.0,10592.0,0,1,0,0,0,1,0,0,0,0,1,0,0
14332,0033800002UjYbwAAF,0.0,0,0.0,7933.0,0,0,0,0,1,1,0,0,0,0,0,1,0
14334,0033800002UjYbyAAF,0.0,0,0.0,9451.0,0,0,0,0,1,1,0,0,0,0,0,1,0
14362,0033800002UjiGdAAJ,0.0,0,10.0,8702.0,0,0,0,0,1,1,0,0,0,0,1,0,1
14363,0033800002UjjHqAAJ,0.0,40,3884.0,7426.0,0,1,0,0,0,0,1,0,0,0,0,1,1
14368,0033800002Ujk9FAAR,0.0,0,0.0,7540.0,0,0,0,1,0,0,0,0,1,0,0,1,1
14371,0033800002UjkeMAAR,0.0,40,2045.0,1651.0,0,1,0,0,0,0,1,0,0,0,0,1,1
14373,0033800002UjkgIAAR,0.0,0,159.0,3110.0,1,0,0,0,0,1,0,0,0,0,0,1,1
14374,0033800002UjkgJAAR,0.0,0,0.0,8673.0,0,0,0,1,0,0,1,0,0,0,0,1,1
14375,0033800002UjkgKAAR,0.0,0,44.0,1857.0,0,1,0,0,0,0,1,0,0,0,1,0,0
14376,0033800002UjkgLAAR,0.0,0,0.0,10927.0,0,0,0,0,1,0,0,1,0,0,0,1,1
14377,0033800002UjkgMAAR,0.0,0,0.0,9424.0,0,0,0,1,0,0,1,0,0,0,0,1,1
14379,0033800002UjkgOAAR,0.0,0,0.0,8719.0,0,0,0,0,1,0,1,0,0,0,0,1,1
14385,0033800002UjkiZAAR,0.0,0,0.0,2726.0,0,0,0,1,0,0,1,0,0,0,0,1,1
14386,0033800002UjkiaAAB,0.0,0,0.0,10955.0,0,0,0,0,1,0,1,0,0,0,0,1,1
14390,0033800002UjkuzAAB,0.0,0,0.0,1461.0,0,0,0,1,0,0,0,0,0,1,0,1,0
14392,0033800002Ujkv1AAB,0.0,0,90.0,1826.0,0,0,0,1,0,0,0,0,0,1,0,1,0
14393,0033800002Ujkv2AAB,0.0,0,109.0,3652.0,0,0,0,1,0,0,0,0,1,0,0,1,1
14397,0033800002Ujkv6AAB,0.0,0,0.0,7333.0,0,0,0,1,0,0,0,0,1,0,0,1,1
14402,0033800002UjlGvAAJ,0.0,0,21.0,9793.0,0,1,0,0,0,0,0,0,1,0,1,0,1
14419,0033800002UjoN6AAJ,0.0,0,5727.0,7305.0,0,0,0,0,1,1,0,0,0,0,0,1,1
14430,0033800002UjrKKAAZ,0.0,0,1300.0,2909.0,0,1,0,0,0,1,0,0,0,0,1,0,0
14434,0033800002UjrbQAAR,0.0,80,2713.0,3488.0,0,1,0,0,0,0,0,0,0,1,0,1,0
14440,0033800002Uju27AAB,0.0,0,765.0,9130.0,0,1,0,0,0,0,1,0,0,0,0,1,1
14445,0033800002UjueGAAR,0.0,0,0.0,866.0,0,0,0,1,0,0,1,0,0,0,0,1,0
14467,0033800002UjxxbAAB,0.0,60,303.0,1461.0,1,0,0,0,0,0,0,0,0,1,0,1,0
14473,0033800002Ujz0vAAB,0.0,0,199.0,5484.0,0,0,0,1,0,1,0,0,0,0,0,1,1
14474,0033800002Ujz1KAAR,0.0,40,402.0,1410.0,0,0,0,1,0,0,1,0,0,0,1,0,0
14477,0033800002Ujz73AAB,0.0,0,0.0,7565.0,1,0,0,0,0,0,1,0,0,0,0,1,1
14481,0033800002UjzdYAAR,0.0,0,4983.0,3397.0,0,0,0,0,1,1,0,0,0,0,1,0,1
14482,0033800002Ujzg8AAB,0.0,70,8289.0,1460.0,0,0,0,1,0,0,1,0,0,0,0,1,0
14483,0033800002UjzmLAAR,0.0,50,751.0,8216.0,0,1,0,0,0,0,1,0,0,0,0,1,1
14486,0033800002UjzrVAAR,0.0,0,358.0,1497.0,0,0,0,1,0,1,0,0,0,0,0,1,1
14489,0033800002Uk0bVAAR,0.0,70,233.0,5969.0,0,1,0,0,0,0,0,0,1,0,0,1,1
14493,0033800002Uk1qOAAR,0.0,0,1607.0,8753.0,0,1,0,0,0,0,1,0,0,0,0,1,0
14495,0033800002Uk2UoAAJ,0.0,0,0.0,3604.0,0,1,0,0,0,0,0,0,0,1,0,1,1
14499,0033800002Uk2aXAAR,0.0,0,83.0,9430.0,0,0,0,0,1,0,1,0,0,0,0,1,1
14500,0033800002Uk2cTAAR,0.0,0,0.0,2559.0,0,1,0,0,0,0,1,0,0,0,0,1,0
14504,0033800002Uk6BMAAZ,0.0,0,0.0,9014.0,0,0,0,1,0,0,0,0,0,1,0,1,1
14506,0033800002Uk6HAAAZ,0.0,0,0.0,8110.0,0,1,0,0,0,1,0,0,0,0,0,1,1
14507,0033800002Uk6HBAAZ,0.0,0,228.0,7839.0,0,0,0,1,0,1,0,0,0,0,0,1,0
14511,0033800002Uk6HGAAZ,0.0,0,0.0,2798.0,0,0,0,1,0,1,0,0,0,0,1,0,0
14512,0033800002Uk6HHAAZ,0.0,0,0.0,3254.0,0,0,0,1,0,1,0,0,0,0,0,1,0
14513,0033800002Uk6HIAAZ,0.0,0,0.0,7846.0,0,1,0,0,0,1,0,0,0,0,0,1,0
14515,0033800002Uk6HKAAZ,0.0,0,0.0,3523.0,1,0,0,0,0,1,0,0,0,0,1,0,0
14516,0033800002Uk6HLAAZ,0.0,0,0.0,2711.0,0,1,0,0,0,1,0,0,0,0,1,0,1
14517,0033800002Uk6HMAAZ,0.0,0,0.0,3215.0,1,0,0,0,0,1,0,0,0,0,0,1,0
14528,0033800002Uk7RBAAZ,0.0,70,4035.0,1795.0,0,1,0,0,0,0,1,0,0,0,0,1,1
14538,0033800002Uk8aWAAR,0.0,0,0.0,7458.0,0,1,0,0,0,0,1,0,0,0,0,1,1
14539,0033800002Uk8jdAAB,0.0,20,4647.0,7862.0,0,1,0,0,0,1,0,0,0,0,0,1,1
14543,0033800002Uk90PAAR,0.0,0,618.0,1826.0,0,0,0,1,0,0,0,0,1,0,0,1,1
14546,0033800002Uk963AAB,0.0,0,2390.0,372.0,0,0,0,0,1,0,0,0,1,0,0,1,1
14547,0033800002Uk9AUAAZ,0.0,0,1617.0,2191.0,0,0,0,0,1,0,0,0,0,1,1,0,1
14548,0033800002Uk9DOAAZ,0.0,0,0.0,8114.0,1,0,0,0,0,0,1,0,0,0,0,1,1
14549,0033800002Uk9LhAAJ,0.0,0,0.0,7369.0,0,1,0,0,0,0,1,0,0,0,0,1,0
14552,0033800002Uk9PFAAZ,0.0,0,9957.0,1003.0,0,1,0,0,0,0,1,0,0,0,0,1,1
14553,0033800002Uk9PoAAJ,0.0,90,173.0,11006.0,0,0,0,0,1,0,0,1,0,0,0,1,1
14554,0033800002Uk9S4AAJ,0.0,70,3650.0,3770.0,0,1,0,0,0,0,0,0,0,1,0,1,0
14556,0033800002Uk9VSAAZ,0.0,20,13446.0,545.0,0,0,0,1,0,1,0,0,0,0,0,1,1
14557,0033800002Uk9ohAAB,0.0,0,2687.0,2191.0,0,0,0,0,1,1,0,0,0,0,0,1,1
14563,0033800002UkBmOAAV,0.0,0,13.0,1426.0,0,0,0,1,0,0,0,0,1,0,0,1,1
14564,0033800002UkCBYAA3,0.0,60,2295.0,2765.0,0,0,0,1,0,0,0,0,0,1,1,0,0
14567,0033800002UkDNmAAN,0.0,40,3791.0,2921.0,0,0,0,1,0,0,0,0,0,1,1,0,0
14570,0033800002UkDnBAAV,0.0,60,962.0,8073.0,0,1,0,0,0,1,0,0,0,0,0,1,1
14571,0033800002UkDtxAAF,0.0,80,0.0,1716.0,0,0,0,0,1,0,1,0,0,0,0,1,1
14575,0033800002UkE7QAAV,0.0,80,234.0,4396.0,0,0,0,0,1,0,1,0,0,0,0,1,1
14588,0033800002UkFOmAAN,0.0,80,1860.0,821.0,0,1,0,0,0,0,1,0,0,0,0,1,0
14610,0033800002UkIJHAA3,0.0,0,989.0,1971.0,0,1,0,0,0,1,0,0,0,0,0,1,1
14615,0033800002UkIYbAAN,0.0,0,7943.0,1962.0,1,0,0,0,0,0,1,0,0,0,0,1,1
14616,0033800002UkIYlAAN,0.0,0,5966.0,1460.0,0,0,0,1,0,0,0,0,0,1,0,1,0
14618,0033800002UkIcdAAF,0.0,100,2090.0,1740.0,0,1,0,0,0,0,0,0,0,1,0,1,0
14619,0033800002UkIeZAAV,0.0,0,1223.0,448.0,0,1,0,0,0,0,1,0,0,0,0,1,1
14624,0033800002UkK6rAAF,0.0,100,281.0,3610.0,1,0,0,0,0,0,1,0,0,0,1,0,0
14626,0033800002UkKR1AAN,0.0,0,0.0,3058.0,0,0,0,1,0,0,1,0,0,0,0,1,1
14631,0033800002UkKR6AAN,0.0,0,0.0,6573.0,0,0,0,0,1,0,0,0,0,1,1,0,0
14649,0033800002UkKRPAA3,0.0,40,1938.0,1247.0,0,1,0,0,0,1,0,0,0,0,1,0,1
14650,0033800002UkKRQAA3,0.0,0,0.0,5193.0,0,0,0,1,0,0,1,0,0,0,1,0,1
14661,0033800002UkKRbAAN,0.0,0,1512.0,2587.0,0,0,0,1,0,0,1,0,0,0,0,1,0
14663,0033800002UkKRdAAN,0.0,0,0.0,3662.0,0,1,0,0,0,0,1,0,0,0,0,1,1
14664,0033800002UkKReAAN,0.0,0,1237.0,1900.0,0,0,0,1,0,0,1,0,0,0,0,1,1
14665,0033800002UkKRfAAN,0.0,0,2333.0,1728.0,0,0,0,1,0,0,1,0,0,0,0,1,1
14667,0033800002UkKRhAAN,0.0,0,455.0,2191.0,0,0,0,1,0,1,0,0,0,0,0,1,1
14668,0033800002UkKRiAAN,0.0,0,1725.0,1826.0,0,0,0,1,0,0,1,0,0,0,0,1,1
14669,0033800002UkKRjAAN,0.0,70,129.0,4700.0,0,1,0,0,0,0,1,0,0,0,0,1,1
14672,0033800002UkKRmAAN,0.0,0,0.0,3557.0,0,0,0,1,0,0,1,0,0,0,0,1,0
14674,0033800002UkKRoAAN,0.0,0,0.0,2914.0,0,0,0,0,1,0,0,0,0,1,0,1,1
14677,0033800002UkKRrAAN,0.0,60,2089.0,4018.0,0,1,0,0,0,0,1,0,0,0,0,1,0
14683,0033800002UkKRxAAN,0.0,0,418.0,7974.0,0,0,1,0,0,1,0,0,0,0,0,1,1
14686,0033800002UkKS0AAN,0.0,30,1238.0,8887.0,0,1,0,0,0,1,0,0,0,0,1,0,1
14691,0033800002UkKS5AAN,0.0,0,0.0,7334.0,0,1,0,0,0,0,0,0,0,1,1,0,1
14692,0033800002UkKS6AAN,0.0,0,0.0,3370.0,0,1,0,0,0,0,1,0,0,0,0,1,1
14693,0033800002UkKS7AAN,0.0,0,1910.0,4930.0,0,0,0,0,1,0,1,0,0,0,0,1,0
14695,0033800002UkKS9AAN,0.0,70,3517.0,909.0,0,1,0,0,0,0,0,0,1,0,0,1,1
14704,0033800002UkLIqAAN,0.0,40,26.0,3255.0,0,0,0,0,1,0,1,0,0,0,0,1,0
14706,0033800002UkLhHAAV,0.0,0,0.0,2785.0,0,0,0,1,0,0,1,0,0,0,0,1,0
14708,0033800002UkLhJAAV,0.0,0,0.0,7063.0,1,0,0,0,0,1,0,0,0,0,1,0,0
14713,0033800002UkLhPAAV,0.0,0,0.0,2910.0,0,0,0,0,1,1,0,0,0,0,0,1,1
14714,0033800002UkLhQAAV,0.0,0,0.0,7276.0,0,1,0,0,0,1,0,0,0,0,1,0,0
14715,0033800002UkLhRAAV,0.0,0,0.0,2117.0,0,0,0,1,0,0,1,0,0,0,1,0,0
14716,0033800002UkLhSAAV,0.0,0,0.0,7573.0,0,0,0,0,1,1,0,0,0,0,0,1,1
14717,0033800002UkLhTAAV,0.0,0,0.0,2190.0,0,0,0,1,0,1,0,0,0,0,0,1,0
14718,0033800002UkLhUAAV,0.0,0,0.0,3653.0,0,1,0,0,0,1,0,0,0,0,0,1,0
14720,0033800002UkLhWAAV,0.0,0,0.0,8245.0,0,0,0,0,1,1,0,0,0,0,0,1,1
14721,0033800002UkLhXAAV,0.0,0,0.0,7815.0,0,0,0,0,1,1,0,0,0,0,1,0,0
14722,0033800002UkLhYAAV,0.0,0,1054.0,7324.0,0,0,0,1,0,1,0,0,0,0,1,0,1
14725,0033800002UkLhcAAF,0.0,0,0.0,7335.0,0,0,0,1,0,1,0,0,0,0,0,1,1
14727,0033800002UkLjZAAV,0.0,0,1012.0,1230.0,0,1,0,0,0,0,1,0,0,0,1,0,1
14731,0033800002UkM7CAAV,0.0,0,962.0,2710.0,0,0,0,0,1,0,0,0,0,1,0,1,1
14732,0033800002UkMHYAA3,0.0,0,965.0,7051.0,0,1,0,0,0,0,1,0,0,0,0,1,1
14739,0033800002UkNiGAAV,0.0,40,1862.0,2554.0,0,1,0,0,0,0,1,0,0,0,0,1,1
14740,0033800002UkNpbAAF,0.0,80,790.0,2532.0,0,0,0,1,0,0,0,0,1,0,0,1,0
14746,0033800002UkOmOAAV,0.0,60,611.0,5508.0,1,0,0,0,0,0,1,0,0,0,0,1,1
14749,0033800002UkP8jAAF,0.0,80,1505.0,7374.0,0,0,0,0,1,1,0,0,0,0,0,1,0
14753,0033800002UkPMHAA3,0.0,10,24.0,1046.0,0,1,0,0,0,0,1,0,0,0,1,0,1
14754,0033800002UkPPWAA3,0.0,0,0.0,1846.0,0,1,0,0,0,0,0,0,0,1,1,0,1
14756,0033800002UkPSfAAN,0.0,0,7941.0,2922.0,1,0,0,0,0,1,0,0,0,0,1,0,1
14759,0033800002UkPutAAF,0.0,10,28.0,9148.0,1,0,0,0,0,0,1,0,0,0,0,1,1
14763,0033800002UkR0bAAF,0.0,30,843.0,2922.0,0,1,0,0,0,0,1,0,0,0,0,1,1
14764,0033800002UkR9JAAV,0.0,70,1095.0,1460.0,0,0,0,1,0,0,0,0,0,1,1,0,0
14765,0033800002UkRCrAAN,0.0,70,1095.0,5113.0,0,0,0,1,0,0,0,0,0,1,0,1,0
14768,0033800002UkRxOAAV,0.0,0,58.0,7319.0,1,0,0,0,0,0,0,0,0,1,0,1,1
14774,0033800002UkT6nAAF,0.0,0,0.0,7818.0,0,1,0,0,0,0,1,0,0,0,0,1,0
14775,0033800002UkTCRAA3,0.0,0,0.0,7904.0,0,0,0,0,1,0,1,0,0,0,0,1,0
14776,0033800002UkTFQAA3,0.0,0,0.0,8167.0,0,1,0,0,0,0,0,0,0,1,0,1,1
14777,0033800002UkTFRAA3,0.0,0,0.0,8432.0,0,0,0,1,0,0,0,0,0,1,0,1,1
14779,0033800002UkTFTAA3,0.0,0,0.0,8510.0,0,0,0,0,1,0,1,0,0,0,0,1,1
14780,0033800002UkTFUAA3,0.0,0,0.0,7349.0,0,0,0,0,1,0,1,0,0,0,1,0,1
14787,0033800002UkUCpAAN,0.0,0,11.0,1234.0,0,0,0,1,0,0,1,0,0,0,0,1,1
14788,0033800002UkUQdAAN,0.0,0,2468.0,4018.0,0,1,0,0,0,0,1,0,0,0,0,1,0
14790,0033800002UkUThAAN,0.0,0,10133.0,2921.0,0,1,0,0,0,0,1,0,0,0,0,1,0
14795,0033800002UkUg7AAF,0.0,0,0.0,5915.0,0,0,0,1,0,0,1,0,0,0,0,1,1
14796,0033800002UkUg8AAF,0.0,0,159.0,6506.0,0,0,0,1,0,0,1,0,0,0,0,1,1
14807,0033800002UkXDSAA3,0.0,90,105.0,7248.0,0,0,0,0,1,0,0,0,0,1,0,1,0
14808,0033800002UkXEuAAN,0.0,0,12526.0,1460.0,1,0,0,0,0,1,0,0,0,0,0,1,1
14810,0033800002UkXLMAA3,0.0,0,314.0,5113.0,0,0,0,1,0,0,0,0,0,1,0,1,0
14812,0033800002UkXgAAAV,0.0,20,3555.0,2922.0,1,0,0,0,0,0,0,0,0,1,1,0,1
14816,0033800002UkXmhAAF,0.0,0,455.0,11135.0,0,0,0,0,1,0,0,0,0,1,0,1,1
14818,0033800002UkY4gAAF,0.0,50,873.0,3011.0,0,1,0,0,0,0,1,0,0,0,1,0,1
14819,0033800002UkY6rAAF,0.0,0,166.0,420.0,0,0,0,1,0,0,1,0,0,0,0,1,1
14828,0033800002UkZOCAA3,0.0,50,1088.0,4454.0,0,1,0,0,0,0,1,0,0,0,0,1,0
14846,0033800002UkchlAAB,0.0,0,1070.0,4924.0,0,1,0,0,0,0,1,0,0,0,1,0,1
14854,0033800002UkdXDAAZ,0.0,0,0.0,365.0,0,0,0,1,0,0,0,0,0,1,0,1,0
14857,0033800002UkdszAAB,0.0,0,11744.0,827.0,1,0,0,0,0,0,1,0,0,0,0,1,0
14862,0033800002UkeWIAAZ,0.0,30,418.0,1752.0,0,0,0,1,0,0,0,0,0,1,0,1,1
14869,0033800002UkfSMAAZ,0.0,0,9311.0,1461.0,0,0,0,1,0,0,0,0,0,1,0,1,1
14870,0033800002UkfToAAJ,0.0,0,0.0,9805.0,0,0,0,1,0,0,1,0,0,0,0,1,0
14871,0033800002UkfjrAAB,0.0,0,3398.0,7506.0,0,0,0,0,1,0,1,0,0,0,1,0,0
14873,0033800002Ukg33AAB,0.0,0,173.0,3952.0,0,1,0,0,0,1,0,0,0,0,0,1,1
14876,0033800002UkgQCAAZ,0.0,0,0.0,2239.0,0,0,0,1,0,0,1,0,0,0,0,1,0
14877,0033800002UkgxfAAB,0.0,100,858.0,5021.0,0,1,0,0,0,0,1,0,0,0,0,1,1
14879,0033800002UkhWfAAJ,0.0,0,120.0,9518.0,1,0,0,0,0,0,1,0,0,0,0,1,1
14881,0033800002UkhyUAAR,0.0,0,58.0,1461.0,0,0,0,1,0,0,0,0,1,0,0,1,1
14882,0033800002UkiABAAZ,0.0,50,570.0,3615.0,0,0,0,1,0,0,1,0,0,0,0,1,1
14884,0033800002UkiZIAAZ,0.0,100,1077.0,4018.0,1,0,0,0,0,0,1,0,0,0,0,1,1
14887,0033800002UkjnWAAR,0.0,0,962.0,2936.0,1,0,0,0,0,0,0,0,1,0,0,1,1
14889,0033800002UkkEIAAZ,0.0,0,0.0,1823.0,0,1,0,0,0,1,0,0,0,0,0,1,1
14892,0033800002UkkELAAZ,0.0,0,0.0,2922.0,1,0,0,0,0,1,0,0,0,0,0,1,0
14893,0033800002UkkEMAAZ,0.0,0,0.0,2594.0,0,0,0,1,0,0,1,0,0,0,1,0,1
14894,0033800002UkkENAAZ,0.0,0,0.0,7322.0,0,0,0,0,1,1,0,0,0,0,0,1,0
14895,0033800002UkkEOAAZ,0.0,0,0.0,3521.0,0,0,0,0,1,1,0,0,0,0,1,0,0
14896,0033800002UkkEPAAZ,0.0,0,0.0,2192.0,0,0,0,1,0,1,0,0,0,0,0,1,0
14897,0033800002UkkEQAAZ,0.0,0,0.0,9497.0,1,0,0,0,0,1,0,0,0,0,1,0,0
14899,0033800002UkkETAAZ,0.0,0,2971.0,1461.0,0,1,0,0,0,0,0,0,1,0,0,1,1
14902,0033800002UkkEXAAZ,0.0,0,0.0,1567.0,0,0,0,1,0,1,0,0,0,0,0,1,1
14903,0033800002UkkEYAAZ,0.0,0,0.0,2710.0,0,0,0,1,0,1,0,0,0,0,0,1,1
14905,0033800002UkkEaAAJ,0.0,0,0.0,7288.0,1,0,0,0,0,1,0,0,0,0,0,1,0
14907,0033800002UkkEcAAJ,0.0,0,0.0,10002.0,0,0,0,1,0,1,0,0,0,0,0,1,1
14908,0033800002UkkEdAAJ,0.0,0,0.0,5057.0,0,1,0,0,0,1,0,0,0,0,1,0,0
14909,0033800002UkkEeAAJ,0.0,0,0.0,7305.0,1,0,0,0,0,1,0,0,0,0,0,1,0
14910,0033800002UkkEfAAJ,0.0,0,0.0,10964.0,0,0,0,0,1,1,0,0,0,0,0,1,1
14917,0033800002UkkcrAAB,0.0,0,9756.0,4145.0,0,1,0,0,0,1,0,0,0,0,1,0,0
14922,0033800002UkkvyAAB,0.0,0,1495.0,2375.0,0,1,0,0,0,0,1,0,0,0,0,1,1
14927,0033800002UklmoAAB,0.0,0,263.0,4632.0,0,0,0,0,1,0,1,0,0,0,0,1,1
14943,0033800002Uko83AAB,0.0,0,129.0,3652.0,1,0,0,0,0,0,1,0,0,0,0,1,1
14944,0033800002Uko8DAAR,0.0,60,3657.0,1333.0,0,0,0,1,0,0,1,0,0,0,0,1,0
14963,0033800002UkruWAAR,0.0,0,885.0,6311.0,0,0,0,0,1,0,1,0,0,0,0,1,1
14964,0033800002UkrwrAAB,0.0,90,3182.0,4201.0,0,0,0,1,0,0,1,0,0,0,0,1,1
14967,0033800002UksSjAAJ,0.0,0,0.0,5649.0,0,0,0,1,0,0,0,0,1,0,0,1,0
14968,0033800002UksUVAAZ,0.0,0,1051.0,4152.0,0,0,0,1,0,0,0,0,1,0,1,0,0
14969,0033800002UksXeAAJ,0.0,0,3664.0,484.0,0,1,0,0,0,1,0,0,0,0,1,0,1
14981,0033800002UkuuAAAR,0.0,0,12855.0,1460.0,0,0,0,0,1,1,0,0,0,0,0,1,0
14982,0033800002UkvE9AAJ,0.0,0,706.0,9893.0,0,1,0,0,0,0,1,0,0,0,0,1,1
14987,0033800002UkvwnAAB,0.0,0,503.0,2555.0,0,0,0,1,0,0,1,0,0,0,1,0,1
14996,0033800002UkyywAAB,0.0,10,1123.0,2222.0,0,1,0,0,0,1,0,0,0,0,1,0,1
15000,0033800002Ukz9QAAR,0.0,70,684.0,1931.0,0,0,0,1,0,0,1,0,0,0,0,1,0
15002,0033800002UkzE1AAJ,0.0,0,0.0,4177.0,0,1,0,0,0,0,1,0,0,0,0,1,0
15004,0033800002UkzGgAAJ,0.0,0,483.0,3457.0,0,1,0,0,0,1,0,0,0,0,0,1,1
15008,0033800002UkzjTAAR,0.0,80,254.0,1188.0,0,1,0,0,0,0,1,0,0,0,0,1,1
15010,0033800002Ul0peAAB,0.0,0,0.0,7335.0,0,0,0,1,0,0,1,0,0,0,1,0,1
15011,0033800002Ul0pfAAB,0.0,0,0.0,7365.0,0,1,0,0,0,0,1,0,0,0,1,0,1
15015,0033800002Ul0pjAAB,0.0,0,52.0,1460.0,0,0,0,1,0,0,0,0,1,0,1,0,1
15016,0033800002Ul0pkAAB,0.0,10,8305.0,7671.0,0,0,0,0,1,0,0,0,0,1,0,1,1
15018,0033800002Ul0pmAAB,0.0,0,83.0,732.0,0,0,0,1,0,0,1,0,0,0,0,1,0
15021,0033800002Ul0ppAAB,0.0,100,533.0,5036.0,0,0,0,1,0,0,1,0,0,0,0,1,1
15024,0033800002Ul0psAAB,0.0,80,524.0,8447.0,0,0,0,1,0,0,1,0,0,0,0,1,0
15025,0033800002Ul0puAAB,0.0,0,1371.0,8485.0,0,1,0,0,0,1,0,0,0,0,0,1,1
15026,0033800002Ul0pvAAB,0.0,0,59.0,2926.0,0,0,0,1,0,0,1,0,0,0,0,1,1
15027,0033800002Ul0pwAAB,0.0,0,8809.0,1473.0,0,0,0,1,0,0,0,0,1,0,0,1,1
15039,0033800002Ul0q8AAB,0.0,0,40278.0,3.0,1,0,0,0,0,0,0,0,1,0,0,1,1
15040,0033800002Ul0q9AAB,0.0,0,40265.0,4.0,0,0,0,1,0,0,0,0,1,0,0,1,1
15041,0033800002Ul0qAAAR,0.0,0,446.0,2595.0,0,0,0,1,0,0,0,0,1,0,0,1,1
15042,0033800002Ul0qBAAR,0.0,0,0.0,1414.0,0,0,0,1,0,0,0,0,1,0,0,1,0
15043,0033800002Ul0qCAAR,0.0,0,0.0,7733.0,0,1,0,0,0,0,0,0,1,0,0,1,1
15044,0033800002Ul0qDAAR,0.0,0,0.0,1827.0,0,0,0,1,0,0,0,0,1,0,0,1,0
15045,0033800002Ul0qEAAR,0.0,0,301.0,3470.0,0,0,0,1,0,0,0,0,1,0,0,1,1
15048,0033800002Ul0qHAAR,0.0,0,0.0,1461.0,0,0,0,1,0,0,0,0,1,0,0,1,1
15053,0033800002Ul0qMAAR,0.0,0,0.0,84.0,0,0,0,1,0,0,0,0,1,0,0,1,0
15061,0033800002Ul0qUAAR,0.0,0,0.0,9571.0,0,1,0,0,0,0,0,0,1,0,0,1,1
15062,0033800002Ul0tGAAR,0.0,0,0.0,10958.0,1,0,0,0,0,1,0,0,0,0,0,1,1
15064,0033800002Ul10bAAB,0.0,10,2096.0,1460.0,0,0,0,1,0,0,0,0,1,0,0,1,0
15070,0033800002Ul50jAAB,0.0,80,15.0,3696.0,1,0,0,0,0,0,1,0,0,0,1,0,0
15075,0033800002Ul6tBAAR,0.0,0,1165.0,2947.0,0,1,0,0,0,0,0,0,1,0,0,1,1
15076,0033800002Ul6wjAAB,0.0,20,3268.0,3484.0,0,0,0,1,0,1,0,0,0,0,0,1,0
15078,0033800002Ul7c1AAB,0.0,0,4.0,2095.0,0,1,0,0,0,0,1,0,0,0,1,0,1
15080,0033800002Ul7qNAAR,0.0,0,5.0,8465.0,0,1,0,0,0,1,0,0,0,0,0,1,1
15081,0033800002Ul87EAAR,0.0,0,0.0,8450.0,0,1,0,0,0,0,1,0,0,0,0,1,0
15082,0033800002Ul8DHAAZ,0.0,0,1180.0,5667.0,0,0,0,0,1,0,1,0,0,0,0,1,0
15086,0033800002Ul9XIAAZ,0.0,60,0.0,8035.0,1,0,0,0,0,0,1,0,0,0,0,1,1
15088,0033800002Ul9gtAAB,0.0,0,2425.0,1460.0,0,0,0,0,1,0,0,0,1,0,0,1,0
15089,0033800002Ul9rmAAB,0.0,0,0.0,4592.0,0,1,0,0,0,0,1,0,0,0,0,1,0
15090,0033800002Ul9v0AAB,0.0,100,247.0,8929.0,0,0,0,0,1,0,1,0,0,0,1,0,1
15091,0033800002Ul9voAAB,0.0,0,2348.0,1044.0,0,0,0,1,0,0,1,0,0,0,0,1,1
15097,0033800002UlAIBAA3,0.0,0,1222.0,7364.0,0,1,0,0,0,0,1,0,0,0,1,0,0
15098,0033800002UlCT6AAN,0.0,0,73.0,5503.0,0,1,0,0,0,0,0,0,1,0,1,0,0
15102,0033800002UlE0uAAF,0.0,30,4502.0,860.0,1,0,0,0,0,1,0,0,0,0,0,1,0
15108,0033800002UlF9OAAV,0.0,0,4674.0,2160.0,0,1,0,0,0,1,0,0,0,0,1,0,1
15109,0033800002UlFMLAA3,0.0,30,0.0,149.0,0,0,0,1,0,0,1,0,0,0,0,1,1
15110,0033800002UlFMMAA3,0.0,100,0.0,5088.0,0,1,0,0,0,0,1,0,0,0,0,1,0
15112,0033800002UlFMOAA3,0.0,0,0.0,7454.0,0,1,0,0,0,0,1,0,0,0,1,0,0
15113,0033800002UlFMPAA3,0.0,0,0.0,1715.0,0,0,0,1,0,0,1,0,0,0,0,1,0
15114,0033800002UlFMQAA3,0.0,0,0.0,5398.0,0,0,0,1,0,0,1,0,0,0,0,1,0
15116,0033800002UlFMSAA3,0.0,0,0.0,1827.0,1,0,0,0,0,0,1,0,0,0,0,1,0
15118,0033800002UlFMUAA3,0.0,0,0.0,2191.0,0,1,0,0,0,0,1,0,0,0,0,1,1
15119,0033800002UlFMVAA3,0.0,10,19.0,6919.0,1,0,0,0,0,1,0,0,0,0,1,0,0
15120,0033800002UlFMWAA3,0.0,0,0.0,2711.0,0,0,0,1,0,0,1,0,0,0,0,1,1
15121,0033800002UlFMXAA3,0.0,0,0.0,1102.0,0,0,0,1,0,0,1,0,0,0,0,1,1
15124,0033800002UlFMaAAN,0.0,0,0.0,10089.0,0,0,0,0,1,0,1,0,0,0,1,0,0
15131,0033800002UlFPvAAN,0.0,0,54.0,7477.0,0,1,0,0,0,0,1,0,0,0,0,1,1
15134,0033800002UlFPyAAN,0.0,0,0.0,7244.0,0,1,0,0,0,1,0,0,0,0,1,0,1
15138,0033800002UlFQ2AAN,0.0,0,0.0,8768.0,0,1,0,0,0,0,1,0,0,0,0,1,0
15139,0033800002UlFQ3AAN,0.0,0,0.0,2813.0,0,1,0,0,0,0,1,0,0,0,0,1,1
15142,0033800002UlFQ6AAN,0.0,0,0.0,1229.0,0,1,0,0,0,0,1,0,0,0,0,1,0
15148,0033800002UlFQCAA3,0.0,0,393.0,5840.0,0,1,0,0,0,0,1,0,0,0,1,0,1
15154,0033800002UlFuhAAF,0.0,0,47.0,1388.0,0,0,0,1,0,0,0,0,0,1,1,0,0
15155,0033800002UlFuiAAF,0.0,0,0.0,1825.0,0,0,0,1,0,0,0,0,0,1,1,0,1
15158,0033800002UlFulAAF,0.0,80,0.0,1462.0,0,0,0,1,0,0,0,0,1,0,0,1,0
15159,0033800002UlFumAAF,0.0,50,0.0,825.0,0,0,0,1,0,0,0,0,1,0,0,1,1
15160,0033800002UlFunAAF,0.0,0,0.0,1826.0,0,0,0,1,0,0,0,0,1,0,0,1,1
15161,0033800002UlFuoAAF,0.0,0,0.0,1826.0,0,0,0,1,0,0,0,0,1,0,1,0,0
15171,0033800002UlGLyAAN,0.0,0,1308.0,1732.0,0,1,0,0,0,0,1,0,0,0,0,1,1
15173,0033800002UlGXQAA3,0.0,90,1649.0,8038.0,0,1,0,0,0,0,0,0,0,1,0,1,1
15180,0033800002UlICjAAN,0.0,0,293.0,2362.0,0,1,0,0,0,0,1,0,0,0,0,1,0
15184,0033800002UlIydAAF,0.0,0,0.0,2960.0,1,0,0,0,0,0,1,0,0,0,1,0,1
15186,0033800002UlLF7AAN,0.0,50,1091.0,1648.0,1,0,0,0,0,0,1,0,0,0,1,0,0
15190,0033800002UlLYPAA3,0.0,0,116.0,2439.0,0,0,0,0,1,0,1,0,0,0,0,1,1
15191,0033800002UlLZ8AAN,0.0,0,1422.0,1585.0,0,0,0,1,0,0,1,0,0,0,0,1,1
15193,0033800002UlLazAAF,0.0,70,989.0,2921.0,0,0,0,1,0,0,1,0,0,0,0,1,1
15223,0033800002UlQAtAAN,0.0,0,87.0,1826.0,0,0,0,1,0,0,1,0,0,0,0,1,0
15224,0033800002UlQSTAA3,0.0,0,1580.0,2669.0,0,1,0,0,0,0,0,0,0,1,1,0,1
15250,0033800002UlVTsAAN,0.0,0,26.0,2587.0,0,0,0,1,0,0,0,0,0,1,0,1,0
15253,0033800002UlWC5AAN,0.0,10,641.0,1826.0,0,0,0,1,0,0,0,0,1,0,1,0,1
15278,0033800002UlagGAAR,0.0,0,0.0,9960.0,0,0,0,1,0,0,1,0,0,0,0,1,1
15279,0033800002UlagHAAR,0.0,0,0.0,1703.0,0,0,0,1,0,0,1,0,0,0,1,0,1
15283,0033800002Ulav0AAB,0.0,90,736.0,9364.0,0,0,0,1,0,0,0,1,0,0,0,1,0
15297,0033800002VbwbOAAR,0.0,0,7087.0,10958.0,0,1,0,0,0,0,0,0,0,1,0,1,0
15299,0033800002VbwbQAAR,0.0,0,8938.0,913.0,0,1,0,0,0,0,1,0,0,0,0,1,1
15300,0033800002VbwbRAAR,0.0,0,0.0,7305.0,0,0,0,1,0,0,0,0,1,0,0,1,1
15305,0033800002VbwbWAAR,0.0,0,0.0,2922.0,0,1,0,0,0,0,1,0,0,0,0,1,0
15307,0033800002VbwbYAAR,0.0,0,0.0,2892.0,0,1,0,0,0,0,1,0,0,0,0,1,1
15309,0033800002VbwbbAAB,0.0,0,1427.0,8216.0,0,1,0,0,0,0,1,0,0,0,0,1,0
15312,0033800002VbwbeAAB,0.0,0,0.0,7321.0,1,0,0,0,0,0,1,0,0,0,0,1,1
15313,0033800002VbwbfAAB,0.0,0,1269.0,1909.0,0,1,0,0,0,0,0,0,1,0,0,1,1
15314,0033800002VbwbgAAB,0.0,0,5489.0,1461.0,1,0,0,0,0,0,1,0,0,0,0,1,1
15316,0033800002VbwbiAAB,0.0,0,9637.0,2356.0,0,1,0,0,0,0,0,0,1,0,0,1,1
15318,0033800002VbwbkAAB,0.0,0,25.0,1514.0,0,1,0,0,0,0,0,0,0,1,1,0,1
15321,0033800002VbwbnAAB,0.0,0,0.0,2183.0,0,0,0,1,0,1,0,0,0,0,1,0,1
15322,0033800002VbwboAAB,0.0,60,749.0,4649.0,0,0,0,1,0,0,1,0,0,0,0,1,1
15332,0033800002VbxNtAAJ,0.0,80,941.0,2809.0,0,0,0,1,0,0,1,0,0,0,0,1,0
15334,0033800002VbxRhAAJ,0.0,0,0.0,5540.0,0,1,0,0,0,0,1,0,0,0,0,1,0
15336,0033800002VbxRjAAJ,0.0,0,0.0,4672.0,0,0,0,1,0,0,1,0,0,0,0,1,1
15338,0033800002VbxRlAAJ,0.0,0,0.0,8401.0,0,1,0,0,0,0,1,0,0,0,0,1,1
15339,0033800002VbxRmAAJ,0.0,0,26.0,7576.0,0,0,0,1,0,0,0,0,1,0,1,0,1
15341,0033800002VbxnyAAB,0.0,80,208.0,2833.0,0,1,0,0,0,0,1,0,0,0,0,1,1
15342,0033800002VbyeQAAR,0.0,0,0.0,9676.0,0,0,0,0,1,0,1,0,0,0,1,0,0
15352,0033800002Vc07jAAB,0.0,10,4084.0,2579.0,1,0,0,0,0,0,1,0,0,0,0,1,1
15353,0033800002Vc0EkAAJ,0.0,80,445.0,1801.0,0,0,0,1,0,0,1,0,0,0,0,1,0
15354,0033800002Vc1WzAAJ,0.0,0,151.0,3070.0,0,1,0,0,0,0,1,0,0,0,1,0,1
15358,0033800002Vc1zfAAB,0.0,0,1270.0,1977.0,0,1,0,0,0,0,0,0,0,1,1,0,1
15359,0033800002Vc22ZAAR,0.0,70,777.0,1461.0,0,0,0,0,1,0,1,0,0,0,1,0,1
15362,0033800002Vc3GxAAJ,0.0,0,336.0,7315.0,1,0,0,0,0,0,1,0,0,0,0,1,0
15364,0033800002Vc3nHAAR,0.0,0,0.0,3905.0,1,0,0,0,0,0,1,0,0,0,1,0,0
15367,0033800002Vc44DAAR,0.0,0,0.0,7796.0,0,1,0,0,0,0,0,0,0,1,0,1,0
15369,0033800002Vc4pvAAB,0.0,30,3920.0,1325.0,0,1,0,0,0,0,1,0,0,0,1,0,1
15373,0033800002Vc5TOAAZ,0.0,80,2465.0,3331.0,0,0,0,0,1,0,1,0,0,0,0,1,0
15375,0033800002Vc5TtAAJ,0.0,0,0.0,11590.0,0,0,0,0,1,1,0,0,0,0,0,1,1
15376,0033800002Vc5TuAAJ,0.0,0,0.0,7325.0,0,0,0,0,1,1,0,0,0,0,0,1,1
15377,0033800002Vc5TvAAJ,0.0,0,0.0,8094.0,1,0,0,0,0,1,0,0,0,0,0,1,1
15378,0033800002Vc5TwAAJ,0.0,0,0.0,7321.0,0,0,0,0,1,1,0,0,0,0,0,1,0
15380,0033800002Vc5TyAAJ,0.0,0,0.0,8311.0,1,0,0,0,0,1,0,0,0,0,0,1,1
15381,0033800002Vc5TzAAJ,0.0,0,0.0,9528.0,0,1,0,0,0,1,0,0,0,0,0,1,1
15382,0033800002Vc5U1AAJ,0.0,0,0.0,8631.0,0,1,0,0,0,1,0,0,0,0,0,1,0
15383,0033800002Vc5U2AAJ,0.0,0,0.0,7606.0,0,1,0,0,0,1,0,0,0,0,0,1,1
15384,0033800002Vc5U3AAJ,0.0,0,0.0,2176.0,1,0,0,0,0,1,0,0,0,0,1,0,0
15386,0033800002Vc5jOAAR,0.0,0,0.0,3514.0,1,0,0,0,0,0,1,0,0,0,0,1,0
15389,0033800002Vc5jRAAR,0.0,0,0.0,7512.0,0,0,0,0,1,0,1,0,0,0,1,0,1
15390,0033800002Vc5jSAAR,0.0,0,0.0,10066.0,0,0,0,1,0,0,1,0,0,0,0,1,1
15392,0033800002Vc5jUAAR,0.0,0,0.0,5768.0,0,0,0,1,0,0,1,0,0,0,0,1,0
15395,0033800002Vc5jYAAR,0.0,0,0.0,11472.0,0,1,0,0,0,0,1,0,0,0,0,1,1
15397,0033800002Vc5jaAAB,0.0,0,0.0,8429.0,0,0,0,1,0,0,1,0,0,0,0,1,0
15402,0033800002Vc5jfAAB,0.0,0,0.0,10691.0,0,1,0,0,0,0,1,0,0,0,1,0,0
15411,0033800002Vc5jpAAB,0.0,0,0.0,5938.0,1,0,0,0,0,0,1,0,0,0,0,1,1
15414,0033800002Vc5yPAAR,0.0,0,8778.0,1112.0,1,0,0,0,0,0,0,0,0,1,0,1,1
15417,0033800002Vc6uwAAB,0.0,0,0.0,7441.0,0,0,0,1,0,0,1,0,0,0,0,1,1
15418,0033800002Vc6uxAAB,0.0,0,0.0,3869.0,1,0,0,0,0,0,1,0,0,0,0,1,0
15421,0033800002Vc6v1AAB,0.0,0,0.0,10447.0,1,0,0,0,0,0,1,0,0,0,0,1,1
15424,0033800002Vc6v4AAB,0.0,0,0.0,7312.0,0,1,0,0,0,0,1,0,0,0,0,1,0
15426,0033800002Vc6v6AAB,0.0,0,0.0,4406.0,0,1,0,0,0,0,1,0,0,0,0,1,0
15428,0033800002Vc6v8AAB,0.0,0,1467.0,1171.0,1,0,0,0,0,0,1,0,0,0,1,0,1
15434,0033800002Vc71aAAB,0.0,10,3382.0,9302.0,0,0,0,0,1,0,0,0,0,1,0,1,1
15436,0033800002Vc7TAAAZ,0.0,80,1798.0,7681.0,0,0,0,0,1,0,1,0,0,0,0,1,1
15437,0033800002Vc7U4AAJ,0.0,0,2317.0,1204.0,0,1,0,0,0,0,0,0,0,1,1,0,1
15438,0033800002Vc7d5AAB,0.0,80,364.0,1533.0,0,0,0,1,0,0,1,0,0,0,1,0,0
15439,0033800002Vc7jIAAR,0.0,50,429.0,7354.0,1,0,0,0,0,1,0,0,0,0,0,1,1
15440,0033800002Vc7lKAAR,0.0,0,188.0,4633.0,0,0,0,1,0,0,1,0,0,0,0,1,1
15441,0033800002Vc878AAB,0.0,80,0.0,2277.0,0,1,0,0,0,0,0,0,1,0,0,1,1
15442,0033800002Vc8C8AAJ,0.0,80,275.0,6255.0,0,0,0,0,1,0,0,0,1,0,0,1,0
15443,0033800002Vc8IkAAJ,0.0,10,557.0,3125.0,0,0,0,0,1,1,0,0,0,0,0,1,1
15444,0033800002Vc8XQAAZ,0.0,0,429.0,2921.0,0,0,0,0,1,0,1,0,0,0,0,1,1
15445,0033800002Vc8e2AAB,0.0,70,9075.0,35863.0,0,0,0,0,1,0,1,0,0,0,0,1,1
15449,0033800002Vc9iNAAR,0.0,60,1554.0,7322.0,0,1,0,0,0,0,0,0,0,1,0,1,0
15460,0033800002VcC0tAAF,0.0,70,2095.0,2315.0,0,1,0,0,0,0,1,0,0,0,0,1,1
15472,0033800002VcDOXAA3,0.0,0,0.0,9344.0,0,0,0,1,0,0,1,0,0,0,0,1,1
15473,0033800002VcDOYAA3,0.0,0,0.0,3774.0,0,0,0,1,0,0,1,0,0,0,0,1,0
15474,0033800002VcDOaAAN,0.0,0,0.0,2280.0,0,0,0,1,0,0,1,0,0,0,0,1,1
15477,0033800002VcDOdAAN,0.0,0,0.0,2509.0,0,0,0,1,0,0,1,0,0,0,0,1,1
15479,0033800002VcDOgAAN,0.0,0,0.0,125.0,0,0,0,1,0,0,1,0,0,0,0,1,0
15484,0033800002VcE4EAAV,0.0,0,3652.0,8325.0,0,0,0,0,1,0,1,0,0,0,0,1,0
15487,0033800002VcEVVAA3,0.0,0,4212.0,704.0,0,1,0,0,0,1,0,0,0,0,0,1,1
15494,0033800002VcFQ5AAN,0.0,30,0.0,7677.0,0,0,0,1,0,0,1,0,0,0,1,0,0
15517,0033800002VcKaXAAV,0.0,0,0.0,2730.0,1,0,0,0,0,0,0,0,0,1,1,0,1
15525,0033800002VcLlcAAF,0.0,0,76.0,2366.0,0,0,0,1,0,0,1,0,0,0,1,0,0
15531,0033800002VcMquAAF,0.0,0,71.0,3116.0,0,1,0,0,0,0,1,0,0,0,0,1,1
15534,0033800002VcN3JAAV,0.0,0,0.0,7395.0,0,0,0,1,0,0,0,0,1,0,0,1,1
15539,0033800002VcNZNAA3,0.0,70,5.0,1191.0,1,0,0,0,0,0,0,0,0,1,1,0,1
15541,0033800002VcOfpAAF,0.0,0,6001.0,1460.0,0,0,0,1,0,1,0,0,0,0,1,0,0
15553,0033800002VcReKAAV,0.0,100,575.0,4702.0,0,1,0,0,0,0,1,0,0,0,0,1,1
15555,0033800002VcRouAAF,0.0,0,34.0,329.0,0,0,0,0,1,1,0,0,0,0,0,1,0
15572,0033800002VcUjvAAF,0.0,0,517.0,2191.0,0,0,0,1,0,1,0,0,0,0,0,1,1
15576,0033800002VcVBCAA3,0.0,0,8546.0,1096.0,0,0,0,1,0,0,1,0,0,0,0,1,0
15585,0033800002VcVpGAAV,0.0,0,248.0,1461.0,0,1,0,0,0,0,0,0,0,1,1,0,0
15589,0033800002VcW1gAAF,0.0,0,224.0,3848.0,0,0,0,1,0,0,1,0,0,0,0,1,0
15590,0033800002VcW1vAAF,0.0,0,0.0,8693.0,1,0,0,0,0,1,0,0,0,0,0,1,0
15593,0033800002VcW3rAAF,0.0,0,59.0,2412.0,0,0,0,1,0,0,1,0,0,0,0,1,1
15595,0033800002VcW6bAAF,0.0,0,3594.0,1487.0,0,0,0,1,0,0,1,0,0,0,0,1,1
15602,0033800002VcXy5AAF,0.0,0,5233.0,1782.0,0,0,0,0,1,0,0,0,1,0,1,0,1
15603,0033800002VcY4SAAV,0.0,0,246.0,2922.0,0,0,0,1,0,0,0,0,0,1,0,1,1
15604,0033800002VcY4TAAV,0.0,0,29.0,8034.0,0,0,0,0,1,0,0,0,1,0,0,1,1
15606,0033800002VcY4WAAV,0.0,0,0.0,7336.0,0,0,0,1,0,0,0,0,1,0,0,1,1
15607,0033800002VcY4XAAV,0.0,0,0.0,2182.0,0,0,0,1,0,0,0,0,1,0,0,1,1
15609,0033800002VcY4ZAAV,0.0,0,0.0,1826.0,0,0,0,1,0,0,0,0,1,0,0,1,1
15610,0033800002VcY4aAAF,0.0,0,0.0,1427.0,0,0,0,1,0,0,0,0,1,0,1,0,0
15612,0033800002VcY4cAAF,0.0,0,0.0,4779.0,0,1,0,0,0,0,0,0,1,0,0,1,0
15616,0033800002VcY4gAAF,0.0,0,0.0,1569.0,0,1,0,0,0,0,0,0,1,0,0,1,0
15635,0033800002VcY50AAF,0.0,10,10679.0,1216.0,0,1,0,0,0,0,1,0,0,0,0,1,0
15636,0033800002VcY51AAF,0.0,80,626.0,3924.0,0,1,0,0,0,0,1,0,0,0,0,1,0
15637,0033800002VcY52AAF,0.0,80,3197.0,8197.0,0,0,0,0,1,0,1,0,0,0,0,1,1
15641,0033800002VcY56AAF,0.0,0,66.0,3157.0,0,1,0,0,0,0,1,0,0,0,0,1,1
15644,0033800002VcY59AAF,0.0,0,0.0,1081.0,0,0,0,1,0,0,1,0,0,0,1,0,1
15645,0033800002VcY5AAAV,0.0,0,0.0,9276.0,0,0,0,1,0,0,1,0,0,0,1,0,0
15646,0033800002VcY5BAAV,0.0,0,0.0,10742.0,0,0,0,1,0,0,1,0,0,0,0,1,1
15648,0033800002VcY5DAAV,0.0,0,0.0,3322.0,0,0,0,1,0,0,1,0,0,0,0,1,0
15649,0033800002VcY5EAAV,0.0,0,0.0,1206.0,0,0,0,1,0,0,1,0,0,0,0,1,1
15650,0033800002VcY5FAAV,0.0,0,0.0,8175.0,1,0,0,0,0,0,1,0,0,0,0,1,1
15652,0033800002VcY5HAAV,0.0,0,0.0,4852.0,0,0,0,1,0,0,1,0,0,0,0,1,1
15653,0033800002VcY5IAAV,0.0,0,0.0,1959.0,0,0,0,1,0,0,1,0,0,0,0,1,1
15659,0033800002VcY5OAAV,0.0,0,0.0,2254.0,0,0,0,1,0,0,1,0,0,0,0,1,1
15661,0033800002VcY5QAAV,0.0,0,0.0,9858.0,0,0,0,0,1,0,1,0,0,0,0,1,0
15663,0033800002VcY5SAAV,0.0,40,0.0,7305.0,0,0,0,1,0,0,1,0,0,0,0,1,1
15665,0033800002VcY5UAAV,0.0,0,0.0,4296.0,0,0,0,1,0,0,1,0,0,0,0,1,0
15666,0033800002VcY5VAAV,0.0,0,0.0,1277.0,0,0,0,1,0,0,1,0,0,0,0,1,1
15669,0033800002VcY5YAAV,0.0,0,0.0,5260.0,0,0,0,1,0,0,1,0,0,0,0,1,1
15671,0033800002VcY5aAAF,0.0,0,0.0,1460.0,0,1,0,0,0,0,1,0,0,0,0,1,0
15673,0033800002VcY5cAAF,0.0,0,33.0,4017.0,0,1,0,0,0,0,1,0,0,0,0,1,1
15676,0033800002VcY5fAAF,0.0,0,12512.0,353.0,0,1,0,0,0,0,1,0,0,0,1,0,0
15679,0033800002VcY5iAAF,0.0,0,0.0,2464.0,0,0,0,1,0,0,1,0,0,0,0,1,0
15683,0033800002VcY5mAAF,0.0,80,1089.0,1458.0,0,1,0,0,0,0,1,0,0,0,0,1,0
15684,0033800002VcY5nAAF,0.0,0,0.0,8200.0,0,0,0,1,0,1,0,0,0,0,0,1,1
15685,0033800002VcY5oAAF,0.0,0,1.0,10851.0,0,0,0,1,0,0,1,0,0,0,0,1,1
15687,0033800002VcY5qAAF,0.0,0,0.0,1862.0,0,0,0,1,0,0,1,0,0,0,0,1,0
15694,0033800002VcY5xAAF,0.0,0,1157.0,1584.0,0,0,0,1,0,0,1,0,0,0,0,1,1
15695,0033800002VcY5yAAF,0.0,0,0.0,12615.0,0,0,0,0,1,0,0,0,1,0,0,1,1
15700,0033800002VcY64AAF,0.0,0,762.0,9466.0,0,0,0,1,0,0,1,0,0,0,0,1,1
15703,0033800002VcY67AAF,0.0,0,0.0,7547.0,1,0,0,0,0,0,1,0,0,0,0,1,0
15712,0033800002VcY7iAAF,0.0,0,1121.0,1224.0,1,0,0,0,0,0,1,0,0,0,0,1,1
15713,0033800002VcY8eAAF,0.0,0,2129.0,5514.0,0,1,0,0,0,0,0,0,0,1,0,1,0
15715,0033800002VcY8pAAF,0.0,0,732.0,2189.0,0,1,0,0,0,0,1,0,0,0,1,0,1
15718,0033800002VcYc0AAF,0.0,0,0.0,3174.0,0,1,0,0,0,0,1,0,0,0,0,1,1
15719,0033800002VcYqlAAF,0.0,0,1227.0,2038.0,0,0,0,1,0,0,0,0,0,1,0,1,0
15721,0033800002VcZ10AAF,0.0,100,957.0,2610.0,0,1,0,0,0,0,1,0,0,0,1,0,1
15723,0033800002VcZ3BAAV,0.0,0,668.0,4634.0,0,0,0,1,0,0,1,0,0,0,0,1,0
15727,0033800002VcZcfAAF,0.0,0,558.0,6261.0,0,0,0,1,0,0,1,0,0,0,0,1,1
15730,0033800002VcaK0AAJ,0.0,60,176.0,7730.0,0,1,0,0,0,0,1,0,0,0,0,1,0
15731,0033800002VcaUmAAJ,0.0,0,666.0,2049.0,0,0,0,1,0,0,1,0,0,0,0,1,1
15732,0033800002VcaYPAAZ,0.0,0,3811.0,1461.0,0,1,0,0,0,0,0,0,0,1,0,1,0
15734,0033800002VcadFAAR,0.0,0,879.0,2446.0,1,0,0,0,0,0,1,0,0,0,0,1,1
15737,0033800002Vcbx1AAB,0.0,0,164.0,1207.0,0,0,0,1,0,0,1,0,0,0,0,1,0
15739,0033800002VccG3AAJ,0.0,0,103.0,7327.0,1,0,0,0,0,0,1,0,0,0,0,1,1
15741,0033800002VccGDAAZ,0.0,0,2387.0,2146.0,1,0,0,0,0,0,1,0,0,0,0,1,1
15744,0033800002Vce7VAAR,0.0,0,11.0,2863.0,1,0,0,0,0,0,1,0,0,0,0,1,1
15747,0033800002VceTUAAZ,0.0,0,440.0,1211.0,0,0,0,1,0,0,1,0,0,0,0,1,1
15752,0033800002VcfBEAAZ,0.0,0,9182.0,1461.0,0,0,0,1,0,0,0,0,0,1,0,1,0
15754,0033800002VcfQ5AAJ,0.0,0,0.0,2008.0,0,0,0,0,1,1,0,0,0,0,0,1,1
15757,0033800002VcfhiAAB,0.0,0,77.0,10387.0,0,0,0,0,1,0,1,0,0,0,0,1,1
15760,0033800002VcfhlAAB,0.0,0,0.0,7138.0,0,1,0,0,0,0,1,0,0,0,1,0,0
15761,0033800002VcfhmAAB,0.0,20,0.0,6242.0,0,0,0,1,0,0,1,0,0,0,1,0,1
15767,0033800002VcfhsAAB,0.0,0,34.0,7712.0,0,0,0,1,0,0,1,0,0,0,0,1,1
15768,0033800002VcfhtAAB,0.0,0,0.0,7360.0,0,1,0,0,0,0,1,0,0,0,0,1,1
15769,0033800002VcfhuAAB,0.0,0,0.0,10745.0,0,0,0,0,1,0,1,0,0,0,0,1,1
15772,0033800002VcfhxAAB,0.0,0,0.0,517.0,0,0,0,1,0,0,1,0,0,0,0,1,0
15773,0033800002VcfhyAAB,0.0,0,0.0,5216.0,0,0,0,1,0,0,1,0,0,0,0,1,0
15776,0033800002Vcfi2AAB,0.0,0,0.0,10319.0,0,0,1,0,0,0,1,0,0,0,0,1,1
15777,0033800002Vcfi3AAB,0.0,0,0.0,2921.0,1,0,0,0,0,0,1,0,0,0,0,1,0
15779,0033800002Vcfi5AAB,0.0,30,369.0,13323.0,0,1,0,0,0,0,1,0,0,0,1,0,1
15780,0033800002Vcfi6AAB,0.0,0,0.0,2734.0,0,1,0,0,0,0,1,0,0,0,0,1,1
15782,0033800002VcfkEAAR,0.0,0,0.0,6474.0,1,0,0,0,0,0,1,0,0,0,0,1,1
15784,0033800002VcfkGAAR,0.0,0,0.0,7329.0,0,1,0,0,0,0,1,0,0,0,0,1,1
15785,0033800002VcfkHAAR,0.0,0,0.0,3029.0,0,0,0,1,0,0,1,0,0,0,0,1,1
15786,0033800002VcfkIAAR,0.0,0,0.0,2791.0,0,1,0,0,0,0,1,0,0,0,0,1,1
15789,0033800002VcfkLAAR,0.0,0,0.0,6223.0,1,0,0,0,0,0,1,0,0,0,0,1,0
15790,0033800002VcfkMAAR,0.0,0,0.0,7310.0,0,0,0,1,0,0,1,0,0,0,0,1,0
15792,0033800002Vcg0LAAR,0.0,0,25.0,3042.0,1,0,0,0,0,0,0,0,0,1,1,0,0
15797,0033800002VcgPtAAJ,0.0,0,0.0,4201.0,0,0,0,1,0,0,0,0,1,0,0,1,1
15798,0033800002VcgPuAAJ,0.0,100,0.0,4852.0,1,0,0,0,0,1,0,0,0,0,0,1,0
15806,0033800002VchNpAAJ,0.0,0,257.0,1578.0,0,1,0,0,0,0,1,0,0,0,0,1,1
15819,0033800002VchgOAAR,0.0,50,432.0,3152.0,0,0,0,1,0,1,0,0,0,0,1,0,1
15820,0033800002VchpqAAB,0.0,60,1531.0,5211.0,0,0,1,0,0,0,1,0,0,0,0,1,0
15821,0033800002VchvKAAR,0.0,30,6318.0,7320.0,1,0,0,0,0,1,0,0,0,0,0,1,0
15836,0033800002VciWOAAZ,0.0,80,441.0,2905.0,0,0,0,0,1,0,1,0,0,0,0,1,1
15838,0033800002VciZ4AAJ,0.0,60,2540.0,7523.0,0,1,0,0,0,0,0,0,0,1,0,1,1
15847,0033800002VcjUPAAZ,0.0,80,908.0,3481.0,1,0,0,0,0,0,1,0,0,0,0,1,1
15854,0033800002Vcle3AAB,0.0,0,1247.0,4461.0,0,0,0,1,0,0,1,0,0,0,0,1,0
15855,0033800002Vcle4AAB,0.0,0,0.0,6713.0,1,0,0,0,0,0,1,0,0,0,0,1,0
15861,0033800002VcleAAAR,0.0,0,0.0,2830.0,0,0,0,1,0,1,0,0,0,0,1,0,1
15862,0033800002VcleBAAR,0.0,0,0.0,7331.0,1,0,0,0,0,1,0,0,0,0,0,1,1
15864,0033800002VcleDAAR,0.0,0,533.0,7362.0,0,0,0,1,0,1,0,0,0,0,0,1,1
15865,0033800002VcleEAAR,0.0,0,0.0,6152.0,0,1,0,0,0,1,0,0,0,0,0,1,0
15866,0033800002VcleFAAR,0.0,0,0.0,3876.0,0,0,0,1,0,1,0,0,0,0,1,0,1
15868,0033800002VcleHAAR,0.0,0,0.0,8781.0,1,0,0,0,0,1,0,0,0,0,0,1,1
15869,0033800002VcleIAAR,0.0,0,0.0,10987.0,0,0,0,0,1,1,0,0,0,0,0,1,1
15870,0033800002VcleJAAR,0.0,0,0.0,7208.0,0,1,0,0,0,1,0,0,0,0,0,1,0
15872,0033800002VcleLAAR,0.0,40,1281.0,12362.0,0,0,0,1,0,0,1,0,0,0,0,1,0
15903,0033800002VcnOHAAZ,0.0,0,0.0,7864.0,1,0,0,0,0,0,1,0,0,0,0,1,1
15907,0033800002VcnX4AAJ,0.0,0,0.0,9057.0,0,0,0,0,1,1,0,0,0,0,0,1,1
15919,0033800002Vcp6aAAB,0.0,0,6435.0,3024.0,0,1,0,0,0,0,1,0,0,0,1,0,0
15924,0033800002Vcs0TAAR,0.0,0,0.0,2192.0,0,0,0,1,0,1,0,0,0,0,0,1,0
15926,0033800002Vcs0VAAR,0.0,0,0.0,2853.0,0,0,0,1,0,1,0,0,0,0,0,1,1
15928,0033800002Vcs0XAAR,0.0,0,0.0,8010.0,0,0,0,0,1,1,0,0,0,0,0,1,0
15933,0033800002Vcs0cAAB,0.0,0,0.0,8213.0,1,0,0,0,0,1,0,0,0,0,0,1,1
15939,0033800002Vcs0iAAB,0.0,0,0.0,9071.0,0,0,0,0,1,1,0,0,0,0,0,1,0
15949,0033800002VcssYAAR,0.0,0,0.0,1978.0,0,1,0,0,0,0,1,0,0,0,0,1,0
15950,0033800002VcsuyAAB,0.0,0,1706.0,5113.0,0,0,0,1,0,0,0,0,0,1,0,1,1
15952,0033800002VctcsAAB,0.0,70,4328.0,1422.0,0,1,0,0,0,0,1,0,0,0,1,0,1
15961,0033800002VcuvtAAB,0.0,0,1416.0,8705.0,1,0,0,0,0,0,1,0,0,0,0,1,1
15965,0033800002VcvfYAAR,0.0,0,0.0,10620.0,0,0,0,1,0,0,1,0,0,0,0,1,1
15972,0033800002VcwpbAAB,0.0,0,0.0,7928.0,0,0,0,0,1,0,1,0,0,0,0,1,1
15974,0033800002VcxKlAAJ,0.0,0,493.0,2951.0,1,0,0,0,0,0,0,0,1,0,0,1,0
15976,0033800002VcxN1AAJ,0.0,80,669.0,1256.0,0,0,0,1,0,0,0,0,1,0,0,1,1
15984,0033800002VcyBIAAZ,0.0,0,0.0,3770.0,0,1,0,0,0,0,1,0,0,0,0,1,0
15986,0033800002Vcz27AAB,0.0,0,653.0,1461.0,0,0,0,1,0,0,0,0,0,1,1,0,1
15992,0033800002Vd1CHAAZ,0.0,20,2380.0,8415.0,0,0,0,0,1,0,1,0,0,0,0,1,0
16001,0033800002Vd3krAAB,0.0,70,1135.0,2615.0,1,0,0,0,0,1,0,0,0,0,1,0,0
16015,0033800002Vd74rAAB,0.0,0,0.0,5750.0,0,0,0,0,1,0,1,0,0,0,0,1,1
16019,0033800002Vd78UAAR,0.0,0,11075.0,2161.0,1,0,0,0,0,1,0,0,0,0,1,0,1
16022,0033800002Vd7BQAAZ,0.0,30,1078.0,3604.0,0,0,0,1,0,0,1,0,0,0,0,1,1
16026,0033800002Vd7aBAAR,0.0,100,152.0,8426.0,0,1,0,0,0,0,1,0,0,0,1,0,0
16028,0033800002Vd7aLAAR,0.0,50,783.0,9119.0,0,0,0,1,0,0,1,0,0,0,0,1,1
16045,0033800002Vd7fJAAR,0.0,0,3999.0,3239.0,0,1,0,0,0,1,0,0,0,0,0,1,0
16050,0033800002Vd7gtAAB,0.0,0,328.0,8024.0,1,0,0,0,0,1,0,0,0,0,0,1,0
16056,0033800002Vd7jGAAR,0.0,40,0.0,3029.0,0,1,0,0,0,0,1,0,0,0,1,0,1
16058,0033800002Vd7jaAAB,0.0,0,476.0,2653.0,1,0,0,0,0,1,0,0,0,0,1,0,1
16064,0033800002Vd7uoAAB,0.0,100,4423.0,8736.0,0,1,0,0,0,0,0,0,1,0,0,1,0
16072,0033800002Vd81mAAB,0.0,0,0.0,8423.0,1,0,0,0,0,0,0,0,0,1,0,1,1
16076,0033800002Vd86zAAB,0.0,0,2271.0,1460.0,0,1,0,0,0,0,0,0,1,0,0,1,0
16080,0033800002Vd8CFAAZ,0.0,0,200.0,4246.0,0,0,0,1,0,0,0,0,1,0,0,1,1
16084,0033800002Vd8KGAAZ,0.0,60,4787.0,7397.0,1,0,0,0,0,0,1,0,0,0,0,1,0
16085,0033800002Vd8r7AAB,0.0,0,0.0,2192.0,1,0,0,0,0,0,1,0,0,0,0,1,1
16089,0033800002Vd9NsAAJ,0.0,0,16.0,1825.0,0,0,0,1,0,0,1,0,0,0,0,1,1
16099,0033800002Vd9QrAAJ,0.0,0,0.0,7305.0,0,0,0,1,0,0,1,0,0,0,0,1,1
16103,0033800002Vd9QvAAJ,0.0,100,0.0,6734.0,0,0,0,1,0,0,1,0,0,0,0,1,1
16106,0033800002Vd9QzAAJ,0.0,0,0.0,2075.0,0,1,0,0,0,0,1,0,0,0,0,1,1
16108,0033800002Vd9R1AAJ,0.0,0,0.0,5723.0,1,0,0,0,0,0,1,0,0,0,1,0,0
16111,0033800002Vd9R5AAJ,0.0,0,0.0,1461.0,0,0,0,1,0,0,1,0,0,0,0,1,1
16112,0033800002Vd9R6AAJ,0.0,0,0.0,2192.0,0,0,0,1,0,1,0,0,0,0,0,1,1
16121,0033800002Vd9m3AAB,0.0,60,837.0,9668.0,0,0,0,0,1,0,1,0,0,0,0,1,1
16123,0033800002Vd9vPAAR,0.0,0,0.0,7334.0,0,1,0,0,0,0,1,0,0,0,0,1,1
16133,0033800002Vd9vaAAB,0.0,70,3234.0,2983.0,0,0,0,0,1,1,0,0,0,0,0,1,0
16134,0033800002Vd9vbAAB,0.0,0,56.0,6179.0,0,0,0,1,0,0,1,0,0,0,1,0,0
16137,0033800002Vd9vfAAB,0.0,0,0.0,4383.0,0,0,0,1,0,0,1,0,0,0,0,1,1
16138,0033800002Vd9vgAAB,0.0,0,2222.0,1212.0,0,0,0,1,0,0,1,0,0,0,0,1,1
16140,0033800002Vd9viAAB,0.0,0,0.0,2795.0,0,0,0,0,1,0,1,0,0,0,0,1,1
16143,0033800002Vd9vlAAB,0.0,0,0.0,9203.0,0,0,0,1,0,0,1,0,0,0,0,1,1
16147,0033800002Vd9vpAAB,0.0,30,0.0,5611.0,0,1,0,0,0,0,1,0,0,0,1,0,0
16150,0033800002Vd9vsAAB,0.0,0,1015.0,1091.0,0,0,0,1,0,0,0,0,1,0,0,1,1
16152,0033800002Vd9vuAAB,0.0,0,6911.0,2876.0,0,1,0,0,0,1,0,0,0,0,1,0,0
16153,0033800002Vd9vvAAB,0.0,40,7589.0,1461.0,0,0,0,0,1,0,0,0,0,1,1,0,1
16154,0033800002Vd9vwAAB,0.0,100,0.0,9071.0,0,0,0,1,0,0,0,0,1,0,0,1,0
16156,0033800002Vd9vyAAB,0.0,0,0.0,7335.0,0,1,0,0,0,0,0,0,1,0,0,1,1
16159,0033800002Vd9w1AAB,0.0,0,0.0,11536.0,0,0,0,0,1,0,1,0,0,0,0,1,1
16163,0033800002Vd9w5AAB,0.0,0,0.0,9501.0,1,0,0,0,0,0,1,0,0,0,0,1,0
16166,0033800002Vd9w9AAB,0.0,0,9299.0,2892.0,1,0,0,0,0,0,1,0,0,0,0,1,0
16168,0033800002Vd9wBAAR,0.0,0,665.0,2112.0,0,0,0,1,0,0,1,0,0,0,0,1,1
16173,0033800002VdAieAAF,0.0,60,1865.0,1826.0,0,1,0,0,0,0,1,0,0,0,0,1,1
16174,0033800002VdAkVAAV,0.0,0,9347.0,2105.0,1,0,0,0,0,0,0,0,1,0,0,1,0
16181,0033800002VdB3wAAF,0.0,0,0.0,8699.0,0,1,0,0,0,1,0,0,0,0,0,1,1
16199,0033800002VdC6OAAV,0.0,0,0.0,10608.0,1,0,0,0,0,0,1,0,0,0,1,0,0
16202,0033800002VdCVTAA3,0.0,0,8917.0,4951.0,0,1,0,0,0,0,0,0,1,0,0,1,0
16204,0033800002VdDBOAA3,0.0,0,17.0,1853.0,0,1,0,0,0,0,1,0,0,0,0,1,1
16205,0033800002VdDH8AAN,0.0,0,250.0,3715.0,0,0,0,1,0,0,1,0,0,0,0,1,1
16214,0033800002VdE9rAAF,0.0,0,2109.0,3028.0,1,0,0,0,0,0,1,0,0,0,0,1,0
16219,0033800002VdEL0AAN,0.0,20,2985.0,3893.0,0,0,0,1,0,0,1,0,0,0,0,1,1
16225,0033800002VdEO7AAN,0.0,10,149.0,852.0,0,0,0,0,1,0,1,0,0,0,0,1,0
16226,0033800002VdEOHAA3,0.0,0,2515.0,2819.0,0,1,0,0,0,0,1,0,0,0,0,1,1
16232,0033800002VdEXAAA3,0.0,90,1225.0,5332.0,0,1,0,0,0,1,0,0,0,0,0,1,1
16239,0033800002VdF9dAAF,0.0,0,0.0,5531.0,0,0,0,1,0,0,1,0,0,0,0,1,1
16252,0033800002VdHYSAA3,0.0,0,121.0,4408.0,0,0,0,1,0,0,0,0,1,0,0,1,1
16254,0033800002VdHdrAAF,0.0,30,339.0,1301.0,0,1,0,0,0,0,1,0,0,0,0,1,1
16259,0033800002VdI1WAAV,0.0,40,1856.0,3115.0,0,0,0,1,0,0,0,0,1,0,0,1,1
16275,0033800002VdJ6MAAV,0.0,0,692.0,8097.0,0,0,0,0,1,0,1,0,0,0,0,1,1
16298,0033800002VdKwrAAF,0.0,10,2703.0,2922.0,0,0,0,0,1,0,0,0,1,0,0,1,1
16302,0033800002VdLS3AAN,0.0,30,2421.0,9520.0,0,1,0,0,0,0,0,0,0,1,0,1,1
16303,0033800002VdLTBAA3,0.0,0,1953.0,8533.0,0,1,0,0,0,0,0,0,0,1,0,1,1
16307,0033800002VdMcTAAV,0.0,0,289.0,7872.0,0,0,0,1,0,0,1,0,0,0,0,1,1
16310,0033800002VdNCqAAN,0.0,80,981.0,1826.0,0,0,0,0,1,0,0,0,0,1,0,1,0
16328,0033800002VdTpGAAV,0.0,70,531.0,1130.0,0,0,0,1,0,0,1,0,0,0,0,1,0
16334,0033800002VdUQoAAN,0.0,0,2328.0,1460.0,0,1,0,0,0,0,0,0,1,0,0,1,1
16344,0033800002VdVgmAAF,0.0,0,1227.0,2996.0,1,0,0,0,0,0,0,0,1,0,0,1,1
16353,0033800002VdWUnAAN,0.0,100,2229.0,437.0,0,1,0,0,0,0,1,0,0,0,1,0,0
16365,0033800002VdWwVAAV,0.0,80,6251.0,7409.0,0,0,1,0,0,0,0,0,0,1,0,1,0
16371,0033800002VdXDRAA3,0.0,0,3147.0,7700.0,0,1,0,0,0,0,0,0,0,1,0,1,0
16374,0033800002VdXHhAAN,0.0,0,0.0,2190.0,0,0,0,1,0,1,0,0,0,0,0,1,1
16376,0033800002VdXK7AAN,0.0,0,2236.0,1460.0,0,1,0,0,0,0,0,0,1,0,0,1,1
16378,0033800002VdXMNAA3,0.0,30,2521.0,2938.0,0,1,0,0,0,0,1,0,0,0,0,1,1
16383,0033800002VdXPtAAN,0.0,20,2248.0,2679.0,0,1,0,0,0,0,0,0,1,0,0,1,1
16386,0033800002VdYANAA3,0.0,0,199.0,4507.0,0,0,0,1,0,1,0,0,0,0,1,0,0
16397,0033800002VdYsXAAV,0.0,60,1620.0,4259.0,0,0,0,1,0,0,1,0,0,0,0,1,1
16402,0033800002VdZLKAA3,0.0,80,1281.0,1189.0,1,0,0,0,0,0,1,0,0,0,0,1,1
16405,0033800002VdZVAAA3,0.0,70,16.0,3560.0,0,0,0,1,0,0,1,0,0,0,1,0,1
16414,0033800002VdZnxAAF,0.0,50,929.0,4132.0,1,0,0,0,0,0,1,0,0,0,0,1,1
16418,0033800002VdZwVAAV,0.0,100,2781.0,2251.0,1,0,0,0,0,0,1,0,0,0,0,1,0
16420,0033800002Vda11AAB,0.0,10,441.0,1826.0,0,0,0,1,0,0,0,0,1,0,0,1,1
16421,0033800002Vda1aAAB,0.0,50,2963.0,2935.0,0,1,0,0,0,0,0,0,0,1,1,0,0
16422,0033800002Vda3CAAR,0.0,80,849.0,3747.0,0,0,0,1,0,0,1,0,0,0,1,0,1
16425,0033800002VdaTtAAJ,0.0,50,1586.0,1469.0,0,0,0,1,0,0,1,0,0,0,0,1,0
16427,0033800002VdajXAAR,0.0,0,1049.0,2922.0,0,0,0,0,1,0,1,0,0,0,1,0,1
16435,0033800002VdbiFAAR,0.0,0,0.0,7626.0,0,0,0,1,0,0,0,0,1,0,0,1,1
16437,0033800002VdbwVAAR,0.0,80,214.0,5295.0,0,0,0,1,0,0,1,0,0,0,0,1,1
16444,0033800002VdcSVAAZ,0.0,90,52.0,3667.0,0,1,0,0,0,1,0,0,0,0,0,1,1
16448,0033800002Vdd2bAAB,0.0,0,163.0,2190.0,0,1,0,0,0,0,0,0,0,1,0,1,0
16450,0033800002Vdd6dAAB,0.0,10,2557.0,1826.0,0,0,0,0,1,0,1,0,0,0,0,1,1
16456,0033800002VddTEAAZ,0.0,100,5848.0,7458.0,0,0,0,0,1,0,1,0,0,0,1,0,0
16458,0033800002VdditAAB,0.0,70,1778.0,1666.0,0,1,0,0,0,0,0,0,1,0,1,0,1
16459,0033800002VddjrAAB,0.0,0,252.0,1840.0,0,0,0,1,0,1,0,0,0,0,0,1,1
16463,0033800002VdfLQAAZ,0.0,0,0.0,8818.0,0,0,0,0,1,0,1,0,0,0,1,0,0
16465,0033800002VdfLSAAZ,0.0,0,196.0,11390.0,0,0,0,0,1,0,1,0,0,0,0,1,1
16467,0033800002VdfLUAAZ,0.0,100,2644.0,1583.0,0,1,0,0,0,0,0,0,1,0,0,1,1
16468,0033800002VdfLVAAZ,0.0,0,0.0,8631.0,0,0,0,0,1,1,0,0,0,0,1,0,1
16470,0033800002VdfLXAAZ,0.0,0,0.0,9149.0,0,1,0,0,0,0,0,0,0,1,0,1,1
16471,0033800002VdfLYAAZ,0.0,0,0.0,10952.0,0,0,0,0,1,0,0,0,0,1,0,1,1
16472,0033800002VdfLZAAZ,0.0,0,0.0,7293.0,0,1,0,0,0,0,1,0,0,0,0,1,0
16473,0033800002VdfLaAAJ,0.0,0,0.0,7769.0,0,1,0,0,0,0,0,0,0,1,0,1,1
16476,0033800002VdfLdAAJ,0.0,0,0.0,7459.0,0,0,0,1,0,0,1,0,0,0,0,1,1
16477,0033800002VdfLeAAJ,0.0,0,0.0,2177.0,0,1,0,0,0,0,1,0,0,0,0,1,0
16478,0033800002VdfLfAAJ,0.0,0,6030.0,1217.0,0,0,0,1,0,0,0,0,0,1,0,1,0
16490,0033800002VdgzxAAB,0.0,100,2305.0,1076.0,1,0,0,0,0,1,0,0,0,0,0,1,0
16494,0033800002VdhNkAAJ,0.0,40,8350.0,3990.0,0,1,0,0,0,0,1,0,0,0,1,0,0
16497,0033800002VdhU7AAJ,0.0,0,1153.0,2375.0,1,0,0,0,0,1,0,0,0,0,1,0,1
16498,0033800002VdhVgAAJ,0.0,60,1131.0,3284.0,0,0,0,1,0,0,1,0,0,0,0,1,1
16501,0033800002VdhZxAAJ,0.0,0,12113.0,1096.0,0,0,0,1,0,0,1,0,0,0,0,1,1
16502,0033800002VdhjuAAB,0.0,0,4530.0,1826.0,1,0,0,0,0,0,1,0,0,0,0,1,1
16513,0033800002VdkPsAAJ,0.0,90,1050.0,11195.0,0,0,0,0,1,0,1,0,0,0,1,0,1
16515,0033800002VdkViAAJ,0.0,0,549.0,4074.0,1,0,0,0,0,0,1,0,0,0,0,1,1
16519,0033800002Vdn5LAAR,0.0,0,1709.0,2191.0,0,1,0,0,0,0,0,0,1,0,0,1,0
16524,0033800002VdnqtAAB,0.0,0,0.0,4659.0,1,0,0,0,0,0,1,0,0,0,0,1,0
16525,0033800002VdoH6AAJ,0.0,0,0.0,7311.0,0,1,0,0,0,0,1,0,0,0,0,1,1
16526,0033800002VdoebAAB,0.0,0,3798.0,966.0,0,0,0,0,1,0,1,0,0,0,1,0,0
16543,0033800002VdpavAAB,0.0,0,0.0,2151.0,0,0,0,1,0,0,0,0,1,0,0,1,1
16550,0033800002Vdpb2AAB,0.0,0,15.0,1492.0,0,0,0,1,0,0,0,0,0,1,0,1,1
16557,0033800002VdpzgAAB,0.0,0,8482.0,2798.0,0,1,0,0,0,0,1,0,0,0,0,1,0
16558,0033800002VdpzhAAB,0.0,0,7367.0,1826.0,0,0,0,1,0,0,0,0,1,0,0,1,0
16559,0033800002VdpziAAB,0.0,0,8784.0,1584.0,0,0,0,1,0,0,0,0,1,0,1,0,0
16560,0033800002VdpzjAAB,0.0,0,9085.0,3774.0,0,0,0,1,0,0,0,0,0,1,0,1,1
16561,0033800002VdpzkAAB,0.0,0,8541.0,4321.0,1,0,0,0,0,0,1,0,0,0,0,1,0
16562,0033800002VdpzlAAB,0.0,0,7959.0,4195.0,0,1,0,0,0,0,0,0,0,1,0,1,1
16568,0033800002VdpzrAAB,0.0,30,9792.0,1238.0,1,0,0,0,0,0,1,0,0,0,1,0,0
16587,0033800002Vdq0AAAR,0.0,0,2716.0,2008.0,0,0,0,1,0,1,0,0,0,0,0,1,1
16588,0033800002Vdq0BAAR,0.0,0,0.0,3489.0,0,0,0,0,1,0,1,0,0,0,0,1,1
16593,0033800002Vdq0GAAR,0.0,0,0.0,4762.0,0,0,0,1,0,0,0,0,1,0,0,1,1
16596,0033800002Vdq0KAAR,0.0,0,4163.0,1797.0,1,0,0,0,0,0,1,0,0,0,0,1,1
16597,0033800002Vdq0LAAR,0.0,0,419.0,3806.0,0,1,0,0,0,0,1,0,0,0,0,1,0
16599,0033800002Vdq0NAAR,0.0,0,13043.0,1582.0,0,0,0,0,1,0,0,0,1,0,0,1,1
16603,0033800002Vdq0RAAR,0.0,0,0.0,8425.0,0,0,0,1,0,0,0,0,0,1,0,1,1
16604,0033800002Vdq0SAAR,0.0,0,0.0,6254.0,0,0,0,1,0,0,1,0,0,0,0,1,0
16607,0033800002Vdq0VAAR,0.0,0,0.0,7751.0,0,1,0,0,0,0,1,0,0,0,0,1,0
16610,0033800002Vdq0YAAR,0.0,0,0.0,7311.0,0,1,0,0,0,0,1,0,0,0,1,0,1
16614,0033800002Vdq11AAB,0.0,0,203.0,4248.0,0,0,0,1,0,0,1,0,0,0,1,0,1
16620,0033800002VdqevAAB,0.0,0,178.0,4644.0,0,0,0,1,0,0,0,0,0,1,0,1,1
16623,0033800002VdqqwAAB,0.0,0,588.0,2191.0,1,0,0,0,0,1,0,0,0,0,1,0,0
16625,0033800002VdqzdAAB,0.0,100,32.0,7607.0,0,1,0,0,0,0,1,0,0,0,1,0,0
16630,0033800002VdqzjAAB,0.0,0,0.0,6919.0,0,0,0,0,1,0,0,1,0,0,0,1,0
16631,0033800002VdqzkAAB,0.0,0,0.0,6210.0,0,1,0,0,0,0,1,0,0,0,0,1,1
16632,0033800002VdqzlAAB,0.0,0,0.0,1443.0,0,0,0,0,1,0,0,1,0,0,1,0,0
16636,0033800002VdqzpAAB,0.0,0,0.0,7314.0,0,1,0,0,0,0,1,0,0,0,0,1,1
16637,0033800002VdqzqAAB,0.0,0,0.0,3566.0,0,1,0,0,0,0,0,1,0,0,1,0,0
16638,0033800002VdqzrAAB,0.0,30,0.0,3259.0,1,0,0,0,0,0,0,1,0,0,0,1,1
16639,0033800002VdqzsAAB,0.0,0,0.0,7273.0,0,0,0,1,0,0,0,0,1,0,0,1,1
16642,0033800002Vdr55AAB,0.0,90,1596.0,4836.0,1,0,0,0,0,0,1,0,0,0,0,1,0
16649,0033800002Vdrz7AAB,0.0,0,206.0,5599.0,1,0,0,0,0,0,1,0,0,0,0,1,1
16658,0033800002VdsIKAAZ,0.0,10,2565.0,3460.0,0,1,0,0,0,1,0,0,0,0,1,0,0
16660,0033800002VdsMRAAZ,0.0,60,2406.0,2368.0,0,0,0,1,0,0,1,0,0,0,0,1,0
16662,0033800002VdsiLAAR,0.0,30,547.0,3714.0,0,1,0,0,0,0,0,0,1,0,0,1,1
16667,0033800002VdtZsAAJ,0.0,0,0.0,2453.0,1,0,0,0,0,0,1,0,0,0,0,1,1
16669,0033800002VdtmhAAB,0.0,0,943.0,2712.0,0,0,0,1,0,0,1,0,0,0,0,1,1
16675,0033800002VduFuAAJ,0.0,70,304.0,1166.0,0,1,0,0,0,0,1,0,0,0,0,1,0
16679,0033800002VducrAAB,0.0,0,0.0,7489.0,0,0,0,1,0,0,1,0,0,0,0,1,1
16682,0033800002VduqpAAB,0.0,0,5969.0,7322.0,0,0,0,0,1,0,0,0,0,1,1,0,0
16683,0033800002VdurJAAR,0.0,0,355.0,3538.0,0,0,0,1,0,0,0,0,1,0,0,1,1
16690,0033800002Vdvy0AAB,0.0,0,5.0,1793.0,0,0,0,1,0,0,1,0,0,0,0,1,0
16691,0033800002Vdw9JAAR,0.0,40,5433.0,798.0,0,0,0,0,1,0,1,0,0,0,1,0,1
16693,0033800002VdwEmAAJ,0.0,90,7712.0,2479.0,0,0,0,1,0,0,1,0,0,0,0,1,0
16707,0033800002VdxXzAAJ,0.0,0,0.0,11044.0,0,0,0,0,1,0,1,0,0,0,0,1,1
16708,0033800002VdxY0AAJ,0.0,0,0.0,7458.0,0,0,0,0,1,0,1,0,0,0,0,1,1
16709,0033800002VdxY1AAJ,0.0,0,0.0,6864.0,0,0,0,1,0,0,1,0,0,0,1,0,0
16710,0033800002VdxY2AAJ,0.0,0,0.0,4382.0,0,0,0,1,0,0,1,0,0,0,0,1,0
16711,0033800002VdxY3AAJ,0.0,0,0.0,9836.0,0,1,0,0,0,0,1,0,0,0,0,1,1
16712,0033800002VdxY4AAJ,0.0,0,0.0,11106.0,0,0,0,0,1,0,1,0,0,0,0,1,1
16713,0033800002VdxY5AAJ,0.0,0,0.0,14117.0,0,0,0,1,0,0,1,0,0,0,0,1,1
16714,0033800002VdxY6AAJ,0.0,0,0.0,13013.0,0,1,0,0,0,0,1,0,0,0,0,1,0
16715,0033800002VdxY7AAJ,0.0,100,778.0,9615.0,0,1,0,0,0,0,1,0,0,0,0,1,0
16716,0033800002VdxY8AAJ,0.0,0,0.0,8779.0,0,1,0,0,0,0,1,0,0,0,0,1,1
16717,0033800002VdxY9AAJ,0.0,0,0.0,11999.0,0,0,0,0,1,0,1,0,0,0,0,1,1
16721,0033800002VdxaxAAB,0.0,0,0.0,9767.0,0,0,0,1,0,0,1,0,0,0,0,1,1
16723,0033800002VdxazAAB,0.0,0,0.0,3781.0,0,0,0,1,0,0,0,0,0,1,0,1,0
16724,0033800002Vdxb0AAB,0.0,0,0.0,7028.0,0,1,0,0,0,0,0,0,0,1,1,0,1
16727,0033800002Vdxb3AAB,0.0,0,0.0,8045.0,0,1,0,0,0,1,0,0,0,0,0,1,1
16728,0033800002Vdxb4AAB,0.0,70,0.0,2900.0,0,0,0,0,1,0,1,0,0,0,1,0,1
16732,0033800002Vdxb8AAB,0.0,0,0.0,7313.0,0,0,0,1,0,0,0,0,0,1,0,1,1
16733,0033800002Vdxb9AAB,0.0,0,0.0,4022.0,0,0,0,1,0,0,0,1,0,0,0,1,0
16734,0033800002VdxbAAAR,0.0,0,0.0,1825.0,0,1,0,0,0,0,1,0,0,0,1,0,0
16738,0033800002VdxbEAAR,0.0,0,0.0,8870.0,1,0,0,0,0,0,1,0,0,0,0,1,0
16739,0033800002VdxbFAAR,0.0,0,0.0,8765.0,0,0,0,1,0,0,0,0,0,1,0,1,0
16740,0033800002VdxbGAAR,0.0,0,0.0,8764.0,0,1,0,0,0,0,1,0,0,0,0,1,0
16741,0033800002VdxbHAAR,0.0,0,0.0,7249.0,0,1,0,0,0,0,1,0,0,0,0,1,0
16744,0033800002VdxbLAAR,0.0,0,3303.0,1887.0,0,0,0,1,0,0,0,0,0,1,1,0,0
16745,0033800002VdxbMAAR,0.0,0,0.0,9983.0,0,0,0,0,1,1,0,0,0,0,0,1,1
16748,0033800002Vdy88AAB,0.0,0,83.0,4262.0,0,0,0,1,0,0,1,0,0,0,0,1,1
16752,0033800002VdyAKAAZ,0.0,0,0.0,916.0,0,0,0,1,0,0,1,0,0,0,0,1,1
16755,0033800002VdyANAAZ,0.0,0,0.0,7318.0,0,1,0,0,0,0,1,0,0,0,0,1,1
16757,0033800002VdyBXAAZ,0.0,0,0.0,7320.0,0,0,0,1,0,0,1,0,0,0,1,0,0
16764,0033800002VdywoAAB,0.0,0,16234.0,2191.0,1,0,0,0,0,0,1,0,0,0,0,1,0
16770,0033800002VdzXHAAZ,0.0,80,2199.0,1237.0,0,1,0,0,0,0,1,0,0,0,0,1,0
16772,0033800002VdzlxAAB,0.0,0,0.0,4008.0,0,0,0,1,0,0,1,0,0,0,0,1,1
16781,0033800002Ve0ymAAB,0.0,0,1500.0,3286.0,0,0,0,0,1,0,1,0,0,0,0,1,1
16784,0033800002Ve13QAAR,0.0,70,0.0,3058.0,0,0,0,1,0,0,1,0,0,0,0,1,1
16785,0033800002Ve16PAAR,0.0,40,504.0,5672.0,1,0,0,0,0,1,0,0,0,0,0,1,1
16786,0033800002Ve2lmAAB,0.0,0,3978.0,1096.0,0,1,0,0,0,0,1,0,0,0,0,1,1
16787,0033800002Ve2oqAAB,0.0,0,333.0,2191.0,0,0,0,0,1,0,1,0,0,0,0,1,1
16801,0033800002Ve33sAAB,0.0,0,0.0,2919.0,0,0,0,1,0,0,1,0,0,0,0,1,0
16802,0033800002Ve33uAAB,0.0,0,0.0,9467.0,0,0,0,0,1,0,1,0,0,0,0,1,1
16803,0033800002Ve33vAAB,0.0,0,0.0,1216.0,0,1,0,0,0,0,1,0,0,0,0,1,1
16806,0033800002Ve33yAAB,0.0,0,0.0,7549.0,0,1,0,0,0,0,1,0,0,0,1,0,1
16812,0033800002Ve344AAB,0.0,0,0.0,4001.0,0,0,0,1,0,0,1,0,0,0,0,1,0
16816,0033800002Ve348AAB,0.0,20,3089.0,6605.0,0,0,0,1,0,0,1,0,0,0,1,0,1
16817,0033800002Ve349AAB,0.0,0,5744.0,2857.0,0,1,0,0,0,0,1,0,0,0,1,0,1
16819,0033800002Ve3beAAB,0.0,0,0.0,9558.0,0,0,0,0,1,0,1,0,0,0,0,1,1
16822,0033800002Ve41rAAB,0.0,0,2672.0,2921.0,0,1,0,0,0,0,1,0,0,0,1,0,1
16829,0033800002Ve4fBAAR,0.0,0,12016.0,1826.0,0,0,0,0,1,0,1,0,0,0,0,1,1
16830,0033800002Ve5PQAAZ,0.0,0,0.0,8655.0,0,1,0,0,0,0,0,0,0,1,0,1,1
16835,0033800002Ve9CWAAZ,0.0,70,0.0,4567.0,0,0,0,1,0,0,1,0,0,0,0,1,1
16836,0033800002Ve9NeAAJ,0.0,0,0.0,7547.0,0,0,0,0,1,1,0,0,0,0,0,1,1
16837,0033800002Ve9RWAAZ,0.0,40,702.0,7317.0,0,0,0,1,0,0,1,0,0,0,0,1,1
16838,0033800002Ve9pJAAR,0.0,40,5682.0,1014.0,0,0,0,0,1,0,1,0,0,0,0,1,0
16840,0033800002VeAQ2AAN,0.0,0,5316.0,1157.0,0,0,0,1,0,0,1,0,0,0,1,0,1
16844,0033800002VeDXVAA3,0.0,0,8661.0,4018.0,0,0,0,1,0,1,0,0,0,0,1,0,0
16849,0033800002VeEonAAF,0.0,90,1020.0,8783.0,1,0,0,0,0,0,0,0,0,1,0,1,0
16851,0033800002VeG8SAAV,0.0,0,836.0,3911.0,0,1,0,0,0,0,0,0,0,1,0,1,0
16856,0033800002VeGG6AAN,0.0,90,0.0,7677.0,0,1,0,0,0,1,0,0,0,0,1,0,1
16857,0033800002VeGG7AAN,0.0,0,0.0,7321.0,0,1,0,0,0,1,0,0,0,0,0,1,1
16858,0033800002VeGG8AAN,0.0,0,0.0,2678.0,1,0,0,0,0,1,0,0,0,0,1,0,0
16860,0033800002VeGGAAA3,0.0,0,0.0,7538.0,0,1,0,0,0,1,0,0,0,0,0,1,0
16867,0033800002VeGGHAA3,0.0,0,0.0,5030.0,0,1,0,0,0,1,0,0,0,0,1,0,0
16868,0033800002VeGGIAA3,0.0,0,0.0,2917.0,0,1,0,0,0,1,0,0,0,0,1,0,1
16869,0033800002VeGGJAA3,0.0,0,0.0,7305.0,0,0,0,1,0,1,0,0,0,0,1,0,0
16871,0033800002VeGGLAA3,0.0,0,0.0,2900.0,1,0,0,0,0,1,0,0,0,0,1,0,1
16873,0033800002VeGVnAAN,0.0,60,3829.0,1050.0,1,0,0,0,0,0,1,0,0,0,1,0,0
16874,0033800002VeGjBAAV,0.0,0,10119.0,2192.0,0,0,0,1,0,0,0,0,0,1,0,1,0
16877,0033800002VeH4QAAV,0.0,0,0.0,7318.0,0,1,0,0,0,0,0,0,0,1,1,0,0
16881,0033800002VeHNDAA3,0.0,30,3825.0,2019.0,0,0,0,0,1,0,1,0,0,0,1,0,1
16882,0033800002VeHQbAAN,0.0,90,448.0,9145.0,0,1,0,0,0,0,1,0,0,0,0,1,1
16888,0033800002VeHc9AAF,0.0,0,0.0,7761.0,0,1,0,0,0,0,1,0,0,0,0,1,1
16891,0033800002VeHoGAAV,0.0,50,1825.0,1461.0,1,0,0,0,0,0,0,0,1,0,0,1,1
16898,0033800002VeIP5AAN,0.0,0,510.0,2007.0,0,0,0,1,0,0,1,0,0,0,0,1,1
16902,0033800002VeIP9AAN,0.0,50,842.0,3789.0,0,0,0,1,0,0,1,0,0,0,0,1,0
16906,0033800002VeIPDAA3,0.0,0,9596.0,2387.0,0,0,0,0,1,0,0,0,0,1,0,1,0
16907,0033800002VeIPEAA3,0.0,0,7.0,895.0,0,0,0,1,0,0,1,0,0,0,0,1,1
16911,0033800002VeIPIAA3,0.0,0,489.0,1582.0,0,0,0,1,0,0,0,0,1,0,1,0,1
16912,0033800002VeIPJAA3,0.0,0,74.0,1827.0,0,0,0,1,0,0,0,0,1,0,0,1,1
16914,0033800002VeITMAA3,0.0,0,0.0,5290.0,0,0,0,1,0,0,1,0,0,0,0,1,1
16919,0033800002VeItpAAF,0.0,0,497.0,3319.0,0,1,0,0,0,1,0,0,0,0,0,1,1
16928,0033800002VeJjrAAF,0.0,0,85.0,1405.0,0,0,0,1,0,0,0,0,1,0,0,1,0
16931,0033800002VeK50AAF,0.0,10,2716.0,1695.0,0,0,0,1,0,0,1,0,0,0,0,1,0
16932,0033800002VeKO4AAN,0.0,0,140.0,2933.0,0,0,0,1,0,0,0,0,1,0,1,0,1
16933,0033800002VeKVAAA3,0.0,100,502.0,6254.0,0,0,0,1,0,1,0,0,0,0,0,1,1
16936,0033800002VeKvXAAV,0.0,0,7198.0,7875.0,0,0,0,0,1,0,1,0,0,0,0,1,0
16937,0033800002VeLArAAN,0.0,30,6429.0,1460.0,0,1,0,0,0,1,0,0,0,0,1,0,1
16938,0033800002VeLBUAA3,0.0,0,6093.0,1491.0,1,0,0,0,0,0,0,0,0,1,1,0,0
16943,0033800002VeNtDAAV,0.0,0,0.0,8066.0,0,0,0,0,1,0,0,0,0,1,0,1,1
16947,0033800002VePucAAF,0.0,0,0.0,7908.0,0,0,0,1,0,0,0,0,1,0,0,1,1
16950,0033800002VeQaUAAV,0.0,0,896.0,1460.0,0,0,0,1,0,0,0,0,1,0,0,1,1
16957,0033800002VeRylAAF,0.0,0,264.0,2394.0,0,0,0,1,0,0,1,0,0,0,0,1,0
16959,0033800002VeSJIAA3,0.0,40,3106.0,1388.0,0,1,0,0,0,0,0,0,1,0,0,1,1
16961,0033800002VeSUMAA3,0.0,0,34.0,2417.0,0,0,0,1,0,0,1,0,0,0,0,1,0
16962,0033800002VeSbtAAF,0.0,10,583.0,1825.0,1,0,0,0,0,0,0,0,1,0,0,1,0
16963,0033800002VeScNAAV,0.0,0,3185.0,7394.0,0,1,0,0,0,0,0,0,1,0,0,1,0
16966,0033800002VeTE2AAN,0.0,80,821.0,3190.0,0,1,0,0,0,0,0,0,1,0,0,1,1
16967,0033800002VeTJ2AAN,0.0,0,0.0,8044.0,1,0,0,0,0,1,0,0,0,0,0,1,1
16972,0033800002VeTzDAAV,0.0,0,1560.0,2190.0,0,0,0,0,1,0,0,0,0,1,0,1,1
16976,0033800002VeVIUAA3,0.0,0,0.0,3338.0,0,1,0,0,0,0,0,0,1,0,0,1,1
16978,0033800002VeVPvAAN,0.0,80,126.0,3584.0,1,0,0,0,0,0,1,0,0,0,0,1,1
16987,0033800002VeX4IAAV,0.0,0,1696.0,2556.0,0,1,0,0,0,0,1,0,0,0,0,1,0
16988,0033800002VeXHKAA3,0.0,50,434.0,1154.0,0,0,0,1,0,1,0,0,0,0,0,1,1
16990,0033800002VeXK0AAN,0.0,30,0.0,8644.0,0,1,0,0,0,0,1,0,0,0,0,1,1
16994,0033800002VeXK4AAN,0.0,0,0.0,3619.0,0,0,0,1,0,0,0,0,1,0,0,1,1
16995,0033800002VeXK5AAN,0.0,0,292.0,5846.0,0,0,0,1,0,0,1,0,0,0,0,1,1
16998,0033800002VeXK8AAN,0.0,0,2031.0,382.0,0,0,0,1,0,0,1,0,0,0,0,1,1
17001,0033800002VeXKBAA3,0.0,50,9509.0,2992.0,0,1,0,0,0,0,1,0,0,0,0,1,1
17005,0033800002VeXKFAA3,0.0,10,3309.0,2771.0,1,0,0,0,0,0,1,0,0,0,0,1,1
17008,0033800002VeXKIAA3,0.0,60,2884.0,1461.0,0,1,0,0,0,0,1,0,0,0,1,0,1
17010,0033800002VeXKKAA3,0.0,0,3607.0,423.0,0,0,0,1,0,0,1,0,0,0,1,0,1
17011,0033800002VeXMuAAN,0.0,0,3846.0,1460.0,0,0,0,0,1,0,1,0,0,0,1,0,1
17015,0033800002VeXiHAAV,0.0,0,2.0,9126.0,0,0,0,0,1,0,1,0,0,0,1,0,1
17023,0033800002VeXpZAAV,0.0,0,0.0,1375.0,0,0,0,1,0,0,1,0,0,0,0,1,1
17032,0033800002VeZ6iAAF,0.0,10,2202.0,3431.0,1,0,0,0,0,0,0,0,0,1,0,1,1
17036,0033800002VeZgKAAV,0.0,0,0.0,6443.0,1,0,0,0,0,0,1,0,0,0,0,1,0
17048,0033800002VecFvAAJ,0.0,0,944.0,1908.0,0,1,0,0,0,0,1,0,0,0,0,1,1
17052,0033800002VecJTAAZ,0.0,0,1255.0,964.0,1,0,0,0,0,0,1,0,0,0,0,1,1
17053,0033800002VecLUAAZ,0.0,0,854.0,2371.0,0,0,0,1,0,0,1,0,0,0,0,1,0
17054,0033800002VecY1AAJ,0.0,90,524.0,1318.0,0,0,0,0,1,0,1,0,0,0,0,1,0
17060,0033800002VeegBAAR,0.0,0,2093.0,2014.0,1,0,0,0,0,1,0,0,0,0,1,0,1
17061,0033800002VefDyAAJ,0.0,70,435.0,3682.0,0,0,0,1,0,0,0,0,1,0,0,1,1
17064,0033800002VefPQAAZ,0.0,70,258.0,11402.0,1,0,0,0,0,0,1,0,0,0,0,1,1
17067,0033800002VefqlAAB,0.0,100,0.0,2961.0,0,0,0,0,1,0,1,0,0,0,1,0,1
17069,0033800002VegS0AAJ,0.0,80,2912.0,2638.0,1,0,0,0,0,0,0,0,0,1,1,0,1
17071,0033800002VegVEAAZ,0.0,0,892.0,1460.0,1,0,0,0,0,0,0,0,1,0,0,1,0
17078,0033800002Veiy5AAB,0.0,90,624.0,4018.0,0,0,0,1,0,0,1,0,0,0,0,1,1
17084,0033800002VelVmAAJ,0.0,0,5.0,11773.0,1,0,0,0,0,1,0,0,0,0,0,1,1
17088,0033800002VemNmAAJ,0.0,70,2679.0,10976.0,0,1,0,0,0,1,0,0,0,0,0,1,0
17094,0033800002VeoohAAB,0.0,70,1286.0,8429.0,0,1,0,0,0,0,1,0,0,0,0,1,1
17097,0033800002VeqKbAAJ,0.0,0,0.0,3678.0,0,0,0,1,0,0,1,0,0,0,1,0,0
17098,0033800002VeqUeAAJ,0.0,0,249.0,3146.0,0,0,0,1,0,0,1,0,0,0,0,1,1
17105,0033800002VetHsAAJ,0.0,40,13928.0,1095.0,0,0,0,1,0,0,0,0,0,1,0,1,0
17106,0033800002VetLpAAJ,0.0,20,3525.0,2038.0,0,0,0,1,0,0,0,0,0,1,0,1,1
17108,0033800002Vetc8AAB,0.0,0,0.0,7335.0,1,0,0,0,0,0,0,0,0,1,0,1,1
17111,0033800002Veu1VAAR,0.0,40,300.0,6812.0,0,0,0,1,0,0,1,0,0,0,0,1,1
17112,0033800002Veu2FAAR,0.0,80,433.0,8219.0,1,0,0,0,0,0,1,0,0,0,0,1,0
17113,0033800002VeuAtAAJ,0.0,0,191.0,2950.0,0,0,0,1,0,0,1,0,0,0,1,0,1
17114,0033800002VeuMwAAJ,0.0,0,71.0,9345.0,0,1,0,0,0,1,0,0,0,0,1,0,1
17115,0033800002VeuUgAAJ,0.0,0,12200.0,3117.0,0,1,0,0,0,0,1,0,0,0,0,1,1
17118,0033800002VeuZ7AAJ,0.0,0,0.0,2996.0,0,0,0,1,0,0,1,0,0,0,0,1,0
17123,0033800002VeuiNAAR,0.0,0,279.0,5690.0,0,0,0,0,1,0,1,0,0,0,0,1,1
17127,0033800002Veup4AAB,0.0,0,2012.0,1827.0,0,0,0,1,0,0,0,0,1,0,0,1,0
17133,0033800002VevCnAAJ,0.0,0,2007.0,3655.0,0,0,0,1,0,1,0,0,0,0,0,1,1
17135,0033800002VevFBAAZ,0.0,100,519.0,6545.0,1,0,0,0,0,0,0,0,1,0,0,1,1
17136,0033800002VevGhAAJ,0.0,0,435.0,9060.0,0,1,0,0,0,0,0,0,0,1,1,0,1
17140,0033800002VevTEAAZ,0.0,0,0.0,4302.0,0,0,0,1,0,1,0,0,0,0,0,1,1
17141,0033800002VevVfAAJ,0.0,0,63.0,2708.0,0,1,0,0,0,0,1,0,0,0,0,1,1
17142,0033800002VevWYAAZ,0.0,30,274.0,8265.0,0,0,0,0,1,0,0,0,0,1,0,1,1
17143,0033800002VevYAAAZ,0.0,0,85.0,151.0,0,0,0,1,0,0,0,0,0,1,0,1,1
17144,0033800002VevZiAAJ,0.0,50,3377.0,1460.0,0,0,0,0,1,0,0,0,1,0,0,1,1
17147,0033800002VewkSAAR,0.0,0,1004.0,6415.0,0,0,0,1,0,0,1,0,0,0,0,1,1
17151,0033800002Vex4GAAR,0.0,0,1429.0,1461.0,0,0,0,1,0,0,0,0,1,0,0,1,0
17152,0033800002Vex4HAAR,0.0,60,698.0,10814.0,0,1,0,0,0,0,1,0,0,0,0,1,0
17153,0033800002VexFLAAZ,0.0,0,3257.0,7315.0,0,1,0,0,0,0,0,0,0,1,0,1,1
17154,0033800002VexFMAAZ,0.0,80,302.0,8556.0,0,1,0,0,0,1,0,0,0,0,1,0,1
17155,0033800002VexFNAAZ,0.0,0,0.0,6574.0,0,1,0,0,0,0,1,0,0,0,0,1,1
17159,0033800002VexFSAAZ,0.0,0,0.0,1213.0,0,1,0,0,0,0,1,0,0,0,1,0,1
17160,0033800002VexFTAAZ,0.0,0,0.0,3288.0,1,0,0,0,0,0,1,0,0,0,0,1,0
17161,0033800002VexFUAAZ,0.0,0,0.0,2071.0,0,0,0,1,0,0,1,0,0,0,0,1,1
17169,0033800002VeygNAAR,0.0,30,9710.0,2493.0,0,0,0,0,1,0,0,0,1,0,0,1,0
17171,0033800002VezS4AAJ,0.0,0,0.0,15256.0,1,0,0,0,0,1,0,0,0,0,1,0,1
17173,0033800002VezwZAAR,0.0,0,59.0,2587.0,0,0,0,1,0,0,0,0,0,1,0,1,0
17174,0033800002Vf002AAB,0.0,0,2471.0,4163.0,0,0,0,1,0,0,0,0,0,1,0,1,0
17176,0033800002Vf05lAAB,0.0,0,333.0,3518.0,0,0,0,1,0,1,0,0,0,0,0,1,0
17177,0033800002Vf0OfAAJ,0.0,0,215.0,2949.0,0,0,0,1,0,0,1,0,0,0,0,1,1
17181,0033800002Vf0lhAAB,0.0,90,220.0,6296.0,0,1,0,0,0,0,1,0,0,0,0,1,1
17188,0033800002Vf2AWAAZ,0.0,0,2014.0,2150.0,1,0,0,0,0,1,0,0,0,0,0,1,0
17189,0033800002Vf2NNAAZ,0.0,100,485.0,3810.0,0,0,0,0,1,0,1,0,0,0,1,0,1
17190,0033800002Vf2oOAAR,0.0,0,68.0,11271.0,0,0,0,0,1,0,1,0,0,0,0,1,1
17191,0033800002Vf4uUAAR,0.0,0,0.0,5111.0,1,0,0,0,0,0,0,0,0,1,1,0,1
17194,0033800002Vf6BgAAJ,0.0,0,0.0,7326.0,0,0,0,1,0,0,1,0,0,0,0,1,1
17198,0033800002Vf72XAAR,0.0,0,1269.0,4140.0,0,0,0,1,0,0,1,0,0,0,0,1,1
17199,0033800002Vf7mLAAR,0.0,30,2124.0,1460.0,1,0,0,0,0,0,1,0,0,0,1,0,0
17207,0033800002Vf9ANAAZ,0.0,0,48.0,3064.0,0,0,0,1,0,0,1,0,0,0,0,1,1
17208,0033800002Vf9QQAAZ,0.0,30,811.0,2556.0,0,1,0,0,0,1,0,0,0,0,0,1,1
17209,0033800002Vf9rWAAR,0.0,0,2181.0,1758.0,1,0,0,0,0,0,1,0,0,0,1,0,0
17210,0033800002VfA4GAAV,0.0,0,1201.0,2531.0,1,0,0,0,0,0,1,0,0,0,1,0,1
17213,0033800002VfAOYAA3,0.0,70,254.0,1683.0,0,0,0,1,0,0,1,0,0,0,1,0,0
17215,0033800002VfAaLAAV,0.0,0,9226.0,1548.0,0,0,0,1,0,0,0,0,1,0,0,1,0
17217,0033800002VfAqsAAF,0.0,0,1503.0,4280.0,0,1,0,0,0,0,0,0,0,1,0,1,1
17220,0033800002VfBPsAAN,0.0,0,1805.0,9500.0,1,0,0,0,0,1,0,0,0,0,0,1,0
17225,0033800002VfDGdAAN,0.0,0,0.0,4617.0,0,1,0,0,0,0,1,0,0,0,0,1,0
17231,0033800002VfGmtAAF,0.0,0,0.0,11434.0,0,1,0,0,0,1,0,0,0,0,0,1,1
17233,0033800002VfHP8AAN,0.0,0,0.0,2594.0,0,1,0,0,0,0,1,0,0,0,1,0,1
17237,0033800002VfMk6AAF,0.0,90,871.0,6184.0,0,0,0,1,0,0,1,0,0,0,0,1,1
17240,0033800002VfNSwAAN,0.0,0,2433.0,7899.0,0,0,0,0,1,0,1,0,0,0,0,1,0
17241,0033800002VfNWxAAN,0.0,0,4967.0,3097.0,0,1,0,0,0,0,1,0,0,0,0,1,0
17245,0033800002VfR7qAAF,0.0,90,399.0,4431.0,0,0,0,1,0,0,1,0,0,0,0,1,0
17248,0033800002VfS43AAF,0.0,60,85.0,2246.0,0,0,0,1,0,0,0,0,0,1,0,1,0
17251,0033800002VfS8jAAF,0.0,0,8684.0,4636.0,0,0,0,0,1,1,0,0,0,0,0,1,0
17253,0033800002VfSCHAA3,0.0,0,15305.0,1096.0,0,0,0,1,0,0,1,0,0,0,0,1,0
17257,0033800002VfT01AAF,0.0,0,416.0,1825.0,1,0,0,0,0,0,0,0,1,0,0,1,0
17258,0033800002VfT7vAAF,0.0,10,1911.0,1462.0,0,1,0,0,0,0,1,0,0,0,0,1,1
17260,0033800002VfTI3AAN,0.0,0,2108.0,7327.0,1,0,0,0,0,0,1,0,0,0,0,1,1
17261,0033800002VfTN5AAN,0.0,0,2459.0,1228.0,0,1,0,0,0,0,1,0,0,0,0,1,1
17265,0033800002VfTZqAAN,0.0,100,2665.0,4930.0,1,0,0,0,0,0,1,0,0,0,0,1,1
17267,0033800002VfTtkAAF,0.0,0,130.0,8017.0,0,0,0,1,0,0,1,0,0,0,0,1,1
17271,0033800002VfVbJAAV,0.0,70,2132.0,1460.0,0,0,0,1,0,0,0,0,1,0,0,1,1
17274,0033800002VfVrRAAV,0.0,0,4288.0,1457.0,0,0,0,1,0,0,0,0,0,1,0,1,1
17275,0033800002VfVuoAAF,0.0,50,2143.0,971.0,1,0,0,0,0,0,1,0,0,0,0,1,0
17277,0033800002VfWLBAA3,0.0,0,6279.0,1460.0,0,1,0,0,0,0,0,0,0,1,0,1,1
17278,0033800002VfWLLAA3,0.0,0,8.0,4100.0,0,0,0,1,0,0,1,0,0,0,0,1,0
17280,0033800002VfWcWAAV,0.0,0,817.0,3074.0,0,1,0,0,0,0,1,0,0,0,0,1,1
17281,0033800002VfX2kAAF,0.0,0,16471.0,1096.0,1,0,0,0,0,0,1,0,0,0,0,1,0
17285,0033800002VfXZGAA3,0.0,0,0.0,9660.0,0,0,0,0,1,0,1,0,0,0,0,1,1
17292,0033800002VfZNvAAN,0.0,0,20.0,4509.0,0,0,0,1,0,0,1,0,0,0,0,1,1
17294,0033800002VfaVtAAJ,0.0,0,0.0,7305.0,0,0,0,1,0,0,1,0,0,0,0,1,0
17296,0033800002VfaZWAAZ,0.0,0,9044.0,1259.0,1,0,0,0,0,0,1,0,0,0,1,0,0
17303,0033800002VfcIyAAJ,0.0,0,0.0,7306.0,1,0,0,0,0,1,0,0,0,0,0,1,0
17307,0033800002Vfd1mAAB,0.0,0,97.0,8939.0,0,1,0,0,0,0,0,1,0,0,0,1,1
17315,0033800002VffJWAAZ,0.0,0,0.0,1461.0,0,0,0,1,0,0,0,0,0,1,1,0,0
17316,0033800002VffL3AAJ,0.0,0,9057.0,3942.0,1,0,0,0,0,0,0,0,0,1,1,0,0
17317,0033800002VffRYAAZ,0.0,0,158.0,3829.0,0,0,0,1,0,0,1,0,0,0,0,1,0
17318,0033800002VfflEAAR,0.0,0,9387.0,3294.0,0,0,0,0,1,1,0,0,0,0,1,0,1
17322,0033800002VffzEAAR,0.0,90,4203.0,367.0,0,1,0,0,0,0,1,0,0,0,0,1,0
17324,0033800002Vfg1bAAB,0.0,0,78.0,1825.0,0,0,0,1,0,0,1,0,0,0,0,1,1
17330,0033800002VfgEgAAJ,0.0,20,3289.0,1111.0,0,0,0,0,1,0,1,0,0,0,0,1,0
17333,0033800002VfhCnAAJ,0.0,0,434.0,3464.0,0,0,0,1,0,1,0,0,0,0,0,1,1
17334,0033800002VfhE3AAJ,0.0,0,2.0,825.0,0,0,0,1,0,0,1,0,0,0,0,1,1
17337,0033800002Vfhi4AAB,0.0,0,7.0,5572.0,0,0,0,1,0,0,0,0,1,0,0,1,1
17342,0033800002VfiUuAAJ,0.0,0,0.0,5844.0,0,0,0,1,0,0,1,0,0,0,0,1,1
17343,0033800002VfiUvAAJ,0.0,0,0.0,2765.0,0,0,0,1,0,0,1,0,0,0,0,1,1
17344,0033800002VfiUwAAJ,0.0,0,3992.0,3653.0,0,0,0,1,0,0,0,0,1,0,0,1,1
17347,0033800002VfiUzAAJ,0.0,0,0.0,1962.0,0,0,0,1,0,0,1,0,0,0,0,1,1
17348,0033800002VfiV0AAJ,0.0,0,3879.0,1185.0,0,1,0,0,0,0,1,0,0,0,0,1,1
17350,0033800002VfiV2AAJ,0.0,0,40343.0,8.0,0,1,0,0,0,0,1,0,0,0,0,1,0
17351,0033800002VfiV3AAJ,0.0,40,372.0,8259.0,1,0,0,0,0,1,0,0,0,0,0,1,1
17352,0033800002VfiV4AAJ,0.0,0,7534.0,729.0,1,0,0,0,0,0,0,0,0,1,1,0,1
17354,0033800002VfiV6AAJ,0.0,0,431.0,5661.0,0,0,0,1,0,0,1,0,0,0,0,1,1
17361,0033800002VfiVDAAZ,0.0,20,38.0,5266.0,1,0,0,0,0,0,1,0,0,0,0,1,1
17362,0033800002VfiVEAAZ,0.0,0,5098.0,3653.0,0,0,0,0,1,0,0,0,1,0,0,1,1
17364,0033800002VfjOMAAZ,0.0,50,996.0,1369.0,0,0,0,1,0,0,0,0,1,0,0,1,1
17365,0033800002VfjXeAAJ,0.0,100,321.0,6227.0,0,0,0,1,0,0,1,0,0,0,1,0,1
17368,0033800002VfkHnAAJ,0.0,20,1312.0,2760.0,0,1,0,0,0,0,1,0,0,0,0,1,0
17369,0033800002VfkVKAAZ,0.0,0,0.0,7649.0,0,1,0,0,0,0,0,0,1,0,0,1,0
17370,0033800002VfkVLAAZ,0.0,0,0.0,7080.0,0,1,0,0,0,0,0,0,1,0,0,1,1
17371,0033800002VfkVMAAZ,0.0,0,0.0,1795.0,0,0,0,1,0,0,0,0,1,0,0,1,0
17373,0033800002VfkVOAAZ,0.0,0,0.0,9047.0,1,0,0,0,0,0,0,1,0,0,0,1,0
17376,0033800002VfkVRAAZ,0.0,0,0.0,7334.0,0,0,0,1,0,0,0,0,1,0,0,1,0
17377,0033800002VfkVSAAZ,0.0,0,3497.0,1580.0,0,0,0,1,0,0,0,0,1,0,1,0,0
17378,0033800002VfkVTAAZ,0.0,0,0.0,7132.0,0,0,0,1,0,0,0,0,1,0,0,1,1
17382,0033800002VfkVXAAZ,0.0,0,0.0,9875.0,0,0,0,1,0,0,0,1,0,0,0,1,0
17384,0033800002VfkVZAAZ,0.0,0,0.0,7305.0,0,0,0,1,0,0,0,0,1,0,0,1,0
17385,0033800002VfkVaAAJ,0.0,0,0.0,1461.0,0,0,0,1,0,0,0,0,1,0,1,0,1
17386,0033800002VfkVbAAJ,0.0,0,0.0,1461.0,0,0,0,1,0,0,0,0,1,0,0,1,0
17387,0033800002VfkVcAAJ,0.0,0,0.0,1457.0,0,0,0,1,0,0,0,0,1,0,0,1,0
17396,0033800002VflLYAAZ,0.0,30,9795.0,410.0,0,0,0,0,1,1,0,0,0,0,0,1,1
17397,0033800002VflWSAAZ,0.0,0,75.0,10749.0,0,0,0,0,1,0,1,0,0,0,0,1,1
17400,0033800002Vfm7pAAB,0.0,90,501.0,6301.0,0,0,0,0,1,1,0,0,0,0,1,0,1
17403,0033800002VfmNGAAZ,0.0,20,166.0,7341.0,0,0,0,0,1,0,1,0,0,0,0,1,1
17405,0033800002VfmicAAB,0.0,0,0.0,3990.0,1,0,0,0,0,1,0,0,0,0,0,1,0
17406,0033800002VfmjVAAR,0.0,0,10041.0,2193.0,0,0,0,0,1,0,1,0,0,0,0,1,1
17409,0033800002VfnPxAAJ,0.0,0,844.0,1892.0,0,0,0,1,0,0,1,0,0,0,0,1,1
17413,0033800002VfnsDAAR,0.0,90,1109.0,7438.0,0,1,0,0,0,0,1,0,0,0,0,1,0
17414,0033800002VfnxnAAB,0.0,40,819.0,2191.0,0,1,0,0,0,1,0,0,0,0,0,1,1
17416,0033800002VfoCOAAZ,0.0,0,2860.0,1225.0,0,1,0,0,0,0,1,0,0,0,0,1,1
17417,0033800002VfoCnAAJ,0.0,0,95.0,1206.0,0,0,0,1,0,0,1,0,0,0,0,1,1
17419,0033800002VfoUgAAJ,0.0,0,0.0,8228.0,0,1,0,0,0,0,0,0,1,0,0,1,1
17420,0033800002VfoqxAAB,0.0,0,0.0,10981.0,1,0,0,0,0,1,0,0,0,0,0,1,0
17421,0033800002VfoqyAAB,0.0,0,191.0,9315.0,0,0,0,0,1,1,0,0,0,0,0,1,1
17422,0033800002VfoqzAAB,0.0,0,0.0,3387.0,1,0,0,0,0,1,0,0,0,0,0,1,0
17423,0033800002Vfor0AAB,0.0,0,0.0,8646.0,1,0,0,0,0,1,0,0,0,0,0,1,0
17425,0033800002Vfor2AAB,0.0,0,0.0,1460.0,0,1,0,0,0,0,1,0,0,0,0,1,1
17426,0033800002Vfor3AAB,0.0,0,9.0,3789.0,0,0,0,0,1,0,1,0,0,0,1,0,0
17427,0033800002Vfor4AAB,0.0,0,0.0,7336.0,0,1,0,0,0,1,0,0,0,0,0,1,1
17429,0033800002Vfor6AAB,0.0,0,0.0,3285.0,0,0,0,1,0,1,0,0,0,0,1,0,1
17430,0033800002Vfor7AAB,0.0,0,0.0,7305.0,1,0,0,0,0,1,0,0,0,0,1,0,0
17431,0033800002Vfor8AAB,0.0,0,0.0,7388.0,0,0,0,1,0,0,0,1,0,0,0,1,0
17432,0033800002Vfor9AAB,0.0,0,0.0,7513.0,0,0,0,0,1,0,0,0,0,1,0,1,1
17434,0033800002VforBAAR,0.0,0,0.0,9862.0,0,1,0,0,0,0,1,0,0,0,0,1,1
17435,0033800002VforCAAR,0.0,0,0.0,1920.0,0,0,0,1,0,0,1,0,0,0,1,0,1
17436,0033800002VforDAAR,0.0,0,0.0,7349.0,0,1,0,0,0,1,0,0,0,0,1,0,1
17437,0033800002VforEAAR,0.0,0,0.0,7366.0,0,0,0,0,1,0,0,1,0,0,0,1,1
17438,0033800002VforFAAR,0.0,0,0.0,7063.0,0,0,0,0,1,1,0,0,0,0,0,1,0
17439,0033800002VforHAAR,0.0,0,0.0,9478.0,0,1,0,0,0,0,1,0,0,0,0,1,0
17445,0033800002VfpNzAAJ,0.0,0,0.0,7456.0,0,0,0,1,0,0,1,0,0,0,0,1,0
17451,0033800002VfpO5AAJ,0.0,0,0.0,7332.0,0,0,0,1,0,0,1,0,0,0,0,1,1
17455,0033800002VfpO9AAJ,0.0,0,0.0,13196.0,0,1,0,0,0,0,1,0,0,0,0,1,0
17461,0033800002VfpOFAAZ,0.0,0,0.0,6077.0,0,0,0,1,0,0,1,0,0,0,0,1,0
17465,0033800002VfpOJAAZ,0.0,0,0.0,7310.0,0,1,0,0,0,0,1,0,0,0,0,1,1
17467,0033800002VfpOLAAZ,0.0,0,0.0,1095.0,0,1,0,0,0,0,1,0,0,0,1,0,1
17469,0033800002VfpOOAAZ,0.0,0,0.0,3930.0,1,0,0,0,0,0,1,0,0,0,0,1,0
17471,0033800002VfpOQAAZ,0.0,90,0.0,8432.0,0,0,0,1,0,0,1,0,0,0,0,1,1
17472,0033800002VfpORAAZ,0.0,0,0.0,9508.0,1,0,0,0,0,0,1,0,0,0,0,1,1
17476,0033800002VfpWAAAZ,0.0,0,0.0,5449.0,0,0,0,1,0,0,1,0,0,0,0,1,1
17477,0033800002VfpWBAAZ,0.0,0,0.0,6109.0,1,0,0,0,0,0,1,0,0,0,1,0,1
17478,0033800002VfpWxAAJ,0.0,0,0.0,3707.0,0,0,0,1,0,0,1,0,0,0,0,1,1
17484,0033800002Vfq1QAAR,0.0,0,0.0,7305.0,0,0,0,1,0,0,1,0,0,0,0,1,0
17486,0033800002Vfq1SAAR,0.0,0,0.0,1614.0,0,0,0,1,0,0,1,0,0,0,0,1,1
17487,0033800002Vfq1TAAR,0.0,0,0.0,2535.0,0,0,0,1,0,0,1,0,0,0,0,1,0
17488,0033800002Vfq1VAAR,0.0,0,0.0,5298.0,0,0,0,1,0,0,1,0,0,0,0,1,0
17489,0033800002Vfq1WAAR,0.0,0,0.0,9604.0,0,1,0,0,0,0,1,0,0,0,0,1,1
17490,0033800002Vfq1XAAR,0.0,0,0.0,5358.0,1,0,0,0,0,0,1,0,0,0,0,1,1
17491,0033800002Vfq1YAAR,0.0,0,0.0,2167.0,0,0,0,1,0,0,1,0,0,0,0,1,0
17492,0033800002Vfq1ZAAR,0.0,0,0.0,5631.0,0,0,0,1,0,0,1,0,0,0,0,1,0
17494,0033800002Vfq1bAAB,0.0,0,0.0,4560.0,1,0,0,0,0,0,1,0,0,0,1,0,0
17495,0033800002Vfq1cAAB,0.0,100,0.0,6347.0,0,0,0,1,0,0,1,0,0,0,0,1,0
17496,0033800002Vfq1dAAB,0.0,0,0.0,7206.0,0,0,0,1,0,0,1,0,0,0,1,0,0
17497,0033800002Vfq1eAAB,0.0,0,0.0,6004.0,0,0,0,1,0,0,1,0,0,0,1,0,0
17498,0033800002Vfq1fAAB,0.0,0,0.0,1287.0,0,0,0,1,0,0,1,0,0,0,1,0,0
17499,0033800002Vfq1gAAB,0.0,0,0.0,4715.0,0,0,0,1,0,0,1,0,0,0,0,1,1
17502,0033800002VfqN7AAJ,0.0,0,140.0,12285.0,0,0,0,0,1,1,0,0,0,0,0,1,0
17504,0033800002VfqmtAAB,0.0,0,0.0,2190.0,1,0,0,0,0,1,0,0,0,0,0,1,1
17507,0033800002VfrDzAAJ,0.0,50,487.0,2250.0,0,0,0,1,0,0,0,0,1,0,0,1,0
17508,0033800002Vfs7eAAB,0.0,0,2257.0,1461.0,0,0,0,1,0,0,0,0,1,0,1,0,1
17509,0033800002Vfs8cAAB,0.0,0,227.0,4676.0,0,1,0,0,0,0,1,0,0,0,0,1,1
17510,0033800002VfsSOAAZ,0.0,0,0.0,2278.0,0,0,0,1,0,0,1,0,0,0,0,1,1
17514,0033800002VfshFAAR,0.0,0,1743.0,8218.0,1,0,0,0,0,0,0,0,0,1,0,1,1
17516,0033800002Vft8vAAB,0.0,0,346.0,2914.0,0,0,0,1,0,0,1,0,0,0,0,1,0
17522,0033800002VfuUWAAZ,0.0,0,0.0,4909.0,0,0,0,1,0,0,0,0,1,0,0,1,1
17523,0033800002VfuUXAAZ,0.0,0,0.0,9523.0,0,0,0,1,0,0,0,0,0,1,0,1,1
17526,0033800002VfuUaAAJ,0.0,0,0.0,7309.0,0,0,0,1,0,0,0,0,1,0,0,1,1
17527,0033800002VfuUbAAJ,0.0,0,0.0,6755.0,0,1,0,0,0,0,0,0,0,1,0,1,1
17528,0033800002VfuUcAAJ,0.0,0,41.0,7334.0,0,0,0,1,0,0,0,0,1,0,1,0,1
17529,0033800002VfuUdAAJ,0.0,0,0.0,2707.0,0,0,0,1,0,0,0,0,1,0,0,1,0
17530,0033800002VfuUeAAJ,0.0,0,0.0,7317.0,0,0,0,1,0,0,0,0,1,0,0,1,1
17531,0033800002VfuUfAAJ,0.0,0,0.0,7528.0,0,0,0,1,0,0,0,0,1,0,0,1,0
17532,0033800002VfuUgAAJ,0.0,0,0.0,7589.0,0,0,0,1,0,0,0,0,0,1,1,0,1
17533,0033800002VfuUhAAJ,0.0,0,0.0,10987.0,1,0,0,0,0,0,1,0,0,0,0,1,0
17536,0033800002VfuUkAAJ,0.0,0,0.0,5249.0,0,1,0,0,0,0,0,0,0,1,0,1,1
17537,0033800002VfuUlAAJ,0.0,0,0.0,5022.0,0,0,0,1,0,0,0,0,1,0,0,1,0
17541,0033800002VfuwMAAR,0.0,0,0.0,10980.0,0,1,0,0,0,0,0,0,1,0,0,1,1
17542,0033800002VfvBzAAJ,0.0,0,11183.0,693.0,1,0,0,0,0,1,0,0,0,0,0,1,1
17544,0033800002VfvH9AAJ,0.0,0,1174.0,2976.0,1,0,0,0,0,0,1,0,0,0,0,1,1
17546,0033800002VfvZqAAJ,0.0,0,0.0,1188.0,0,0,0,1,0,0,1,0,0,0,1,0,0
17551,0033800002VfwhXAAR,0.0,0,0.0,9816.0,0,0,0,1,0,0,1,0,0,0,0,1,1
17552,0033800002VfwipAAB,0.0,0,0.0,2798.0,0,0,0,1,0,0,0,0,0,1,0,1,1
17554,0033800002VfwuqAAB,0.0,0,2089.0,4606.0,0,0,0,1,0,0,0,0,1,0,0,1,0
17555,0033800002VfwyxAAB,0.0,0,0.0,8439.0,1,0,0,0,0,0,1,0,0,0,0,1,0
17557,0033800002VfxERAAZ,0.0,0,0.0,7315.0,0,0,0,1,0,0,1,0,0,0,0,1,1
17558,0033800002VfxEgAAJ,0.0,90,170.0,4995.0,1,0,0,0,0,0,1,0,0,0,0,1,1
17559,0033800002VfxL4AAJ,0.0,0,0.0,8453.0,0,0,0,1,0,0,1,0,0,0,0,1,1
17560,0033800002VfxeKAAR,0.0,0,772.0,1826.0,0,0,0,1,0,0,0,0,1,0,0,1,0
17562,0033800002VfxrCAAR,0.0,0,0.0,8771.0,0,0,0,1,0,0,1,0,0,0,1,0,0
17564,0033800002VfynzAAB,0.0,30,1655.0,1461.0,1,0,0,0,0,0,0,0,1,0,0,1,1
17566,0033800002VfyxVAAR,0.0,0,337.0,2511.0,0,0,0,1,0,0,1,0,0,0,0,1,0
17567,0033800002Vfz1NAAR,0.0,0,167.0,8792.0,0,0,0,1,0,0,0,0,0,1,0,1,0
17569,0033800002VfzE9AAJ,0.0,30,7833.0,5879.0,0,0,0,1,0,0,1,0,0,0,0,1,1
17571,0033800002VfzQ3AAJ,0.0,30,4002.0,7870.0,0,0,0,0,1,0,0,0,0,1,0,1,0
17575,0033800002Vg18PAAR,0.0,80,288.0,7922.0,1,0,0,0,0,0,1,0,0,0,0,1,1
17584,0033800002Vg39fAAB,0.0,0,2024.0,3148.0,1,0,0,0,0,0,1,0,0,0,0,1,0
17586,0033800002Vg4ZRAAZ,0.0,80,672.0,16.0,0,0,0,0,1,0,1,0,0,0,0,1,1
17588,0033800002Vg5a6AAB,0.0,90,2021.0,4025.0,0,1,0,0,0,0,0,0,0,1,0,1,1
17590,0033800002Vg5hbAAB,0.0,0,1805.0,967.0,1,0,0,0,0,0,1,0,0,0,0,1,1
17591,0033800002Vg5hqAAB,0.0,0,43.0,2688.0,0,0,0,1,0,0,0,0,1,0,0,1,1
17595,0033800002Vg60SAAR,0.0,0,259.0,7308.0,0,0,0,1,0,0,1,0,0,0,0,1,1
17596,0033800002Vg6BJAAZ,0.0,50,3068.0,1461.0,0,1,0,0,0,0,0,0,1,0,0,1,0
17603,0033800002Y2zgrAAB,0.0,0,555.0,2364.0,0,0,0,1,0,0,0,0,1,0,0,1,1
17604,0033800002Y309AAAR,0.0,0,70.0,2098.0,0,0,0,1,0,0,0,0,0,1,0,1,1
17606,0033800002Y30GuAAJ,0.0,90,745.0,4806.0,0,0,0,1,0,0,1,0,0,0,0,1,1
17609,0033800002Y30iTAAR,0.0,0,3814.0,1461.0,0,1,0,0,0,0,0,0,1,0,0,1,1
17612,0033800002Y31DVAAZ,0.0,0,0.0,7231.0,0,0,0,0,1,0,1,0,0,0,0,1,0
17613,0033800002Y31DfAAJ,0.0,0,0.0,7142.0,0,0,0,1,0,0,1,0,0,0,0,1,0
17617,0033800002Y31zcAAB,0.0,0,0.0,6448.0,0,0,0,0,1,0,1,0,0,0,0,1,1
17618,0033800002Y32BoAAJ,0.0,0,0.0,9743.0,0,0,0,1,0,0,0,0,0,1,0,1,1
17620,0033800002Y32FuAAJ,0.0,0,1548.0,1462.0,0,1,0,0,0,0,0,0,1,0,0,1,1
17621,0033800002Y32J4AAJ,0.0,0,13.0,1985.0,0,1,0,0,0,0,1,0,0,0,0,1,1
17624,0033800002Y32gCAAR,0.0,0,76.0,9166.0,0,1,0,0,0,0,0,0,1,0,0,1,1
17625,0033800002Y333bAAB,0.0,0,0.0,10514.0,0,1,0,0,0,1,0,0,0,0,0,1,1
17627,0033800002Y33DeAAJ,0.0,90,106.0,2541.0,0,0,0,1,0,0,0,0,1,0,0,1,1
17628,0033800002Y33FNAAZ,0.0,0,542.0,3015.0,0,1,0,0,0,0,0,0,0,1,0,1,0
17630,0033800002Y33J9AAJ,0.0,0,0.0,1279.0,0,0,0,0,1,0,1,0,0,0,0,1,1
17634,0033800002Y33luAAB,0.0,0,355.0,994.0,0,0,0,1,0,1,0,0,0,0,0,1,0
17636,0033800002Y33snAAB,0.0,0,0.0,9130.0,0,0,0,0,1,0,1,0,0,0,0,1,1
17637,0033800002Y33wLAAR,0.0,0,0.0,10597.0,0,0,0,0,1,0,1,0,0,0,0,1,0
17638,0033800002Y33xsAAB,0.0,100,11564.0,1093.0,0,1,0,0,0,0,0,0,0,1,0,1,0
17639,0033800002Y33yHAAR,0.0,0,0.0,10988.0,0,0,0,0,1,0,1,0,0,0,1,0,0
17641,0033800002Y344qAAB,0.0,70,595.0,4201.0,0,0,0,1,0,0,1,0,0,0,0,1,0
17642,0033800002Y348bAAB,0.0,0,83.0,3640.0,1,0,0,0,0,1,0,0,0,0,0,1,0
17643,0033800002Y34ErAAJ,0.0,0,178.0,1461.0,0,0,0,1,0,0,0,0,1,0,0,1,1
17644,0033800002Y34GEAAZ,0.0,0,75.0,10584.0,0,0,0,0,1,0,1,0,0,0,1,0,0
17646,0033800002Y35XdAAJ,0.0,70,1056.0,1297.0,0,0,0,1,0,0,1,0,0,0,1,0,1
17647,0033800002Y35XfAAJ,0.0,0,0.0,7305.0,0,0,0,0,1,0,0,0,0,1,0,1,1
17648,0033800002Y35XgAAJ,0.0,0,15.0,10718.0,0,1,0,0,0,0,1,0,0,0,0,1,1
17649,0033800002Y35XhAAJ,0.0,0,0.0,1820.0,1,0,0,0,0,0,1,0,0,0,0,1,1
17651,0033800002Y35XjAAJ,0.0,0,288.0,1405.0,0,1,0,0,0,0,1,0,0,0,0,1,1
17654,0033800002Y35XsAAJ,0.0,0,234.0,9739.0,0,0,0,1,0,0,1,0,0,0,0,1,1
17655,0033800002Y35XtAAJ,0.0,0,0.0,4018.0,0,1,0,0,0,1,0,0,0,0,1,0,0
17656,0033800002Y35XuAAJ,0.0,0,347.0,8401.0,0,0,0,0,1,1,0,0,0,0,0,1,1
17663,0033800002Y35Y1AAJ,0.0,0,0.0,7330.0,0,0,0,1,0,0,1,0,0,0,0,1,1
17664,0033800002Y35Y2AAJ,0.0,0,39.0,2820.0,0,0,0,1,0,0,1,0,0,0,0,1,1
17666,0033800002Y35Y4AAJ,0.0,20,4305.0,2982.0,0,0,0,0,1,0,1,0,0,0,0,1,0
17667,0033800002Y35Y5AAJ,0.0,10,4121.0,1827.0,0,1,0,0,0,0,0,0,1,0,0,1,1
17673,0033800002Y35YBAAZ,0.0,0,3818.0,2143.0,0,1,0,0,0,0,0,0,0,1,0,1,1
17674,0033800002Y35YCAAZ,0.0,0,0.0,4784.0,0,0,0,0,1,0,1,0,0,0,1,0,1
17675,0033800002Y35YDAAZ,0.0,0,0.0,9408.0,0,0,0,1,0,0,1,0,0,0,0,1,0
17677,0033800002Y35YFAAZ,0.0,50,12035.0,1461.0,0,0,0,1,0,0,0,0,0,1,0,1,1
17680,0033800002Y35YIAAZ,0.0,0,0.0,9042.0,0,0,0,1,0,0,1,0,0,0,0,1,1
17681,0033800002Y35YKAAZ,0.0,70,0.0,2368.0,0,0,0,1,0,0,1,0,0,0,1,0,1
17686,0033800002Y35YPAAZ,0.0,90,0.0,3095.0,0,0,0,1,0,0,1,0,0,0,0,1,0
17689,0033800002Y35YSAAZ,0.0,0,42.0,6115.0,0,1,0,0,0,0,1,0,0,0,0,1,1
17691,0033800002Y35YVAAZ,0.0,0,0.0,7320.0,0,0,0,1,0,1,0,0,0,0,0,1,1
17695,0033800002Y35YZAAZ,0.0,0,1416.0,1461.0,0,0,0,1,0,0,0,0,1,0,0,1,0
17699,0033800002Y35YdAAJ,0.0,80,425.0,1283.0,0,0,0,1,0,0,1,0,0,0,0,1,1
17702,0033800002Y36C6AAJ,0.0,0,3515.0,3708.0,0,1,0,0,0,1,0,0,0,0,1,0,0
17703,0033800002Y36EgAAJ,0.0,0,11817.0,2487.0,1,0,0,0,0,0,1,0,0,0,0,1,0
17708,0033800002Y36pOAAR,0.0,0,0.0,7959.0,0,1,0,0,0,1,0,0,0,0,0,1,1
17711,0033800002Y37BoAAJ,0.0,0,767.0,1256.0,0,0,0,1,0,0,1,0,0,0,0,1,0
17713,0033800002Y37InAAJ,0.0,0,365.0,4529.0,0,0,0,1,0,0,0,0,1,0,0,1,1
17714,0033800002Y37JbAAJ,0.0,0,176.0,817.0,0,0,0,1,0,0,1,0,0,0,0,1,1
17716,0033800002Y37TuAAJ,0.0,0,293.0,1736.0,0,0,0,1,0,0,0,0,0,1,1,0,1
17719,0033800002Y37hmAAB,0.0,0,2916.0,3368.0,0,1,0,0,0,0,1,0,0,0,0,1,1
17724,0033800002Y38nZAAR,0.0,0,6244.0,3136.0,1,0,0,0,0,0,1,0,0,0,1,0,0
17725,0033800002Y38ycAAB,0.0,0,566.0,10287.0,0,1,0,0,0,0,1,0,0,0,0,1,1
17726,0033800002Y39TRAAZ,0.0,20,664.0,1407.0,0,0,0,1,0,0,1,0,0,0,1,0,0
17730,0033800002Y3AEXAA3,0.0,0,228.0,1696.0,0,0,0,1,0,0,1,0,0,0,1,0,0
17732,0033800002Y3BqxAAF,0.0,0,0.0,8877.0,1,0,0,0,0,0,1,0,0,0,0,1,1
17734,0033800002Y3CWlAAN,0.0,90,3490.0,7324.0,0,0,0,1,0,0,1,0,0,0,0,1,1
17735,0033800002Y3CbgAAF,0.0,20,6173.0,943.0,0,0,0,1,0,0,1,0,0,0,0,1,1
17736,0033800002Y3CkuAAF,0.0,0,35.0,7314.0,0,0,0,0,1,1,0,0,0,0,0,1,1
17737,0033800002Y3CxPAAV,0.0,100,918.0,9133.0,1,0,0,0,0,0,1,0,0,0,0,1,1
17739,0033800002Y3DPNAA3,0.0,0,236.0,5665.0,1,0,0,0,0,0,1,0,0,0,1,0,1
17740,0033800002Y3DPrAAN,0.0,100,2.0,7652.0,0,1,0,0,0,0,1,0,0,0,0,1,1
17742,0033800002Y3E4VAAV,0.0,0,2623.0,5540.0,0,0,0,1,0,1,0,0,0,0,1,0,0
17747,0033800002Y3EPEAA3,0.0,0,51.0,8035.0,0,0,0,1,0,0,1,0,0,0,0,1,0
17751,0033800002Y3EyfAAF,0.0,0,625.0,3022.0,0,0,0,1,0,0,1,0,0,0,0,1,1
17753,0033800002Y3FMMAA3,0.0,0,1644.0,1825.0,0,0,0,1,0,0,1,0,0,0,0,1,1
17758,0033800002Y3FofAAF,0.0,0,0.0,9145.0,0,1,0,0,0,0,1,0,0,0,0,1,1
17759,0033800002Y3FpdAAF,0.0,90,365.0,3470.0,0,0,0,1,0,0,1,0,0,0,0,1,0
17761,0033800002Y3IapAAF,0.0,90,3393.0,2263.0,0,1,0,0,0,0,1,0,0,0,0,1,1
17762,0033800002Y3IdDAAV,0.0,0,1256.0,1460.0,0,0,0,1,0,0,0,0,1,0,0,1,1
17763,0033800002Y3Ik4AAF,0.0,60,8386.0,1522.0,0,1,0,0,0,0,1,0,0,0,1,0,0
17764,0033800002Y3IkxAAF,0.0,0,338.0,975.0,0,0,0,0,1,0,0,0,0,1,0,1,1
17765,0033800002Y3Im0AAF,0.0,80,1586.0,7596.0,0,1,0,0,0,1,0,0,0,0,1,0,1
17769,0033800002Y3Ir7AAF,0.0,0,0.0,8797.0,1,0,0,0,0,1,0,0,0,0,0,1,1
17771,0033800002Y3JAfAAN,0.0,0,0.0,10272.0,1,0,0,0,0,0,1,0,0,0,0,1,1
17772,0033800002Y3JApAAN,0.0,0,0.0,9105.0,1,0,0,0,0,0,1,0,0,0,1,0,0
17774,0033800002Y3JMRAA3,0.0,0,0.0,2191.0,1,0,0,0,0,1,0,0,0,0,0,1,1
17777,0033800002Y3JR7AAN,0.0,0,71.0,6338.0,0,1,0,0,0,0,1,0,0,0,0,1,1
17779,0033800002Y3JgRAAV,0.0,60,1271.0,4723.0,1,0,0,0,0,0,0,0,1,0,0,1,0
17782,0033800002Y3JxoAAF,0.0,30,283.0,4851.0,1,0,0,0,0,0,0,0,0,1,0,1,0
17784,0033800002Y3KajAAF,0.0,50,1719.0,3270.0,0,0,0,0,1,0,1,0,0,0,0,1,1
17785,0033800002Y3KmqAAF,0.0,50,175.0,1129.0,0,1,0,0,0,0,1,0,0,0,0,1,1
17786,0033800002Y3KqxAAF,0.0,100,325.0,8103.0,1,0,0,0,0,0,1,0,0,0,0,1,0
17793,0033800002Y3LSqAAN,0.0,80,491.0,7397.0,0,0,0,0,1,1,0,0,0,0,0,1,1
17796,0033800002Y3LezAAF,0.0,0,37.0,5772.0,0,1,0,0,0,0,1,0,0,0,1,0,1
17802,0033800002Y3MDgAAN,0.0,70,12.0,4650.0,0,0,0,1,0,0,0,0,1,0,0,1,1
17805,0033800002Y3NuzAAF,0.0,0,68.0,7375.0,0,0,0,1,0,0,1,0,0,0,0,1,1
17807,0033800002Y3OayAAF,0.0,0,0.0,6349.0,0,0,0,0,1,0,1,0,0,0,0,1,1
17809,0033800002Y3P26AAF,0.0,0,3964.0,1460.0,0,0,0,0,1,1,0,0,0,0,1,0,0
17815,0033800002Y3PtQAAV,0.0,0,649.0,7837.0,0,0,0,0,1,0,1,0,0,0,1,0,1
17820,0033800002Y3QZ8AAN,0.0,80,191.0,7328.0,1,0,0,0,0,0,0,0,0,1,0,1,0
17827,0033800002Y3RuiAAF,0.0,30,1525.0,1828.0,1,0,0,0,0,0,1,0,0,0,0,1,1
17830,0033800002Y3SFyAAN,0.0,0,121.0,5082.0,0,0,0,1,0,1,0,0,0,0,1,0,0
17841,0033800002Y3W7NAAV,0.0,0,0.0,4748.0,0,1,0,0,0,0,1,0,0,0,0,1,1
17842,0033800002Y3W7OAAV,0.0,0,0.0,3333.0,1,0,0,0,0,0,1,0,0,0,0,1,1
17843,0033800002Y3W7PAAV,0.0,0,0.0,3598.0,0,0,0,1,0,0,1,0,0,0,0,1,1
17844,0033800002Y3W7QAAV,0.0,0,987.0,2191.0,0,1,0,0,0,0,0,0,0,1,1,0,1
17845,0033800002Y3W7RAAV,0.0,0,0.0,1947.0,0,0,0,0,1,1,0,0,0,0,0,1,1
17849,0033800002Y3W7VAAV,0.0,0,11.0,1130.0,0,1,0,0,0,1,0,0,0,0,0,1,1
17850,0033800002Y3W7WAAV,0.0,0,0.0,7592.0,0,1,0,0,0,1,0,0,0,0,0,1,1
17851,0033800002Y3W7XAAV,0.0,0,0.0,1096.0,0,0,0,0,1,0,1,0,0,0,0,1,1
17854,0033800002Y3W7aAAF,0.0,0,0.0,12418.0,0,1,0,0,0,0,1,0,0,0,0,1,1
17855,0033800002Y3W7bAAF,0.0,0,44.0,8674.0,0,0,0,0,1,1,0,0,0,0,1,0,1
17857,0033800002Y3W7dAAF,0.0,0,0.0,4018.0,0,0,0,1,0,0,1,0,0,0,0,1,1
17858,0033800002Y3W7eAAF,0.0,0,1177.0,3502.0,1,0,0,0,0,0,1,0,0,0,0,1,1
17860,0033800002Y3W7gAAF,0.0,0,0.0,2771.0,1,0,0,0,0,0,1,0,0,0,1,0,1
17862,0033800002Y3W7iAAF,0.0,0,7204.0,1066.0,0,0,0,0,1,0,1,0,0,0,1,0,0
17865,0033800002Y3W7lAAF,0.0,30,1624.0,1462.0,1,0,0,0,0,0,0,0,1,0,0,1,1
17867,0033800002Y3W7nAAF,0.0,0,0.0,7873.0,0,0,0,1,0,0,1,0,0,0,0,1,1
17868,0033800002Y3WCoAAN,0.0,0,0.0,6534.0,1,0,0,0,0,0,1,0,0,0,1,0,1
17869,0033800002Y3WHZAA3,0.0,0,0.0,4043.0,0,0,0,1,0,0,1,0,0,0,0,1,1
17870,0033800002Y3WZtAAN,0.0,100,4174.0,4293.0,0,0,0,0,1,0,1,0,0,0,0,1,0
17874,0033800002Y3XI1AAN,0.0,0,2015.0,7330.0,0,1,0,0,0,0,0,0,0,1,0,1,0
17879,0033800002Y3Yb8AAF,0.0,0,0.0,6117.0,0,0,0,0,1,0,1,0,0,0,0,1,1
17880,0033800002Y3YpbAAF,0.0,0,3184.0,1642.0,0,1,0,0,0,0,0,0,0,1,0,1,1
17883,0033800002Y3ZHeAAN,0.0,0,4.0,7504.0,0,0,0,1,0,0,1,0,0,0,0,1,0
17886,0033800002Y3ZULAA3,0.0,0,1017.0,1461.0,0,0,0,1,0,0,1,0,0,0,0,1,0
17891,0033800002Y3ZlGAAV,0.0,0,0.0,2927.0,0,1,0,0,0,0,0,0,0,1,0,1,1
17894,0033800002Y3a98AAB,0.0,0,1714.0,1532.0,0,1,0,0,0,0,1,0,0,0,0,1,1
17895,0033800002Y3a9IAAR,0.0,80,1148.0,1712.0,0,0,0,1,0,0,1,0,0,0,0,1,1
17897,0033800002Y3aAOAAZ,0.0,0,80.0,1445.0,1,0,0,0,0,1,0,0,0,0,0,1,1
17900,0033800002Y3aHkAAJ,0.0,0,1000.0,1765.0,0,0,0,1,0,0,1,0,0,0,0,1,0
17901,0033800002Y3aHzAAJ,0.0,0,1360.0,3345.0,0,0,0,0,1,1,0,0,0,0,0,1,1
17903,0033800002Y3bDOAAZ,0.0,0,703.0,7311.0,0,1,0,0,0,0,0,0,0,1,0,1,1
17908,0033800002Y3bTbAAJ,0.0,50,0.0,996.0,0,0,0,1,0,0,1,0,0,0,0,1,1
17909,0033800002Y3bxZAAR,0.0,90,3505.0,7806.0,0,0,0,0,1,0,1,0,0,0,1,0,1
17911,0033800002Y3cPnAAJ,0.0,0,4347.0,2580.0,0,0,0,1,0,0,0,0,1,0,0,1,0
17913,0033800002Y3ckRAAR,0.0,0,148.0,1461.0,1,0,0,0,0,0,0,0,0,1,1,0,1
17914,0033800002Y3cyTAAR,0.0,70,288.0,3892.0,1,0,0,0,0,0,1,0,0,0,0,1,1
17915,0033800002Y3dhFAAR,0.0,10,1689.0,4338.0,1,0,0,0,0,0,0,0,1,0,0,1,1
17916,0033800002Y3dihAAB,0.0,0,0.0,3293.0,0,1,0,0,0,0,1,0,0,0,0,1,1
17920,0033800002Y3eLqAAJ,0.0,0,4014.0,2313.0,1,0,0,0,0,0,0,0,0,1,0,1,0
17922,0033800002Y3fWjAAJ,0.0,0,7339.0,7795.0,0,1,0,0,0,0,1,0,0,0,0,1,1
17924,0033800002Y3fkWAAR,0.0,80,4187.0,3193.0,0,1,0,0,0,0,0,0,1,0,0,1,0
17926,0033800002Y3gyUAAR,0.0,40,129.0,3030.0,0,0,0,0,1,0,1,0,0,0,0,1,1
17927,0033800002Y3h5lAAB,0.0,90,395.0,4127.0,0,0,0,1,0,0,1,0,0,0,0,1,1
17935,0033800002Y3i9AAAR,0.0,60,0.0,4813.0,0,1,0,0,0,1,0,0,0,0,1,0,1
17936,0033800002Y3iF3AAJ,0.0,0,290.0,3866.0,1,0,0,0,0,0,1,0,0,0,0,1,0
17942,0033800002Y3jVvAAJ,0.0,50,531.0,5827.0,0,0,0,1,0,0,0,0,1,0,1,0,0
17943,0033800002Y3jy0AAB,0.0,20,359.0,1181.0,0,0,0,1,0,0,1,0,0,0,0,1,1
17944,0033800002Y3kApAAJ,0.0,0,815.0,6889.0,0,0,0,0,1,0,1,0,0,0,0,1,1
17945,0033800002Y3kD5AAJ,0.0,0,56.0,1461.0,0,1,0,0,0,1,0,0,0,0,0,1,0
17948,0033800002Y3kLVAAZ,0.0,0,4113.0,2054.0,0,0,1,0,0,0,1,0,0,0,1,0,0
17949,0033800002Y3kLkAAJ,0.0,0,846.0,4474.0,1,0,0,0,0,0,1,0,0,0,0,1,1
17952,0033800002Y3kROAAZ,0.0,0,4289.0,2781.0,0,0,0,1,0,0,0,0,1,0,0,1,1
17955,0033800002Y3lVKAAZ,0.0,0,3182.0,1060.0,0,0,0,1,0,0,0,1,0,0,1,0,0
17963,0033800002Y3oYTAAZ,0.0,0,2245.0,1674.0,0,0,0,1,0,0,0,0,0,1,0,1,1
17964,0033800002Y3oayAAB,0.0,10,863.0,1461.0,0,0,0,1,0,0,1,0,0,0,0,1,1
17965,0033800002Y3odaAAB,0.0,80,1864.0,1785.0,1,0,0,0,0,1,0,0,0,0,0,1,0
17968,0033800002Y3preAAB,0.0,0,43.0,7322.0,0,0,0,1,0,0,0,0,0,1,0,1,1
17969,0033800002Y3q8HAAR,0.0,50,0.0,1468.0,0,0,0,1,0,0,1,0,0,0,0,1,0
17970,0033800002Y3qAPAAZ,0.0,0,33.0,2923.0,0,1,0,0,0,0,1,0,0,0,0,1,1
17971,0033800002Y3qNBAAZ,0.0,20,2317.0,8867.0,0,0,0,0,1,1,0,0,0,0,0,1,1
17972,0033800002Y3qNGAAZ,0.0,0,0.0,10533.0,0,0,0,0,1,1,0,0,0,0,0,1,1
17976,0033800002Y3quoAAB,0.0,10,341.0,3287.0,0,0,0,1,0,0,1,0,0,0,0,1,0
17977,0033800002Y3qxTAAR,0.0,90,339.0,7030.0,1,0,0,0,0,0,1,0,0,0,0,1,1
17978,0033800002Y3rBNAAZ,0.0,80,743.0,7657.0,0,1,0,0,0,0,1,0,0,0,0,1,1
17979,0033800002Y3rMJAAZ,0.0,0,0.0,9405.0,0,0,1,0,0,1,0,0,0,0,0,1,0
17981,0033800002Y3rVmAAJ,0.0,0,8164.0,1431.0,0,0,0,0,1,0,0,0,1,0,0,1,1
17983,0033800002Y3rWoAAJ,0.0,10,1067.0,1825.0,0,1,0,0,0,0,0,0,1,0,1,0,1
17990,0033800002Y3s05AAB,0.0,0,0.0,9539.0,0,0,0,0,1,0,1,0,0,0,0,1,1
17992,0033800002Y3s4eAAB,0.0,0,0.0,3505.0,1,0,0,0,0,0,1,0,0,0,1,0,1
17993,0033800002Y3sAMAAZ,0.0,60,2862.0,756.0,0,1,0,0,0,1,0,0,0,0,0,1,0
17995,0033800002Y3sTjAAJ,0.0,70,1560.0,9160.0,0,1,0,0,0,0,1,0,0,0,0,1,1
17999,0033800002Y3tw3AAB,0.0,0,15.0,7329.0,1,0,0,0,0,0,1,0,0,0,0,1,1
18004,0033800002Y3uOUAAZ,0.0,0,470.0,3962.0,0,0,0,1,0,1,0,0,0,0,0,1,0
18007,0033800002Y3vJ6AAJ,0.0,0,126.0,2298.0,0,1,0,0,0,0,0,0,0,1,0,1,1
18008,0033800002Y3vNSAAZ,0.0,0,521.0,3043.0,0,0,0,1,0,0,1,0,0,0,0,1,0
18012,0033800002Y3wscAAB,0.0,0,2187.0,1460.0,0,0,0,1,0,0,0,0,1,0,0,1,1
18019,0033800002Y3y6YAAR,0.0,80,613.0,3804.0,0,0,0,1,0,0,0,0,0,1,0,1,1
18020,0033800002Y3yGzAAJ,0.0,0,522.0,3435.0,0,1,0,0,0,1,0,0,0,0,1,0,1
18025,0033800002Y3zFlAAJ,0.0,0,35.0,7621.0,1,0,0,0,0,0,1,0,0,0,0,1,1
18029,0033800002Y402qAAB,0.0,0,888.0,7425.0,0,0,0,0,1,0,0,0,1,0,0,1,1
18033,0033800002Y40ESAAZ,0.0,60,3973.0,962.0,0,0,0,0,1,0,1,0,0,0,1,0,0
18034,0033800002Y40jKAAR,0.0,0,6274.0,7353.0,0,1,0,0,0,0,1,0,0,0,0,1,1
18035,0033800002Y41D6AAJ,0.0,0,2968.0,2909.0,0,0,0,0,1,1,0,0,0,0,1,0,0
18036,0033800002Y41FWAAZ,0.0,0,3862.0,2192.0,0,0,0,1,0,1,0,0,0,0,0,1,0
18037,0033800002Y41V1AAJ,0.0,0,93.0,9313.0,1,0,0,0,0,0,1,0,0,0,0,1,0
18039,0033800002Y41zfAAB,0.0,30,935.0,3292.0,0,1,0,0,0,0,0,0,1,0,0,1,1
18040,0033800002Y42EGAAZ,0.0,0,0.0,1460.0,0,0,0,1,0,0,1,0,0,0,0,1,0
18043,0033800002Y42RsAAJ,0.0,0,2895.0,1702.0,1,0,0,0,0,0,1,0,0,0,0,1,1
18045,0033800002Y42hiAAB,0.0,0,0.0,10449.0,0,0,0,0,1,0,0,1,0,0,0,1,1
18047,0033800002Y44BbAAJ,0.0,0,0.0,1256.0,0,0,0,1,0,0,1,0,0,0,0,1,1
18048,0033800002Y44BqAAJ,0.0,0,677.0,2514.0,1,0,0,0,0,0,1,0,0,0,1,0,0
18051,0033800002Y44dEAAR,0.0,10,7500.0,3139.0,0,0,0,1,0,0,0,0,1,0,1,0,1
18052,0033800002Y45YMAAZ,0.0,0,844.0,1461.0,0,1,0,0,0,0,1,0,0,0,0,1,1
18055,0033800002Y471jAAB,0.0,0,0.0,7305.0,0,1,0,0,0,0,0,0,0,1,0,1,0
18056,0033800002Y47AoAAJ,0.0,0,1557.0,7752.0,0,1,0,0,0,0,0,0,0,1,0,1,0
18058,0033800002Y47RHAAZ,0.0,0,10560.0,3291.0,0,0,0,1,0,0,1,0,0,0,0,1,1
18059,0033800002Y47SZAAZ,0.0,90,229.0,4404.0,0,0,0,1,0,0,1,0,0,0,0,1,0
18068,0033800002Y48s7AAB,0.0,0,462.0,7329.0,0,0,0,0,1,0,0,0,0,1,1,0,0
18070,0033800002Y4932AAB,0.0,0,0.0,2338.0,0,0,0,1,0,0,0,0,0,1,0,1,0
18072,0033800002Y49yxAAB,0.0,100,675.0,7327.0,0,0,0,1,0,0,0,0,1,0,0,1,1
18073,0033800002Y4AjbAAF,0.0,0,3687.0,9089.0,0,0,0,0,1,0,0,0,0,1,1,0,0
18076,0033800002Y4B1UAAV,0.0,0,0.0,9151.0,0,1,0,0,0,0,1,0,0,0,0,1,0
18077,0033800002Y4BNnAAN,0.0,0,1422.0,1745.0,0,0,0,1,0,0,1,0,0,0,1,0,1
18082,0033800002Y4BybAAF,0.0,0,4.0,10247.0,0,1,0,0,0,0,1,0,0,0,0,1,1
18084,0033800002Y4C2JAAV,0.0,0,0.0,11398.0,1,0,0,0,0,0,1,0,0,0,0,1,1
18085,0033800002Y4C2TAAV,0.0,100,298.0,5355.0,0,0,0,0,1,0,1,0,0,0,1,0,0
18087,0033800002Y4C5NAAV,0.0,0,164.0,1460.0,0,0,0,1,0,1,0,0,0,0,0,1,1
18089,0033800002Y4CCdAAN,0.0,100,2492.0,1594.0,1,0,0,0,0,0,1,0,0,0,0,1,0
18090,0033800002Y4Cf6AAF,0.0,0,1009.0,8340.0,0,0,0,0,1,0,1,0,0,0,1,0,1
18091,0033800002Y4CfpAAF,0.0,0,4296.0,1674.0,0,1,0,0,0,0,1,0,0,0,0,1,1
18093,0033800002Y4CliAAF,0.0,0,135.0,4163.0,0,0,0,1,0,0,0,0,1,0,1,0,1
18099,0033800002Y4D7vAAF,0.0,30,2349.0,8774.0,0,1,0,0,0,0,0,0,0,1,0,1,0
18103,0033800002Y4DRGAA3,0.0,0,169.0,8265.0,0,1,0,0,0,1,0,0,0,0,1,0,0
18110,0033800002Y4DutAAF,0.0,0,5625.0,2963.0,0,0,0,1,0,0,1,0,0,0,0,1,1
18112,0033800002Y4EbvAAF,0.0,60,3475.0,9161.0,1,0,0,0,0,1,0,0,0,0,0,1,1
18113,0033800002Y4EcjAAF,0.0,0,2211.0,8679.0,0,0,0,0,1,0,1,0,0,0,0,1,0
18116,0033800002Y4EkdAAF,0.0,60,979.0,650.0,0,0,0,1,0,0,1,0,0,0,0,1,0
18117,0033800002Y4EtdAAF,0.0,0,227.0,8303.0,1,0,0,0,0,0,1,0,0,0,0,1,1
18119,0033800002Y4EuJAAV,0.0,0,613.0,1195.0,1,0,0,0,0,0,1,0,0,0,1,0,0
18120,0033800002Y4EuKAAV,0.0,0,401.0,1572.0,0,0,0,1,0,0,1,0,0,0,0,1,1
18121,0033800002Y4EuLAAV,0.0,0,0.0,2922.0,0,0,0,1,0,0,1,0,0,0,1,0,0
18124,0033800002Y4EuOAAV,0.0,0,407.0,6492.0,1,0,0,0,0,0,1,0,0,0,0,1,0
18126,0033800002Y4EuQAAV,0.0,0,0.0,3730.0,0,0,0,1,0,0,1,0,0,0,0,1,0
18127,0033800002Y4EuRAAV,0.0,0,0.0,7338.0,0,1,0,0,0,0,1,0,0,0,0,1,1
18130,0033800002Y4EuUAAV,0.0,40,2805.0,8169.0,0,1,0,0,0,0,1,0,0,0,0,1,1
18132,0033800002Y4EuWAAV,0.0,0,1060.0,7335.0,1,0,0,0,0,0,0,0,0,1,0,1,1
18133,0033800002Y4EuXAAV,0.0,0,0.0,9315.0,0,0,0,0,1,0,1,0,0,0,0,1,0
18134,0033800002Y4EuYAAV,0.0,0,0.0,7310.0,0,1,0,0,0,0,1,0,0,0,0,1,0
18138,0033800002Y4FPQAA3,0.0,0,0.0,7315.0,0,1,0,0,0,1,0,0,0,0,0,1,1
18139,0033800002Y4FcjAAF,0.0,0,107.0,4383.0,0,0,0,0,1,0,1,0,0,0,0,1,0
18142,0033800002Y4G4SAAV,0.0,0,8.0,5597.0,0,0,0,1,0,0,0,0,1,0,0,1,1
18143,0033800002Y4GPJAA3,0.0,0,2096.0,2095.0,0,1,0,0,0,0,1,0,0,0,0,1,1
18149,0033800002Y4Go4AAF,0.0,0,6739.0,4019.0,0,0,0,0,1,0,1,0,0,0,1,0,0
18150,0033800002Y4GtTAAV,0.0,0,0.0,5655.0,0,0,0,1,0,0,0,0,0,1,0,1,0
18152,0033800002Y4GzqAAF,0.0,0,0.0,7336.0,0,0,0,0,1,1,0,0,0,0,0,1,1
18158,0033800002Y4HdVAAV,0.0,0,476.0,2862.0,0,1,0,0,0,1,0,0,0,0,0,1,0
18159,0033800002Y4I8tAAF,0.0,0,523.0,422.0,0,0,0,1,0,0,1,0,0,0,1,0,0
18161,0033800002Y4IBnAAN,0.0,0,0.0,1202.0,0,0,0,1,0,0,0,0,1,0,1,0,0
18171,0033800002Y4JTdAAN,0.0,0,1726.0,2303.0,1,0,0,0,0,0,1,0,0,0,0,1,0
18173,0033800002Y4JhHAAV,0.0,0,9486.0,2022.0,0,0,0,1,0,0,1,0,0,0,0,1,1
18174,0033800002Y4JliAAF,0.0,0,5316.0,2884.0,0,1,0,0,0,0,1,0,0,0,0,1,0
18177,0033800002Y4KJWAA3,0.0,0,367.0,4380.0,0,0,0,1,0,0,1,0,0,0,0,1,1
18179,0033800002Y4KnvAAF,0.0,70,1745.0,4615.0,0,0,0,1,0,0,1,0,0,0,0,1,1
18180,0033800002Y4KrtAAF,0.0,0,0.0,7305.0,0,0,0,1,0,0,1,0,0,0,0,1,0
18182,0033800002Y4LSPAA3,0.0,50,7495.0,3529.0,0,0,0,1,0,0,0,0,0,1,0,1,0
18186,0033800002Y4LpUAAV,0.0,100,106.0,2596.0,0,1,0,0,0,0,1,0,0,0,0,1,1
18193,0033800002Y4MheAAF,0.0,10,3070.0,1646.0,0,1,0,0,0,0,0,0,0,1,0,1,0
18196,0033800002Y4NPDAA3,0.0,0,832.0,1506.0,0,0,0,0,1,0,1,0,0,0,0,1,1
18204,0033800002Y4O2CAAV,0.0,100,468.0,7656.0,0,0,0,0,1,1,0,0,0,0,0,1,0
18206,0033800002Y4O8oAAF,0.0,0,8.0,3040.0,0,0,0,1,0,0,1,0,0,0,0,1,0
18211,0033800002Y4OSpAAN,0.0,0,1278.0,1461.0,0,0,0,1,0,0,0,0,0,1,0,1,0
18213,0033800002Y4OjFAAV,0.0,30,1969.0,10842.0,0,0,0,0,1,0,1,0,0,0,0,1,0
18217,0033800002Y4P9oAAF,0.0,0,2243.0,2923.0,0,0,0,1,0,0,1,0,0,0,0,1,1
18219,0033800002Y4PCdAAN,0.0,100,741.0,5231.0,1,0,0,0,0,0,1,0,0,0,0,1,0
18220,0033800002Y4PNuAAN,0.0,30,135.0,12947.0,0,0,0,1,0,0,1,0,0,0,0,1,1
18221,0033800002Y4PTlAAN,0.0,0,2279.0,1491.0,1,0,0,0,0,0,0,0,0,1,0,1,1
18223,0033800002Y4Q1sAAF,0.0,80,4425.0,1238.0,0,1,0,0,0,0,1,0,0,0,1,0,1
18226,0033800002Y4QUhAAN,0.0,0,518.0,1321.0,1,0,0,0,0,0,0,0,1,0,0,1,0
18228,0033800002Y4Qk7AAF,0.0,0,0.0,10098.0,1,0,0,0,0,0,1,0,0,0,0,1,0
18233,0033800002Y4RE9AAN,0.0,0,1838.0,1461.0,0,1,0,0,0,0,1,0,0,0,1,0,1
18234,0033800002Y4RJdAAN,0.0,0,2244.0,2852.0,0,0,0,1,0,1,0,0,0,0,0,1,0
18237,0033800002Y4RSyAAN,0.0,70,13.0,731.0,0,0,0,1,0,0,1,0,0,0,0,1,1
18239,0033800002Y4RVdAAN,0.0,0,0.0,3308.0,0,0,0,0,1,0,1,0,0,0,1,0,0
18240,0033800002Y4RekAAF,0.0,0,0.0,3149.0,0,0,0,1,0,0,0,0,1,0,0,1,1
18241,0033800002Y4RezAAF,0.0,0,42.0,13028.0,0,1,0,0,0,0,1,0,0,0,0,1,0
18244,0033800002Y4SExAAN,0.0,0,0.0,7681.0,0,0,0,1,0,0,0,0,1,0,0,1,1
18245,0033800002Y4SPsAAN,0.0,90,1427.0,5143.0,0,0,0,1,0,0,0,0,0,1,0,1,1
18247,0033800002Y4SWtAAN,0.0,0,180.0,1583.0,0,0,0,0,1,0,0,0,0,1,1,0,1
18253,0033800002Y4SuiAAF,0.0,50,8651.0,3951.0,1,0,0,0,0,0,1,0,0,0,0,1,1
18255,0033800002Y4SvbAAF,0.0,70,1560.0,1828.0,1,0,0,0,0,0,1,0,0,0,0,1,1
18256,0033800002Y4SySAAV,0.0,0,845.0,2921.0,0,0,0,1,0,1,0,0,0,0,0,1,1
18259,0033800002Y4T8cAAF,0.0,0,396.0,1207.0,0,0,0,1,0,0,1,0,0,0,0,1,0
18260,0033800002Y4TFyAAN,0.0,20,1094.0,4255.0,0,1,0,0,0,0,0,0,0,1,0,1,0
18261,0033800002Y4TOCAA3,0.0,60,1180.0,3112.0,0,1,0,0,0,0,0,0,1,0,0,1,1
18262,0033800002Y4TOqAAN,0.0,40,3179.0,1477.0,0,1,0,0,0,0,1,0,0,0,1,0,1
18263,0033800002Y4TQhAAN,0.0,0,2961.0,2191.0,1,0,0,0,0,0,0,0,0,1,1,0,0
18264,0033800002Y4TbkAAF,0.0,0,62.0,8321.0,0,0,0,1,0,0,1,0,0,0,0,1,1
18265,0033800002Y4TpMAAV,0.0,0,87.0,7395.0,0,0,0,1,0,0,1,0,0,0,0,1,1
18266,0033800002Y4TrrAAF,0.0,0,614.0,3460.0,0,0,0,1,0,0,0,0,1,0,0,1,0
18268,0033800002Y4UHhAAN,0.0,0,41.0,4813.0,0,1,0,0,0,1,0,0,0,0,1,0,1
18270,0033800002Y4UPwAAN,0.0,10,1855.0,1460.0,0,1,0,0,0,0,0,0,1,0,0,1,1
18271,0033800002Y4UQ6AAN,0.0,0,0.0,2149.0,0,0,0,1,0,0,1,0,0,0,0,1,0
18272,0033800002Y4URsAAN,0.0,0,6.0,1206.0,0,0,0,1,0,0,1,0,0,0,0,1,1
18276,0033800002Y4UZ0AAN,0.0,0,0.0,7452.0,0,0,0,1,0,0,1,0,0,0,0,1,1
18279,0033800002Y4V8LAAV,0.0,0,0.0,3587.0,1,0,0,0,0,0,0,0,0,1,0,1,1
18281,0033800002Y4XPdAAN,0.0,0,0.0,3299.0,0,0,0,1,0,0,0,0,1,0,0,1,1
18287,0033800002Y4YLSAA3,0.0,0,71.0,6310.0,0,0,0,1,0,0,1,0,0,0,0,1,1
18289,0033800002Y4YTJAA3,0.0,0,805.0,1785.0,0,0,0,0,1,0,1,0,0,0,1,0,0
18292,0033800002Y4ZFEAA3,0.0,0,794.0,2964.0,0,1,0,0,0,1,0,0,0,0,0,1,0
18294,0033800002Y4ZPFAA3,0.0,80,4579.0,7320.0,0,0,0,0,1,0,1,0,0,0,1,0,1
18295,0033800002Y4ZrnAAF,0.0,0,0.0,3089.0,0,0,0,1,0,0,1,0,0,0,0,1,0
18296,0033800002Y4a56AAB,0.0,0,469.0,3240.0,0,1,0,0,0,1,0,0,0,0,0,1,0
18298,0033800002Y4aJuAAJ,0.0,0,0.0,7842.0,0,0,0,1,0,0,0,0,1,0,0,1,0
18308,0033800002Y4c7yAAB,0.0,0,335.0,8349.0,0,0,0,0,1,0,1,0,0,0,0,1,1
18311,0033800002Y4cmIAAR,0.0,0,696.0,3167.0,0,0,0,1,0,0,0,0,1,0,0,1,1
18314,0033800002Y4coYAAR,0.0,60,1138.0,2958.0,1,0,0,0,0,0,0,0,1,0,0,1,1
18317,0033800002Y4dPeAAJ,0.0,0,102.0,11690.0,1,0,0,0,0,0,1,0,0,0,0,1,1
18318,0033800002Y4dRzAAJ,0.0,0,0.0,9395.0,0,1,0,0,0,0,1,0,0,0,0,1,0
18321,0033800002Y4diMAAR,0.0,100,74.0,4876.0,0,0,0,1,0,0,0,0,1,0,0,1,1
18323,0033800002Y4dooAAB,0.0,0,0.0,7305.0,0,0,0,1,0,0,0,0,1,0,0,1,0
18325,0033800002Y4ePqAAJ,0.0,10,5034.0,8578.0,0,0,0,0,1,0,1,0,0,0,0,1,1
18331,0033800002Y4h9qAAB,0.0,0,0.0,10197.0,0,0,0,0,1,0,1,0,0,0,0,1,0
18332,0033800002Y4hDwAAJ,0.0,0,5278.0,7336.0,0,0,0,0,1,0,0,0,0,1,0,1,0
18334,0033800002Y4iKTAAZ,0.0,0,158.0,2290.0,1,0,0,0,0,0,1,0,0,0,0,1,1
18335,0033800002Y4iTgAAJ,0.0,10,3504.0,2627.0,0,1,0,0,0,0,1,0,0,0,0,1,0
18336,0033800002Y4l37AAB,0.0,100,170.0,5211.0,0,0,0,1,0,0,1,0,0,0,0,1,1
18337,0033800002Y4lLnAAJ,0.0,0,979.0,1144.0,0,0,0,0,1,0,0,0,1,0,0,1,1
18339,0033800002Y4lopAAB,0.0,0,5295.0,1460.0,0,1,0,0,0,0,1,0,0,0,1,0,0
18344,0033800002Y4mM0AAJ,0.0,10,14598.0,565.0,0,0,0,1,0,0,0,0,0,1,0,1,1
18346,0033800002Y4mfJAAR,0.0,0,48.0,5783.0,0,0,0,0,1,0,1,0,0,0,0,1,0
18350,0033800002Y4n5UAAR,0.0,0,11.0,7423.0,0,0,0,0,1,1,0,0,0,0,1,0,1
18351,0033800002Y4nLJAAZ,0.0,90,21.0,3876.0,0,0,0,1,0,0,1,0,0,0,0,1,0
18352,0033800002Y4nb7AAB,0.0,0,8.0,5132.0,0,0,0,1,0,0,1,0,0,0,0,1,0
18353,0033800002Y4nypAAB,0.0,0,0.0,4743.0,0,0,0,1,0,0,1,0,0,0,0,1,1
18355,0033800002Y4o7SAAR,0.0,0,141.0,1974.0,0,1,0,0,0,0,1,0,0,0,0,1,1
18357,0033800002Y4oJuAAJ,0.0,80,0.0,5530.0,0,0,0,1,0,0,1,0,0,0,0,1,1
18358,0033800002Y4owUAAR,0.0,0,0.0,8195.0,0,0,0,1,0,0,1,0,0,0,0,1,0
18360,0033800002Y4pbdAAB,0.0,20,504.0,1494.0,1,0,0,0,0,0,0,0,1,0,0,1,0
18362,0033800002Y4pg9AAB,0.0,0,4496.0,1826.0,1,0,0,0,0,0,0,0,1,0,0,1,1
18365,0033800002Y4ptsAAB,0.0,30,2000.0,2922.0,0,0,0,0,1,0,1,0,0,0,0,1,1
18366,0033800002Y4pwQAAR,0.0,0,0.0,7239.0,0,1,0,0,0,0,1,0,0,0,0,1,1
18367,0033800002Y4pzkAAB,0.0,0,0.0,7255.0,0,0,0,1,0,0,0,0,1,0,0,1,0
18370,0033800002Y4qzdAAB,0.0,0,3222.0,4352.0,1,0,0,0,0,0,0,0,0,1,0,1,0
18376,0033800002Y4ra6AAB,0.0,0,0.0,7425.0,0,0,0,0,1,0,1,0,0,0,0,1,0
18377,0033800002Y4rd6AAB,0.0,0,0.0,9590.0,0,0,0,0,1,0,1,0,0,0,0,1,1
18379,0033800002Y4rybAAB,0.0,0,0.0,2542.0,0,0,0,0,1,0,1,0,0,0,0,1,1
18381,0033800002Y4s58AAB,0.0,0,711.0,1433.0,0,1,0,0,0,0,0,0,1,0,0,1,1
18384,0033800002Y4shUAAR,0.0,0,2434.0,1795.0,0,1,0,0,0,0,0,0,0,1,0,1,1
18386,0033800002Y4slIAAR,0.0,0,0.0,7309.0,0,1,0,0,0,0,1,0,0,0,0,1,1
18388,0033800002Y4sn5AAB,0.0,40,4645.0,1463.0,1,0,0,0,0,0,0,0,0,1,0,1,0
18394,0033800002Y4t75AAB,0.0,90,1333.0,5053.0,0,0,0,1,0,0,1,0,0,0,0,1,0
18395,0033800002Y4t7FAAR,0.0,100,1330.0,7479.0,0,1,0,0,0,0,1,0,0,0,0,1,0
18396,0033800002Y4tF9AAJ,0.0,60,2967.0,927.0,0,1,0,0,0,0,0,0,1,0,0,1,1
18402,0033800002Y4u2fAAB,0.0,0,1185.0,2125.0,0,1,0,0,0,0,1,0,0,0,1,0,0
18405,0033800002Y4uSXAAZ,0.0,0,1010.0,4960.0,0,1,0,0,0,0,1,0,0,0,0,1,1
18407,0033800002Y4uYLAAZ,0.0,10,6518.0,1096.0,1,0,0,0,0,0,1,0,0,0,0,1,1
18408,0033800002Y4ua2AAB,0.0,0,66.0,4200.0,0,0,0,1,0,0,0,1,0,0,0,1,1
18409,0033800002Y4ug0AAB,0.0,0,2132.0,730.0,0,1,0,0,0,0,1,0,0,0,1,0,1
18410,0033800002Y4ug1AAB,0.0,0,0.0,11634.0,1,0,0,0,0,0,1,0,0,0,0,1,0
18413,0033800002Y4ug4AAB,0.0,0,4661.0,8399.0,1,0,0,0,0,0,1,0,0,0,1,0,1
18418,0033800002Y4ug9AAB,0.0,30,695.0,2192.0,0,0,0,1,0,0,1,0,0,0,0,1,1
18419,0033800002Y4ugAAAR,0.0,0,8290.0,8060.0,0,1,0,0,0,0,1,0,0,0,0,1,1
18420,0033800002Y4ugBAAR,0.0,10,0.0,1310.0,0,0,0,1,0,0,1,0,0,0,0,1,1
18427,0033800002Y4ugJAAR,0.0,0,0.0,5114.0,0,1,0,0,0,0,1,0,0,0,0,1,1
18428,0033800002Y4ugKAAR,0.0,0,0.0,2221.0,0,1,0,0,0,0,1,0,0,0,0,1,1
18429,0033800002Y4ugLAAR,0.0,0,0.0,2007.0,0,1,0,0,0,0,1,0,0,0,0,1,1
18430,0033800002Y4ugMAAR,0.0,0,0.0,3271.0,0,1,0,0,0,0,1,0,0,0,1,0,1
18431,0033800002Y4ugNAAR,0.0,0,316.0,11686.0,0,1,0,0,0,0,1,0,0,0,1,0,0
18432,0033800002Y4ugOAAR,0.0,0,985.0,3987.0,0,0,0,1,0,1,0,0,0,0,0,1,1
18435,0033800002Y4ugSAAR,0.0,100,468.0,4639.0,0,0,0,1,0,0,1,0,0,0,0,1,1
18438,0033800002Y4ugVAAR,0.0,50,1837.0,5844.0,0,1,0,0,0,1,0,0,0,0,0,1,1
18440,0033800002Y4ugXAAR,0.0,0,346.0,5654.0,0,1,0,0,0,0,0,0,1,0,0,1,1
18442,0033800002Y4ugZAAR,0.0,0,2815.0,1585.0,0,1,0,0,0,0,0,0,1,0,0,1,1
18443,0033800002Y4ugaAAB,0.0,0,103.0,3925.0,0,0,0,1,0,0,1,0,0,0,0,1,1
18444,0033800002Y4ugbAAB,0.0,0,0.0,10384.0,0,1,0,0,0,0,1,0,0,0,0,1,0
18445,0033800002Y4ugcAAB,0.0,0,0.0,7234.0,0,1,0,0,0,0,1,0,0,0,0,1,0
18446,0033800002Y4ugdAAB,0.0,0,0.0,8673.0,0,0,0,1,0,0,1,0,0,0,0,1,1
18448,0033800002Y4ugfAAB,0.0,0,0.0,8031.0,0,0,0,1,0,0,1,0,0,0,0,1,1
18449,0033800002Y4uggAAB,0.0,40,2434.0,8891.0,0,0,0,0,1,1,0,0,0,0,0,1,1
18450,0033800002Y4ughAAB,0.0,0,187.0,2923.0,0,0,0,1,0,0,0,0,1,0,0,1,1
18451,0033800002Y4ugiAAB,0.0,0,12630.0,160.0,0,1,0,0,0,0,0,0,1,0,0,1,1
18453,0033800002Y4ugkAAB,0.0,0,281.0,1420.0,0,0,0,1,0,0,0,0,1,0,0,1,1
18454,0033800002Y4uglAAB,0.0,0,543.0,1096.0,0,0,0,1,0,0,1,0,0,0,0,1,1
18459,0033800002Y4v1zAAB,0.0,0,0.0,3730.0,0,0,0,1,0,0,0,0,1,0,0,1,0
18461,0033800002Y4v9FAAR,0.0,20,889.0,2623.0,0,0,0,1,0,0,1,0,0,0,1,0,1
18463,0033800002Y4vBBAAZ,0.0,30,5247.0,1461.0,0,0,0,0,1,0,0,0,1,0,0,1,1
18464,0033800002Y4vQVAAZ,0.0,0,985.0,1270.0,0,0,0,1,0,0,1,0,0,0,0,1,1
18469,0033800002Y4vfxAAB,0.0,0,1351.0,1461.0,0,1,0,0,0,0,0,0,1,0,1,0,0
18478,0033800002Y4vucAAB,0.0,0,2014.0,3954.0,0,0,0,0,1,0,1,0,0,0,0,1,1
18480,0033800002Y4w0GAAR,0.0,0,0.0,12494.0,0,0,0,0,1,0,1,0,0,0,0,1,1
18482,0033800002Y4w4vAAB,0.0,0,0.0,3804.0,0,1,0,0,0,0,1,0,0,0,1,0,0
18488,0033800002Y4whAAAR,0.0,10,2892.0,2764.0,0,1,0,0,0,0,1,0,0,0,0,1,1
18490,0033800002Y4wnrAAB,0.0,0,0.0,7810.0,0,1,0,0,0,1,0,0,0,0,1,0,1
18492,0033800002Y4x0DAAR,0.0,70,1022.0,2020.0,0,0,0,1,0,0,1,0,0,0,0,1,1
18493,0033800002Y4x37AAB,0.0,0,1048.0,4810.0,1,0,0,0,0,0,1,0,0,0,0,1,1
18494,0033800002Y4x4oAAB,0.0,0,11176.0,1089.0,0,1,0,0,0,0,1,0,0,0,0,1,1
18497,0033800002Y4xA8AAJ,0.0,0,0.0,9367.0,1,0,0,0,0,0,1,0,0,0,0,1,0
18500,0033800002Y4xKhAAJ,0.0,0,0.0,4367.0,0,0,0,1,0,0,1,0,0,0,0,1,1
18501,0033800002Y4y4cAAB,0.0,0,372.0,7452.0,1,0,0,0,0,0,1,0,0,0,1,0,1
18503,0033800002Y4yWgAAJ,0.0,0,0.0,12373.0,0,1,0,0,0,0,1,0,0,0,0,1,0
18505,0033800002Y4yYWAAZ,0.0,10,681.0,2922.0,0,0,0,1,0,0,1,0,0,0,0,1,1
18508,0033800002Y4ymkAAB,0.0,30,1063.0,3081.0,1,0,0,0,0,0,1,0,0,0,0,1,1
18509,0033800002Y4yoSAAR,0.0,0,0.0,4583.0,0,0,0,1,0,0,1,0,0,0,0,1,1
18512,0033800002Y4yxFAAR,0.0,0,1230.0,1460.0,0,1,0,0,0,0,0,0,0,1,1,0,0
18520,0033800002Y51JQAAZ,0.0,0,0.0,10530.0,0,0,0,0,1,0,1,0,0,0,0,1,0
18521,0033800002Y51MjAAJ,0.0,10,4355.0,1462.0,0,0,0,1,0,0,1,0,0,0,0,1,1
18522,0033800002Y51WAAAZ,0.0,0,0.0,2191.0,0,0,0,1,0,0,1,0,0,0,1,0,1
18530,0033800002Y52PsAAJ,0.0,10,1482.0,1461.0,0,1,0,0,0,0,0,0,1,0,0,1,0
18534,0033800002Y52W0AAJ,0.0,0,18.0,4890.0,0,1,0,0,0,1,0,0,0,0,0,1,1
18537,0033800002Y52hcAAB,0.0,60,369.0,4135.0,0,1,0,0,0,0,1,0,0,0,0,1,1
18540,0033800002Y538FAAR,0.0,0,2686.0,1479.0,0,1,0,0,0,0,1,0,0,0,0,1,1
18542,0033800002Y53BTAAZ,0.0,0,1145.0,7853.0,0,0,0,0,1,0,0,0,1,0,0,1,1
18543,0033800002Y53JwAAJ,0.0,0,1630.0,1764.0,0,0,0,1,0,0,1,0,0,0,1,0,0
18545,0033800002Y53Q9AAJ,0.0,50,8427.0,1567.0,1,0,0,0,0,0,1,0,0,0,0,1,1
18547,0033800002Y53cdAAB,0.0,0,0.0,7311.0,0,0,0,0,1,1,0,0,0,0,0,1,1
18549,0033800002Y53dWAAR,0.0,0,0.0,2708.0,1,0,0,0,0,1,0,0,0,0,0,1,0
18550,0033800002Y53e5AAB,0.0,0,0.0,8068.0,0,1,0,0,0,1,0,0,0,0,0,1,1
18551,0033800002Y53fSAAR,0.0,0,0.0,7305.0,0,0,0,1,0,0,1,0,0,0,0,1,0
18556,0033800002Y53x3AAB,0.0,0,1968.0,1825.0,0,0,0,1,0,0,0,0,1,0,0,1,0
18557,0033800002Y53ziAAB,0.0,0,0.0,1827.0,0,0,0,1,0,0,0,0,1,0,1,0,1
18561,0033800002Y54V3AAJ,0.0,0,39.0,2922.0,0,0,0,1,0,1,0,0,0,0,0,1,1
18571,0033800002Y55L6AAJ,0.0,0,0.0,5580.0,0,0,0,1,0,0,0,0,1,0,0,1,0
18572,0033800002Y55VAAAZ,0.0,50,623.0,2310.0,0,0,0,1,0,0,1,0,0,0,0,1,0
18575,0033800002Y55dfAAB,0.0,60,8340.0,1268.0,0,0,0,0,1,0,1,0,0,0,0,1,0
18576,0033800002Y55edAAB,0.0,80,419.0,1462.0,0,0,0,1,0,0,0,0,1,0,1,0,0
18577,0033800002Y55kbAAB,0.0,90,1074.0,3796.0,0,0,0,1,0,0,1,0,0,0,0,1,1
18578,0033800002Y55mIAAR,0.0,40,347.0,2648.0,0,1,0,0,0,0,1,0,0,0,0,1,1
18583,0033800002Y56AsAAJ,0.0,0,18.0,7645.0,0,0,0,1,0,0,1,0,0,0,0,1,1
18601,0033800002Y58XVAAZ,0.0,60,1777.0,2979.0,1,0,0,0,0,0,1,0,0,0,1,0,0
18603,0033800002Y58sHAAR,0.0,20,7811.0,7687.0,1,0,0,0,0,0,1,0,0,0,0,1,0
18608,0033800002Y593AAAR,0.0,0,69.0,4889.0,1,0,0,0,0,0,1,0,0,0,0,1,1
18611,0033800002Y59VhAAJ,0.0,0,0.0,3773.0,0,0,0,1,0,0,0,0,1,0,0,1,0
18614,0033800002Y59mTAAR,0.0,0,0.0,9502.0,0,0,0,0,1,1,0,0,0,0,1,0,1
18615,0033800002Y59urAAB,0.0,0,108.0,1460.0,0,0,0,1,0,0,0,0,0,1,1,0,0
18617,0033800002Y59v2AAB,0.0,0,383.0,7762.0,0,1,0,0,0,1,0,0,0,0,0,1,0
18619,0033800002Y59v5AAB,0.0,0,142.0,8858.0,0,0,0,1,0,0,0,0,1,0,0,1,1
18620,0033800002Y59v6AAB,0.0,0,8605.0,1827.0,0,0,0,1,0,0,1,0,0,0,1,0,0
18621,0033800002Y59v7AAB,0.0,20,2382.0,7458.0,0,0,0,1,0,0,1,0,0,0,0,1,0
18622,0033800002Y59v8AAB,0.0,0,5619.0,7322.0,0,0,0,1,0,0,1,0,0,0,0,1,0
18623,0033800002Y59wLAAR,0.0,0,0.0,1995.0,0,1,0,0,0,0,1,0,0,0,0,1,1
18624,0033800002Y5A0SAAV,0.0,90,269.0,5358.0,0,1,0,0,0,0,1,0,0,0,0,1,1
18627,0033800002Y5AK0AAN,0.0,80,1263.0,8050.0,1,0,0,0,0,0,1,0,0,0,0,1,1
18629,0033800002Y5AR1AAN,0.0,0,3886.0,870.0,0,0,0,1,0,0,1,0,0,0,0,1,1
18632,0033800002Y5AgyAAF,0.0,50,3815.0,1901.0,0,0,0,1,0,0,1,0,0,0,0,1,0
18634,0033800002Y5AoxAAF,0.0,0,0.0,7315.0,0,1,0,0,0,0,0,0,1,0,0,1,1
18635,0033800002Y5AzkAAF,0.0,0,476.0,2757.0,0,0,0,1,0,1,0,0,0,0,0,1,1
18640,0033800002Y5BcrAAF,0.0,0,21.0,7371.0,0,1,0,0,0,0,0,0,0,1,0,1,1
18641,0033800002Y5Bd1AAF,0.0,80,2520.0,1088.0,1,0,0,0,0,1,0,0,0,0,1,0,0
18650,0033800002Y5C3pAAF,0.0,10,1056.0,8303.0,0,0,0,0,1,0,1,0,0,0,0,1,1
18652,0033800002Y5C7RAAV,0.0,0,1154.0,1353.0,0,1,0,0,0,0,0,0,1,0,0,1,1
18654,0033800002Y5CDTAA3,0.0,60,9841.0,152.0,1,0,0,0,0,0,1,0,0,0,0,1,1
18655,0033800002Y5CFsAAN,0.0,0,1178.0,7815.0,1,0,0,0,0,0,1,0,0,0,0,1,1
18656,0033800002Y5CvjAAF,0.0,0,326.0,2012.0,0,0,0,1,0,0,1,0,0,0,0,1,1
18658,0033800002Y5DDzAAN,0.0,80,870.0,8789.0,1,0,0,0,0,1,0,0,0,0,0,1,1
18661,0033800002Y5DbPAAV,0.0,0,0.0,7415.0,0,1,0,0,0,0,1,0,0,0,1,0,1
18663,0033800002Y5DsuAAF,0.0,0,141.0,14257.0,1,0,0,0,0,0,1,0,0,0,0,1,0
18667,0033800002Y5E7dAAF,0.0,0,10457.0,1459.0,0,0,0,1,0,0,1,0,0,0,0,1,0
18673,0033800002Y5FB9AAN,0.0,0,0.0,2798.0,0,0,0,0,1,0,1,0,0,0,0,1,0
18674,0033800002Y5FFHAA3,0.0,0,1215.0,1134.0,0,1,0,0,0,0,1,0,0,0,1,0,1
18679,0033800002Y5FVdAAN,0.0,0,482.0,1460.0,0,0,0,1,0,0,1,0,0,0,1,0,1
18683,0033800002Y5FpTAAV,0.0,0,0.0,8094.0,0,0,0,1,0,0,1,0,0,0,0,1,1
18686,0033800002Y5G64AAF,0.0,0,10742.0,1461.0,0,0,0,1,0,0,0,0,1,0,0,1,1
18688,0033800002Y5GMwAAN,0.0,0,7749.0,1989.0,0,0,0,0,1,0,1,0,0,0,0,1,0
18689,0033800002Y5GNaAAN,0.0,80,665.0,7753.0,0,0,0,0,1,1,0,0,0,0,0,1,1
18691,0033800002Y5GYVAA3,0.0,0,3263.0,7691.0,0,1,0,0,0,0,0,0,0,1,0,1,1
18695,0033800002Y5Gu7AAF,0.0,30,141.0,8112.0,0,0,0,0,1,0,0,0,0,1,0,1,1
18696,0033800002Y5HEQAA3,0.0,30,0.0,2400.0,1,0,0,0,0,0,1,0,0,0,0,1,1
18697,0033800002Y5HJfAAN,0.0,0,10199.0,1297.0,0,0,0,0,1,0,0,0,1,0,0,1,0
18699,0033800002Y5HmZAAV,0.0,40,1772.0,1461.0,0,1,0,0,0,0,0,0,1,0,0,1,1
18700,0033800002Y5I1OAAV,0.0,40,25.0,10568.0,0,0,0,0,1,0,1,0,0,0,0,1,1
18704,0033800002Y5IDqAAN,0.0,10,393.0,7309.0,1,0,0,0,0,0,1,0,0,0,0,1,1
18705,0033800002Y5IDvAAN,0.0,0,0.0,10184.0,0,1,0,0,0,0,0,0,0,1,1,0,0
18706,0033800002Y5IE0AAN,0.0,0,1181.0,3625.0,0,1,0,0,0,1,0,0,0,0,0,1,1
18707,0033800002Y5IRVAA3,0.0,0,1808.0,3025.0,0,1,0,0,0,0,0,0,0,1,1,0,0
18710,0033800002Y5IfSAAV,0.0,0,479.0,7803.0,0,0,0,0,1,0,1,0,0,0,0,1,0
18711,0033800002Y5IjdAAF,0.0,0,52.0,4339.0,0,1,0,0,0,0,0,0,1,0,0,1,0
18714,0033800002Y5JrYAAV,0.0,90,4118.0,3180.0,0,0,0,0,1,0,1,0,0,0,1,0,1
18715,0033800002Y5K1nAAF,0.0,0,800.0,1825.0,0,0,0,1,0,0,1,0,0,0,0,1,1
18726,0033800002Y5LEHAA3,0.0,60,4288.0,7309.0,1,0,0,0,0,0,0,0,0,1,0,1,1
18735,0033800002Y5NtHAAV,0.0,0,0.0,2130.0,0,0,0,1,0,0,0,0,1,0,0,1,1
18736,0033800002Y5NtgAAF,0.0,0,477.0,3086.0,1,0,0,0,0,1,0,0,0,0,1,0,1
18737,0033800002Y5NwpAAF,0.0,0,383.0,2902.0,0,1,0,0,0,0,0,0,1,0,0,1,1
18738,0033800002Y5O5bAAF,0.0,100,5415.0,3896.0,0,0,0,0,1,0,1,0,0,0,0,1,1
18740,0033800002Y5O92AAF,0.0,90,376.0,2436.0,0,0,0,1,0,0,1,0,0,0,0,1,0
18742,0033800002Y5OdPAAV,0.0,30,1258.0,4101.0,0,0,0,0,1,0,1,0,0,0,1,0,1
18747,0033800002Y5OpwAAF,0.0,0,4530.0,2190.0,0,0,0,1,0,0,0,0,0,1,0,1,1
18750,0033800002Y5P0GAAV,0.0,30,3574.0,1460.0,0,0,0,1,0,0,0,0,1,0,0,1,1
18751,0033800002Y5PSqAAN,0.0,0,3578.0,1826.0,0,0,0,1,0,0,1,0,0,0,0,1,0
18752,0033800002Y5PdRAAV,0.0,0,353.0,4029.0,1,0,0,0,0,1,0,0,0,0,0,1,1
18764,0033800002Y5QQpAAN,0.0,100,707.0,1221.0,0,0,0,1,0,0,1,0,0,0,0,1,1
18770,0033800002Y5RCjAAN,0.0,0,0.0,5894.0,0,0,0,1,0,0,1,0,0,0,0,1,0
18772,0033800002Y5RViAAN,0.0,0,49.0,7337.0,0,0,0,1,0,0,0,0,1,0,0,1,0
18773,0033800002Y5RXjAAN,0.0,60,359.0,7884.0,1,0,0,0,0,1,0,0,0,0,0,1,0
18774,0033800002Y5SmGAAV,0.0,80,3146.0,4183.0,0,0,0,0,1,0,1,0,0,0,0,1,1
18776,0033800002Y5T1rAAF,0.0,0,1372.0,2514.0,0,0,0,1,0,0,1,0,0,0,0,1,0
18778,0033800002Y5TjJAAV,0.0,70,1973.0,2940.0,1,0,0,0,0,1,0,0,0,0,0,1,1
18782,0033800002Y5UI1AAN,0.0,10,2760.0,1827.0,0,0,0,1,0,0,0,0,0,1,0,1,1
18783,0033800002Y5UhRAAV,0.0,50,2263.0,1462.0,1,0,0,0,0,0,0,0,1,0,0,1,1
18787,0033800002Y5Uz8AAF,0.0,0,0.0,2804.0,0,0,0,0,1,0,1,0,0,0,0,1,1
18788,0033800002Y5V2bAAF,0.0,0,1466.0,1461.0,0,1,0,0,0,0,0,1,0,0,0,1,1
18789,0033800002Y5V3AAAV,0.0,50,498.0,4528.0,0,0,0,1,0,1,0,0,0,0,0,1,1
18790,0033800002Y5V5kAAF,0.0,0,62.0,8784.0,0,0,0,1,0,0,1,0,0,0,0,1,1
18791,0033800002Y5V64AAF,0.0,60,2521.0,7425.0,0,0,0,0,1,1,0,0,0,0,0,1,0
18793,0033800002Y5V6sAAF,0.0,0,56.0,9330.0,0,0,0,0,1,0,1,0,0,0,0,1,0
18796,0033800002Y5VLxAAN,0.0,30,1306.0,1338.0,0,0,0,1,0,0,1,0,0,0,0,1,1
18801,0033800002Y5WMaAAN,0.0,100,969.0,7381.0,0,0,0,1,0,0,1,0,0,0,0,1,1
18802,0033800002Y5WVAAA3,0.0,100,511.0,3526.0,0,1,0,0,0,0,1,0,0,0,0,1,1
18803,0033800002Y5WqeAAF,0.0,80,963.0,8931.0,0,0,0,0,1,0,0,0,0,1,0,1,1
18804,0033800002Y5WqfAAF,0.0,0,85.0,2446.0,1,0,0,0,0,0,1,0,0,0,0,1,1
18807,0033800002Y5WqiAAF,0.0,0,0.0,3710.0,0,0,0,1,0,0,0,0,1,0,0,1,1
18811,0033800002Y5WqmAAF,0.0,0,173.0,1627.0,0,0,0,1,0,0,0,0,1,0,0,1,1
18812,0033800002Y5WqnAAF,0.0,0,48.0,2921.0,1,0,0,0,0,0,0,0,0,1,0,1,1
18813,0033800002Y5WqoAAF,0.0,0,4127.0,3318.0,0,1,0,0,0,1,0,0,0,0,1,0,1
18815,0033800002Y5WqqAAF,0.0,0,0.0,2762.0,0,1,0,0,0,0,1,0,0,0,0,1,1
18818,0033800002Y5WqtAAF,0.0,0,0.0,2223.0,0,0,0,1,0,1,0,0,0,0,0,1,1
18822,0033800002Y5WqxAAF,0.0,0,374.0,9131.0,0,0,0,0,1,0,1,0,0,0,0,1,1
18826,0033800002Y5Wr1AAF,0.0,10,2080.0,4094.0,0,0,0,0,1,0,1,0,0,0,1,0,1
18828,0033800002Y5Wr3AAF,0.0,0,0.0,1551.0,0,0,0,1,0,0,1,0,0,0,1,0,1
18829,0033800002Y5Wr4AAF,0.0,0,0.0,2192.0,0,1,0,0,0,0,1,0,0,0,0,1,1
18838,0033800002Y5WrEAAV,0.0,0,1827.0,2083.0,0,0,0,1,0,0,1,0,0,0,0,1,1
18841,0033800002Y5WrHAAV,0.0,80,0.0,7318.0,0,1,0,0,0,0,1,0,0,0,0,1,1
18842,0033800002Y5WrIAAV,0.0,0,10234.0,2190.0,0,0,0,1,0,0,0,0,0,1,0,1,1
18843,0033800002Y5WrJAAV,0.0,0,463.0,9662.0,0,1,0,0,0,0,1,0,0,0,1,0,1
18845,0033800002Y5WrLAAV,0.0,100,305.0,6815.0,1,0,0,0,0,0,1,0,0,0,0,1,1
18846,0033800002Y5WrMAAV,0.0,30,475.0,9710.0,1,0,0,0,0,0,1,0,0,0,0,1,1
18847,0033800002Y5WrNAAV,0.0,90,4098.0,7947.0,0,0,0,0,1,0,0,0,0,1,1,0,0
18853,0033800002Y5WtFAAV,0.0,0,0.0,10134.0,1,0,0,0,0,0,1,0,0,0,0,1,0
18856,0033800002Y5XXbAAN,0.0,0,416.0,2569.0,0,1,0,0,0,0,1,0,0,0,0,1,0
18868,0033800002Y5YpQAAV,0.0,0,0.0,7328.0,0,0,0,1,0,0,1,0,0,0,0,1,1
18869,0033800002Y5YtNAAV,0.0,10,3955.0,1825.0,0,1,0,0,0,0,0,0,0,1,0,1,1
18870,0033800002Y5Z2ZAAV,0.0,0,55.0,5969.0,0,0,0,1,0,0,1,0,0,0,0,1,0
18871,0033800002Y5Z8mAAF,0.0,0,303.0,2923.0,0,1,0,0,0,0,1,0,0,0,0,1,0
18874,0033800002Y5ZkuAAF,0.0,0,0.0,1229.0,0,0,0,1,0,0,1,0,0,0,0,1,0
18875,0033800002Y5Zl4AAF,0.0,0,1680.0,3059.0,0,1,0,0,0,0,1,0,0,0,0,1,0
18877,0033800002Y5aA4AAJ,0.0,0,3617.0,2957.0,0,0,0,1,0,0,0,0,1,0,0,1,1
18882,0033800002Y5b0XAAR,0.0,0,542.0,6589.0,1,0,0,0,0,1,0,0,0,0,0,1,0
18884,0033800002Y5bTEAAZ,0.0,90,1868.0,1825.0,1,0,0,0,0,0,0,0,0,1,0,1,1
18885,0033800002Y5bbcAAB,0.0,40,883.0,2955.0,0,1,0,0,0,0,0,0,1,0,0,1,1
18886,0033800002Y5cBZAAZ,0.0,100,0.0,8343.0,1,0,0,0,0,0,1,0,0,0,0,1,0
18889,0033800002Y5cDkAAJ,0.0,0,3560.0,3134.0,0,0,0,0,1,0,0,0,0,1,0,1,1
18892,0033800002Y5cbnAAB,0.0,0,1078.0,2928.0,1,0,0,0,0,0,1,0,0,0,1,0,1
18895,0033800002Y5dAcAAJ,0.0,0,425.0,632.0,0,0,0,1,0,0,1,0,0,0,0,1,0
18901,0033800002Y5fdLAAR,0.0,0,2056.0,2558.0,1,0,0,0,0,0,0,0,1,0,0,1,1
18913,0033800002Y5hRlAAJ,0.0,80,1791.0,3022.0,0,0,0,1,0,0,1,0,0,0,0,1,1
18914,0033800002Y5hh5AAB,0.0,0,299.0,7701.0,0,1,0,0,0,0,0,0,1,0,0,1,1
18917,0033800002Y5hqMAAR,0.0,0,0.0,7321.0,0,1,0,0,0,1,0,0,0,0,0,1,1
18918,0033800002Y5hryAAB,0.0,80,483.0,9514.0,0,0,0,0,1,0,1,0,0,0,0,1,1
18919,0033800002Y5htVAAR,0.0,0,51.0,1826.0,0,0,0,1,0,0,0,0,1,0,0,1,1
18921,0033800002Y5hx4AAB,0.0,90,491.0,7223.0,0,0,0,0,1,0,1,0,0,0,0,1,1
18922,0033800002Y5i1zAAB,0.0,70,606.0,3558.0,0,0,0,1,0,0,1,0,0,0,1,0,1
18923,0033800002Y5i9BAAR,0.0,0,0.0,4043.0,0,0,0,0,1,0,1,0,0,0,0,1,1
18924,0033800002Y5i9CAAR,0.0,0,0.0,4167.0,0,0,0,1,0,0,1,0,0,0,0,1,1
18925,0033800002Y5i9DAAR,0.0,0,0.0,6134.0,0,0,0,1,0,0,1,0,0,0,0,1,1
18927,0033800002Y5iBaAAJ,0.0,0,0.0,11551.0,0,0,0,1,0,0,1,0,0,0,0,1,1
18928,0033800002Y5iBbAAJ,0.0,0,0.0,7661.0,0,0,0,1,0,0,1,0,0,0,0,1,1
18929,0033800002Y5iBcAAJ,0.0,0,0.0,9488.0,1,0,0,0,0,0,1,0,0,0,1,0,0
18932,0033800002Y5iBgAAJ,0.0,0,0.0,8398.0,0,0,0,0,1,0,1,0,0,0,0,1,1
18933,0033800002Y5iBhAAJ,0.0,0,0.0,1869.0,1,0,0,0,0,0,1,0,0,0,1,0,1
18934,0033800002Y5iBiAAJ,0.0,0,0.0,4388.0,0,0,0,1,0,0,1,0,0,0,1,0,0
18935,0033800002Y5iBjAAJ,0.0,0,0.0,1460.0,0,0,0,1,0,0,1,0,0,0,0,1,1
18937,0033800002Y5iBlAAJ,0.0,0,0.0,7304.0,0,0,1,0,0,0,1,0,0,0,0,1,1
18938,0033800002Y5iBnAAJ,0.0,0,0.0,4383.0,0,0,0,1,0,0,1,0,0,0,0,1,1
18941,0033800002Y5iM4AAJ,0.0,0,319.0,9618.0,0,0,0,0,1,0,1,0,0,0,0,1,1
18944,0033800002Y5jMJAAZ,0.0,100,1704.0,3549.0,0,0,0,1,0,1,0,0,0,0,1,0,0
18951,0033800002Y5k3OAAR,0.0,0,101.0,11628.0,1,0,0,0,0,0,1,0,0,0,0,1,1
18953,0033800002Y5kW1AAJ,0.0,0,1369.0,2548.0,1,0,0,0,0,0,1,0,0,0,0,1,0
18958,0033800002Y5lYWAAZ,0.0,50,693.0,2349.0,0,0,0,1,0,0,1,0,0,0,0,1,1
18962,0033800002Y5mKVAAZ,0.0,0,634.0,4873.0,0,1,0,0,0,1,0,0,0,0,1,0,1
18963,0033800002Y5nI8AAJ,0.0,0,0.0,6259.0,0,0,0,1,0,0,1,0,0,0,0,1,1
18964,0033800002Y5nSZAAZ,0.0,80,3434.0,9162.0,0,0,0,0,1,0,1,0,0,0,1,0,0
18966,0033800002Y5nrfAAB,0.0,0,35.0,8400.0,0,1,0,0,0,0,1,0,0,0,0,1,1
18967,0033800002Y5nujAAB,0.0,0,7809.0,1465.0,0,0,0,0,1,0,0,0,1,0,1,0,0
18968,0033800002Y5nvwAAB,0.0,100,2159.0,3193.0,0,0,0,0,1,0,0,0,1,0,0,1,1
18977,0033800002Y5q6KAAR,0.0,0,0.0,7321.0,1,0,0,0,0,0,1,0,0,0,0,1,0
18981,0033800002Y5qo9AAB,0.0,0,0.0,8661.0,0,1,0,0,0,1,0,0,0,0,1,0,0
18984,0033800002Y5r7YAAR,0.0,0,0.0,3373.0,1,0,0,0,0,0,1,0,0,0,0,1,1
18993,0033800002Y5sJLAAZ,0.0,70,60.0,2068.0,0,0,0,1,0,0,1,0,0,0,0,1,1
18994,0033800002Y5sNdAAJ,0.0,20,917.0,3667.0,0,1,0,0,0,0,1,0,0,0,1,0,1
18996,0033800002Y5sgGAAR,0.0,0,0.0,8039.0,0,0,0,1,0,1,0,0,0,0,0,1,1
18997,0033800002Y5slwAAB,0.0,0,0.0,8501.0,0,1,0,0,0,1,0,0,0,0,0,1,1
18998,0033800002Y5souAAB,0.0,0,0.0,5113.0,1,0,0,0,0,0,1,0,0,0,0,1,1
18999,0033800002Y5sqRAAR,0.0,0,667.0,6436.0,0,0,0,1,0,0,1,0,0,0,0,1,1
19000,0033800002Y5sxtAAB,0.0,0,512.0,8048.0,0,0,0,0,1,0,1,0,0,0,1,0,1
19001,0033800002Y5t3yAAB,0.0,60,651.0,2196.0,0,1,0,0,0,0,1,0,0,0,0,1,0
19002,0033800002Y5t4rAAB,0.0,0,0.0,4068.0,0,1,0,0,0,0,0,0,1,0,0,1,1
19003,0033800002Y5t5LAAR,0.0,0,249.0,1207.0,0,0,0,1,0,0,1,0,0,0,0,1,1
19004,0033800002Y5tHkAAJ,0.0,0,0.0,7305.0,0,1,0,0,0,0,1,0,0,0,0,1,0
19005,0033800002Y5tM1AAJ,0.0,0,58.0,11459.0,0,1,0,0,0,0,0,0,0,1,0,1,0
19007,0033800002Y5uenAAB,0.0,60,7893.0,2908.0,0,1,0,0,0,0,0,0,0,1,0,1,1
19013,0033800002Y5v6HAAR,0.0,0,13.0,5113.0,0,0,0,1,0,0,1,0,0,0,1,0,1
19014,0033800002Y5vM8AAJ,0.0,100,957.0,2117.0,1,0,0,0,0,0,1,0,0,0,0,1,0
19017,0033800002Y5w5HAAR,0.0,0,0.0,7298.0,1,0,0,0,0,0,1,0,0,0,0,1,1
19019,0033800002Y5wnxAAB,0.0,0,909.0,7327.0,0,1,0,0,0,0,1,0,0,0,0,1,1
19020,0033800002Y5wvgAAB,0.0,30,7309.0,2922.0,0,0,0,1,0,0,1,0,0,0,0,1,1
19021,0033800002Y5wyfAAB,0.0,0,0.0,8429.0,0,1,0,0,0,0,1,0,0,0,0,1,1
19022,0033800002Y5x1yAAB,0.0,40,793.0,4476.0,0,0,0,1,0,0,1,0,0,0,0,1,1
19024,0033800002Y5x4OAAR,0.0,80,1094.0,2772.0,0,0,0,1,0,0,1,0,0,0,0,1,1
19027,0033800002Y5xOCAAZ,0.0,0,1872.0,1599.0,0,1,0,0,0,0,1,0,0,0,0,1,1
19030,0033800002Y5xdPAAR,0.0,0,0.0,1460.0,0,0,0,1,0,0,1,0,0,0,0,1,1
19031,0033800002Y5xfVAAR,0.0,0,0.0,3740.0,0,0,0,1,0,0,1,0,0,0,0,1,1
19032,0033800002Y5xgJAAR,0.0,0,0.0,9497.0,1,0,0,0,0,0,1,0,0,0,0,1,1
19033,0033800002Y5xvxAAB,0.0,0,0.0,2191.0,1,0,0,0,0,1,0,0,0,0,0,1,1
19034,0033800002Y5xwbAAB,0.0,0,0.0,8093.0,1,0,0,0,0,1,0,0,0,0,0,1,0
19035,0033800002Y5xziAAB,0.0,30,3867.0,683.0,1,0,0,0,0,0,0,0,0,1,0,1,1
19036,0033800002Y5y0gAAB,0.0,10,2147.0,2190.0,0,1,0,0,0,0,1,0,0,0,0,1,0
19037,0033800002Y5y53AAB,0.0,50,1861.0,3045.0,1,0,0,0,0,0,1,0,0,0,0,1,1
19038,0033800002Y5y66AAB,0.0,0,0.0,8644.0,0,0,0,0,1,1,0,0,0,0,0,1,1
19041,0033800002Y5yDgAAJ,0.0,0,0.0,8063.0,0,0,0,0,1,0,1,0,0,0,1,0,0
19045,0033800002Y5yHGAAZ,0.0,0,0.0,2372.0,1,0,0,0,0,0,1,0,0,0,0,1,0
19048,0033800002Y5yJwAAJ,0.0,0,0.0,1461.0,0,0,0,1,0,0,0,0,0,1,0,1,0
19049,0033800002Y5yL5AAJ,0.0,0,5714.0,3260.0,0,1,0,0,0,0,1,0,0,0,0,1,1
19052,0033800002Y5ysaAAB,0.0,0,0.0,1208.0,0,1,0,0,0,0,1,0,0,0,0,1,0
19053,0033800002Y5yslAAB,0.0,0,4684.0,1650.0,1,0,0,0,0,0,1,0,0,0,1,0,0
19055,0033800002Y5z8fAAB,0.0,0,0.0,5918.0,1,0,0,0,0,0,0,0,1,0,0,1,1
19057,0033800002Y5zEHAAZ,0.0,0,1213.0,1565.0,0,0,0,1,0,1,0,0,0,0,1,0,1
19059,0033800002Y5zF0AAJ,0.0,0,0.0,3801.0,0,1,0,0,0,0,0,0,0,1,0,1,1
19063,0033800002Y5zTcAAJ,0.0,0,0.0,1521.0,0,1,0,0,0,0,1,0,0,0,0,1,0
19064,0033800002Y5zUUAAZ,0.0,0,0.0,11008.0,0,0,0,0,1,0,0,0,0,1,0,1,1
19065,0033800002Y5zW5AAJ,0.0,0,0.0,4689.0,0,0,0,0,1,1,0,0,0,0,0,1,1
19068,0033800002Y60DTAAZ,0.0,100,2343.0,253.0,0,1,0,0,0,0,1,0,0,0,1,0,1
19069,0033800002Y60IwAAJ,0.0,0,9076.0,1953.0,1,0,0,0,0,0,1,0,0,0,0,1,0
19070,0033800002Y60NrAAJ,0.0,0,0.0,7167.0,1,0,0,0,0,0,1,0,0,0,0,1,1
19074,0033800002Y60p4AAB,0.0,0,0.0,1461.0,0,0,0,1,0,0,0,0,1,0,0,1,1
19078,0033800002Y61FQAAZ,0.0,100,2493.0,1843.0,1,0,0,0,0,0,0,0,0,1,0,1,1
19080,0033800002Y61QCAAZ,0.0,0,546.0,5097.0,1,0,0,0,0,0,1,0,0,0,0,1,1
19081,0033800002Y61UFAAZ,0.0,10,3075.0,1827.0,0,1,0,0,0,0,0,0,0,1,0,1,1
19083,0033800002Y61VdAAJ,0.0,0,0.0,7353.0,0,1,0,0,0,0,1,0,0,0,1,0,1
19084,0033800002Y61c1AAB,0.0,0,4323.0,4050.0,0,1,0,0,0,1,0,0,0,0,1,0,1
19087,0033800002Y61o6AAB,0.0,10,473.0,1460.0,1,0,0,0,0,0,0,0,1,0,0,1,0
19088,0033800002Y626cAAB,0.0,50,1797.0,750.0,0,0,0,0,1,1,0,0,0,0,0,1,1
19093,0033800002Y63kAAAR,0.0,40,958.0,4017.0,0,1,0,0,0,0,0,0,1,0,0,1,0
19095,0033800002Y63lhAAB,0.0,0,1455.0,1825.0,0,1,0,0,0,0,0,0,0,1,0,1,1
19097,0033800002Y64A1AAJ,0.0,0,0.0,2602.0,0,0,0,1,0,0,1,0,0,0,0,1,1
19098,0033800002Y64CHAAZ,0.0,0,70.0,421.0,0,0,0,1,0,0,0,0,1,0,0,1,0
19099,0033800002Y64CJAAZ,0.0,60,962.0,1223.0,0,0,0,1,0,0,1,0,0,0,0,1,1
19103,0033800002Y64CNAAZ,0.0,0,0.0,3897.0,1,0,0,0,0,0,0,0,0,1,0,1,0
19104,0033800002Y64COAAZ,0.0,20,2758.0,2878.0,0,1,0,0,0,0,0,0,0,1,0,1,0
19105,0033800002Y64CPAAZ,0.0,70,1851.0,2039.0,1,0,0,0,0,1,0,0,0,0,0,1,1
19108,0033800002Y64CSAAZ,0.0,0,465.0,1404.0,0,0,0,1,0,0,0,0,1,0,0,1,0
19109,0033800002Y64CTAAZ,0.0,60,1721.0,3767.0,0,0,0,1,0,0,1,0,0,0,0,1,0
19116,0033800002Y64CbAAJ,0.0,0,699.0,2435.0,0,0,0,1,0,1,0,0,0,0,0,1,1
19117,0033800002Y64HwAAJ,0.0,40,741.0,3953.0,0,0,0,0,1,0,1,0,0,0,0,1,1
19118,0033800002Y64HxAAJ,0.0,0,9885.0,1461.0,0,0,0,1,0,0,1,0,0,0,0,1,1
19119,0033800002Y64HyAAJ,0.0,60,583.0,729.0,0,0,0,1,0,0,1,0,0,0,0,1,1
19124,0033800002Y64I3AAJ,0.0,0,0.0,3278.0,0,0,0,1,0,0,1,0,0,0,0,1,1
19125,0033800002Y64I4AAJ,0.0,0,0.0,8766.0,0,0,1,0,0,1,0,0,0,0,0,1,0
19126,0033800002Y64I5AAJ,0.0,0,0.0,7316.0,0,1,0,0,0,1,0,0,0,0,0,1,1
19127,0033800002Y64I6AAJ,0.0,0,0.0,7684.0,0,0,0,1,0,1,0,0,0,0,1,0,0
19133,0033800002Y64IDAAZ,0.0,0,0.0,7257.0,0,0,0,1,0,0,1,0,0,0,0,1,1
19136,0033800002Y64IGAAZ,0.0,0,581.0,3652.0,0,0,0,1,0,0,0,1,0,0,0,1,0
19138,0033800002Y64IIAAZ,0.0,0,445.0,7463.0,0,0,0,0,1,0,1,0,0,0,0,1,0
19139,0033800002Y64IJAAZ,0.0,0,0.0,2192.0,1,0,0,0,0,0,1,0,0,0,1,0,1
19140,0033800002Y64IKAAZ,0.0,0,299.0,1582.0,0,1,0,0,0,0,0,0,0,1,1,0,0
19141,0033800002Y64ILAAZ,0.0,0,0.0,7231.0,0,0,0,1,0,0,0,0,1,0,0,1,0
19142,0033800002Y64IMAAZ,0.0,0,754.0,7823.0,0,1,0,0,0,0,0,0,0,1,0,1,0
19145,0033800002Y64IQAAZ,0.0,0,0.0,8883.0,0,0,0,1,0,0,0,0,0,1,0,1,1
19149,0033800002Y64IUAAZ,0.0,70,5261.0,3016.0,0,1,0,0,0,0,1,0,0,0,0,1,1
19150,0033800002Y64IVAAZ,0.0,40,3281.0,8035.0,0,0,0,0,1,1,0,0,0,0,0,1,0
19151,0033800002Y64IWAAZ,0.0,20,1628.0,2233.0,1,0,0,0,0,0,1,0,0,0,0,1,1
19152,0033800002Y64IXAAZ,0.0,10,2215.0,1826.0,0,0,0,1,0,0,0,0,1,0,0,1,0
19156,0033800002Y64IbAAJ,0.0,0,0.0,2192.0,0,0,0,1,0,1,0,0,0,0,0,1,0
19157,0033800002Y64IcAAJ,0.0,0,0.0,7693.0,1,0,0,0,0,1,0,0,0,0,0,1,0
19158,0033800002Y64IdAAJ,0.0,0,5763.0,1461.0,0,0,0,1,0,1,0,0,0,0,0,1,1
19160,0033800002Y64IfAAJ,0.0,0,695.0,9251.0,0,0,0,0,1,0,0,0,0,1,0,1,0
19161,0033800002Y64IgAAJ,0.0,0,0.0,11279.0,0,0,0,0,1,0,1,0,0,0,0,1,1
19163,0033800002Y64IiAAJ,0.0,80,1081.0,3160.0,0,0,0,1,0,0,1,0,0,0,0,1,1
19165,0033800002Y64IkAAJ,0.0,0,3222.0,6817.0,0,0,0,0,1,0,0,0,0,1,0,1,0
19167,0033800002Y64ImAAJ,0.0,100,0.0,6179.0,0,0,0,1,0,0,1,0,0,0,0,1,0
19171,0033800002Y64IrAAJ,0.0,0,0.0,7969.0,0,1,0,0,0,1,0,0,0,0,1,0,0
19173,0033800002Y64ItAAJ,0.0,0,0.0,6244.0,0,1,0,0,0,0,1,0,0,0,0,1,1
19175,0033800002Y64K2AAJ,0.0,0,0.0,1826.0,0,0,0,0,1,0,1,0,0,0,1,0,1
19176,0033800002Y64K3AAJ,0.0,0,0.0,5600.0,0,0,0,0,1,1,0,0,0,0,1,0,0
19177,0033800002Y64YxAAJ,0.0,0,3405.0,1764.0,1,0,0,0,0,0,0,0,0,1,0,1,1
19179,0033800002Y64YzAAJ,0.0,0,9636.0,1073.0,0,0,0,0,1,0,1,0,0,0,0,1,0
19180,0033800002Y64Z0AAJ,0.0,0,7440.0,729.0,0,1,0,0,0,0,0,0,0,1,0,1,1
19181,0033800002Y64Z1AAJ,0.0,0,1417.0,2497.0,0,1,0,0,0,0,0,0,0,1,0,1,1
19182,0033800002Y64Z2AAJ,0.0,0,375.0,4142.0,0,0,0,1,0,0,0,0,0,1,0,1,1
19184,0033800002Y64Z4AAJ,0.0,0,55.0,2891.0,0,0,0,1,0,0,0,0,0,1,0,1,0
19186,0033800002Y64Z7AAJ,0.0,0,12813.0,488.0,0,1,0,0,0,0,1,0,0,0,1,0,0
19188,0033800002Y64wRAAR,0.0,80,1595.0,4127.0,0,0,0,0,1,0,1,0,0,0,0,1,1
19189,0033800002Y64xCAAR,0.0,0,0.0,2597.0,0,0,0,1,0,0,0,0,0,1,0,1,1
19191,0033800002Y651xAAB,0.0,0,0.0,3843.0,0,0,0,1,0,0,1,0,0,0,1,0,1
19193,0033800002Y6548AAB,0.0,0,0.0,6653.0,0,0,0,1,0,0,0,0,1,0,0,1,1
19194,0033800002Y65CEAAZ,0.0,0,0.0,6900.0,0,0,0,1,0,0,0,0,1,0,0,1,1
19195,0033800002Y65MeAAJ,0.0,0,671.0,7321.0,1,0,0,0,0,1,0,0,0,0,0,1,0
19196,0033800002Y65rHAAR,0.0,0,0.0,8666.0,0,0,0,0,1,0,0,0,0,1,0,1,1
19197,0033800002Y65vTAAR,0.0,0,0.0,8420.0,0,0,0,1,0,0,1,0,0,0,0,1,1
19198,0033800002Y66ETAAZ,0.0,0,1595.0,1527.0,0,0,0,1,0,0,0,0,1,0,0,1,1
19201,0033800002Y66OsAAJ,0.0,0,17.0,5694.0,0,0,0,1,0,0,1,0,0,0,0,1,1
19206,0033800002Y67d1AAB,0.0,0,0.0,1276.0,0,0,0,1,0,0,1,0,0,0,0,1,1
19208,0033800002Y67kbAAB,0.0,30,2985.0,7309.0,0,0,0,0,1,0,1,0,0,0,1,0,1
19209,0033800002Y67kgAAB,0.0,50,4826.0,2726.0,0,1,0,0,0,1,0,0,0,0,0,1,1
19212,0033800002Y68sjAAB,0.0,0,0.0,7330.0,0,0,0,1,0,0,1,0,0,0,0,1,1
19217,0033800002Y698wAAB,0.0,0,498.0,8093.0,0,1,0,0,0,1,0,0,0,0,0,1,1
19218,0033800002Y69eiAAB,0.0,0,0.0,1460.0,0,1,0,0,0,0,1,0,0,0,0,1,1
19220,0033800002Y69u7AAB,0.0,0,0.0,8766.0,0,0,0,1,0,0,1,0,0,0,0,1,1
19230,0033800002Y6CfJAAV,0.0,60,1910.0,3269.0,0,1,0,0,0,0,0,0,0,1,0,1,1
19232,0033800002Y6Cy2AAF,0.0,0,52.0,3878.0,0,1,0,0,0,0,1,0,0,0,0,1,1
19234,0033800002Y6D1mAAF,0.0,10,1423.0,5668.0,0,0,0,1,0,0,1,0,0,0,0,1,1
19235,0033800002Y6D1rAAF,0.0,0,0.0,1978.0,0,1,0,0,0,0,1,0,0,0,0,1,1
19236,0033800002Y6D2fAAF,0.0,0,0.0,8031.0,1,0,0,0,0,0,1,0,0,0,0,1,1
19237,0033800002Y6D3dAAF,0.0,0,0.0,7330.0,0,0,0,1,0,1,0,0,0,0,0,1,0
19238,0033800002Y6Da1AAF,0.0,0,9308.0,780.0,0,0,0,1,0,0,0,0,1,0,1,0,0
19240,0033800002Y6EPaAAN,0.0,0,864.0,7331.0,1,0,0,0,0,0,0,0,0,1,0,1,1
19241,0033800002Y6EpvAAF,0.0,30,229.0,5546.0,0,1,0,0,0,1,0,0,0,0,0,1,1
19244,0033800002Y6IKMAA3,0.0,0,8984.0,1645.0,0,0,0,1,0,1,0,0,0,0,0,1,0
19248,0033800002Y6IsLAAV,0.0,0,0.0,7333.0,0,0,0,0,1,0,1,0,0,0,0,1,1
19255,0033800002Y6JxjAAF,0.0,0,0.0,2920.0,0,0,0,1,0,0,1,0,0,0,0,1,1
19256,0033800002Y6K3DAAV,0.0,0,0.0,8891.0,0,0,0,1,0,0,1,0,0,0,1,0,0
19258,0033800002Y6KGWAA3,0.0,0,0.0,6192.0,0,0,0,1,0,0,0,0,1,0,0,1,1
19262,0033800002Y6KkSAAV,0.0,0,0.0,7326.0,1,0,0,0,0,0,0,0,1,0,0,1,0
19263,0033800002Y6KnYAAV,0.0,0,607.0,2702.0,0,0,0,1,0,0,1,0,0,0,0,1,0
19264,0033800002Y6L8CAAV,0.0,0,1577.0,3286.0,0,0,0,1,0,0,1,0,0,0,0,1,1
19265,0033800002Y6L9ZAAV,0.0,0,0.0,1151.0,0,0,0,1,0,0,1,0,0,0,0,1,0
19267,0033800002Y6LMeAAN,0.0,0,0.0,7631.0,0,0,0,0,1,0,1,0,0,0,1,0,0
19268,0033800002Y6LNXAA3,0.0,0,29.0,3651.0,0,0,0,1,0,0,0,0,1,0,0,1,1
19269,0033800002Y6LrXAAV,0.0,40,551.0,2425.0,1,0,0,0,0,0,0,0,1,0,0,1,1
19270,0033800002Y6LrcAAF,0.0,0,707.0,174.0,0,0,0,1,0,0,1,0,0,0,0,1,0
19272,0033800002Y6ML3AAN,0.0,0,0.0,7330.0,1,0,0,0,0,0,0,0,0,1,0,1,1
19273,0033800002Y6MLXAA3,0.0,0,0.0,8784.0,0,0,0,1,0,0,0,0,0,1,0,1,1
19275,0033800002Y6MPUAA3,0.0,0,0.0,7511.0,0,0,0,0,1,0,1,0,0,0,0,1,1
19277,0033800002Y6MTeAAN,0.0,0,93.0,8053.0,0,0,0,1,0,0,1,0,0,0,0,1,1
19280,0033800002Y6MW9AAN,0.0,0,0.0,2939.0,0,0,0,1,0,0,1,0,0,0,0,1,0
19281,0033800002Y6MYFAA3,0.0,0,0.0,3747.0,0,1,0,0,0,0,1,0,0,0,0,1,0
19283,0033800002Y6MzXAAV,0.0,0,0.0,7305.0,0,0,0,1,0,0,0,0,0,1,0,1,1
19285,0033800002Y6N7KAAV,0.0,0,969.0,1214.0,0,0,0,1,0,0,1,0,0,0,1,0,1
19286,0033800002Y6NScAAN,0.0,0,0.0,1461.0,0,0,0,1,0,0,1,0,0,0,0,1,1
19289,0033800002Y6OmTAAV,0.0,0,184.0,7367.0,0,0,0,0,1,1,0,0,0,0,1,0,1
19291,0033800002Y6PKPAA3,0.0,70,1372.0,7524.0,1,0,0,0,0,0,0,0,0,1,0,1,1
19294,0033800002Y6QsRAAV,0.0,0,0.0,8885.0,1,0,0,0,0,0,1,0,0,0,0,1,0
19296,0033800002Y6RuSAAV,0.0,0,0.0,9138.0,0,1,0,0,0,0,1,0,0,0,0,1,1
19298,0033800002Y6RvGAAV,0.0,30,1444.0,1825.0,0,1,0,0,0,0,0,0,0,1,1,0,1
19299,0033800002Y6RvpAAF,0.0,0,642.0,2417.0,0,1,0,0,0,0,1,0,0,0,1,0,1
19302,0033800002Y6S7DAAV,0.0,0,0.0,1460.0,0,0,0,1,0,0,0,0,0,1,1,0,0
19304,0033800002Y6SJTAA3,0.0,0,0.0,8657.0,0,1,0,0,0,0,1,0,0,0,0,1,1
19305,0033800002Y6SQFAA3,0.0,0,0.0,10355.0,0,0,0,0,1,0,1,0,0,0,0,1,1
19309,0033800002Y6SY0AAN,0.0,0,0.0,2025.0,0,0,0,1,0,1,0,0,0,0,0,1,1
19311,0033800002Y6SfaAAF,0.0,0,0.0,7305.0,1,0,0,0,0,0,1,0,0,0,0,1,0
19312,0033800002Y6SlxAAF,0.0,0,0.0,1900.0,0,0,0,1,0,0,1,0,0,0,0,1,0
19313,0033800002Y6SofAAF,0.0,0,32.0,7319.0,0,1,0,0,0,0,0,0,0,1,0,1,1
19314,0033800002Y6SpEAAV,0.0,0,0.0,9293.0,1,0,0,0,0,0,0,0,0,1,0,1,1
19315,0033800002Y6Sq7AAF,0.0,0,0.0,1673.0,0,1,0,0,0,0,1,0,0,0,0,1,0
19318,0033800002Y6T57AAF,0.0,0,0.0,7400.0,1,0,0,0,0,0,1,0,0,0,0,1,1
19319,0033800002Y6T5HAAV,0.0,0,0.0,1461.0,0,1,0,0,0,0,1,0,0,0,0,1,0
19322,0033800002Y6TQBAA3,0.0,0,2061.0,3291.0,0,1,0,0,0,0,0,0,1,0,0,1,1
19323,0033800002Y6TUSAA3,0.0,0,0.0,1856.0,0,1,0,0,0,0,1,0,0,0,1,0,1
19325,0033800002Y6TXWAA3,0.0,90,2864.0,776.0,1,0,0,0,0,0,1,0,0,0,1,0,1
19326,0033800002Y6TY5AAN,0.0,0,2018.0,2489.0,0,0,0,0,1,0,1,0,0,0,0,1,1
19329,0033800002Y6TuVAAV,0.0,0,0.0,1460.0,0,0,0,1,0,0,0,0,1,0,0,1,0
19331,0033800002Y6U3UAAV,0.0,0,0.0,3767.0,0,1,0,0,0,0,1,0,0,0,0,1,1
19333,0033800002Y6UDCAA3,0.0,0,0.0,1665.0,0,0,0,1,0,0,1,0,0,0,1,0,1
19337,0033800002Y6UcKAAV,0.0,0,3426.0,3927.0,0,0,0,1,0,0,0,0,0,1,1,0,0
19341,0033800002Y6UunAAF,0.0,0,0.0,6422.0,1,0,0,0,0,0,1,0,0,0,0,1,1
19342,0033800002Y6V89AAF,0.0,0,0.0,1461.0,0,0,0,1,0,0,0,0,1,0,0,1,1
19344,0033800002Y6VgDAAV,0.0,0,0.0,8089.0,0,0,0,0,1,0,1,0,0,0,0,1,1
19345,0033800002Y6VpcAAF,0.0,0,24.0,976.0,0,0,0,1,0,0,1,0,0,0,1,0,1
19349,0033800002Y6WMSAA3,0.0,0,0.0,1837.0,0,0,0,1,0,0,1,0,0,0,0,1,1
19352,0033800002Y6XKhAAN,0.0,0,0.0,5783.0,0,0,0,1,0,0,1,0,0,0,0,1,1
19354,0033800002Y6XrrAAF,0.0,0,234.0,4316.0,0,1,0,0,0,0,1,0,0,0,0,1,1
19355,0033800002Y6XtoAAF,0.0,0,54.0,8984.0,0,0,0,0,1,0,1,0,0,0,0,1,1
19357,0033800002Y6Y7VAAV,0.0,0,0.0,5018.0,0,1,0,0,0,0,0,0,1,0,0,1,0
19360,0033800002Y6YXMAA3,0.0,80,1692.0,5110.0,0,1,0,0,0,0,1,0,0,0,0,1,1
19361,0033800002Y6YdeAAF,0.0,0,0.0,7215.0,0,0,0,0,1,0,1,0,0,0,0,1,1
19363,0033800002Y6YtIAAV,0.0,0,0.0,1460.0,0,0,0,1,0,0,0,0,1,0,0,1,0
19364,0033800002Y6Z3PAAV,0.0,0,0.0,2750.0,0,0,0,1,0,0,1,0,0,0,0,1,1
19365,0033800002Y6ZMqAAN,0.0,0,0.0,5406.0,0,0,0,1,0,0,1,0,0,0,0,1,0
19369,0033800002Y6ZoDAAV,0.0,0,0.0,8738.0,1,0,0,0,0,0,1,0,0,0,1,0,1
19370,0033800002Y6ZrlAAF,0.0,0,6739.0,4081.0,0,0,0,1,0,1,0,0,0,0,0,1,1
19371,0033800002Y6a7DAAR,0.0,0,0.0,8311.0,1,0,0,0,0,0,1,0,0,0,0,1,0
19372,0033800002Y6a7hAAB,0.0,0,8767.0,1121.0,0,0,0,0,1,0,1,0,0,0,0,1,1
19373,0033800002Y6aACAAZ,0.0,80,1030.0,3968.0,0,0,0,0,1,1,0,0,0,0,0,1,1
19377,0033800002Y6bK7AAJ,0.0,0,67.0,1461.0,0,1,0,0,0,0,0,0,0,1,1,0,1
19378,0033800002Y6bSfAAJ,0.0,0,0.0,9580.0,0,0,0,0,1,0,1,0,0,0,0,1,1
19380,0033800002Y6bsZAAR,0.0,0,0.0,4651.0,0,1,0,0,0,1,0,0,0,0,0,1,1
19384,0033800002Y6cKRAAZ,0.0,0,4045.0,3487.0,0,0,0,1,0,0,1,0,0,0,0,1,1
19385,0033800002Y6cTnAAJ,0.0,0,0.0,8905.0,0,0,0,0,1,0,1,0,0,0,0,1,1
19387,0033800002Y6cetAAB,0.0,70,1050.0,1227.0,0,1,0,0,0,0,1,0,0,0,0,1,0
19389,0033800002Y6cjyAAB,0.0,0,0.0,2360.0,0,1,0,0,0,0,1,0,0,0,0,1,1
19390,0033800002Y6cnlAAB,0.0,0,6658.0,7594.0,0,0,0,1,0,0,0,0,0,1,0,1,1
19391,0033800002Y6ctvAAB,0.0,0,0.0,7326.0,0,1,0,0,0,0,1,0,0,0,0,1,1
19392,0033800002Y6czkAAB,0.0,0,884.0,3753.0,0,1,0,0,0,0,0,0,0,1,0,1,1
19394,0033800002Y6dv7AAB,0.0,0,0.0,4061.0,0,1,0,0,0,0,1,0,0,0,1,0,0
19395,0033800002Y6e1jAAB,0.0,70,1361.0,3371.0,1,0,0,0,0,0,1,0,0,0,0,1,1
19399,0033800002Y6ekVAAR,0.0,0,0.0,7596.0,0,0,0,1,0,0,1,0,0,0,0,1,1
19400,0033800002Y6ekWAAR,0.0,0,0.0,13055.0,0,1,0,0,0,0,1,0,0,0,1,0,1
19401,0033800002Y6ekXAAR,0.0,0,0.0,6501.0,0,0,0,0,1,0,1,0,0,0,0,1,1
19404,0033800002Y6ekaAAB,0.0,0,3167.0,7435.0,0,0,0,1,0,1,0,0,0,0,0,1,1
19406,0033800002Y6ekcAAB,0.0,0,0.0,3964.0,0,1,0,0,0,0,1,0,0,0,1,0,1
19409,0033800002Y6ekfAAB,0.0,0,0.0,5114.0,0,1,0,0,0,0,1,0,0,0,0,1,1
19411,0033800002Y6ekhAAB,0.0,0,0.0,3703.0,0,0,0,1,0,1,0,0,0,0,1,0,1
19412,0033800002Y6ekiAAB,0.0,0,0.0,7309.0,0,0,0,1,0,0,1,0,0,0,0,1,1
19415,0033800002Y6fXOAAZ,0.0,0,0.0,4447.0,0,1,0,0,0,0,1,0,0,0,0,1,1
19418,0033800002Y6fkAAAR,0.0,80,2460.0,2028.0,1,0,0,0,0,0,1,0,0,0,0,1,1
19420,0033800002Y6g8pAAB,0.0,90,490.0,7383.0,0,1,0,0,0,0,1,0,0,0,0,1,1
19421,0033800002Y6gCSAAZ,0.0,0,2422.0,1370.0,0,1,0,0,0,0,1,0,0,0,0,1,0
19424,0033800002Y6hCIAAZ,0.0,0,2089.0,5483.0,0,1,0,0,0,0,0,0,0,1,0,1,0
19426,0033800002Y6hE9AAJ,0.0,0,0.0,7616.0,0,0,0,0,1,0,0,1,0,0,1,0,1
19427,0033800002Y6hVkAAJ,0.0,0,0.0,4817.0,0,0,0,1,0,0,1,0,0,0,0,1,1
19428,0033800002Y6hmoAAB,0.0,0,0.0,10277.0,0,1,0,0,0,0,1,0,0,0,0,1,0
19430,0033800002Y6hoBAAR,0.0,0,0.0,2922.0,0,0,0,1,0,0,0,0,0,1,0,1,0
19431,0033800002Y6ia5AAB,0.0,0,0.0,7429.0,0,0,0,1,0,0,0,0,1,0,0,1,1
19433,0033800002Y6jeEAAR,0.0,50,0.0,10650.0,0,0,0,1,0,0,1,0,0,0,0,1,1
19434,0033800002Y6juSAAR,0.0,0,0.0,4301.0,0,0,0,0,1,0,0,0,0,1,1,0,1
19436,0033800002Y6kJoAAJ,0.0,0,0.0,5467.0,1,0,0,0,0,1,0,0,0,0,0,1,1
19437,0033800002Y6kYfAAJ,0.0,0,0.0,7921.0,1,0,0,0,0,1,0,0,0,0,0,1,1
19438,0033800002Y6kcDAAR,0.0,0,0.0,3714.0,0,0,0,1,0,0,0,0,0,1,0,1,0
19440,0033800002Y6kmSAAR,0.0,0,1869.0,2833.0,0,1,0,0,0,1,0,0,0,0,0,1,1
19441,0033800002Y6krOAAR,0.0,0,281.0,1462.0,0,1,0,0,0,0,1,0,0,0,1,0,0
19442,0033800002Y6lBHAAZ,0.0,0,7691.0,2820.0,0,0,0,1,0,0,0,0,0,1,1,0,0
19445,0033800002Y6lHHAAZ,0.0,0,16.0,1460.0,0,0,0,1,0,0,0,0,1,0,0,1,1
19446,0033800002Y6lIvAAJ,0.0,0,0.0,8857.0,0,1,0,0,0,0,0,0,0,1,0,1,0
19447,0033800002Y6lK3AAJ,0.0,0,3082.0,1461.0,0,0,0,1,0,0,0,0,1,0,0,1,1
19448,0033800002Y6lLBAAZ,0.0,10,550.0,8689.0,0,1,0,0,0,1,0,0,0,0,0,1,1
19449,0033800002Y6lTnAAJ,0.0,0,1903.0,3008.0,1,0,0,0,0,0,1,0,0,0,1,0,0
19451,0033800002Y6laNAAR,0.0,90,0.0,2741.0,0,0,0,1,0,0,1,0,0,0,0,1,1
19452,0033800002Y6lb6AAB,0.0,0,0.0,5253.0,0,1,0,0,0,0,1,0,0,0,0,1,1
19453,0033800002Y6lclAAB,0.0,90,160.0,5997.0,0,0,0,1,0,0,1,0,0,0,1,0,0
19454,0033800002Y6ld5AAB,0.0,0,1607.0,1479.0,0,0,0,1,0,0,0,0,0,1,0,1,0
19455,0033800002Y6ljBAAR,0.0,0,0.0,8785.0,0,0,0,0,1,0,0,0,0,1,0,1,1
19456,0033800002Y6lnXAAR,0.0,0,0.0,7333.0,0,0,0,1,0,0,0,0,0,1,0,1,1
19457,0033800002Y6lsjAAB,0.0,80,673.0,5264.0,1,0,0,0,0,0,0,0,1,0,0,1,0
19458,0033800002Y6lsoAAB,0.0,60,0.0,5899.0,0,1,0,0,0,1,0,0,0,0,0,1,1
19461,0033800002Y6lygAAB,0.0,0,0.0,9504.0,0,0,0,0,1,0,0,0,0,1,0,1,1
19463,0033800002Y6mkyAAB,0.0,0,671.0,8005.0,0,0,0,0,1,0,1,0,0,0,0,1,1
19464,0033800002Y6ml8AAB,0.0,0,986.0,6033.0,1,0,0,0,0,0,1,0,0,0,0,1,0
19467,0033800002Y6n5XAAR,0.0,80,0.0,10993.0,1,0,0,0,0,0,0,0,0,1,0,1,1
19468,0033800002Y6n5wAAB,0.0,0,9772.0,731.0,0,1,0,0,0,0,1,0,0,0,0,1,1
19469,0033800002Y6nD7AAJ,0.0,0,4102.0,7670.0,0,1,0,0,0,0,1,0,0,0,0,1,1
19472,0033800002Y6nDAAAZ,0.0,30,2309.0,1095.0,0,0,0,1,0,0,0,0,1,0,0,1,1
19473,0033800002Y6nDBAAZ,0.0,0,8859.0,421.0,0,1,0,0,0,0,1,0,0,0,1,0,1
19474,0033800002Y6nDCAAZ,0.0,0,0.0,3918.0,1,0,0,0,0,0,1,0,0,0,1,0,1
19476,0033800002Y6nDEAAZ,0.0,70,0.0,14040.0,0,0,0,1,0,0,1,0,0,0,0,1,0
19478,0033800002Y6nDGAAZ,0.0,0,11751.0,1095.0,0,0,0,1,0,0,1,0,0,0,0,1,0
19479,0033800002Y6nDHAAZ,0.0,0,10159.0,2425.0,0,0,0,1,0,0,1,0,0,0,0,1,1
19480,0033800002Y6nDIAAZ,0.0,0,2677.0,2192.0,0,0,0,1,0,0,1,0,0,0,0,1,0
19481,0033800002Y6nDJAAZ,0.0,0,0.0,2971.0,0,0,0,1,0,0,1,0,0,0,0,1,1
19482,0033800002Y6nDKAAZ,0.0,0,2283.0,1280.0,0,0,0,0,1,0,0,0,0,1,0,1,0
19483,0033800002Y6nDLAAZ,0.0,0,0.0,9714.0,0,1,0,0,0,0,1,0,0,0,0,1,1
19485,0033800002Y6nDNAAZ,0.0,0,0.0,7285.0,0,0,0,0,1,0,0,0,1,0,1,0,0
19486,0033800002Y6nDOAAZ,0.0,0,0.0,10654.0,0,0,0,1,0,0,1,0,0,0,0,1,0
19487,0033800002Y6nDPAAZ,0.0,0,94.0,9868.0,1,0,0,0,0,0,1,0,0,0,0,1,1
19489,0033800002Y6nDRAAZ,0.0,0,0.0,1826.0,0,1,0,0,0,0,1,0,0,0,1,0,1
19490,0033800002Y6nDSAAZ,0.0,0,0.0,1461.0,0,0,0,1,0,0,0,0,1,0,0,1,0
19491,0033800002Y6nDTAAZ,0.0,0,2041.0,1461.0,0,1,0,0,0,0,0,0,1,0,0,1,1
19492,0033800002Y6nDUAAZ,0.0,90,0.0,6527.0,0,1,0,0,0,0,1,0,0,0,0,1,1
19493,0033800002Y6nDVAAZ,0.0,0,0.0,2278.0,0,0,0,0,1,0,1,0,0,0,1,0,1
19496,0033800002Y6nDYAAZ,0.0,0,0.0,4951.0,0,0,0,1,0,0,1,0,0,0,0,1,0
19498,0033800002Y6nDaAAJ,0.0,0,13930.0,2100.0,0,0,0,0,1,0,0,0,0,1,0,1,0
19499,0033800002Y6nEoAAJ,0.0,0,0.0,6980.0,0,1,0,0,0,0,1,0,0,0,0,1,0
19505,0033800002Y6nIXAAZ,0.0,0,7825.0,730.0,1,0,0,0,0,0,0,0,0,1,0,1,1
19506,0033800002Y6nIYAAZ,0.0,0,0.0,8097.0,0,0,0,1,0,0,1,0,0,0,0,1,1
19509,0033800002Y6nIbAAJ,0.0,0,0.0,7330.0,0,0,0,1,0,1,0,0,0,0,0,1,1
19510,0033800002Y6nIcAAJ,0.0,0,0.0,7313.0,0,0,0,1,0,0,1,0,0,0,0,1,1
19511,0033800002Y6nIdAAJ,0.0,0,1776.0,1192.0,0,0,0,1,0,0,0,0,1,0,0,1,1
19512,0033800002Y6nIeAAJ,0.0,0,275.0,3212.0,0,0,0,1,0,0,0,0,1,0,0,1,1
19514,0033800002Y6nIgAAJ,0.0,0,1193.0,2194.0,0,0,0,1,0,0,1,0,0,0,0,1,1
19515,0033800002Y6nIhAAJ,0.0,0,0.0,3740.0,1,0,0,0,0,0,1,0,0,0,0,1,1
19517,0033800002Y6nIkAAJ,0.0,0,0.0,9161.0,0,0,0,1,0,0,1,0,0,0,0,1,0
19519,0033800002Y6nImAAJ,0.0,0,0.0,9194.0,0,0,0,0,1,0,0,0,1,0,1,0,0
19520,0033800002Y6nInAAJ,0.0,0,3777.0,4615.0,1,0,0,0,0,0,1,0,0,0,1,0,1
19522,0033800002Y6nIqAAJ,0.0,0,0.0,5056.0,1,0,0,0,0,1,0,0,0,0,0,1,1
19523,0033800002Y6nIrAAJ,0.0,0,490.0,5480.0,0,0,0,1,0,0,1,0,0,0,0,1,0
19524,0033800002Y6nIsAAJ,0.0,30,4698.0,669.0,0,0,0,1,0,0,1,0,0,0,0,1,0
19525,0033800002Y6nItAAJ,0.0,0,768.0,4124.0,0,0,0,1,0,0,1,0,0,0,1,0,1
19529,0033800002Y6nIxAAJ,0.0,90,43.0,3556.0,0,0,0,1,0,0,0,0,1,0,0,1,1
19530,0033800002Y6nIyAAJ,0.0,0,62.0,2921.0,1,0,0,0,0,0,1,0,0,0,0,1,0
19531,0033800002Y6nIzAAJ,0.0,0,0.0,1836.0,0,0,0,1,0,0,0,0,0,1,0,1,1
19532,0033800002Y6nJ0AAJ,0.0,100,125.0,5969.0,0,1,0,0,0,0,0,0,1,0,0,1,1
19533,0033800002Y6nJ1AAJ,0.0,0,0.0,7308.0,1,0,0,0,0,1,0,0,0,0,0,1,1
19534,0033800002Y6nJ2AAJ,0.0,0,2922.0,2927.0,0,0,0,0,1,0,0,0,0,1,0,1,1
19535,0033800002Y6nJ3AAJ,0.0,0,1068.0,1222.0,1,0,0,0,0,0,1,0,0,0,0,1,0
19542,0033800002Y6nLuAAJ,0.0,0,10061.0,2085.0,1,0,0,0,0,0,1,0,0,0,1,0,1
19546,0033800002Y6nLyAAJ,0.0,0,0.0,3100.0,0,0,0,1,0,0,1,0,0,0,0,1,1
19547,0033800002Y6nLzAAJ,0.0,0,0.0,1827.0,0,0,0,1,0,0,1,0,0,0,0,1,0
19548,0033800002Y6njsAAB,0.0,0,0.0,11323.0,0,1,0,0,0,0,1,0,0,0,0,1,1
19549,0033800002Y6nqUAAR,0.0,0,0.0,1826.0,0,0,0,1,0,0,0,0,1,0,0,1,1
19551,0033800002Y6nyJAAR,0.0,0,0.0,2067.0,0,1,0,0,0,0,1,0,0,0,0,1,0
19553,0033800002Y6o1SAAR,0.0,0,2356.0,2932.0,1,0,0,0,0,0,0,0,0,1,0,1,1
19554,0033800002Y6o3EAAR,0.0,100,0.0,6179.0,0,0,0,1,0,0,1,0,0,0,0,1,0
19558,0033800002Y6oK6AAJ,0.0,0,489.0,10333.0,0,1,0,0,0,0,0,0,1,0,0,1,0
19559,0033800002Y6oK7AAJ,0.0,0,883.0,1461.0,0,1,0,0,0,0,1,0,0,0,0,1,0
19561,0033800002Y6oK9AAJ,0.0,0,623.0,4242.0,0,1,0,0,0,0,0,0,1,0,0,1,0
19563,0033800002Y6oKBAAZ,0.0,0,124.0,2931.0,0,1,0,0,0,0,0,0,1,0,0,1,0
19564,0033800002Y6oKCAAZ,0.0,0,3856.0,1460.0,0,1,0,0,0,0,0,0,0,1,0,1,1
19565,0033800002Y6oKDAAZ,0.0,0,883.0,1461.0,0,1,0,0,0,0,1,0,0,0,1,0,1
19567,0033800002Y6oKFAAZ,0.0,0,396.0,9496.0,0,1,0,0,0,0,1,0,0,0,1,0,0
19569,0033800002Y6oKHAAZ,0.0,0,2940.0,1460.0,0,1,0,0,0,0,1,0,0,0,0,1,1
19570,0033800002Y6oOUAAZ,0.0,0,0.0,792.0,0,0,0,1,0,0,1,0,0,0,1,0,0
19571,0033800002Y6oPDAAZ,0.0,0,0.0,8640.0,0,0,0,0,1,0,1,0,0,0,0,1,0
19573,0033800002Y6oQfAAJ,0.0,0,0.0,2901.0,0,0,0,1,0,0,1,0,0,0,0,1,1
19574,0033800002Y6oRJAAZ,0.0,0,0.0,3394.0,0,0,0,1,0,0,1,0,0,0,0,1,1
19575,0033800002Y6oRxAAJ,0.0,0,0.0,7000.0,0,0,0,1,0,0,1,0,0,0,0,1,1
19576,0033800002Y6oSvAAJ,0.0,0,0.0,2791.0,0,0,0,1,0,0,1,0,0,0,1,0,1
19577,0033800002Y6oTAAAZ,0.0,0,0.0,7853.0,0,0,0,0,1,0,0,0,0,1,0,1,1
19579,0033800002Y6oV1AAJ,0.0,0,0.0,2055.0,0,0,0,1,0,0,1,0,0,0,0,1,0
19580,0033800002Y6oVzAAJ,0.0,0,0.0,7618.0,0,1,0,0,0,0,1,0,0,0,0,1,1
19581,0033800002Y6oY5AAJ,0.0,0,0.0,8048.0,0,1,0,0,0,1,0,0,0,0,0,1,1
19582,0033800002Y6oiKAAR,0.0,0,10001.0,4382.0,0,1,0,0,0,0,1,0,0,0,0,1,1
19585,0033800002Y6ouaAAB,0.0,0,0.0,7709.0,0,0,0,1,0,0,1,0,0,0,0,1,0
19593,0033800002Y6pFPAAZ,0.0,0,144.0,2889.0,0,1,0,0,0,0,1,0,0,0,1,0,1
19594,0033800002Y6pJ7AAJ,0.0,30,6269.0,1333.0,0,0,0,1,0,0,0,1,0,0,1,0,1
19596,0033800002Y6pQ3AAJ,0.0,0,5161.0,5479.0,0,0,0,0,1,0,0,0,0,1,0,1,1
19602,0033800002Y6pZZAAZ,0.0,0,0.0,5622.0,0,1,0,0,0,0,1,0,0,0,0,1,0
19603,0033800002Y6peyAAB,0.0,0,0.0,9527.0,0,1,0,0,0,0,0,0,0,1,0,1,1
19604,0033800002Y6pyeAAB,0.0,10,4551.0,3343.0,0,0,0,1,0,0,1,0,0,0,0,1,0
19605,0033800002Y6q5uAAB,0.0,0,0.0,4112.0,0,0,0,1,0,0,1,0,0,0,0,1,0
19606,0033800002Y6q9cAAB,0.0,0,0.0,9590.0,0,0,0,0,1,0,1,0,0,0,0,1,0
19607,0033800002Y6qJwAAJ,0.0,0,8213.0,3930.0,0,1,0,0,0,0,0,0,0,1,0,1,1
19609,0033800002Y6qY3AAJ,0.0,20,2487.0,1460.0,0,1,0,0,0,0,0,0,1,0,0,1,1
19613,0033800002Y6r4xAAB,0.0,0,862.0,1613.0,0,0,0,1,0,0,0,0,1,0,0,1,1
19614,0033800002Y6rA2AAJ,0.0,80,116.0,7834.0,0,1,0,0,0,0,1,0,0,0,1,0,0
19616,0033800002Y6rSIAAZ,0.0,40,191.0,3941.0,0,1,0,0,0,0,1,0,0,0,0,1,0
19617,0033800002Y6rScAAJ,0.0,0,0.0,3152.0,0,0,0,1,0,0,0,0,1,0,0,1,0
19622,0033800002Y6rZkAAJ,0.0,0,0.0,10000.0,0,0,0,1,0,1,0,0,0,0,0,1,1
19623,0033800002Y6rcUAAR,0.0,0,0.0,7800.0,0,0,0,1,0,0,0,0,0,1,0,1,1
19624,0033800002Y6rf9AAB,0.0,0,0.0,2192.0,0,1,0,0,0,1,0,0,0,0,0,1,1
19625,0033800002Y6rhPAAR,0.0,0,1376.0,1365.0,0,1,0,0,0,0,0,0,1,0,1,0,1
19628,0033800002Y6roLAAR,0.0,0,0.0,7309.0,1,0,0,0,0,1,0,0,0,0,1,0,1
19629,0033800002Y6rqvAAB,0.0,0,0.0,1460.0,0,0,0,1,0,0,0,0,1,0,0,1,1
19631,0033800002Y6sA5AAJ,0.0,0,0.0,8026.0,0,0,0,1,0,0,1,0,0,0,1,0,1
19636,0033800002Y6sn2AAB,0.0,0,0.0,7313.0,0,0,0,1,0,0,1,0,0,0,0,1,1
19638,0033800002Y6t4rAAB,0.0,0,0.0,8155.0,0,0,0,0,1,0,0,0,1,0,0,1,1
19640,0033800002Y6tENAAZ,0.0,0,1391.0,1256.0,1,0,0,0,0,0,1,0,0,0,0,1,0
19642,0033800002Y6tFaAAJ,0.0,0,0.0,12598.0,0,1,0,0,0,0,1,0,0,0,0,1,1
19644,0033800002Y6tPaAAJ,0.0,0,0.0,7320.0,0,0,0,1,0,0,1,0,0,0,0,1,1
19645,0033800002Y6tWMAAZ,0.0,0,0.0,2271.0,0,0,0,1,0,0,1,0,0,0,0,1,1
19646,0033800002Y6u62AAB,0.0,0,0.0,2890.0,0,0,0,1,0,0,1,0,0,0,0,1,1
19648,0033800002Y6uRCAAZ,0.0,0,2595.0,366.0,0,0,0,1,0,0,1,0,0,0,1,0,1
19650,0033800002Y6uSAAAZ,0.0,0,10175.0,1838.0,0,1,0,0,0,0,1,0,0,0,1,0,1
19651,0033800002Y6uXoAAJ,0.0,0,0.0,2814.0,0,0,0,1,0,0,0,0,0,1,1,0,0
19652,0033800002Y6uZuAAJ,0.0,0,330.0,1826.0,1,0,0,0,0,0,1,0,0,0,0,1,1
19653,0033800002Y6uiEAAR,0.0,0,0.0,2765.0,0,0,0,1,0,0,1,0,0,0,0,1,0
19655,0033800002Y6uiHAAR,0.0,0,308.0,4613.0,0,0,0,0,1,0,1,0,0,0,0,1,1
19656,0033800002Y6uiIAAR,0.0,0,0.0,11248.0,0,1,0,0,0,0,1,0,0,0,0,1,0
19657,0033800002Y6uiJAAR,0.0,0,0.0,1827.0,0,0,0,1,0,0,1,0,0,0,0,1,1
19658,0033800002Y6uiLAAR,0.0,0,0.0,3224.0,0,0,0,1,0,0,1,0,0,0,0,1,1
19659,0033800002Y6uiMAAR,0.0,0,0.0,3297.0,0,0,0,1,0,0,1,0,0,0,0,1,0
19660,0033800002Y6uiNAAR,0.0,0,0.0,2068.0,0,0,0,1,0,0,1,0,0,0,0,1,0
19661,0033800002Y6uiOAAR,0.0,0,0.0,10303.0,0,1,0,0,0,0,1,0,0,0,0,1,0
19663,0033800002Y6uiQAAR,0.0,0,0.0,9711.0,0,1,0,0,0,0,1,0,0,0,0,1,1
19667,0033800002Y6uiUAAR,0.0,0,0.0,951.0,0,0,0,1,0,0,1,0,0,0,0,1,0
19668,0033800002Y6uiVAAR,0.0,0,0.0,3880.0,0,0,0,1,0,0,1,0,0,0,0,1,0
19669,0033800002Y6uilAAB,0.0,60,168.0,1969.0,0,0,0,1,0,0,0,0,0,1,0,1,1
19671,0033800002Y6ujoAAB,0.0,0,891.0,1391.0,0,0,0,1,0,0,1,0,0,0,0,1,1
19672,0033800002Y6un7AAB,0.0,0,0.0,4386.0,0,1,0,0,0,0,1,0,0,0,0,1,1
19674,0033800002Y6uuYAAR,0.0,0,0.0,2713.0,0,0,0,1,0,0,0,0,1,0,0,1,0
19675,0033800002Y6v3GAAR,0.0,90,787.0,2922.0,0,1,0,0,0,0,1,0,0,0,0,1,1
19678,0033800002Y6vJ9AAJ,0.0,100,2372.0,2191.0,0,0,0,1,0,0,1,0,0,0,0,1,0
19684,0033800002Y6vY9AAJ,0.0,0,871.0,969.0,0,1,0,0,0,0,1,0,0,0,0,1,0
19686,0033800002Y6vdsAAB,0.0,0,0.0,5326.0,0,1,0,0,0,0,1,0,0,0,1,0,0
19687,0033800002Y6vgDAAR,0.0,0,53.0,2906.0,0,0,0,0,1,1,0,0,0,0,0,1,1
19690,0033800002Y6wDsAAJ,0.0,0,0.0,2686.0,1,0,0,0,0,0,1,0,0,0,1,0,0
19692,0033800002Y6wYwAAJ,0.0,0,0.0,8820.0,0,0,0,1,0,0,1,0,0,0,0,1,1
19693,0033800002Y6wn8AAB,0.0,70,1174.0,4865.0,0,0,0,1,0,0,1,0,0,0,0,1,1
19694,0033800002Y6wrFAAR,0.0,0,0.0,1601.0,0,0,0,0,1,0,1,0,0,0,0,1,1
19696,0033800002Y6x8VAAR,0.0,0,30.0,1279.0,0,0,0,1,0,0,1,0,0,0,1,0,1
19699,0033800002Y6xsEAAR,0.0,0,484.0,1939.0,0,0,0,1,0,0,1,0,0,0,0,1,1
19700,0033800002Y6xzjAAB,0.0,0,941.0,858.0,0,0,0,1,0,0,1,0,0,0,0,1,1
19701,0033800002Y6y66AAB,0.0,30,12030.0,1000.0,0,0,0,1,0,1,0,0,0,0,0,1,0
19705,0033800002Y6zc5AAB,0.0,0,9445.0,2425.0,0,1,0,0,0,1,0,0,0,0,1,0,1
19706,0033800002Y6zmPAAR,0.0,0,0.0,8639.0,0,0,0,1,0,0,1,0,0,0,0,1,1
19707,0033800002Y6znIAAR,0.0,0,0.0,8129.0,0,0,0,0,1,0,1,0,0,0,0,1,0
19708,0033800002Y6zrKAAR,0.0,0,0.0,6661.0,0,0,0,1,0,0,1,0,0,0,0,1,0
19713,0033800002Y6zrRAAR,0.0,0,0.0,2556.0,0,1,0,0,0,0,1,0,0,0,0,1,0
19714,0033800002Y6zrSAAR,0.0,0,0.0,8132.0,0,1,0,0,0,0,1,0,0,0,0,1,0
19715,0033800002Y6zrTAAR,0.0,0,0.0,7323.0,0,0,0,1,0,0,1,0,0,0,0,1,0
19716,0033800002Y6zrUAAR,0.0,0,0.0,4570.0,0,0,0,1,0,0,1,0,0,0,0,1,0
19717,0033800002Y6zrVAAR,0.0,0,0.0,3507.0,0,0,0,1,0,0,1,0,0,0,0,1,1
19720,0033800002Y6zrYAAR,0.0,0,0.0,4236.0,0,0,0,1,0,0,1,0,0,0,0,1,1
19721,0033800002Y6zrZAAR,0.0,0,0.0,2029.0,0,0,0,1,0,0,1,0,0,0,0,1,1
19724,0033800002Y706MAAR,0.0,0,2623.0,2193.0,0,0,0,1,0,1,0,0,0,0,0,1,1
19725,0033800002Y709uAAB,0.0,0,435.0,11093.0,0,0,0,0,1,0,0,0,0,1,0,1,1
19729,0033800002Y70VJAAZ,0.0,0,7247.0,1095.0,0,0,0,1,0,0,1,0,0,0,0,1,0
19731,0033800002Y70YDAAZ,0.0,0,4374.0,1254.0,0,0,0,1,0,0,1,0,0,0,0,1,0
19733,0033800002Y714aAAB,0.0,40,0.0,7076.0,0,0,0,1,0,0,1,0,0,0,0,1,0
19738,0033800002Y71ryAAB,0.0,0,0.0,1371.0,0,0,0,1,0,0,0,0,0,1,0,1,0
19739,0033800002Y71s3AAB,0.0,0,0.0,9366.0,1,0,0,0,0,0,1,0,0,0,0,1,0
19740,0033800002Y722IAAR,0.0,0,3050.0,1461.0,1,0,0,0,0,0,0,0,1,0,0,1,1
19741,0033800002Y724EAAR,0.0,0,0.0,4212.0,0,0,0,1,0,0,1,0,0,0,0,1,1
19743,0033800002Y72PwAAJ,0.0,0,0.0,4569.0,1,0,0,0,0,0,1,0,0,0,0,1,1
19744,0033800002Y72TKAAZ,0.0,0,9958.0,2600.0,0,1,0,0,0,0,1,0,0,0,1,0,1
19745,0033800002Y72TLAAZ,0.0,0,12951.0,1461.0,0,0,0,1,0,0,0,0,1,0,0,1,0
19747,0033800002Y72TNAAZ,0.0,0,0.0,7396.0,0,1,0,0,0,0,1,0,0,0,0,1,0
19749,0033800002Y72TPAAZ,0.0,100,7185.0,3503.0,0,1,0,0,0,0,1,0,0,0,0,1,0
19750,0033800002Y72TQAAZ,0.0,0,4726.0,1358.0,0,0,0,1,0,0,0,0,0,1,1,0,1
19752,0033800002Y72TSAAZ,0.0,0,8.0,326.0,0,1,0,0,0,0,0,0,0,1,1,0,1
19754,0033800002Y72X6AAJ,0.0,0,0.0,10568.0,0,0,0,0,1,1,0,0,0,0,1,0,1
19756,0033800002Y72vbAAB,0.0,0,0.0,11467.0,0,0,0,0,1,0,0,0,0,1,0,1,1
19758,0033800002Y73HhAAJ,0.0,0,0.0,7568.0,0,0,0,1,0,0,1,0,0,0,0,1,1
19759,0033800002Y73MmAAJ,0.0,0,1345.0,1401.0,0,0,0,1,0,0,0,0,0,1,0,1,1
19760,0033800002Y73diAAB,0.0,50,4645.0,1005.0,1,0,0,0,0,0,1,0,0,0,0,1,0
19761,0033800002Y73fPAAR,0.0,80,356.0,3438.0,0,0,0,1,0,0,1,0,0,0,0,1,1
19762,0033800002Y73k5AAB,0.0,0,111.0,4201.0,1,0,0,0,0,0,1,0,0,0,0,1,1
19763,0033800002Y73w1AAB,0.0,40,570.0,1460.0,0,0,0,1,0,0,1,0,0,0,0,1,1
19764,0033800002Y73wgAAB,0.0,0,1782.0,9048.0,0,1,0,0,0,1,0,0,0,0,0,1,0
19766,0033800002Y746VAAR,0.0,0,8988.0,3996.0,0,0,0,0,1,1,0,0,0,0,0,1,0
19767,0033800002Y74D6AAJ,0.0,0,0.0,1229.0,0,1,0,0,0,0,1,0,0,0,0,1,0
19769,0033800002Y74j1AAB,0.0,0,1693.0,2927.0,0,0,0,1,0,0,0,0,1,0,0,1,1
19772,0033800002Y79aFAAR,0.0,0,0.0,7305.0,0,0,0,1,0,0,1,0,0,0,1,0,1
19776,0033800002Y7AR1AAN,0.0,0,0.0,7457.0,0,0,0,1,0,1,0,0,0,0,0,1,1
19777,0033800002Y7AY2AAN,0.0,0,3235.0,1461.0,0,1,0,0,0,0,0,0,1,0,0,1,1
19778,0033800002Y7AyBAAV,0.0,0,0.0,7324.0,0,0,0,1,0,0,1,0,0,0,0,1,1
19779,0033800002Y7B4xAAF,0.0,0,0.0,1918.0,1,0,0,0,0,1,0,0,0,0,0,1,1
19781,0033800002Y7BIIAA3,0.0,0,0.0,7365.0,0,1,0,0,0,0,1,0,0,0,0,1,1
19782,0033800002Y7BQCAA3,0.0,0,7876.0,7335.0,0,1,0,0,0,0,1,0,0,0,0,1,1
19783,0033800002Z87ifAAB,0.0,0,0.0,5037.0,0,0,0,1,0,0,0,0,1,0,0,1,1
19784,0033800002Z87opAAB,0.0,0,1552.0,8542.0,1,0,0,0,0,0,0,0,0,1,0,1,1
19786,0033800002Z88GRAAZ,0.0,0,0.0,8764.0,0,0,0,1,0,1,0,0,0,0,0,1,0
19788,0033800002Z899iAAB,0.0,0,0.0,3310.0,0,0,0,1,0,0,0,0,1,0,0,1,1
19790,0033800002Z89rlAAB,0.0,0,0.0,10235.0,0,0,0,1,0,0,1,0,0,0,0,1,0
19792,0033800002Z89tmAAB,0.0,0,0.0,7611.0,0,0,0,0,1,0,1,0,0,0,0,1,1
19793,0033800002Z89y3AAB,0.0,0,93.0,4939.0,0,0,0,0,1,0,1,0,0,0,0,1,0
19797,0033800002Z8AagAAF,0.0,0,558.0,2626.0,0,0,0,1,0,0,0,0,1,0,0,1,1
19799,0033800002Z8Ay7AAF,0.0,0,0.0,7201.0,0,0,0,0,1,0,1,0,0,0,0,1,1
19800,0033800002Z8AzFAAV,0.0,50,104.0,1474.0,0,0,0,1,0,0,0,0,1,0,0,1,1
19801,0033800002Z8B2zAAF,0.0,40,3654.0,2534.0,1,0,0,0,0,0,0,0,0,1,0,1,1
19802,0033800002Z8BFeAAN,0.0,0,0.0,10947.0,0,0,0,0,1,0,0,0,1,0,0,1,1
19803,0033800002Z8By5AAF,0.0,0,1179.0,2192.0,1,0,0,0,0,0,1,0,0,0,0,1,1
19804,0033800002Z8CJdAAN,0.0,0,0.0,4383.0,1,0,0,0,0,0,1,0,0,0,0,1,1
19805,0033800002Z8CUjAAN,0.0,0,0.0,8786.0,1,0,0,0,0,0,1,0,0,0,0,1,0
19808,0033800002Z8D1NAAV,0.0,0,6936.0,916.0,0,1,0,0,0,0,0,0,0,1,1,0,1
19814,0033800002Z8E9sAAF,0.0,0,0.0,3117.0,1,0,0,0,0,0,0,0,0,1,1,0,1
19818,0033800002Z8EeVAAV,0.0,0,6.0,10003.0,0,1,0,0,0,0,1,0,0,0,0,1,0
19819,0033800002Z8EfEAAV,0.0,0,1265.0,1836.0,0,0,0,1,0,1,0,0,0,0,1,0,0
19820,0033800002Z8EwPAAV,0.0,30,828.0,1825.0,1,0,0,0,0,1,0,0,0,0,1,0,0
19821,0033800002Z8F29AAF,0.0,0,0.0,2192.0,0,0,0,1,0,0,1,0,0,0,1,0,1
19824,0033800002Z8F9wAAF,0.0,0,1724.0,8990.0,0,0,1,0,0,0,1,0,0,0,1,0,1
19825,0033800002Z8FM2AAN,0.0,0,0.0,1266.0,0,0,1,0,0,0,1,0,0,0,0,1,1
19826,0033800002Z8FV7AAN,0.0,0,0.0,3741.0,0,0,0,1,0,0,1,0,0,0,1,0,1
19827,0033800002Z8FiGAAV,0.0,0,253.0,1580.0,0,0,0,1,0,0,0,0,1,0,0,1,0
19828,0033800002Z8Fk6AAF,0.0,0,3457.0,1460.0,0,1,0,0,0,0,0,0,1,0,0,1,1
19832,0033800002Z8G7fAAF,0.0,0,0.0,2236.0,0,0,0,1,0,0,1,0,0,0,0,1,1
19834,0033800002Z8GfSAAV,0.0,40,1399.0,3158.0,0,0,0,1,0,0,1,0,0,0,0,1,1
19835,0033800002Z8GzDAAV,0.0,0,0.0,2222.0,0,0,0,0,1,0,1,0,0,0,0,1,0
19836,0033800002Z8HKsAAN,0.0,40,1709.0,2846.0,1,0,0,0,0,0,1,0,0,0,0,1,1
19837,0033800002Z8HLvAAN,0.0,0,0.0,3107.0,0,0,0,1,0,0,1,0,0,0,0,1,0
19839,0033800002Z8HQKAA3,0.0,0,0.0,6484.0,0,0,0,1,0,0,1,0,0,0,0,1,1
19840,0033800002Z8HRkAAN,0.0,0,0.0,1096.0,0,0,0,1,0,0,1,0,0,0,1,0,1
19841,0033800002Z8HRzAAN,0.0,0,0.0,2943.0,0,0,0,1,0,0,1,0,0,0,0,1,1
19842,0033800002Z8HSqAAN,0.0,0,0.0,726.0,0,0,0,1,0,0,0,0,1,0,0,1,0
19843,0033800002Z8HZZAA3,0.0,0,2980.0,2586.0,1,0,0,0,0,0,0,0,1,0,1,0,0
19846,0033800002Z8HquAAF,0.0,0,0.0,3264.0,0,0,0,1,0,0,1,0,0,0,0,1,1
19847,0033800002Z8HuGAAV,0.0,0,0.0,3941.0,0,0,0,1,0,0,0,0,1,0,0,1,1
19852,0033800002Z8IfjAAF,0.0,0,134.0,7334.0,0,0,0,1,0,1,0,0,0,0,0,1,1
19853,0033800002Z8IkhAAF,0.0,0,28.0,2190.0,0,0,0,1,0,1,0,0,0,0,0,1,1
19855,0033800002Z8IvtAAF,0.0,0,2716.0,1460.0,0,0,0,0,1,0,0,0,0,1,0,1,0
19857,0033800002Z8J6IAAV,0.0,50,0.0,4457.0,1,0,0,0,0,0,1,0,0,0,0,1,1
19858,0033800002Z8J7SAAV,0.0,0,504.0,3702.0,0,1,0,0,0,1,0,0,0,0,1,0,1
19860,0033800002Z8JgSAAV,0.0,0,577.0,2190.0,0,0,0,1,0,0,0,0,0,1,0,1,1
19861,0033800002Z8JpPAAV,0.0,10,5486.0,2754.0,0,0,0,1,0,0,0,0,0,1,1,0,0
19862,0033800002Z8JpQAAV,0.0,0,0.0,7319.0,1,0,0,0,0,0,1,0,0,0,1,0,0
19864,0033800002Z8JpSAAV,0.0,80,196.0,994.0,0,0,0,1,0,0,1,0,0,0,0,1,1
19865,0033800002Z8JpTAAV,0.0,0,638.0,4034.0,0,1,0,0,0,0,1,0,0,0,0,1,1
19866,0033800002Z8JpUAAV,0.0,0,0.0,4054.0,0,0,0,1,0,0,0,0,1,0,0,1,1
19867,0033800002Z8JpVAAV,0.0,0,0.0,8059.0,0,0,0,0,1,1,0,0,0,0,0,1,1
19868,0033800002Z8JpWAAV,0.0,0,0.0,6247.0,1,0,0,0,0,0,1,0,0,0,0,1,0
19869,0033800002Z8JpXAAV,0.0,0,161.0,7593.0,1,0,0,0,0,1,0,0,0,0,0,1,1
19871,0033800002Z8JpZAAV,0.0,0,2339.0,1826.0,0,1,0,0,0,0,1,0,0,0,0,1,1
19872,0033800002Z8JpaAAF,0.0,0,0.0,7397.0,0,0,0,1,0,0,1,0,0,0,1,0,0
19874,0033800002Z8JpcAAF,0.0,0,8270.0,1460.0,0,1,0,0,0,0,1,0,0,0,1,0,0
19875,0033800002Z8JpdAAF,0.0,0,0.0,6564.0,0,0,0,0,1,0,1,0,0,0,0,1,1
19876,0033800002Z8JpeAAF,0.0,0,0.0,1473.0,0,1,0,0,0,1,0,0,0,0,0,1,1
19877,0033800002Z8JpfAAF,0.0,0,7477.0,1462.0,0,1,0,0,0,0,1,0,0,0,0,1,1
19878,0033800002Z8JpgAAF,0.0,0,0.0,5753.0,0,0,0,1,0,0,1,0,0,0,1,0,0
19880,0033800002Z8JpiAAF,0.0,0,0.0,5430.0,0,0,0,1,0,0,1,0,0,0,0,1,1
19881,0033800002Z8JpjAAF,0.0,0,0.0,8066.0,1,0,0,0,0,0,1,0,0,0,0,1,1
19883,0033800002Z8JplAAF,0.0,0,0.0,7323.0,0,0,0,1,0,0,1,0,0,0,0,1,1
19884,0033800002Z8JpmAAF,0.0,0,100.0,11716.0,0,1,0,0,0,0,1,0,0,0,0,1,0
19889,0033800002Z8JpsAAF,0.0,0,0.0,9326.0,0,0,0,0,1,0,1,0,0,0,0,1,0
19890,0033800002Z8JptAAF,0.0,0,367.0,1346.0,0,0,0,1,0,0,1,0,0,0,0,1,0
19891,0033800002Z8JpuAAF,0.0,0,0.0,8766.0,0,1,0,0,0,0,1,0,0,0,0,1,0
19892,0033800002Z8JpvAAF,0.0,60,185.0,2516.0,0,1,0,0,0,0,0,0,1,0,0,1,1
19895,0033800002Z8JpyAAF,0.0,20,2991.0,7306.0,0,0,0,1,0,0,0,0,0,1,0,1,1
19896,0033800002Z8JpzAAF,0.0,0,0.0,2880.0,0,0,0,1,0,0,1,0,0,0,0,1,1
19897,0033800002Z8Jq0AAF,0.0,0,0.0,7350.0,1,0,0,0,0,1,0,0,0,0,0,1,1
19899,0033800002Z8Jq3AAF,0.0,0,0.0,8878.0,0,0,0,0,1,0,1,0,0,0,0,1,1
19900,0033800002Z8Jq4AAF,0.0,40,1599.0,3071.0,0,0,0,1,0,0,0,0,1,0,0,1,1
19901,0033800002Z8Jq5AAF,0.0,0,0.0,3782.0,0,0,0,1,0,0,1,0,0,0,0,1,1
19902,0033800002Z8Jq6AAF,0.0,60,8649.0,1094.0,1,0,0,0,0,0,1,0,0,0,0,1,1
19903,0033800002Z8JqbAAF,0.0,0,7100.0,7604.0,0,0,0,0,1,0,0,0,0,1,0,1,1
19904,0033800002Z8JqcAAF,0.0,0,0.0,9114.0,0,1,0,0,0,0,1,0,0,0,0,1,1
19905,0033800002Z8JqdAAF,0.0,0,0.0,7820.0,0,1,0,0,0,1,0,0,0,0,0,1,0
19906,0033800002Z8Jv9AAF,0.0,0,0.0,9135.0,0,1,0,0,0,1,0,0,0,0,0,1,1
19907,0033800002Z8JvAAAV,0.0,0,2717.0,550.0,0,1,0,0,0,0,1,0,0,0,0,1,1
19911,0033800002Z8JvEAAV,0.0,0,0.0,1666.0,0,0,0,1,0,1,0,0,0,0,0,1,0
19912,0033800002Z8JvFAAV,0.0,0,0.0,7312.0,0,0,0,0,1,0,1,0,0,0,0,1,1
19913,0033800002Z8JvGAAV,0.0,0,0.0,1752.0,0,0,0,1,0,0,1,0,0,0,0,1,1
19914,0033800002Z8JvHAAV,0.0,0,39.0,11462.0,0,0,0,0,1,0,1,0,0,0,0,1,0
19915,0033800002Z8JvIAAV,0.0,0,0.0,10127.0,0,0,0,0,1,1,0,0,0,0,0,1,0
19917,0033800002Z8JvKAAV,0.0,90,679.0,11703.0,0,1,0,0,0,0,1,0,0,0,0,1,1
19918,0033800002Z8JvLAAV,0.0,0,0.0,8830.0,0,0,0,0,1,1,0,0,0,0,0,1,1
19919,0033800002Z8JvMAAV,0.0,0,16.0,3044.0,0,1,0,0,0,0,1,0,0,0,1,0,1
19921,0033800002Z8JvOAAV,0.0,0,0.0,4777.0,0,0,0,1,0,0,1,0,0,0,1,0,0
19923,0033800002Z8JvQAAV,0.0,0,0.0,4150.0,0,0,0,0,1,0,1,0,0,0,0,1,1
19924,0033800002Z8JvRAAV,0.0,0,379.0,5260.0,1,0,0,0,0,0,1,0,0,0,0,1,1
19925,0033800002Z8JvSAAV,0.0,0,0.0,8431.0,0,1,0,0,0,0,1,0,0,0,0,1,1
19926,0033800002Z8JvTAAV,0.0,0,0.0,7305.0,0,0,0,1,0,0,1,0,0,0,0,1,0
19928,0033800002Z8JvVAAV,0.0,70,495.0,6940.0,0,0,0,1,0,0,1,0,0,0,0,1,0
19934,0033800002Z8JvcAAF,0.0,0,0.0,9135.0,0,0,0,1,0,0,1,0,0,0,1,0,1
19935,0033800002Z8JvdAAF,0.0,0,0.0,7549.0,0,0,0,1,0,0,1,0,0,0,0,1,1
19936,0033800002Z8JveAAF,0.0,0,1659.0,1855.0,1,0,0,0,0,0,1,0,0,0,0,1,1
19937,0033800002Z8JvfAAF,0.0,0,2432.0,1163.0,1,0,0,0,0,0,0,0,0,1,0,1,1
19938,0033800002Z8JvgAAF,0.0,0,1562.0,7392.0,0,0,0,1,0,0,1,0,0,0,0,1,0
19939,0033800002Z8JvhAAF,0.0,10,4057.0,1461.0,0,0,0,0,1,0,0,0,0,1,1,0,0
19940,0033800002Z8JviAAF,0.0,0,0.0,7488.0,0,0,0,1,0,0,1,0,0,0,1,0,0
19943,0033800002Z8JvlAAF,0.0,0,0.0,7527.0,0,0,0,0,1,0,0,0,0,1,0,1,1
19945,0033800002Z8JvnAAF,0.0,0,4393.0,7697.0,0,0,0,0,1,1,0,0,0,0,0,1,1
19946,0033800002Z8JvoAAF,0.0,0,9.0,7305.0,1,0,0,0,0,0,1,0,0,0,0,1,1
19947,0033800002Z8JvpAAF,0.0,0,0.0,1827.0,0,0,0,1,0,0,1,0,0,0,0,1,1
19948,0033800002Z8JvqAAF,0.0,40,9964.0,731.0,0,1,0,0,0,0,1,0,0,0,1,0,1
19949,0033800002Z8JvrAAF,0.0,0,0.0,1827.0,0,0,0,1,0,0,1,0,0,0,0,1,1
19950,0033800002Z8JvsAAF,0.0,50,436.0,4351.0,0,0,0,1,0,0,1,0,0,0,0,1,1
19952,0033800002Z8JwoAAF,0.0,0,1255.0,4429.0,0,1,0,0,0,0,0,0,0,1,0,1,1
19953,0033800002Z8K7XAAV,0.0,0,7854.0,1463.0,0,0,0,1,0,0,0,0,0,1,0,1,0
19954,0033800002Z8K9sAAF,0.0,0,7524.0,735.0,0,1,0,0,0,0,0,0,0,1,0,1,1
19955,0033800002Z8KB5AAN,0.0,0,159.0,42157.0,0,0,0,0,1,0,1,0,0,0,0,1,1
19956,0033800002Z8KCDAA3,0.0,90,1024.0,1460.0,0,0,0,0,1,1,0,0,0,0,0,1,1
19959,0033800002Z8KEaAAN,0.0,0,3902.0,3517.0,0,0,0,1,0,0,1,0,0,0,0,1,1
19960,0033800002Z8KEpAAN,0.0,60,1467.0,4841.0,0,1,0,0,0,0,1,0,0,0,0,1,1
19971,0033800002Z8KveAAF,0.0,0,29.0,6453.0,1,0,0,0,0,1,0,0,0,0,0,1,1
19972,0033800002Z8KwrAAF,0.0,0,0.0,2842.0,0,0,0,1,0,0,1,0,0,0,0,1,1
19975,0033800002Z8LWFAA3,0.0,0,0.0,6984.0,0,0,0,0,1,0,1,0,0,0,0,1,1
19976,0033800002Z8LYLAA3,0.0,100,2690.0,979.0,0,0,0,1,0,0,1,0,0,0,0,1,1
19977,0033800002Z8LpPAAV,0.0,70,1644.0,4346.0,0,1,0,0,0,0,1,0,0,0,0,1,1
19981,0033800002Z8MWXAA3,0.0,30,5799.0,1964.0,0,1,0,0,0,0,0,0,0,1,1,0,1
19982,0033800002Z8Mj7AAF,0.0,0,0.0,1861.0,0,0,0,1,0,0,1,0,0,0,1,0,0
19984,0033800002Z8MvDAAV,0.0,0,0.0,2126.0,0,0,0,1,0,0,1,0,0,0,0,1,1
19985,0033800002Z8N1QAAV,0.0,0,0.0,1203.0,0,1,0,0,0,0,1,0,0,0,0,1,1
19986,0033800002Z8N5DAAV,0.0,0,2664.0,7332.0,0,0,0,0,1,1,0,0,0,0,0,1,0
19988,0033800002Z8NSmAAN,0.0,0,0.0,5397.0,1,0,0,0,0,0,1,0,0,0,0,1,1
19992,0033800002Z8NkkAAF,0.0,0,0.0,3999.0,1,0,0,0,0,1,0,0,0,0,0,1,1
19993,0033800002Z8NqaAAF,0.0,0,0.0,7331.0,1,0,0,0,0,0,0,0,0,1,0,1,1
19996,0033800002Z8OoKAAV,0.0,0,8986.0,1461.0,0,0,0,1,0,0,1,0,0,0,0,1,0
19997,0033800002Z8P4kAAF,0.0,0,8587.0,1155.0,0,0,0,1,0,0,1,0,0,0,0,1,0
19998,0033800002Z8PTBAA3,0.0,0,0.0,8402.0,1,0,0,0,0,0,1,0,0,0,0,1,0
19999,0033800002Z8PedAAF,0.0,0,0.0,8028.0,0,1,0,0,0,0,1,0,0,0,0,1,1
20001,0033800002Z8PpHAAV,0.0,0,0.0,1532.0,0,1,0,0,0,0,1,0,0,0,0,1,1
20002,0033800002Z8PpIAAV,0.0,0,0.0,1827.0,0,1,0,0,0,0,1,0,0,0,0,1,0
20003,0033800002Z8PpJAAV,0.0,0,0.0,11020.0,0,0,0,0,1,0,1,0,0,0,0,1,0
20004,0033800002Z8PpKAAV,0.0,0,0.0,3806.0,0,0,0,0,1,0,1,0,0,0,0,1,1
20007,0033800002Z8PpNAAV,0.0,0,0.0,7382.0,0,0,0,1,0,0,1,0,0,0,0,1,1
20009,0033800002Z8PpPAAV,0.0,0,0.0,7349.0,1,0,0,0,0,0,1,0,0,0,0,1,0
20015,0033800002Z8Pq1AAF,0.0,0,0.0,2459.0,0,0,0,1,0,0,1,0,0,0,0,1,1
20016,0033800002Z8Pr9AAF,0.0,0,0.0,7329.0,0,0,0,0,1,1,0,0,0,0,1,0,0
20017,0033800002Z8PrEAAV,0.0,0,0.0,7316.0,0,0,0,1,0,1,0,0,0,0,0,1,0
20018,0033800002Z8PuwAAF,0.0,0,0.0,7306.0,0,0,0,1,0,0,1,0,0,0,0,1,1
20022,0033800002Z8QK6AAN,0.0,10,898.0,14752.0,0,0,0,0,1,0,1,0,0,0,0,1,0
20023,0033800002Z8QLEAA3,0.0,0,77.0,10162.0,0,0,0,0,1,0,1,0,0,0,0,1,1
20026,0033800002Z8QXxAAN,0.0,0,3009.0,2922.0,0,0,0,0,1,0,1,0,0,0,1,0,1
20031,0033800002Z8QxgAAF,0.0,0,0.0,8610.0,0,1,0,0,0,1,0,0,0,0,0,1,1
20033,0033800002Z8R6JAAV,0.0,0,0.0,8504.0,1,0,0,0,0,0,1,0,0,0,0,1,1
20034,0033800002Z8RFLAA3,0.0,100,1171.0,8054.0,0,1,0,0,0,0,0,0,1,0,0,1,1
20036,0033800002Z8RPtAAN,0.0,0,0.0,7326.0,0,0,0,0,1,1,0,0,0,0,1,0,1
20039,0033800002Z8ReyAAF,0.0,0,0.0,7195.0,0,0,0,0,1,0,0,0,0,1,0,1,1
20040,0033800002Z8RkcAAF,0.0,0,8306.0,1371.0,0,0,0,0,1,0,1,0,0,0,0,1,1
20041,0033800002Z8RlVAAV,0.0,0,306.0,2938.0,1,0,0,0,0,0,1,0,0,0,0,1,0
20042,0033800002Z8Ry0AAF,0.0,0,0.0,7321.0,0,0,0,0,1,0,1,0,0,0,1,0,1
20048,0033800002Z8SusAAF,0.0,0,0.0,2915.0,0,0,0,1,0,0,1,0,0,0,1,0,0
20050,0033800002Z8T02AAF,0.0,0,1116.0,2192.0,0,1,0,0,0,0,0,0,1,0,0,1,1
20052,0033800002Z8TJUAA3,0.0,0,0.0,4753.0,0,0,0,1,0,0,1,0,0,0,0,1,1
20053,0033800002Z8TNCAA3,0.0,20,195.0,1871.0,0,1,0,0,0,0,0,0,0,1,0,1,1
20054,0033800002Z8TRUAA3,0.0,0,0.0,1461.0,1,0,0,0,0,0,1,0,0,0,0,1,0
20055,0033800002Z8TSlAAN,0.0,0,0.0,7310.0,1,0,0,0,0,0,0,0,0,1,0,1,0
20056,0033800002Z8TXHAA3,0.0,0,0.0,1787.0,0,1,0,0,0,0,1,0,0,0,0,1,0
20058,0033800002Z8TciAAF,0.0,0,0.0,5246.0,0,0,0,1,0,0,1,0,0,0,0,1,1
20059,0033800002Z8Tg4AAF,0.0,0,0.0,7308.0,1,0,0,0,0,1,0,0,0,0,0,1,0
20060,0033800002Z8TgdAAF,0.0,0,0.0,4122.0,0,1,0,0,0,0,0,0,1,0,0,1,0
20063,0033800002Z8UYPAA3,0.0,0,0.0,9500.0,0,1,0,0,0,1,0,0,0,0,0,1,1
20064,0033800002Z8UZcAAN,0.0,0,0.0,7347.0,1,0,0,0,0,0,1,0,0,0,0,1,1
20067,0033800002Z8UnhAAF,0.0,0,770.0,731.0,0,0,0,0,1,0,1,0,0,0,0,1,1
20068,0033800002Z8UopAAF,0.0,90,1506.0,6080.0,0,0,0,1,0,0,1,0,0,0,0,1,0
20070,0033800002Z8VRjAAN,0.0,0,0.0,10567.0,1,0,0,0,0,0,1,0,0,0,0,1,0
20071,0033800002Z8VRkAAN,0.0,0,0.0,1869.0,0,1,0,0,0,0,1,0,0,0,1,0,1
20072,0033800002Z8VRlAAN,0.0,0,0.0,7325.0,0,0,0,1,0,0,1,0,0,0,0,1,1
20073,0033800002Z8VRmAAN,0.0,0,0.0,4289.0,0,1,0,0,0,1,0,0,0,0,0,1,1
20074,0033800002Z8VRnAAN,0.0,0,0.0,1953.0,0,0,0,1,0,0,0,0,1,0,0,1,1
20076,0033800002Z8VRpAAN,0.0,0,196.0,4603.0,0,1,0,0,0,0,1,0,0,0,0,1,0
20077,0033800002Z8VRqAAN,0.0,0,0.0,2461.0,0,0,0,1,0,0,1,0,0,0,0,1,0
20078,0033800002Z8VRrAAN,0.0,50,849.0,1319.0,0,0,0,1,0,0,1,0,0,0,1,0,0
20083,0033800002Z8VRwAAN,0.0,0,0.0,5805.0,0,1,0,0,0,0,0,0,1,0,0,1,1
20084,0033800002Z8VRxAAN,0.0,0,0.0,6372.0,0,1,0,0,0,0,0,1,0,0,0,1,1
20088,0033800002Z8VkEAAV,0.0,90,961.0,7806.0,1,0,0,0,0,0,1,0,0,0,0,1,1
20094,0033800002Z8WDBAA3,0.0,0,3438.0,1190.0,0,0,0,1,0,0,1,0,0,0,0,1,0
20095,0033800002Z8WQqAAN,0.0,0,0.0,1774.0,0,1,0,0,0,0,1,0,0,0,0,1,1
20097,0033800002Z8WRuAAN,0.0,0,2177.0,3287.0,1,0,0,0,0,0,1,0,0,0,0,1,1
20098,0033800002Z8WRvAAN,0.0,0,290.0,6479.0,0,1,0,0,0,0,1,0,0,0,0,1,1
20099,0033800002Z8WRxAAN,0.0,90,5358.0,1937.0,0,0,0,0,1,0,1,0,0,0,0,1,1
20100,0033800002Z8WRyAAN,0.0,0,11404.0,1522.0,0,1,0,0,0,1,0,0,0,0,0,1,0
20102,0033800002Z8WS0AAN,0.0,0,3465.0,2191.0,0,0,0,0,1,0,1,0,0,0,0,1,1
20103,0033800002Z8WS1AAN,0.0,0,0.0,2915.0,0,0,0,1,0,0,1,0,0,0,1,0,0
20104,0033800002Z8WdjAAF,0.0,90,0.0,3329.0,0,0,0,1,0,0,0,0,0,1,0,1,1
20105,0033800002Z8WmCAAV,0.0,60,4062.0,7580.0,0,0,0,0,1,1,0,0,0,0,0,1,0
20107,0033800002Z8X2yAAF,0.0,0,123.0,8391.0,0,0,0,1,0,0,1,0,0,0,0,1,1
20108,0033800002Z8XBCAA3,0.0,0,117.0,1670.0,0,1,0,0,0,0,1,0,0,0,0,1,0
20109,0033800002Z8XGvAAN,0.0,0,3022.0,1460.0,0,0,0,1,0,0,0,0,1,0,0,1,1
20110,0033800002Z8XbAAAV,0.0,0,0.0,9509.0,0,1,0,0,0,0,0,0,0,1,0,1,1
20116,0033800002Z8Y6aAAF,0.0,0,0.0,7309.0,0,0,0,0,1,1,0,0,0,0,1,0,1
20117,0033800002Z8Y6fAAF,0.0,0,0.0,8690.0,0,0,0,0,1,0,1,0,0,0,0,1,0
20118,0033800002Z8YJ9AAN,0.0,0,0.0,9497.0,0,0,0,1,0,0,1,0,0,0,0,1,1
20120,0033800002Z8YrTAAV,0.0,60,0.0,1991.0,0,0,0,1,0,0,1,0,0,0,0,1,1
20121,0033800002Z8YzmAAF,0.0,40,0.0,1932.0,0,0,0,1,0,0,1,0,0,0,0,1,0
20123,0033800002Z8ZBOAA3,0.0,0,1568.0,2256.0,0,0,0,1,0,0,0,0,0,1,0,1,0
20124,0033800002Z8ZDoAAN,0.0,0,0.0,808.0,0,0,0,1,0,0,1,0,0,0,0,1,0
20126,0033800002Z8ZRBAA3,0.0,50,379.0,3289.0,0,0,0,1,0,0,0,0,1,0,0,1,1
20127,0033800002Z8ZRKAA3,0.0,80,929.0,9501.0,0,0,0,0,1,1,0,0,0,0,0,1,1
20128,0033800002Z8ZTzAAN,0.0,0,0.0,1687.0,1,0,0,0,0,0,1,0,0,0,0,1,1
20131,0033800002Z8ZYoAAN,0.0,30,6371.0,1461.0,0,0,0,0,1,0,0,0,0,1,0,1,1
20133,0033800002Z8ZcLAAV,0.0,0,2028.0,457.0,0,0,0,1,0,1,0,0,0,0,0,1,0
20134,0033800002Z8ZcQAAV,0.0,0,0.0,7569.0,0,0,0,1,0,0,1,0,0,0,0,1,0
20135,0033800002Z8ZgsAAF,0.0,0,899.0,7734.0,0,0,0,1,0,1,0,0,0,0,1,0,1
20136,0033800002Z8ZvGAAV,0.0,0,0.0,2191.0,0,1,0,0,0,0,1,0,0,0,0,1,1
20137,0033800002Z8ZxRAAV,0.0,0,880.0,1825.0,0,0,0,1,0,0,0,0,0,1,0,1,0
20138,0033800002Z8aP9AAJ,0.0,0,6657.0,1458.0,0,1,0,0,0,0,1,0,0,0,0,1,1
20139,0033800002Z8al3AAB,0.0,0,0.0,10967.0,0,0,0,0,1,1,0,0,0,0,0,1,0
20140,0033800002Z8arLAAR,0.0,0,0.0,7334.0,0,0,0,1,0,0,0,0,1,0,0,1,0
20141,0033800002Z8arMAAR,0.0,0,0.0,8145.0,0,0,0,1,0,0,0,0,1,0,0,1,0
20145,0033800002Z8arQAAR,0.0,0,0.0,3271.0,0,1,0,0,0,0,0,0,1,0,0,1,0
20150,0033800002Z8arVAAR,0.0,0,0.0,7708.0,0,0,0,1,0,0,0,0,1,0,0,1,0
20154,0033800002Z8arZAAR,0.0,0,0.0,5175.0,0,0,0,1,0,0,0,0,1,0,0,1,1
20155,0033800002Z8arbAAB,0.0,0,0.0,2892.0,1,0,0,0,0,0,0,0,0,1,1,0,1
20156,0033800002Z8arcAAB,0.0,0,0.0,11047.0,0,0,0,1,0,0,0,0,0,1,0,1,1
20158,0033800002Z8areAAB,0.0,0,0.0,7732.0,0,0,0,0,1,0,0,0,0,1,1,0,1
20159,0033800002Z8argAAB,0.0,0,0.0,7305.0,1,0,0,0,0,0,0,0,0,1,0,1,1
20160,0033800002Z8arhAAB,0.0,0,0.0,8782.0,0,1,0,0,0,0,0,0,0,1,0,1,1
20164,0033800002Z8b4rAAB,0.0,0,0.0,7318.0,1,0,0,0,0,0,0,0,1,0,0,1,1
20165,0033800002Z8b5uAAB,0.0,0,0.0,7307.0,1,0,0,0,0,0,1,0,0,0,0,1,0
20167,0033800002Z8bHbAAJ,0.0,0,14713.0,1150.0,0,1,0,0,0,0,1,0,0,0,0,1,1
20168,0033800002Z8bMvAAJ,0.0,100,443.0,9751.0,0,0,0,0,1,0,0,0,0,1,0,1,0
20169,0033800002Z8bgKAAR,0.0,0,0.0,7407.0,0,1,0,0,0,0,1,0,0,0,0,1,1
20170,0033800002Z8c3TAAR,0.0,0,3768.0,1460.0,0,1,0,0,0,0,0,0,0,1,0,1,1
20171,0033800002Z8c8xAAB,0.0,0,138.0,10982.0,1,0,0,0,0,0,1,0,0,0,0,1,0
20173,0033800002Z8cJAAAZ,0.0,0,205.0,7242.0,0,0,0,1,0,0,0,0,1,0,0,1,0
20175,0033800002Z8cRoAAJ,0.0,0,0.0,10699.0,0,0,0,1,0,0,1,0,0,0,0,1,0
20176,0033800002Z8cVCAAZ,0.0,0,0.0,7312.0,0,0,0,1,0,0,0,0,1,0,0,1,1
20178,0033800002Z8caWAAR,0.0,0,0.0,1460.0,0,1,0,0,0,0,1,0,0,0,1,0,0
20179,0033800002Z8coiAAB,0.0,100,0.0,2498.0,0,0,0,1,0,0,0,0,0,1,0,1,1
20182,0033800002Z8dC9AAJ,0.0,0,0.0,5200.0,1,0,0,0,0,0,1,0,0,0,0,1,1
20183,0033800002Z8dMiAAJ,0.0,0,0.0,3683.0,1,0,0,0,0,0,1,0,0,0,0,1,0
20184,0033800002Z8dOAAAZ,0.0,0,0.0,2301.0,0,0,0,1,0,0,1,0,0,0,0,1,1
20185,0033800002Z8de3AAB,0.0,0,0.0,17025.0,0,1,0,0,0,0,1,0,0,0,0,1,1
20187,0033800002Z8dkBAAR,0.0,0,0.0,3051.0,0,1,0,0,0,0,0,0,1,0,0,1,0
20188,0033800002Z8dnjAAB,0.0,90,0.0,8565.0,0,0,0,1,0,0,1,0,0,0,0,1,1
20189,0033800002Z8dsUAAR,0.0,0,0.0,11161.0,0,0,0,0,1,1,0,0,0,0,0,1,0
20190,0033800002Z8e0xAAB,0.0,0,1309.0,2228.0,0,0,0,1,0,0,0,0,0,1,1,0,1
20191,0033800002Z8evNAAR,0.0,0,0.0,5475.0,0,0,0,1,0,0,1,0,0,0,0,1,1
20192,0033800002Z8evSAAR,0.0,100,379.0,7809.0,0,1,0,0,0,0,1,0,0,0,0,1,1
20193,0033800002Z8fMIAAZ,0.0,0,2165.0,2921.0,1,0,0,0,0,0,1,0,0,0,1,0,1
20196,0033800002Z8fbbAAB,0.0,0,0.0,3557.0,0,0,0,1,0,0,1,0,0,0,0,1,1
20197,0033800002Z8fwKAAR,0.0,0,0.0,7312.0,0,1,0,0,0,0,0,0,0,1,0,1,1
20200,0033800002Z8gD2AAJ,0.0,70,506.0,3352.0,0,0,0,1,0,1,0,0,0,0,0,1,1
20202,0033800002Z8gGzAAJ,0.0,80,179.0,1741.0,0,0,0,1,0,0,0,0,1,0,0,1,1
20203,0033800002Z8gM1AAJ,0.0,30,775.0,5321.0,0,0,0,1,0,0,1,0,0,0,1,0,1
20204,0033800002Z8gMLAAZ,0.0,90,0.0,4059.0,0,0,0,1,0,0,1,0,0,0,0,1,1
20207,0033800002Z8gUIAAZ,0.0,0,281.0,2922.0,0,1,0,0,0,0,0,0,1,0,0,1,1
20208,0033800002Z8gUrAAJ,0.0,0,0.0,9717.0,0,0,0,0,1,0,1,0,0,0,0,1,0
20209,0033800002Z8hMjAAJ,0.0,0,0.0,1461.0,0,0,0,1,0,0,0,0,1,0,0,1,0
20210,0033800002Z8hYqAAJ,0.0,0,0.0,3824.0,0,1,0,0,0,0,0,0,1,0,0,1,1
20211,0033800002Z8hhiAAB,0.0,0,69.0,2953.0,0,1,0,0,0,0,0,0,0,1,1,0,1
20212,0033800002Z8hlLAAR,0.0,0,0.0,2932.0,0,1,0,0,0,0,1,0,0,0,0,1,1
20213,0033800002Z8httAAB,0.0,0,811.0,2982.0,0,1,0,0,0,1,0,0,0,0,1,0,1
20214,0033800002Z8i40AAB,0.0,90,897.0,7753.0,0,0,0,0,1,1,0,0,0,0,0,1,0
20216,0033800002Z8i9AAAR,0.0,0,0.0,7316.0,0,1,0,0,0,0,1,0,0,0,0,1,1
20217,0033800002Z8ielAAB,0.0,0,128.0,4017.0,0,0,0,1,0,0,1,0,0,0,0,1,1
20219,0033800002Z8imaAAB,0.0,0,0.0,9505.0,0,0,0,0,1,1,0,0,0,0,0,1,1
20220,0033800002Z8iqSAAR,0.0,0,4761.0,1826.0,0,1,0,0,0,0,0,0,0,1,0,1,1
20223,0033800002Z8j0IAAR,0.0,40,0.0,707.0,1,0,0,0,0,1,0,0,0,0,0,1,1
20224,0033800002Z8j0SAAR,0.0,0,0.0,4687.0,0,1,0,0,0,1,0,0,0,0,0,1,0
20225,0033800002Z8j0rAAB,0.0,0,0.0,4710.0,0,1,0,0,0,1,0,0,0,0,0,1,1
20226,0033800002Z8j2iAAB,0.0,0,0.0,2192.0,0,0,0,1,0,1,0,0,0,0,0,1,1
20228,0033800002Z8j7TAAR,0.0,0,0.0,3625.0,0,0,0,1,0,1,0,0,0,0,0,1,1
20229,0033800002Z8j8vAAB,0.0,0,0.0,10958.0,1,0,0,0,0,0,1,0,0,0,0,1,1
20233,0033800002Z8jWwAAJ,0.0,0,0.0,5134.0,0,0,0,1,0,0,1,0,0,0,0,1,1
20238,0033800002Z8kC4AAJ,0.0,0,1265.0,3769.0,0,0,0,1,0,0,0,0,0,1,0,1,0
20239,0033800002Z8kPsAAJ,0.0,50,1839.0,2262.0,0,1,0,0,0,0,1,0,0,0,0,1,1
20240,0033800002Z8kQxAAJ,0.0,0,0.0,1192.0,0,0,0,0,1,0,1,0,0,0,0,1,1
20242,0033800002Z8kfBAAR,0.0,0,0.0,7618.0,1,0,0,0,0,0,0,0,0,1,0,1,0
20246,0033800002Z8o5HAAR,0.0,0,1323.0,1958.0,0,1,0,0,0,0,1,0,0,0,0,1,0
20247,0033800002Z8oAWAAZ,0.0,0,452.0,1011.0,0,0,0,1,0,0,1,0,0,0,0,1,1
20248,0033800002Z8oaGAAR,0.0,0,2297.0,4916.0,0,0,0,1,0,0,1,0,0,0,0,1,0
20249,0033800002Z8ocgAAB,0.0,0,0.0,7449.0,0,0,0,1,0,0,1,0,0,0,0,1,0
20251,0033800002Z8oiAAAR,0.0,0,0.0,1045.0,0,1,0,0,0,0,1,0,0,0,0,1,0
20252,0033800002Z8ol4AAB,0.0,0,0.0,8411.0,1,0,0,0,0,0,1,0,0,0,0,1,0
20253,0033800002Z8onKAAR,0.0,0,0.0,8826.0,1,0,0,0,0,0,1,0,0,0,0,1,0
20254,0033800002Z8owUAAR,0.0,70,1048.0,2908.0,0,0,0,1,0,0,1,0,0,0,0,1,0
20256,0033800002Z8p0QAAR,0.0,0,9811.0,1460.0,1,0,0,0,0,0,0,0,1,0,0,1,1
20257,0033800002Z8p0fAAB,0.0,0,0.0,7330.0,0,1,0,0,0,0,1,0,0,0,0,1,1
20260,0033800002Z8pMmAAJ,0.0,80,3303.0,4179.0,0,1,0,0,0,0,1,0,0,0,0,1,1
20261,0033800002Z8pPMAAZ,0.0,0,2641.0,1209.0,0,0,0,1,0,0,0,0,1,0,0,1,0
20263,0033800002Z8ppvAAB,0.0,90,1509.0,8368.0,0,0,0,1,0,0,1,0,0,0,0,1,1
20264,0033800002Z8pr8AAB,0.0,0,0.0,1460.0,0,1,0,0,0,0,0,0,0,1,0,1,0
20265,0033800002Z8prwAAB,0.0,0,17.0,8215.0,0,0,0,1,0,0,0,0,0,1,0,1,1
20268,0033800002Z8pysAAB,0.0,0,0.0,9527.0,1,0,0,0,0,1,0,0,0,0,0,1,1
20269,0033800002Z8pzqAAB,0.0,0,0.0,3831.0,0,0,0,1,0,0,1,0,0,0,0,1,0
20270,0033800002Z8q0eAAB,0.0,0,2730.0,1257.0,0,1,0,0,0,0,1,0,0,0,0,1,0
20271,0033800002Z8qbYAAR,0.0,0,0.0,2742.0,0,0,0,1,0,0,0,0,1,0,0,1,0
20272,0033800002Z8qmgAAB,0.0,0,0.0,3396.0,0,1,0,0,0,0,0,0,1,0,0,1,0
20273,0033800002Z8qqiAAB,0.0,40,504.0,10632.0,0,1,0,0,0,0,1,0,0,0,0,1,0
20274,0033800002Z8qqsAAB,0.0,0,2508.0,6557.0,0,0,0,1,0,0,0,0,0,1,0,1,1
20279,0033800002Z8qtrAAB,0.0,0,0.0,8873.0,0,1,0,0,0,0,1,0,0,0,0,1,0
20280,0033800002Z8qtsAAB,0.0,0,0.0,4049.0,0,1,0,0,0,0,1,0,0,0,0,1,1
20285,0033800002Z8qzgAAB,0.0,0,0.0,1770.0,0,1,0,0,0,0,1,0,0,0,0,1,1
20286,0033800002Z8qzhAAB,0.0,0,0.0,1446.0,0,0,0,1,0,0,1,0,0,0,0,1,0
20287,0033800002Z8qziAAB,0.0,0,0.0,8648.0,0,1,0,0,0,1,0,0,0,0,0,1,1
20288,0033800002Z8qzjAAB,0.0,40,677.0,3493.0,0,0,0,1,0,0,1,0,0,0,0,1,1
20289,0033800002Z8qzkAAB,0.0,0,0.0,1370.0,0,0,0,1,0,0,1,0,0,0,0,1,1
20291,0033800002Z8qzmAAB,0.0,0,409.0,3652.0,0,1,0,0,0,0,1,0,0,0,0,1,1
20292,0033800002Z8qznAAB,0.0,0,0.0,2880.0,0,1,0,0,0,0,1,0,0,0,0,1,1
20294,0033800002Z8qzqAAB,0.0,0,1385.0,3895.0,0,0,0,1,0,0,1,0,0,0,0,1,1
20296,0033800002Z8qzsAAB,0.0,0,411.0,1065.0,0,0,0,1,0,0,0,0,1,0,0,1,1
20298,0033800002Z8qzvAAB,0.0,10,494.0,3039.0,0,0,0,1,0,0,1,0,0,0,0,1,0
20299,0033800002Z8qzwAAB,0.0,0,0.0,3641.0,0,0,0,1,0,0,0,0,0,1,0,1,0
20301,0033800002Z8qzyAAB,0.0,0,2604.0,7305.0,0,0,0,0,1,0,1,0,0,0,1,0,0
20302,0033800002Z8qzzAAB,0.0,0,0.0,12012.0,1,0,0,0,0,0,1,0,0,0,0,1,1
20303,0033800002Z8r00AAB,0.0,0,0.0,5246.0,0,1,0,0,0,0,1,0,0,0,1,0,1
20305,0033800002Z8r02AAB,0.0,20,1180.0,2606.0,0,0,0,1,0,0,1,0,0,0,0,1,1
20312,0033800002Z8r0AAAR,0.0,0,0.0,9500.0,0,1,0,0,0,0,1,0,0,0,0,1,0
20314,0033800002Z8r0CAAR,0.0,30,0.0,9497.0,1,0,0,0,0,0,1,0,0,0,0,1,1
20318,0033800002Z8r0GAAR,0.0,0,0.0,3840.0,0,0,0,0,1,0,1,0,0,0,0,1,1
20319,0033800002Z8r0HAAR,0.0,0,0.0,2983.0,0,0,0,1,0,0,1,0,0,0,0,1,0
20320,0033800002Z8r0JAAR,0.0,0,0.0,12784.0,0,0,0,0,1,0,1,0,0,0,0,1,0
20321,0033800002Z8r0KAAR,0.0,0,0.0,7304.0,0,1,0,0,0,0,1,0,0,0,0,1,0
20324,0033800002Z8rEAAAZ,0.0,0,0.0,8066.0,0,1,0,0,0,0,0,0,1,0,0,1,0
20325,0033800002Z8rWJAAZ,0.0,0,0.0,7671.0,0,0,0,1,0,0,1,0,0,0,0,1,0
20326,0033800002Z8rWKAAZ,0.0,0,0.0,4767.0,0,1,0,0,0,0,1,0,0,0,0,1,0
20331,0033800002Z8rWPAAZ,0.0,0,251.0,1826.0,1,0,0,0,0,0,1,0,0,0,0,1,1
20333,0033800002Z8ra0AAB,0.0,0,291.0,2990.0,0,0,0,1,0,0,1,0,0,0,1,0,0
20336,0033800002Z8s6sAAB,0.0,0,882.0,1826.0,0,1,0,0,0,0,1,0,0,0,0,1,1
20338,0033800002Z8s9rAAB,0.0,0,0.0,1462.0,0,0,0,1,0,0,1,0,0,0,0,1,1
20340,0033800002Z8sIAAAZ,0.0,30,299.0,10179.0,0,0,0,1,0,1,0,0,0,0,0,1,1
20343,0033800002Z8shqAAB,0.0,0,0.0,2040.0,0,0,0,1,0,0,0,0,1,0,0,1,0
20346,0033800002Z8t2FAAR,0.0,0,8596.0,1463.0,0,1,0,0,0,0,1,0,0,0,0,1,0
20347,0033800002Z8t3IAAR,0.0,60,597.0,4040.0,0,0,0,0,1,0,1,0,0,0,0,1,1
20348,0033800002Z8t3wAAB,0.0,0,11864.0,729.0,1,0,0,0,0,0,1,0,0,0,0,1,1
20349,0033800002Z8t4LAAR,0.0,0,0.0,1289.0,0,0,0,1,0,0,0,0,1,0,0,1,1
20351,0033800002Z8tgQAAR,0.0,0,0.0,7306.0,0,0,0,1,0,0,1,0,0,0,0,1,1
20352,0033800002Z8tupAAB,0.0,0,2063.0,8050.0,0,1,0,0,0,0,0,0,0,1,0,1,1
20353,0033800002Z8u42AAB,0.0,0,1913.0,2268.0,0,0,0,0,1,0,0,0,1,0,0,1,0
20359,0033800002Z8uRBAAZ,0.0,70,1300.0,2926.0,0,0,0,1,0,0,1,0,0,0,0,1,1
20361,0033800002Z8uUKAAZ,0.0,0,23.0,1483.0,0,0,0,1,0,0,1,0,0,0,0,1,0
20362,0033800002Z8uVDAAZ,0.0,0,996.0,10101.0,0,1,0,0,0,0,1,0,0,0,0,1,0
20363,0033800002Z8uYZAAZ,0.0,0,1879.0,8845.0,0,1,0,0,0,1,0,0,0,0,0,1,0
20364,0033800002Z8uZhAAJ,0.0,50,298.0,2403.0,0,0,0,1,0,1,0,0,0,0,0,1,0
20366,0033800002Z8vOqAAJ,0.0,0,0.0,1826.0,0,0,0,1,0,0,0,0,1,0,0,1,0
20367,0033800002Z8vQXAAZ,0.0,0,0.0,1999.0,0,1,0,0,0,0,1,0,0,0,0,1,1
20368,0033800002Z8vUeAAJ,0.0,0,0.0,2182.0,0,0,0,1,0,0,1,0,0,0,0,1,1
20370,0033800002Z8vamAAB,0.0,0,4630.0,7312.0,0,0,0,1,0,1,0,0,0,0,0,1,1
20376,0033800002Z8xTWAAZ,0.0,0,967.0,7265.0,0,0,0,1,0,0,0,0,1,0,0,1,0
20382,0033800002Z8y88AAB,0.0,0,0.0,3675.0,0,1,0,0,0,0,1,0,0,0,0,1,0
20383,0033800002Z8y9uAAB,0.0,0,332.0,1250.0,0,0,0,1,0,0,1,0,0,0,1,0,1
20384,0033800002Z8yKWAAZ,0.0,0,392.0,2922.0,0,0,0,1,0,0,1,0,0,0,1,0,0
20385,0033800002Z8yM3AAJ,0.0,0,315.0,2930.0,1,0,0,0,0,0,1,0,0,0,1,0,0
20386,0033800002Z8yTvAAJ,0.0,0,0.0,4246.0,0,0,0,1,0,0,1,0,0,0,0,1,0
20387,0033800002Z8yahAAB,0.0,0,0.0,7310.0,0,0,0,1,0,0,1,0,0,0,0,1,0
20388,0033800002Z8ydlAAB,0.0,0,0.0,5135.0,0,1,0,0,0,0,1,0,0,0,0,1,1
20389,0033800002Z8yi2AAB,0.0,0,0.0,5339.0,0,0,0,1,0,0,1,0,0,0,0,1,0
20390,0033800002Z8ylkAAB,0.0,0,87.0,1583.0,0,0,0,1,0,0,0,0,1,0,0,1,1
20391,0033800002Z8ym4AAB,0.0,0,1750.0,2304.0,0,0,0,1,0,0,1,0,0,0,0,1,0
20393,0033800002Z8zDUAAZ,0.0,0,0.0,5850.0,0,1,0,0,0,0,0,0,1,0,0,1,1
20394,0033800002Z8zQnAAJ,0.0,0,476.0,4655.0,0,1,0,0,0,0,1,0,0,0,0,1,1
20395,0033800002Z8zUzAAJ,0.0,0,41.0,7629.0,0,0,0,1,0,0,1,0,0,0,0,1,0
20396,0033800002Z8zitAAB,0.0,0,0.0,1460.0,0,0,0,1,0,0,1,0,0,0,0,1,0
20398,0033800002Z8zwgAAB,0.0,0,0.0,4317.0,1,0,0,0,0,0,0,0,1,0,0,1,1
20400,0033800002Z9059AAB,0.0,0,1265.0,3312.0,0,1,0,0,0,0,0,0,0,1,0,1,0
20401,0033800002Z909aAAB,0.0,0,0.0,7736.0,0,0,0,1,0,0,0,0,0,1,1,0,0
20402,0033800002Z90C5AAJ,0.0,0,0.0,7324.0,0,0,0,1,0,1,0,0,0,0,0,1,1
20404,0033800002Z90E6AAJ,0.0,0,0.0,8016.0,0,0,0,1,0,0,1,0,0,0,0,1,1
20405,0033800002Z90HyAAJ,0.0,0,0.0,2599.0,1,0,0,0,0,0,1,0,0,0,0,1,1
20407,0033800002Z90RtAAJ,0.0,0,0.0,7331.0,0,0,0,1,0,0,0,0,1,0,0,1,1
20408,0033800002Z90TQAAZ,0.0,0,0.0,8985.0,0,1,0,0,0,1,0,0,0,0,0,1,1
20409,0033800002Z90ZdAAJ,0.0,0,0.0,7305.0,0,0,0,1,0,0,1,0,0,0,0,1,1
20410,0033800002Z90cSAAR,0.0,0,0.0,8052.0,0,0,0,1,0,0,1,0,0,0,1,0,0
20411,0033800002Z90lDAAR,0.0,0,0.0,4418.0,0,0,0,1,0,0,1,0,0,0,0,1,1
20413,0033800002Z9160AAB,0.0,0,914.0,5266.0,0,1,0,0,0,0,1,0,0,0,0,1,1
20414,0033800002Z918pAAB,0.0,80,0.0,9075.0,0,0,0,1,0,0,1,0,0,0,1,0,1
20417,0033800002Z91RwAAJ,0.0,0,2066.0,1126.0,0,1,0,0,0,1,0,0,0,0,0,1,1
20420,0033800002Z91SaAAJ,0.0,0,0.0,7304.0,0,0,0,1,0,0,0,0,0,1,0,1,0
20422,0033800002Z91UqAAJ,0.0,0,0.0,2994.0,0,1,0,0,0,0,1,0,0,0,0,1,1
20425,0033800002Z91jSAAR,0.0,0,0.0,5387.0,0,0,0,1,0,0,1,0,0,0,0,1,1
20426,0033800002Z91nFAAR,0.0,0,1213.0,3211.0,0,0,0,1,0,0,0,0,0,1,0,1,1
20428,0033800002Z92LlAAJ,0.0,0,0.0,2492.0,0,0,0,1,0,0,1,0,0,0,0,1,0
20429,0033800002Z92cyAAB,0.0,0,0.0,7190.0,0,0,0,1,0,0,1,0,0,0,0,1,1
20430,0033800002Z92fdAAB,0.0,0,64.0,2609.0,0,0,0,1,0,0,1,0,0,0,1,0,0
20431,0033800002Z9368AAB,0.0,0,0.0,7333.0,0,1,0,0,0,0,0,0,0,1,0,1,1
20432,0033800002Z93LxAAJ,0.0,0,0.0,1826.0,0,0,0,1,0,0,0,0,1,0,1,0,1
20433,0033800002Z93YEAAZ,0.0,0,0.0,1603.0,0,0,0,1,0,0,1,0,0,0,0,1,1
20434,0033800002Z93YFAAZ,0.0,0,0.0,4813.0,0,0,0,1,0,0,1,0,0,0,0,1,0
20437,0033800002Z93YIAAZ,0.0,80,0.0,1394.0,0,0,0,0,1,0,1,0,0,0,0,1,0
20438,0033800002Z93YJAAZ,0.0,0,0.0,3636.0,0,1,0,0,0,0,1,0,0,0,1,0,1
20439,0033800002Z93YKAAZ,0.0,0,0.0,1158.0,0,0,0,1,0,0,1,0,0,0,0,1,1
20441,0033800002Z93YMAAZ,0.0,0,0.0,908.0,0,0,0,1,0,0,1,0,0,0,0,1,0
20443,0033800002Z93YOAAZ,0.0,0,0.0,1519.0,0,0,0,1,0,0,1,0,0,0,0,1,1
20444,0033800002Z93oIAAR,0.0,0,0.0,3060.0,0,0,0,1,0,0,1,0,0,0,0,1,1
20446,0033800002Z94ljAAB,0.0,0,0.0,7305.0,0,0,0,1,0,0,1,0,0,0,0,1,1
20447,0033800002Z94osAAB,0.0,0,26.0,5112.0,0,0,0,1,0,0,0,0,0,1,0,1,0
20452,0033800002Z95LyAAJ,0.0,0,0.0,5634.0,0,1,0,0,0,1,0,0,0,0,0,1,1
20454,0033800002Z95V0AAJ,0.0,70,907.0,8008.0,0,1,0,0,0,0,1,0,0,0,0,1,0
20455,0033800002Z95XzAAJ,0.0,0,0.0,4111.0,0,0,0,1,0,0,1,0,0,0,1,0,0
20456,0033800002Z95YdAAJ,0.0,0,0.0,8731.0,1,0,0,0,0,0,1,0,0,0,0,1,1
20457,0033800002Z95a5AAB,0.0,10,4203.0,2192.0,0,1,0,0,0,1,0,0,0,0,0,1,1
20459,0033800002Z95grAAB,0.0,0,0.0,8864.0,0,0,0,1,0,0,1,0,0,0,0,1,0
20460,0033800002Z95hBAAR,0.0,0,0.0,9377.0,0,1,0,0,0,0,1,0,0,0,0,1,1
20461,0033800002Z95j2AAB,0.0,0,0.0,5447.0,0,0,0,1,0,0,0,0,1,0,0,1,1
20462,0033800002Z95kyAAB,0.0,0,0.0,4991.0,0,0,0,1,0,0,1,0,0,0,1,0,0
20463,0033800002Z95yqAAB,0.0,0,0.0,7413.0,0,0,0,0,1,1,0,0,0,0,0,1,1
20464,0033800002Z95z5AAB,0.0,0,313.0,1911.0,0,0,0,1,0,0,1,0,0,0,0,1,0
20466,0033800002Z967OAAR,0.0,0,0.0,2617.0,0,0,0,1,0,0,1,0,0,0,0,1,1
20467,0033800002Z967PAAR,0.0,0,0.0,1019.0,0,1,0,0,0,0,1,0,0,0,1,0,1
20468,0033800002Z967QAAR,0.0,0,0.0,7305.0,0,0,0,1,0,0,1,0,0,0,0,1,1
20469,0033800002Z967RAAR,0.0,0,0.0,2845.0,0,1,0,0,0,0,1,0,0,0,0,1,1
20471,0033800002Z967TAAR,0.0,0,0.0,4572.0,0,0,0,1,0,0,1,0,0,0,0,1,0
20472,0033800002Z967UAAR,0.0,0,0.0,7847.0,0,1,0,0,0,0,1,0,0,0,0,1,1
20475,0033800002Z96N5AAJ,0.0,40,752.0,4265.0,0,0,0,0,1,1,0,0,0,0,0,1,1
20476,0033800002Z96U6AAJ,0.0,0,0.0,8775.0,0,1,0,0,0,0,1,0,0,0,0,1,1
20477,0033800002Z96UfAAJ,0.0,0,0.0,10111.0,0,1,0,0,0,0,1,0,0,0,0,1,1
20478,0033800002Z96UzAAJ,0.0,0,0.0,8440.0,0,0,0,1,0,1,0,0,0,0,1,0,0
20479,0033800002Z96VYAAZ,0.0,0,0.0,8857.0,0,0,0,1,0,0,1,0,0,0,0,1,0
20483,0033800002Z96wIAAR,0.0,0,0.0,7825.0,0,1,0,0,0,0,1,0,0,0,0,1,0
20485,0033800002Z97H4AAJ,0.0,0,0.0,5301.0,1,0,0,0,0,0,1,0,0,0,0,1,1
20488,0033800002Z97yzAAB,0.0,0,0.0,2924.0,0,0,0,1,0,0,1,0,0,0,0,1,0
20489,0033800002Z97znAAB,0.0,0,0.0,3272.0,0,1,0,0,0,1,0,0,0,0,0,1,0
20490,0033800002Z98MIAAZ,0.0,0,23.0,10979.0,0,0,0,0,1,1,0,0,0,0,0,1,1
20491,0033800002Z98McAAJ,0.0,0,0.0,7319.0,0,1,0,0,0,0,0,0,0,1,0,1,0
20492,0033800002Z991fAAB,0.0,0,0.0,7404.0,0,0,0,1,0,1,0,0,0,0,0,1,0
20494,0033800002Z99ctAAB,0.0,60,207.0,787.0,0,0,0,1,0,0,1,0,0,0,0,1,0
20495,0033800002Z99ezAAB,0.0,90,518.0,7344.0,0,0,0,1,0,1,0,0,0,0,0,1,0
20496,0033800002Z99p8AAB,0.0,0,61.0,989.0,0,0,0,1,0,0,0,0,1,0,0,1,0
20497,0033800002Z99wOAAR,0.0,100,245.0,2521.0,0,1,0,0,0,0,1,0,0,0,0,1,0
20499,0033800002Z9A7gAAF,0.0,0,83.0,9808.0,1,0,0,0,0,0,1,0,0,0,0,1,1
20500,0033800002Z9Ab9AAF,0.0,100,0.0,5688.0,0,0,0,1,0,0,1,0,0,0,0,1,0
20501,0033800002Z9AfVAAV,0.0,60,1542.0,1461.0,0,0,0,1,0,0,0,0,0,1,0,1,0
20504,0033800002Z9CDJAA3,0.0,0,0.0,6576.0,1,0,0,0,0,0,1,0,0,0,0,1,1
20505,0033800002Z9CDsAAN,0.0,0,0.0,1615.0,0,0,0,1,0,0,1,0,0,0,0,1,0
20506,0033800002Z9CEbAAN,0.0,0,0.0,3288.0,0,1,0,0,0,0,1,0,0,0,1,0,0
20507,0033800002Z9CEqAAN,0.0,0,0.0,4908.0,1,0,0,0,0,0,1,0,0,0,0,1,1
20508,0033800002Z9CLSAA3,0.0,0,996.0,2556.0,0,0,0,1,0,0,1,0,0,0,0,1,1
20509,0033800002Z9CM6AAN,0.0,0,0.0,1460.0,0,0,0,1,0,0,0,0,1,0,0,1,1
20511,0033800002Z9DDRAA3,0.0,0,21.0,7334.0,0,0,0,1,0,0,0,0,0,1,0,1,0
20513,0033800002Z9DoOAAV,0.0,0,0.0,1059.0,0,1,0,0,0,0,1,0,0,0,0,1,1
20516,0033800002Z9EHQAA3,0.0,0,6552.0,349.0,0,0,0,1,0,1,0,0,0,0,0,1,1
20517,0033800002Z9EHRAA3,0.0,0,3412.0,1461.0,0,1,0,0,0,0,1,0,0,0,0,1,0
20518,0033800002Z9EHTAA3,0.0,0,0.0,6918.0,1,0,0,0,0,0,1,0,0,0,1,0,1
20519,0033800002Z9EHlAAN,0.0,0,0.0,4464.0,1,0,0,0,0,1,0,0,0,0,0,1,0
20523,0033800002Z9F1dAAF,0.0,0,0.0,3981.0,0,1,0,0,0,0,0,0,1,0,0,1,1
20524,0033800002Z9F93AAF,0.0,0,0.0,2912.0,0,0,0,1,0,0,1,0,0,0,0,1,1
20526,0033800002Z9FAuAAN,0.0,0,0.0,1166.0,1,0,0,0,0,0,1,0,0,0,1,0,1
20528,0033800002Z9FIPAA3,0.0,0,0.0,3636.0,0,1,0,0,0,0,1,0,0,0,1,0,1
20530,0033800002Z9FZpAAN,0.0,10,8635.0,2853.0,0,1,0,0,0,0,0,0,0,1,0,1,1
20531,0033800002Z9FeBAAV,0.0,90,1247.0,9558.0,0,1,0,0,0,0,1,0,0,0,0,1,1
20533,0033800002Z9G1jAAF,0.0,70,3373.0,7325.0,0,0,0,1,0,0,0,0,0,1,0,1,1
20534,0033800002Z9G9iAAF,0.0,0,3308.0,2710.0,0,0,0,0,1,0,1,0,0,0,1,0,1
20537,0033800002Z9H5CAAV,0.0,0,0.0,2639.0,0,0,0,1,0,0,1,0,0,0,1,0,1
20538,0033800002Z9HOdAAN,0.0,70,1085.0,2728.0,0,1,0,0,0,0,1,0,0,0,0,1,1
20540,0033800002Z9HnZAAV,0.0,0,0.0,5113.0,0,0,0,1,0,0,0,0,0,1,0,1,1
20541,0033800002Z9Hq4AAF,0.0,70,0.0,5229.0,1,0,0,0,0,0,1,0,0,0,0,1,1
20542,0033800002Z9Hx4AAF,0.0,0,0.0,2883.0,0,0,0,0,1,0,1,0,0,0,1,0,1
20543,0033800002Z9I6kAAF,0.0,0,0.0,4354.0,0,0,0,1,0,0,1,0,0,0,0,1,0
20544,0033800002Z9IG1AAN,0.0,30,3340.0,7305.0,0,0,0,0,1,1,0,0,0,0,0,1,1
20551,0033800002Z9KWGAA3,0.0,0,21964.0,1461.0,0,0,0,0,1,0,0,0,1,0,0,1,0
20568,0033800002Z9KskAAF,0.0,0,0.0,3535.0,0,0,0,1,0,0,1,0,0,0,0,1,0
20574,0033800002Z9L4MAAV,0.0,20,7976.0,6583.0,0,0,0,0,1,1,0,0,0,0,0,1,1
20577,0033800002Z9LFPAA3,0.0,0,0.0,5782.0,0,1,0,0,0,0,1,0,0,0,0,1,1
20579,0033800002Z9LLSAA3,0.0,90,419.0,2970.0,0,0,0,1,0,0,0,0,1,0,0,1,0
20582,0033800002Z9LNdAAN,0.0,0,0.0,7685.0,0,0,0,1,0,0,1,0,0,0,0,1,0
20585,0033800002Z9LgVAAV,0.0,0,0.0,7334.0,0,0,0,0,1,0,1,0,0,0,0,1,1
20586,0033800002Z9LpDAAV,0.0,0,1620.0,2921.0,0,0,0,1,0,0,0,0,1,0,0,1,1
20591,0033800002Z9MuOAAV,0.0,0,0.0,4207.0,0,0,0,1,0,0,1,0,0,0,0,1,1
20593,0033800002Z9NYiAAN,0.0,0,0.0,882.0,1,0,0,0,0,0,1,0,0,0,0,1,1
20594,0033800002Z9NdOAAV,0.0,0,7184.0,1497.0,0,0,0,1,0,0,0,0,1,0,0,1,1
20595,0033800002Z9NgSAAV,0.0,0,3627.0,2889.0,0,0,0,0,1,0,0,0,0,1,1,0,1
20600,0033800002Z9OK7AAN,0.0,0,0.0,1602.0,0,0,0,1,0,0,1,0,0,0,0,1,1
20604,0033800002Z9OU8AAN,0.0,0,0.0,2287.0,0,0,0,1,0,0,1,0,0,0,0,1,1
20605,0033800002Z9OUHAA3,0.0,0,0.0,1822.0,0,0,0,1,0,0,1,0,0,0,0,1,0
20606,0033800002Z9OZfAAN,0.0,0,0.0,1164.0,0,0,0,1,0,0,1,0,0,0,0,1,1
20607,0033800002Z9OxiAAF,0.0,0,0.0,1460.0,0,0,0,1,0,0,0,0,0,1,1,0,0
20611,0033800002Z9PprAAF,0.0,0,6855.0,2799.0,1,0,0,0,0,0,1,0,0,0,0,1,1
20618,0033800002Z9QhCAAV,0.0,0,0.0,2635.0,0,0,0,1,0,0,0,0,1,0,0,1,1
20619,0033800002Z9Qi5AAF,0.0,0,0.0,2124.0,0,0,0,1,0,0,1,0,0,0,0,1,1
20622,0033800002Z9Qq4AAF,0.0,0,0.0,2020.0,0,0,0,1,0,0,1,0,0,0,1,0,1
20624,0033800002Z9R2AAAV,0.0,80,786.0,2887.0,1,0,0,0,0,1,0,0,0,0,0,1,1
20628,0033800002Z9R8gAAF,0.0,60,1292.0,1704.0,1,0,0,0,0,0,0,0,0,1,0,1,1
20629,0033800002Z9RDLAA3,0.0,0,0.0,6292.0,0,1,0,0,0,0,1,0,0,0,0,1,1
20634,0033800002Z9SSWAA3,0.0,0,0.0,12533.0,0,1,0,0,0,0,1,0,0,0,0,1,1
20635,0033800002Z9SVZAA3,0.0,0,0.0,1096.0,1,0,0,0,0,1,0,0,0,0,0,1,1
20637,0033800002Z9SegAAF,0.0,0,0.0,5154.0,0,0,0,1,0,0,1,0,0,0,0,1,1
20640,0033800002Z9SejAAF,0.0,0,3799.0,1461.0,0,0,0,1,0,0,0,0,1,0,0,1,1
20645,0033800002Z9SjOAAV,0.0,100,418.0,10694.0,0,0,0,0,1,0,1,0,0,0,0,1,1
20646,0033800002Z9SjPAAV,0.0,0,0.0,2940.0,0,1,0,0,0,0,1,0,0,0,0,1,1
20648,0033800002Z9SjRAAV,0.0,0,0.0,15463.0,0,1,0,0,0,0,1,0,0,0,0,1,1
20649,0033800002Z9SjSAAV,0.0,0,0.0,1297.0,1,0,0,0,0,0,1,0,0,0,0,1,1
20650,0033800002Z9SjTAAV,0.0,0,0.0,1297.0,1,0,0,0,0,0,1,0,0,0,0,1,1
20652,0033800002Z9SjVAAV,0.0,50,1722.0,1741.0,1,0,0,0,0,0,1,0,0,0,1,0,1
20653,0033800002Z9SjWAAV,0.0,30,206.0,7243.0,0,0,0,1,0,0,1,0,0,0,0,1,1
20654,0033800002Z9SjXAAV,0.0,0,512.0,8126.0,0,0,0,1,0,0,0,0,1,0,0,1,1
20655,0033800002Z9SjYAAV,0.0,0,0.0,2021.0,0,0,0,1,0,0,1,0,0,0,0,1,0
20657,0033800002Z9SjaAAF,0.0,0,0.0,8910.0,0,1,0,0,0,0,1,0,0,0,0,1,1
20658,0033800002Z9SjbAAF,0.0,0,18.0,2739.0,0,0,0,1,0,1,0,0,0,0,0,1,1
20660,0033800002Z9SjdAAF,0.0,70,216.0,5472.0,0,0,0,1,0,1,0,0,0,0,0,1,1
20662,0033800002Z9SjfAAF,0.0,70,0.0,2156.0,0,0,0,1,0,0,1,0,0,0,1,0,1
20663,0033800002Z9SjgAAF,0.0,0,0.0,8139.0,1,0,0,0,0,0,1,0,0,0,0,1,1
20664,0033800002Z9SjhAAF,0.0,20,6088.0,7336.0,0,0,0,0,1,1,0,0,0,0,0,1,1
20665,0033800002Z9SjiAAF,0.0,50,0.0,3565.0,1,0,0,0,0,0,1,0,0,0,0,1,0
20666,0033800002Z9SjjAAF,0.0,30,509.0,11809.0,0,0,1,0,0,1,0,0,0,0,0,1,1
20667,0033800002Z9SjkAAF,0.0,0,0.0,1607.0,0,1,0,0,0,0,1,0,0,0,1,0,1
20668,0033800002Z9SjlAAF,0.0,0,0.0,3145.0,0,0,0,1,0,0,1,0,0,0,0,1,1
20669,0033800002Z9SjmAAF,0.0,0,0.0,10833.0,1,0,0,0,0,0,1,0,0,0,0,1,1
20670,0033800002Z9SjnAAF,0.0,0,0.0,1519.0,0,0,0,1,0,0,1,0,0,0,0,1,1
20671,0033800002Z9SjoAAF,0.0,100,0.0,12571.0,0,0,0,0,1,0,1,0,0,0,1,0,0
20672,0033800002Z9SjpAAF,0.0,0,0.0,7700.0,1,0,0,0,0,0,1,0,0,0,0,1,1
20673,0033800002Z9SjqAAF,0.0,0,496.0,5279.0,1,0,0,0,0,0,0,0,1,0,0,1,1
20674,0033800002Z9SjrAAF,0.0,90,448.0,4566.0,0,0,0,1,0,0,1,0,0,0,0,1,1
20676,0033800002Z9SjtAAF,0.0,0,300.0,5446.0,0,1,0,0,0,0,1,0,0,0,0,1,1
20677,0033800002Z9SjuAAF,0.0,0,0.0,1614.0,0,0,0,1,0,0,1,0,0,0,1,0,1
20679,0033800002Z9SjwAAF,0.0,90,3270.0,5797.0,0,0,0,1,0,0,1,0,0,0,1,0,0
20681,0033800002Z9SjyAAF,0.0,70,878.0,3344.0,0,1,0,0,0,1,0,0,0,0,1,0,1
20682,0033800002Z9SjzAAF,0.0,0,0.0,2675.0,0,0,0,1,0,0,1,0,0,0,0,1,1
20683,0033800002Z9Sk0AAF,0.0,0,63.0,7426.0,0,1,0,0,0,0,1,0,0,0,0,1,1
20684,0033800002Z9Sk1AAF,0.0,0,0.0,2680.0,1,0,0,0,0,0,1,0,0,0,0,1,1
20687,0033800002Z9Sk4AAF,0.0,0,1821.0,2707.0,0,0,0,1,0,0,1,0,0,0,0,1,1
20688,0033800002Z9Sk5AAF,0.0,100,478.0,2191.0,0,1,0,0,0,0,1,0,0,0,1,0,1
20689,0033800002Z9Sk6AAF,0.0,0,0.0,6086.0,1,0,0,0,0,0,1,0,0,0,0,1,1
20690,0033800002Z9Sk7AAF,0.0,50,4745.0,5075.0,0,0,0,1,0,0,1,0,0,0,0,1,1
20691,0033800002Z9Sk8AAF,0.0,0,0.0,7334.0,0,0,0,1,0,0,1,0,0,0,0,1,1
20692,0033800002Z9Sk9AAF,0.0,0,0.0,3527.0,0,0,0,1,0,0,1,0,0,0,0,1,1
20693,0033800002Z9SkAAAV,0.0,30,5838.0,2569.0,0,0,0,0,1,0,1,0,0,0,1,0,1
20694,0033800002Z9SkBAAV,0.0,0,217.0,728.0,0,0,0,1,0,0,1,0,0,0,0,1,0
20695,0033800002Z9SkCAAV,0.0,10,10889.0,2160.0,0,1,0,0,0,0,1,0,0,0,0,1,1
20696,0033800002Z9SkEAAV,0.0,0,267.0,4121.0,1,0,0,0,0,1,0,0,0,0,0,1,0
20697,0033800002Z9SkFAAV,0.0,0,0.0,4565.0,0,0,0,1,0,0,1,0,0,0,0,1,0
20698,0033800002Z9SkGAAV,0.0,0,0.0,2938.0,0,0,0,1,0,0,1,0,0,0,0,1,1
20699,0033800002Z9SkHAAV,0.0,0,0.0,3890.0,0,0,0,1,0,0,1,0,0,0,0,1,1
20700,0033800002Z9SkIAAV,0.0,90,1668.0,9039.0,0,1,0,0,0,0,1,0,0,0,1,0,1
20701,0033800002Z9SkJAAV,0.0,0,0.0,5114.0,0,0,0,1,0,0,1,0,0,0,0,1,1
20702,0033800002Z9SkKAAV,0.0,30,3036.0,7819.0,0,0,0,0,1,0,0,0,1,0,0,1,1
20707,0033800002Z9SmMAAV,0.0,0,0.0,7244.0,0,0,0,1,0,0,1,0,0,0,1,0,0
20710,0033800002Z9SmQAAV,0.0,0,0.0,1220.0,0,0,0,1,0,0,1,0,0,0,0,1,1
20711,0033800002Z9SmRAAV,0.0,0,0.0,6036.0,0,0,0,1,0,0,1,0,0,0,0,1,1
20712,0033800002Z9SmSAAV,0.0,0,0.0,1202.0,1,0,0,0,0,0,1,0,0,0,0,1,1
20713,0033800002Z9SmUAAV,0.0,0,0.0,613.0,0,0,0,1,0,0,1,0,0,0,0,1,1
20714,0033800002Z9SmVAAV,0.0,0,0.0,1518.0,0,0,0,1,0,0,0,0,1,0,0,1,1
20715,0033800002Z9SmWAAV,0.0,0,0.0,1779.0,0,0,0,1,0,0,0,0,1,0,0,1,1
20716,0033800002Z9SmXAAV,0.0,0,0.0,1791.0,0,0,0,1,0,0,0,0,1,0,0,1,1
20717,0033800002Z9SmYAAV,0.0,0,0.0,1796.0,0,0,0,1,0,0,0,0,1,0,1,0,1
20718,0033800002Z9SmZAAV,0.0,0,0.0,10288.0,0,0,0,1,0,0,0,0,1,0,0,1,1
20719,0033800002Z9SmaAAF,0.0,0,0.0,3319.0,0,0,0,1,0,0,0,0,1,0,0,1,1
20723,0033800002Z9SmeAAF,0.0,0,0.0,1827.0,0,0,0,1,0,0,0,0,1,0,0,1,1
20724,0033800002Z9SmfAAF,0.0,0,0.0,7305.0,0,0,0,1,0,0,0,0,1,0,0,1,1
20726,0033800002Z9SnZAAV,0.0,50,296.0,4120.0,0,0,0,1,0,0,1,0,0,0,0,1,1
20732,0033800002Z9SrkAAF,0.0,0,614.0,3400.0,0,0,0,1,0,0,1,0,0,0,0,1,0
20736,0033800002Z9SroAAF,0.0,0,843.0,3167.0,0,1,0,0,0,0,1,0,0,0,1,0,1
20740,0033800002Z9SrsAAF,0.0,0,50.0,6574.0,0,0,0,0,1,0,1,0,0,0,0,1,0
20741,0033800002Z9SruAAF,0.0,0,0.0,1461.0,0,0,0,1,0,0,1,0,0,0,0,1,1
20743,0033800002Z9SrwAAF,0.0,0,0.0,2622.0,0,0,0,1,0,0,1,0,0,0,0,1,0
20749,0033800002Z9TLFAA3,0.0,0,0.0,1518.0,0,1,0,0,0,0,0,0,0,1,0,1,1
20750,0033800002Z9TLjAAN,0.0,0,0.0,6935.0,0,0,0,1,0,0,0,0,1,0,0,1,1
20751,0033800002Z9TO4AAN,0.0,0,31.0,7592.0,0,0,0,1,0,0,1,0,0,0,0,1,1
20752,0033800002Z9TTTAA3,0.0,0,317.0,2750.0,0,1,0,0,0,0,1,0,0,0,0,1,0
20758,0033800002Z9UANAA3,0.0,0,0.0,10986.0,0,1,0,0,0,0,0,0,0,1,0,1,1
20761,0033800002Z9UJFAA3,0.0,50,1518.0,3964.0,0,0,0,0,1,0,1,0,0,0,0,1,0
20762,0033800002Z9UL7AAN,0.0,0,0.0,2765.0,0,0,0,0,1,0,1,0,0,0,0,1,1
20763,0033800002Z9ULMAA3,0.0,0,120.0,8846.0,0,0,0,0,1,1,0,0,0,0,1,0,1
20764,0033800002Z9UOGAA3,0.0,0,0.0,2178.0,0,1,0,0,0,0,0,0,0,1,0,1,1
20765,0033800002Z9UyoAAF,0.0,0,886.0,2945.0,0,0,0,1,0,1,0,0,0,0,0,1,1
20768,0033800002Z9VD5AAN,0.0,0,806.0,3633.0,0,0,0,1,0,0,0,0,0,1,0,1,0
20769,0033800002Z9VEDAA3,0.0,0,0.0,3697.0,0,0,0,0,1,1,0,0,0,0,1,0,0
20770,0033800002Z9VHbAAN,0.0,0,0.0,6513.0,1,0,0,0,0,0,1,0,0,0,0,1,1
20772,0033800002Z9VOXAA3,0.0,0,0.0,7305.0,1,0,0,0,0,1,0,0,0,0,1,0,1
20773,0033800002Z9VVJAA3,0.0,0,169.0,2404.0,0,0,0,1,0,0,1,0,0,0,0,1,0
20774,0033800002Z9VadAAF,0.0,10,1715.0,1028.0,0,1,0,0,0,0,0,0,1,0,0,1,1
20776,0033800002Z9ViSAAV,0.0,0,0.0,2922.0,0,0,0,1,0,1,0,0,0,0,0,1,1
20777,0033800002Z9VncAAF,0.0,0,0.0,10195.0,0,1,0,0,0,0,1,0,0,0,1,0,0
20780,0033800002Z9VyuAAF,0.0,0,0.0,7621.0,0,1,0,0,0,0,0,0,1,0,0,1,0
20784,0033800002Z9WQjAAN,0.0,0,0.0,7329.0,0,0,0,1,0,0,1,0,0,0,0,1,1
20785,0033800002Z9WRDAA3,0.0,40,1881.0,3013.0,0,1,0,0,0,0,0,0,1,0,0,1,0
20789,0033800002Z9Wj7AAF,0.0,0,0.0,7727.0,0,1,0,0,0,0,0,0,0,1,0,1,1
20790,0033800002Z9WmfAAF,0.0,0,0.0,1891.0,1,0,0,0,0,0,1,0,0,0,0,1,1
20791,0033800002Z9X8WAAV,0.0,0,0.0,8128.0,1,0,0,0,0,0,1,0,0,0,1,0,0
20793,0033800002Z9XNCAA3,0.0,0,0.0,8914.0,0,1,0,0,0,0,1,0,0,0,0,1,1
20795,0033800002Z9XkNAAV,0.0,0,0.0,5966.0,0,0,0,0,1,0,1,0,0,0,1,0,1
20796,0033800002Z9XmOAAV,0.0,0,0.0,2055.0,0,1,0,0,0,0,1,0,0,0,1,0,1
20799,0033800002Z9Xs7AAF,0.0,0,0.0,7407.0,0,1,0,0,0,0,0,0,0,1,0,1,1
20803,0033800002Z9Y48AAF,0.0,0,4884.0,2745.0,0,1,0,0,0,1,0,0,0,0,0,1,1
20805,0033800002Z9YAuAAN,0.0,0,0.0,3145.0,0,0,0,1,0,0,1,0,0,0,0,1,1
20807,0033800002Z9YktAAF,0.0,0,0.0,7318.0,0,0,0,0,1,1,0,0,0,0,0,1,1
20811,0033800002Z9a2VAAR,0.0,0,0.0,7310.0,1,0,0,0,0,1,0,0,0,0,0,1,1
20812,0033800002Z9a8sAAB,0.0,0,0.0,9187.0,0,1,0,0,0,0,1,0,0,0,0,1,1
20813,0033800002Z9aJlAAJ,0.0,0,0.0,7819.0,1,0,0,0,0,0,0,1,0,0,0,1,0
20814,0033800002Z9aK0AAJ,0.0,0,0.0,1236.0,0,0,0,1,0,0,1,0,0,0,0,1,0
20815,0033800002Z9aLiAAJ,0.0,0,0.0,7322.0,0,0,0,1,0,0,1,0,0,0,0,1,1
20816,0033800002Z9aMkAAJ,0.0,0,754.0,2950.0,0,0,0,1,0,1,0,0,0,0,0,1,0
20817,0033800002Z9aXnAAJ,0.0,0,0.0,9523.0,1,0,0,0,0,0,0,0,0,1,0,1,0
20818,0033800002Z9aZeAAJ,0.0,0,0.0,8632.0,0,0,0,1,0,0,0,0,1,0,0,1,0
20820,0033800002Z9apmAAB,0.0,0,0.0,7121.0,0,0,0,0,1,0,1,0,0,0,0,1,0
20824,0033800002Z9bAuAAJ,0.0,0,143.0,1461.0,1,0,0,0,0,0,0,0,1,0,0,1,0
20829,0033800002Z9bbgAAB,0.0,30,60.0,8978.0,0,0,0,1,0,0,1,0,0,0,0,1,1
20831,0033800002Z9blgAAB,0.0,0,0.0,9192.0,1,0,0,0,0,0,1,0,0,0,0,1,1
20832,0033800002Z9bmAAAR,0.0,0,0.0,7334.0,1,0,0,0,0,0,1,0,0,0,0,1,1
20833,0033800002Z9bnrAAB,0.0,0,0.0,7349.0,0,1,0,0,0,0,1,0,0,0,0,1,0
20834,0033800002Z9bolAAB,0.0,0,0.0,1525.0,0,0,0,1,0,0,1,0,0,0,0,1,1
20835,0033800002Z9btIAAR,0.0,90,0.0,2683.0,0,0,0,1,0,0,1,0,0,0,0,1,1
20836,0033800002Z9by6AAB,0.0,0,0.0,7315.0,1,0,0,0,0,0,0,0,0,1,1,0,0
20837,0033800002Z9c4iAAB,0.0,0,0.0,5015.0,0,0,0,1,0,0,0,0,0,1,0,1,0
20839,0033800002Z9cGaAAJ,0.0,0,0.0,8601.0,0,0,0,0,1,0,1,0,0,0,0,1,1
20841,0033800002Z9cIvAAJ,0.0,0,0.0,6996.0,0,1,0,0,0,0,1,0,0,0,0,1,0
20842,0033800002Z9cIwAAJ,0.0,0,0.0,1309.0,0,0,0,1,0,0,1,0,0,0,1,0,1
20844,0033800002Z9cIyAAJ,0.0,0,0.0,1256.0,0,0,0,1,0,0,1,0,0,0,0,1,1
20845,0033800002Z9cIzAAJ,0.0,0,0.0,8781.0,0,1,0,0,0,0,1,0,0,0,1,0,0
20846,0033800002Z9cJ0AAJ,0.0,0,0.0,7312.0,1,0,0,0,0,0,1,0,0,0,0,1,1
20847,0033800002Z9cJ1AAJ,0.0,0,0.0,5952.0,1,0,0,0,0,0,1,0,0,0,1,0,1
20848,0033800002Z9cJ2AAJ,0.0,0,0.0,8440.0,0,1,0,0,0,0,1,0,0,0,1,0,1
20853,0033800002Z9cJ7AAJ,0.0,0,0.0,7349.0,0,0,0,0,1,0,1,0,0,0,0,1,0
20854,0033800002Z9cJ8AAJ,0.0,0,0.0,7434.0,0,0,0,1,0,0,1,0,0,0,0,1,1
20856,0033800002Z9cJAAAZ,0.0,0,904.0,8261.0,0,1,0,0,0,0,0,0,1,0,0,1,1
20858,0033800002Z9cOgAAJ,0.0,0,0.0,8854.0,0,0,0,1,0,0,1,0,0,0,0,1,1
20862,0033800002Z9cXsAAJ,0.0,0,1097.0,8177.0,0,1,0,0,0,0,1,0,0,0,0,1,0
20864,0033800002Z9ccFAAR,0.0,0,0.0,9137.0,0,0,0,1,0,0,1,0,0,0,0,1,1
20865,0033800002Z9cfDAAR,0.0,0,0.0,2175.0,0,0,0,1,0,0,0,0,0,1,0,1,1
20866,0033800002Z9cmdAAB,0.0,0,3871.0,8215.0,0,0,0,0,1,1,0,0,0,0,0,1,1
20868,0033800002Z9cqBAAR,0.0,0,0.0,5325.0,1,0,0,0,0,0,1,0,0,0,0,1,1
20869,0033800002Z9crJAAR,0.0,0,0.0,9616.0,0,0,0,1,0,0,1,0,0,0,0,1,0
20872,0033800002Z9d5zAAB,0.0,0,0.0,2274.0,0,0,0,1,0,0,1,0,0,0,1,0,0
20874,0033800002Z9d93AAB,0.0,0,0.0,9817.0,1,0,0,0,0,0,1,0,0,0,0,1,0
20875,0033800002Z9dAfAAJ,0.0,0,0.0,7556.0,0,1,0,0,0,1,0,0,0,0,0,1,0
20876,0033800002Z9dAzAAJ,0.0,0,3535.0,2714.0,0,1,0,0,0,1,0,0,0,0,1,0,1
20878,0033800002Z9dWRAAZ,0.0,0,0.0,1461.0,0,0,0,1,0,0,1,0,0,0,0,1,0
20879,0033800002Z9dXAAAZ,0.0,0,0.0,10222.0,0,1,0,0,0,0,1,0,0,0,0,1,0
20880,0033800002Z9dXKAAZ,0.0,0,0.0,2129.0,1,0,0,0,0,0,0,0,1,0,0,1,0
20881,0033800002Z9dl7AAB,0.0,0,0.0,3879.0,0,0,0,1,0,0,1,0,0,0,0,1,0
20882,0033800002Z9glKAAR,0.0,50,1372.0,3573.0,0,0,0,1,0,0,0,0,0,1,0,1,1
20885,0033800002Z9h8hAAB,0.0,0,0.0,2191.0,1,0,0,0,0,1,0,0,0,0,0,1,1
20886,0033800002Z9hBHAAZ,0.0,0,0.0,3498.0,0,0,0,1,0,0,1,0,0,0,1,0,0
20890,0033800002Z9hOVAAZ,0.0,0,0.0,7309.0,0,0,0,1,0,0,0,0,0,1,0,1,1
20891,0033800002Z9hQRAAZ,0.0,0,2465.0,1460.0,1,0,0,0,0,1,0,0,0,0,1,0,1
20892,0033800002Z9hTpAAJ,0.0,10,17135.0,1308.0,0,0,0,1,0,1,0,0,0,0,0,1,0
20893,0033800002Z9hecAAB,0.0,0,0.0,1434.0,0,1,0,0,0,0,0,0,1,0,0,1,1
20894,0033800002Z9hfGAAR,0.0,0,0.0,7219.0,0,0,0,1,0,0,1,0,0,0,0,1,1
20897,0033800002Z9iMlAAJ,0.0,0,0.0,8526.0,0,0,0,1,0,0,1,0,0,0,0,1,1
20901,0033800002Z9igSAAR,0.0,0,0.0,7301.0,0,0,0,1,0,0,0,0,0,1,0,1,0
20908,0033800002Z9igZAAR,0.0,0,0.0,9983.0,0,0,0,0,1,0,0,0,0,1,0,1,0
20909,0033800002Z9igaAAB,0.0,0,0.0,9293.0,0,0,0,0,1,0,0,0,0,1,0,1,1
20911,0033800002Z9igeAAB,0.0,0,0.0,10888.0,0,0,0,0,1,0,0,0,0,1,0,1,0
20915,0033800002Z9igiAAB,0.0,0,0.0,2191.0,0,0,0,1,0,0,0,0,0,1,0,1,0
20917,0033800002Z9igkAAB,0.0,0,0.0,7344.0,0,0,0,0,1,0,0,0,0,1,0,1,1
20918,0033800002Z9iglAAB,0.0,0,0.0,8159.0,0,0,0,1,0,0,1,0,0,0,0,1,1
20921,0033800002Z9ioOAAR,0.0,0,0.0,5355.0,0,1,0,0,0,0,0,0,0,1,0,1,0
20923,0033800002Z9j8LAAR,0.0,0,0.0,1247.0,0,0,0,1,0,0,1,0,0,0,0,1,1
20924,0033800002Z9jGbAAJ,0.0,0,0.0,7332.0,1,0,0,0,0,0,0,0,0,1,1,0,1
20926,0033800002Z9jMKAAZ,0.0,0,0.0,7765.0,0,0,0,1,0,0,1,0,0,0,0,1,1
20932,0033800002Z9k5UAAR,0.0,10,3648.0,1462.0,1,0,0,0,0,0,1,0,0,0,0,1,1
20933,0033800002Z9k8YAAR,0.0,70,2403.0,8627.0,1,0,0,0,0,0,1,0,0,0,0,1,1
20935,0033800002Z9kGWAAZ,0.0,0,609.0,2031.0,0,0,0,1,0,0,0,0,1,0,0,1,0
20936,0033800002Z9kGbAAJ,0.0,0,0.0,9540.0,0,1,0,0,0,0,0,0,0,1,0,1,1
20938,0033800002Z9kMAAAZ,0.0,0,0.0,4827.0,0,0,0,0,1,0,1,0,0,0,0,1,1
20939,0033800002Z9kQCAAZ,0.0,0,0.0,3596.0,0,0,0,1,0,0,1,0,0,0,1,0,0
20941,0033800002Z9kW0AAJ,0.0,0,0.0,7317.0,0,1,0,0,0,0,1,0,0,0,0,1,1
20942,0033800002Z9kW1AAJ,0.0,0,0.0,9191.0,0,1,0,0,0,0,1,0,0,0,0,1,0
20943,0033800002Z9kW2AAJ,0.0,0,0.0,3650.0,0,1,0,0,0,0,1,0,0,0,1,0,1
20944,0033800002Z9kW3AAJ,0.0,0,0.0,14670.0,0,0,0,0,1,0,1,0,0,0,0,1,1
20945,0033800002Z9kW4AAJ,0.0,0,0.0,8385.0,1,0,0,0,0,0,1,0,0,0,0,1,1
20947,0033800002Z9kW6AAJ,0.0,0,0.0,7317.0,0,0,0,0,1,1,0,0,0,0,0,1,1
20949,0033800002Z9kW9AAJ,0.0,0,0.0,8997.0,0,0,0,0,1,0,1,0,0,0,0,1,1
20950,0033800002Z9kWAAAZ,0.0,0,0.0,1896.0,0,0,0,0,1,0,1,0,0,0,0,1,1
20952,0033800002Z9kWCAAZ,0.0,0,0.0,8749.0,0,1,0,0,0,1,0,0,0,0,0,1,1
20953,0033800002Z9kWDAAZ,0.0,0,0.0,8093.0,1,0,0,0,0,1,0,0,0,0,0,1,1
20954,0033800002Z9kWEAAZ,0.0,30,0.0,3563.0,0,1,0,0,0,0,1,0,0,0,1,0,0
20955,0033800002Z9kWFAAZ,0.0,0,0.0,7307.0,0,0,0,0,1,0,0,0,0,1,0,1,1
20957,0033800002Z9kWHAAZ,0.0,0,0.0,8506.0,0,0,0,1,0,0,1,0,0,0,0,1,1
20958,0033800002Z9kWIAAZ,0.0,0,0.0,6663.0,0,0,0,0,1,0,1,0,0,0,0,1,0
20959,0033800002Z9kWJAAZ,0.0,0,0.0,4565.0,0,1,0,0,0,0,0,0,0,1,1,0,1
20960,0033800002Z9kWKAAZ,0.0,0,0.0,9857.0,0,0,0,0,1,0,1,0,0,0,0,1,0
20961,0033800002Z9kWLAAZ,0.0,0,0.0,3877.0,0,0,0,0,1,0,0,0,0,1,0,1,1
20962,0033800002Z9kXAAAZ,0.0,0,0.0,2477.0,0,1,0,0,0,0,0,0,0,1,0,1,1
20966,0033800002Z9kmoAAB,0.0,0,0.0,11701.0,0,0,0,0,1,0,1,0,0,0,1,0,0
20968,0033800002Z9kroAAB,0.0,30,3270.0,2152.0,0,1,0,0,0,0,1,0,0,0,0,1,1
20969,0033800002Z9kwAAAR,0.0,0,0.0,1576.0,0,0,0,1,0,0,1,0,0,0,0,1,0
20970,0033800002Z9kwKAAR,0.0,0,2220.0,2557.0,0,0,0,1,0,0,1,0,0,0,0,1,1
20971,0033800002Z9lEJAAZ,0.0,0,0.0,8063.0,0,0,0,1,0,0,1,0,0,0,0,1,1
20974,0033800002Z9lLUAAZ,0.0,0,7778.0,4081.0,0,1,0,0,0,0,0,0,0,1,0,1,0
20975,0033800002Z9lLtAAJ,0.0,0,2130.0,1576.0,0,0,0,1,0,0,1,0,0,0,0,1,0
20976,0033800002Z9lUSAAZ,0.0,0,0.0,3671.0,0,0,0,1,0,0,0,0,1,0,0,1,0
20977,0033800002Z9lZwAAJ,0.0,0,0.0,1460.0,0,0,0,1,0,0,1,0,0,0,0,1,1
20978,0033800002Z9lbnAAB,0.0,0,0.0,7481.0,0,0,0,1,0,0,1,0,0,0,0,1,1
20979,0033800002Z9lldAAB,0.0,0,0.0,7323.0,0,0,0,1,0,0,1,0,0,0,0,1,0
20980,0033800002Z9llsAAB,0.0,0,0.0,2365.0,1,0,0,0,0,0,1,0,0,0,1,0,0
20981,0033800002Z9lnjAAB,0.0,0,0.0,1398.0,0,1,0,0,0,0,1,0,0,0,0,1,1
20982,0033800002Z9lu7AAB,0.0,60,3732.0,1371.0,0,0,0,1,0,0,0,0,0,1,0,1,1
20983,0033800002Z9lvAAAR,0.0,0,0.0,2557.0,0,0,0,1,0,1,0,0,0,0,1,0,1
20984,0033800002Z9lxQAAR,0.0,0,0.0,1262.0,0,0,0,1,0,0,1,0,0,0,1,0,0
20985,0033800002Z9mEgAAJ,0.0,20,1955.0,5113.0,0,0,0,1,0,0,0,0,0,1,0,1,1
20986,0033800002Z9mFAAAZ,0.0,80,1156.0,7307.0,0,1,0,0,0,0,1,0,0,0,0,1,1
20987,0033800002Z9mJvAAJ,0.0,0,0.0,4257.0,0,1,0,0,0,0,1,0,0,0,0,1,0
20988,0033800002Z9mQ8AAJ,0.0,10,2748.0,2558.0,0,1,0,0,0,0,1,0,0,0,0,1,1
20989,0033800002Z9ms7AAB,0.0,0,0.0,7320.0,0,1,0,0,0,0,1,0,0,0,1,0,0
20990,0033800002Z9mt0AAB,0.0,0,0.0,571.0,0,1,0,0,0,0,1,0,0,0,0,1,1
20991,0033800002Z9mytAAB,0.0,0,0.0,5649.0,0,0,0,0,1,0,1,0,0,0,0,1,0
20992,0033800002Z9n3jAAB,0.0,0,0.0,2205.0,0,0,0,1,0,1,0,0,0,0,0,1,1
20993,0033800002Z9n6sAAB,0.0,0,0.0,2921.0,0,0,0,1,0,1,0,0,0,0,0,1,0
20996,0033800002Z9nCWAAZ,0.0,60,3926.0,1572.0,0,0,0,1,0,0,1,0,0,0,0,1,1
20998,0033800002Z9nGOAAZ,0.0,0,0.0,2191.0,1,0,0,0,0,1,0,0,0,0,0,1,1
20999,0033800002Z9nJhAAJ,0.0,0,0.0,6755.0,1,0,0,0,0,0,1,0,0,0,0,1,0
21000,0033800002Z9nLYAAZ,0.0,0,0.0,2566.0,1,0,0,0,0,0,1,0,0,0,0,1,1
21003,0033800002Z9nZiAAJ,0.0,100,1096.0,7324.0,0,0,0,1,0,0,1,0,0,0,0,1,1
21007,0033800002Z9oTtAAJ,0.0,10,1124.0,7408.0,0,0,0,0,1,0,0,0,0,1,0,1,0
21014,0033800002Z9oV2AAJ,0.0,0,1.0,7579.0,0,0,0,1,0,0,0,0,1,0,0,1,1
21017,0033800002Z9oV5AAJ,0.0,0,0.0,1461.0,0,0,0,1,0,0,0,0,1,0,0,1,0
21019,0033800002Z9oV7AAJ,0.0,0,0.0,1461.0,0,0,0,1,0,0,0,0,1,0,0,1,0
21022,0033800002Z9oVAAAZ,0.0,100,0.0,4220.0,1,0,0,0,0,0,0,0,1,0,1,0,0
21023,0033800002Z9oVBAAZ,0.0,0,0.0,7325.0,0,0,0,1,0,0,0,0,1,0,0,1,0
21024,0033800002Z9oVCAAZ,0.0,0,0.0,3638.0,0,1,0,0,0,0,0,0,1,0,0,1,0
21025,0033800002Z9oVDAAZ,0.0,0,0.0,1826.0,1,0,0,0,0,0,0,0,1,0,0,1,1
21026,0033800002Z9oVEAAZ,0.0,0,2346.0,2825.0,0,1,0,0,0,0,0,0,1,0,1,0,0
21027,0033800002Z9oVFAAZ,0.0,0,0.0,7307.0,0,0,0,1,0,0,0,0,1,0,0,1,0
21029,0033800002Z9oVHAAZ,0.0,0,0.0,1334.0,0,0,0,1,0,0,0,0,1,0,0,1,0
21030,0033800002Z9oVIAAZ,0.0,0,0.0,4436.0,0,0,0,1,0,0,0,0,1,0,0,1,0
21033,0033800002Z9oZrAAJ,0.0,0,121.0,7577.0,1,0,0,0,0,0,1,0,0,0,0,1,0
21035,0033800002Z9ohRAAR,0.0,90,1309.0,7897.0,0,1,0,0,0,0,0,0,1,0,0,1,1
21036,0033800002Z9oj8AAB,0.0,0,6858.0,7283.0,0,0,0,0,1,0,1,0,0,0,0,1,1
21040,0033800002Z9p5YAAR,0.0,0,0.0,1115.0,0,0,0,1,0,0,1,0,0,0,0,1,1
21044,0033800002Z9pKYAAZ,0.0,0,0.0,7335.0,0,1,0,0,0,1,0,0,0,0,1,0,0
21047,0033800002Z9pXhAAJ,0.0,0,0.0,6728.0,0,1,0,0,0,0,1,0,0,0,0,1,1
21050,0033800002Z9pgvAAB,0.0,0,0.0,4946.0,0,1,0,0,0,0,1,0,0,0,0,1,1
21053,0033800002Z9ptQAAR,0.0,0,10188.0,3631.0,0,0,0,0,1,1,0,0,0,0,0,1,1
21056,0033800002Z9qMXAAZ,0.0,0,574.0,5997.0,0,0,0,0,1,0,1,0,0,0,0,1,1
21060,0033800002Z9qnEAAR,0.0,0,0.0,1100.0,0,0,0,1,0,0,1,0,0,0,0,1,1
21065,0033800002Z9rNpAAJ,0.0,0,8460.0,998.0,0,0,0,1,0,0,1,0,0,0,0,1,0
21066,0033800002Z9rVZAAZ,0.0,0,0.0,7951.0,0,0,0,0,1,0,1,0,0,0,1,0,0
21068,0033800002Z9ruAAAR,0.0,0,0.0,7426.0,1,0,0,0,0,0,1,0,0,0,0,1,1
21069,0033800002Z9sBQAAZ,0.0,0,0.0,8072.0,0,0,0,0,1,0,0,0,0,1,0,1,1
21070,0033800002Z9sGzAAJ,0.0,0,0.0,1242.0,0,0,0,1,0,0,1,0,0,0,1,0,1
21072,0033800002Z9sdZAAR,0.0,0,0.0,12070.0,0,0,0,0,1,0,1,0,0,0,0,1,0
21074,0033800002Z9slAAAR,0.0,0,0.0,6297.0,0,1,0,0,0,0,1,0,0,0,1,0,0
21080,0033800002Z9t8dAAB,0.0,0,0.0,3894.0,0,1,0,0,0,1,0,0,0,0,0,1,1
21085,0033800002Z9tJlAAJ,0.0,90,424.0,9523.0,0,1,0,0,0,1,0,0,0,0,0,1,1
21087,0033800002Z9tOZAAZ,0.0,0,0.0,8936.0,0,0,0,0,1,0,1,0,0,0,0,1,1
21091,0033800002Z9thCAAR,0.0,30,98.0,7318.0,0,1,0,0,0,1,0,0,0,0,1,0,1
21092,0033800002Z9tunAAB,0.0,0,0.0,7732.0,0,0,0,1,0,0,1,0,0,0,0,1,1
21094,0033800002Z9uZBAAZ,0.0,0,0.0,6386.0,0,0,0,1,0,0,0,0,0,1,0,1,0
21102,0033800002Z9vTyAAJ,0.0,0,786.0,4018.0,0,1,0,0,0,1,0,0,0,0,1,0,1
21103,0033800002Z9vaBAAR,0.0,0,0.0,5024.0,0,0,0,1,0,1,0,0,0,0,0,1,1
21104,0033800002Z9vaaAAB,0.0,0,0.0,10998.0,0,0,0,1,0,0,1,0,0,0,0,1,0
21105,0033800002Z9vmvAAB,0.0,0,361.0,5293.0,0,0,0,1,0,1,0,0,0,0,0,1,1
21109,0033800002Z9wikAAB,0.0,0,0.0,4317.0,0,0,0,1,0,0,1,0,0,0,0,1,1
21115,0033800002Z9xFPAAZ,0.0,0,0.0,9498.0,0,1,0,0,0,0,1,0,0,0,0,1,1
21118,0033800002Z9yQDAAZ,0.0,0,0.0,1407.0,0,0,0,1,0,0,1,0,0,0,0,1,0
21120,0033800002Z9yanAAB,0.0,0,3497.0,1461.0,0,1,0,0,0,1,0,0,0,0,0,1,1
21125,0033800002Z9z15AAB,0.0,0,30.0,5478.0,0,1,0,0,0,1,0,0,0,0,1,0,0
21131,0033800002Z9zgkAAB,0.0,0,3521.0,1460.0,0,1,0,0,0,0,0,0,0,1,0,1,1
21133,0033800002Z9zkiAAB,0.0,50,308.0,1430.0,0,0,0,1,0,0,1,0,0,0,0,1,0
21136,0033800002Z9zlCAAR,0.0,100,2914.0,3605.0,1,0,0,0,0,0,0,0,0,1,1,0,0
21137,0033800002Z9zlWAAR,0.0,0,1856.0,2190.0,0,0,0,1,0,0,1,0,0,0,0,1,0
21142,0033800002ZA00CAAT,0.0,0,0.0,8937.0,0,0,0,0,1,1,0,0,0,0,0,1,1
21143,0033800002ZA01KAAT,0.0,0,0.0,8167.0,0,0,0,1,0,0,1,0,0,0,0,1,0
21145,0033800002ZA08uAAD,0.0,0,0.0,10360.0,0,0,0,0,1,0,1,0,0,0,0,1,1
21148,0033800002ZA0ZoAAL,0.0,0,0.0,3109.0,0,0,0,1,0,0,0,0,1,0,0,1,0
21149,0033800002ZA0bLAAT,0.0,80,422.0,1460.0,0,0,0,1,0,0,0,0,1,0,0,1,1
21150,0033800002ZA0bQAAT,0.0,20,2054.0,2614.0,0,0,0,1,0,0,1,0,0,0,0,1,0
21152,0033800002ZA0qZAAT,0.0,0,0.0,2439.0,0,0,0,1,0,0,1,0,0,0,0,1,1
21155,0033800002ZA19WAAT,0.0,0,0.0,5371.0,0,0,0,1,0,0,0,0,1,0,0,1,0
21156,0033800002ZA1GmAAL,0.0,0,8758.0,3874.0,0,0,0,1,0,0,1,0,0,0,1,0,0
21157,0033800002ZA1PoAAL,0.0,0,0.0,2454.0,0,1,0,0,0,0,1,0,0,0,0,1,1
21158,0033800002ZA1gLAAT,0.0,0,0.0,9868.0,0,1,0,0,0,0,1,0,0,0,0,1,0
21160,0033800002ZA2uWAAT,0.0,0,0.0,7311.0,0,0,0,1,0,0,0,0,0,1,1,0,0
21162,0033800002ZA3DWAA1,0.0,0,473.0,2923.0,0,1,0,0,0,0,0,0,0,1,0,1,0
21163,0033800002ZA3EAAA1,0.0,0,71.0,2604.0,0,1,0,0,0,0,1,0,0,0,0,1,1
21164,0033800002ZA3G6AAL,0.0,0,0.0,2936.0,0,0,0,1,0,0,0,0,1,0,0,1,0
21166,0033800002ZA3UTAA1,0.0,0,0.0,7364.0,1,0,0,0,0,0,1,0,0,0,0,1,1
21167,0033800002ZA3UUAA1,0.0,0,0.0,7389.0,0,0,0,1,0,0,1,0,0,0,0,1,1
21172,0033800002ZA3UZAA1,0.0,50,0.0,2282.0,0,0,0,1,0,0,1,0,0,0,0,1,1
21174,0033800002ZA3UbAAL,0.0,0,0.0,6344.0,0,0,0,1,0,0,1,0,0,0,0,1,1
21175,0033800002ZA3UcAAL,0.0,0,0.0,1197.0,0,0,0,1,0,0,1,0,0,0,0,1,0
21176,0033800002ZA3UdAAL,0.0,90,4474.0,7318.0,0,0,0,0,1,1,0,0,0,0,0,1,1
21177,0033800002ZA3UeAAL,0.0,0,10763.0,1522.0,0,0,0,1,0,1,0,0,0,0,0,1,0
21178,0033800002ZA3UfAAL,0.0,0,638.0,1461.0,0,0,0,1,0,0,1,0,0,0,0,1,1
21179,0033800002ZA3UgAAL,0.0,0,0.0,7302.0,0,0,0,1,0,0,0,0,0,1,0,1,1
21180,0033800002ZA3UhAAL,0.0,0,7.0,5865.0,0,0,0,1,0,0,1,0,0,0,1,0,1
21182,0033800002ZA3UjAAL,0.0,30,426.0,3549.0,0,1,0,0,0,0,1,0,0,0,0,1,1
21185,0033800002ZA3UmAAL,0.0,0,0.0,8762.0,1,0,0,0,0,0,1,0,0,0,0,1,0
21187,0033800002ZA3UoAAL,0.0,70,0.0,1187.0,0,0,0,0,1,0,1,0,0,0,0,1,1
21188,0033800002ZA3UpAAL,0.0,0,0.0,5946.0,0,0,0,1,0,0,1,0,0,0,1,0,1
21190,0033800002ZA3UrAAL,0.0,0,0.0,6209.0,0,0,0,0,1,0,1,0,0,0,0,1,1
21198,0033800002ZA3V0AAL,0.0,0,0.0,2345.0,0,0,0,0,1,0,1,0,0,0,1,0,1
21199,0033800002ZA3V1AAL,0.0,0,0.0,7334.0,0,1,0,0,0,0,1,0,0,0,1,0,1
21200,0033800002ZA3V2AAL,0.0,0,0.0,9497.0,0,0,0,1,0,0,1,0,0,0,0,1,0
21203,0033800002ZA3V5AAL,0.0,0,0.0,2557.0,0,1,0,0,0,0,1,0,0,0,0,1,1
21205,0033800002ZA3V7AAL,0.0,0,0.0,9164.0,0,0,0,0,1,0,1,0,0,0,0,1,0
21206,0033800002ZA3V8AAL,0.0,0,0.0,5604.0,1,0,0,0,0,1,0,0,0,0,0,1,0
21208,0033800002ZA3VAAA1,0.0,0,0.0,4503.0,0,0,0,1,0,0,1,0,0,0,0,1,1
21210,0033800002ZA3VCAA1,0.0,0,0.0,2612.0,0,0,0,1,0,0,1,0,0,0,0,1,0
21214,0033800002ZA3VGAA1,0.0,0,210.0,1460.0,0,0,0,1,0,0,0,0,0,1,0,1,1
21215,0033800002ZA3VHAA1,0.0,0,156.0,4805.0,0,0,0,0,1,1,0,0,0,0,1,0,1
21216,0033800002ZA3Z0AAL,0.0,40,3142.0,4248.0,0,1,0,0,0,1,0,0,0,0,1,0,1
21217,0033800002ZA3bpAAD,0.0,0,0.0,9496.0,0,1,0,0,0,0,1,0,0,0,0,1,0
21218,0033800002ZA3bqAAD,0.0,0,0.0,2567.0,0,1,0,0,0,0,1,0,0,0,0,1,0
21219,0033800002ZA3brAAD,0.0,0,0.0,1978.0,0,0,0,1,0,0,1,0,0,0,0,1,1
21220,0033800002ZA3bsAAD,0.0,0,0.0,1645.0,0,1,0,0,0,0,1,0,0,0,0,1,0
21222,0033800002ZA3buAAD,0.0,0,0.0,1018.0,1,0,0,0,0,0,1,0,0,0,0,1,0
21223,0033800002ZA3bvAAD,0.0,0,0.0,4482.0,0,0,0,1,0,0,0,0,0,1,0,1,0
21224,0033800002ZA3bxAAD,0.0,0,0.0,2909.0,1,0,0,0,0,0,1,0,0,0,0,1,0
21229,0033800002ZA3c2AAD,0.0,0,0.0,1243.0,0,0,0,1,0,0,1,0,0,0,0,1,0
21233,0033800002ZA3l9AAD,0.0,0,184.0,7631.0,0,1,0,0,0,0,1,0,0,0,0,1,0
21237,0033800002ZA4D4AAL,0.0,0,11419.0,1065.0,0,0,0,1,0,1,0,0,0,0,1,0,0
21239,0033800002ZA4GwAAL,0.0,0,0.0,2554.0,0,0,0,1,0,0,1,0,0,0,0,1,1
21240,0033800002ZA4MaAAL,0.0,20,0.0,1460.0,0,0,0,1,0,0,0,0,1,0,0,1,1
21241,0033800002ZA5W5AAL,0.0,0,0.0,8761.0,0,1,0,0,0,0,0,1,0,0,0,1,1
21243,0033800002ZA5luAAD,0.0,0,0.0,9498.0,0,1,0,0,0,0,1,0,0,0,0,1,1
21246,0033800002ZA6DAAA1,0.0,100,1087.0,1725.0,0,1,0,0,0,0,1,0,0,0,1,0,0
21248,0033800002ZA6FpAAL,0.0,0,0.0,2876.0,0,1,0,0,0,0,1,0,0,0,0,1,1
21249,0033800002ZA6J3AAL,0.0,0,0.0,4022.0,0,1,0,0,0,0,1,0,0,0,0,1,1
21250,0033800002ZA6XtAAL,0.0,0,0.0,7428.0,0,0,0,0,1,0,1,0,0,0,0,1,1
21254,0033800002ZA6i3AAD,0.0,40,3419.0,1462.0,0,0,0,1,0,0,0,0,1,0,1,0,1
21257,0033800002ZA73QAAT,0.0,80,735.0,2875.0,0,0,0,1,0,0,1,0,0,0,0,1,0
21258,0033800002ZA76PAAT,0.0,0,0.0,6427.0,0,0,0,1,0,0,0,0,1,0,0,1,1
21259,0033800002ZA77hAAD,0.0,0,0.0,5699.0,0,1,0,0,0,0,1,0,0,0,0,1,1
21260,0033800002ZA78pAAD,0.0,0,7.0,7315.0,0,0,0,1,0,0,0,0,1,0,0,1,0
21262,0033800002ZA7JOAA1,0.0,0,0.0,9571.0,0,1,0,0,0,0,1,0,0,0,0,1,0
21267,0033800002ZA7XLAA1,0.0,40,807.0,1208.0,1,0,0,0,0,0,1,0,0,0,0,1,0
21268,0033800002ZA7bXAAT,0.0,0,0.0,1883.0,0,0,0,1,0,0,1,0,0,0,1,0,0
21270,0033800002ZA7j2AAD,0.0,70,0.0,3712.0,0,1,0,0,0,0,1,0,0,0,1,0,1
21272,0033800002ZA7pZAAT,0.0,0,701.0,8407.0,0,1,0,0,0,0,1,0,0,0,0,1,1
21275,0033800002ZA8XpAAL,0.0,0,98.0,7441.0,0,0,0,1,0,0,1,0,0,0,0,1,0
21280,0033800002ZA9EMAA1,0.0,0,0.0,2932.0,1,0,0,0,0,0,1,0,0,0,1,0,0
21281,0033800002ZA9OMAA1,0.0,10,3503.0,2483.0,0,0,0,0,1,0,0,0,0,1,0,1,1
21283,0033800002ZA9SJAA1,0.0,80,177.0,1462.0,0,0,0,1,0,0,0,0,1,0,0,1,1
21289,0033800002ZAAjhAAH,0.0,0,0.0,1826.0,0,0,0,1,0,0,0,0,0,1,0,1,1
21290,0033800002ZAArQAAX,0.0,0,0.0,1168.0,0,1,0,0,0,0,1,0,0,0,0,1,1
21293,0033800002ZABAlAAP,0.0,60,0.0,5666.0,0,0,0,1,0,0,1,0,0,0,1,0,0
21296,0033800002ZABU7AAP,0.0,0,0.0,2499.0,0,0,0,1,0,0,0,0,0,1,0,1,0
21298,0033800002ZABZ7AAP,0.0,70,1527.0,2556.0,0,0,0,1,0,0,1,0,0,0,0,1,1
21300,0033800002ZABZ9AAP,0.0,0,0.0,3893.0,0,0,0,1,0,0,1,0,0,0,0,1,1
21301,0033800002ZABZAAA5,0.0,0,1515.0,2557.0,0,1,0,0,0,1,0,0,0,0,0,1,1
21302,0033800002ZABZBAA5,0.0,0,0.0,2525.0,0,0,0,1,0,0,1,0,0,0,0,1,0
21307,0033800002ZABc4AAH,0.0,0,0.0,7184.0,0,1,0,0,0,0,0,0,1,0,0,1,1
21308,0033800002ZABc5AAH,0.0,0,7.0,1461.0,0,0,0,1,0,0,0,0,1,0,1,0,0
21313,0033800002ZABsaAAH,0.0,0,36.0,1475.0,0,1,0,0,0,0,1,0,0,0,1,0,1
21315,0033800002ZABuNAAX,0.0,0,0.0,7675.0,0,0,0,1,0,0,1,0,0,0,0,1,1
21316,0033800002ZABuOAAX,0.0,0,0.0,10960.0,0,0,0,0,1,1,0,0,0,0,0,1,1
21320,0033800002ZABuSAAX,0.0,0,0.0,11699.0,0,1,0,0,0,0,1,0,0,0,0,1,1
21321,0033800002ZABuTAAX,0.0,0,0.0,9222.0,0,0,0,1,0,0,0,0,1,0,0,1,1
21323,0033800002ZABuVAAX,0.0,0,0.0,8097.0,0,1,0,0,0,0,0,0,1,0,0,1,0
21324,0033800002ZABuWAAX,0.0,0,0.0,10987.0,0,0,0,0,1,0,1,0,0,0,0,1,1
21325,0033800002ZABuXAAX,0.0,0,0.0,7246.0,1,0,0,0,0,1,0,0,0,0,0,1,1
21326,0033800002ZABuYAAX,0.0,0,0.0,7372.0,0,0,0,0,1,1,0,0,0,0,0,1,1
21327,0033800002ZABuZAAX,0.0,0,0.0,10970.0,0,1,0,0,0,0,0,1,0,0,0,1,0
21328,0033800002ZABuaAAH,0.0,0,0.0,10963.0,0,1,0,0,0,1,0,0,0,0,0,1,1
21329,0033800002ZABubAAH,0.0,0,0.0,11001.0,0,1,0,0,0,0,0,1,0,0,0,1,0
21330,0033800002ZABucAAH,0.0,0,0.0,7522.0,0,0,0,0,1,0,1,0,0,0,0,1,0
21331,0033800002ZABudAAH,0.0,0,0.0,3594.0,0,0,0,1,0,0,1,0,0,0,0,1,0
21333,0033800002ZABugAAH,0.0,0,0.0,63.0,0,0,0,0,1,0,1,0,0,0,0,1,1
21334,0033800002ZABvWAAX,0.0,0,0.0,7676.0,0,0,0,0,1,0,1,0,0,0,0,1,1
21335,0033800002ZABvbAAH,0.0,0,0.0,7952.0,0,0,0,1,0,0,0,0,0,1,0,1,1
21336,0033800002ZAC02AAH,0.0,0,0.0,9525.0,0,1,0,0,0,0,1,0,0,0,0,1,1
21337,0033800002ZAC03AAH,0.0,0,0.0,2499.0,0,1,0,0,0,1,0,0,0,0,0,1,0
21338,0033800002ZAC04AAH,0.0,0,0.0,4120.0,0,0,0,1,0,0,1,0,0,0,0,1,1
21339,0033800002ZAC05AAH,0.0,0,0.0,1719.0,1,0,0,0,0,0,1,0,0,0,1,0,0
21340,0033800002ZAC06AAH,0.0,0,0.0,1206.0,0,0,0,1,0,0,1,0,0,0,0,1,1
21341,0033800002ZAC07AAH,0.0,0,0.0,1827.0,0,1,0,0,0,0,1,0,0,0,1,0,0
21343,0033800002ZAC09AAH,0.0,0,0.0,9069.0,0,1,0,0,0,1,0,0,0,0,0,1,1
21344,0033800002ZAC0AAAX,0.0,0,0.0,3241.0,0,0,0,1,0,0,1,0,0,0,0,1,0
21345,0033800002ZAC0BAAX,0.0,0,0.0,2191.0,0,1,0,0,0,1,0,0,0,0,0,1,1
21346,0033800002ZAC0CAAX,0.0,0,4505.0,1279.0,0,1,0,0,0,0,1,0,0,0,1,0,0
21348,0033800002ZACFXAA5,0.0,0,525.0,5523.0,0,0,0,1,0,0,0,1,0,0,0,1,1
21351,0033800002ZACnZAAX,0.0,0,0.0,10556.0,1,0,0,0,0,0,1,0,0,0,0,1,0
21352,0033800002ZACrRAAX,0.0,0,0.0,10981.0,0,0,0,0,1,0,0,0,0,1,0,1,1
21353,0033800002ZAD3DAAX,0.0,0,0.0,1460.0,1,0,0,0,0,0,1,0,0,0,1,0,0
21360,0033800002ZADe4AAH,0.0,90,413.0,3165.0,0,0,0,1,0,0,1,0,0,0,0,1,0
21364,0033800002ZADndAAH,0.0,0,0.0,1461.0,0,0,0,1,0,0,0,0,1,0,0,1,0
21365,0033800002ZADvDAAX,0.0,0,0.0,1403.0,0,0,0,1,0,0,1,0,0,0,0,1,0
21366,0033800002ZADygAAH,0.0,0,0.0,7518.0,0,0,0,1,0,0,1,0,0,0,0,1,1
21367,0033800002ZADz0AAH,0.0,0,0.0,1294.0,0,1,0,0,0,0,1,0,0,0,0,1,1
21368,0033800002ZAECdAAP,0.0,0,0.0,7670.0,0,0,0,1,0,0,1,0,0,0,0,1,1
21370,0033800002ZAEDlAAP,0.0,0,0.0,1218.0,0,0,0,1,0,0,1,0,0,0,0,1,1
21374,0033800002ZAEU7AAP,0.0,0,0.0,8272.0,0,0,0,0,1,1,0,0,0,0,0,1,1
21376,0033800002ZAEaAAAX,0.0,0,9175.0,679.0,1,0,0,0,0,0,1,0,0,0,0,1,1
21380,0033800002ZAEhBAAX,0.0,0,0.0,2626.0,0,1,0,0,0,0,0,0,1,0,0,1,1
21383,0033800002ZAEsnAAH,0.0,0,2952.0,1711.0,0,0,0,1,0,0,1,0,0,0,0,1,1
21389,0033800002ZAGnwAAH,0.0,0,0.0,7336.0,0,0,0,1,0,0,1,0,0,0,0,1,1
21392,0033800002ZAH0CAAX,0.0,0,6854.0,6940.0,0,1,0,0,0,0,1,0,0,0,0,1,0
21396,0033800002ZAHnhAAH,0.0,0,1617.0,2947.0,0,0,0,1,0,0,0,0,1,0,0,1,1
21399,0033800002ZAI15AAH,0.0,100,0.0,10189.0,0,1,0,0,0,0,1,0,0,0,0,1,1
21405,0033800002ZAIV4AAP,0.0,0,0.0,4012.0,0,0,0,1,0,0,1,0,0,0,0,1,1
21407,0033800002ZAIpJAAX,0.0,0,0.0,1182.0,0,1,0,0,0,0,1,0,0,0,0,1,1
21408,0033800002ZAIypAAH,0.0,100,0.0,2566.0,0,1,0,0,0,0,1,0,0,0,1,0,1
21416,0033800002ZAOgPAAX,0.0,0,0.0,7314.0,0,0,0,1,0,0,1,0,0,0,0,1,0
21422,0033800002ZAPCBAA5,0.0,0,0.0,8025.0,0,0,0,1,0,0,1,0,0,0,0,1,1
21426,0033800002ZAPQDAA5,0.0,0,0.0,6908.0,0,0,0,1,0,0,1,0,0,0,0,1,1
21427,0033800002ZAPWPAA5,0.0,0,0.0,7314.0,0,1,0,0,0,0,1,0,0,0,0,1,1
21430,0033800002ZAPhhAAH,0.0,0,74.0,1783.0,0,0,0,1,0,0,1,0,0,0,0,1,1
21433,0033800002ZAQbnAAH,0.0,0,3061.0,2922.0,0,0,0,0,1,0,0,0,0,1,0,1,1
21434,0033800002ZARFAAA5,0.0,0,0.0,7317.0,0,1,0,0,0,0,1,0,0,0,0,1,1
21435,0033800002ZARFeAAP,0.0,0,1076.0,2716.0,0,1,0,0,0,0,1,0,0,0,0,1,1
21438,0033800002ZARNbAAP,0.0,0,0.0,7627.0,1,0,0,0,0,0,1,0,0,0,0,1,1
21446,0033800002ZAS7PAAX,0.0,0,0.0,9606.0,0,0,0,1,0,0,0,0,1,0,0,1,0
21447,0033800002ZASDIAA5,0.0,30,5211.0,7388.0,0,0,0,0,1,0,1,0,0,0,0,1,0
21448,0033800002ZASH5AAP,0.0,30,5557.0,919.0,0,1,0,0,0,0,1,0,0,0,0,1,1
21449,0033800002ZASH6AAP,0.0,40,98.0,5391.0,0,1,0,0,0,0,1,0,0,0,0,1,0
21453,0033800002ZASdaAAH,0.0,30,190.0,1722.0,0,0,0,1,0,0,0,0,1,0,0,1,0
21456,0033800002ZATZCAA5,0.0,0,0.0,6204.0,0,0,0,1,0,0,1,0,0,0,0,1,0
21461,0033800002ZATndAAH,0.0,0,104.0,7330.0,0,0,0,1,0,0,0,0,0,1,0,1,1
21463,0033800002ZATvcAAH,0.0,0,0.0,10398.0,0,1,0,0,0,0,1,0,0,0,0,1,0
21469,0033800002ZAV2OAAX,0.0,0,17113.0,703.0,0,0,0,0,1,0,1,0,0,0,0,1,0
21471,0033800002ZAVduAAH,0.0,40,3141.0,7346.0,0,0,0,0,1,1,0,0,0,0,0,1,0
21472,0033800002ZAVkCAAX,0.0,0,0.0,1566.0,1,0,0,0,0,0,1,0,0,0,1,0,0
21475,0033800002ZAWuRAAX,0.0,50,4468.0,1584.0,0,1,0,0,0,0,1,0,0,0,1,0,1
21479,0033800002ZAX5UAAX,0.0,0,0.0,1204.0,0,1,0,0,0,0,1,0,0,0,0,1,1
21480,0033800002ZAX5tAAH,0.0,50,1108.0,3447.0,0,1,0,0,0,0,0,0,0,1,0,1,1
21482,0033800002ZAXWLAA5,0.0,0,0.0,5600.0,0,0,0,1,0,1,0,0,0,0,0,1,1
21483,0033800002ZAY5rAAH,0.0,0,0.0,8052.0,1,0,0,0,0,0,0,0,0,1,0,1,0
21485,0033800002ZAYIQAA5,0.0,0,0.0,3865.0,0,0,0,0,1,0,1,0,0,0,0,1,0
21488,0033800002ZAYn7AAH,0.0,0,7308.0,1464.0,0,1,0,0,0,0,1,0,0,0,1,0,0
21492,0033800002ZAZEDAA5,0.0,0,0.0,9956.0,0,0,0,0,1,0,1,0,0,0,0,1,1
21495,0033800002ZAZbzAAH,0.0,0,0.0,7387.0,0,1,0,0,0,1,0,0,0,0,0,1,1
21496,0033800002ZAZcsAAH,0.0,60,0.0,10118.0,0,0,0,0,1,0,1,0,0,0,0,1,1
21497,0033800002ZAZmnAAH,0.0,0,0.0,7312.0,0,0,0,1,0,1,0,0,0,0,0,1,0
21498,0033800002ZAZoFAAX,0.0,0,6102.0,2959.0,0,1,0,0,0,1,0,0,0,0,0,1,0
21500,0033800002ZAZxMAAX,0.0,0,0.0,2916.0,0,0,0,0,1,1,0,0,0,0,0,1,1
21501,0033800002ZAa43AAD,0.0,30,1286.0,6084.0,0,1,0,0,0,1,0,0,0,0,0,1,1
21502,0033800002ZAa9hAAD,0.0,0,11791.0,3025.0,0,0,0,1,0,0,1,0,0,0,0,1,1
21503,0033800002ZAaRJAA1,0.0,0,676.0,1907.0,0,0,0,1,0,0,1,0,0,0,0,1,1
21518,0033800002ZAamQAAT,0.0,0,0.0,8437.0,0,1,0,0,0,0,0,0,1,0,0,1,0
21525,0033800002ZAbh2AAD,0.0,40,2199.0,7326.0,0,0,0,1,0,0,0,0,0,1,0,1,1
21532,0033800002ZAcQsAAL,0.0,0,3824.0,1461.0,0,0,0,1,0,1,0,0,0,0,1,0,1
21536,0033800002ZAcgxAAD,0.0,0,0.0,3709.0,0,0,0,0,1,0,1,0,0,0,0,1,1
21539,0033800002ZAd4FAAT,0.0,0,0.0,2237.0,0,0,0,1,0,0,1,0,0,0,0,1,1
21544,0033800002ZAd7JAAT,0.0,0,0.0,4656.0,0,0,0,0,1,0,1,0,0,0,0,1,0
21547,0033800002ZAdIYAA1,0.0,0,0.0,12081.0,0,0,0,0,1,0,1,0,0,0,0,1,1
21548,0033800002ZAdWBAA1,0.0,0,0.0,4029.0,0,1,0,0,0,0,1,0,0,0,1,0,1
21551,0033800002ZAdghAAD,0.0,0,4.0,8311.0,0,0,0,1,0,0,1,0,0,0,0,1,0
21557,0033800002ZAe61AAD,0.0,0,0.0,3998.0,0,0,0,0,1,0,1,0,0,0,0,1,1
21563,0033800002ZAeDqAAL,0.0,0,1041.0,7696.0,0,1,0,0,0,0,0,0,1,0,0,1,1
21567,0033800002ZAeaHAAT,0.0,0,0.0,2811.0,1,0,0,0,0,0,1,0,0,0,0,1,1
21569,0033800002ZAesVAAT,0.0,0,0.0,2980.0,0,0,0,1,0,0,0,0,0,1,0,1,1
21571,0033800002ZAfUHAA1,0.0,0,66.0,3287.0,0,0,0,1,0,0,0,0,0,1,0,1,1
21572,0033800002ZAfUIAA1,0.0,0,0.0,2192.0,0,0,0,1,0,1,0,0,0,0,1,0,0
21575,0033800002ZAfULAA1,0.0,0,0.0,7321.0,0,0,0,1,0,0,1,0,0,0,0,1,1
21576,0033800002ZAfUMAA1,0.0,0,0.0,5107.0,0,0,0,1,0,0,1,0,0,0,0,1,1
21582,0033800002ZAfUSAA1,0.0,0,0.0,1806.0,0,0,0,1,0,0,1,0,0,0,0,1,1
21584,0033800002ZAfUUAA1,0.0,80,1623.0,2213.0,1,0,0,0,0,0,1,0,0,0,0,1,1
21585,0033800002ZAfUVAA1,0.0,0,453.0,783.0,0,0,0,1,0,0,1,0,0,0,1,0,1
21586,0033800002ZAfUWAA1,0.0,0,0.0,8560.0,0,0,0,1,0,1,0,0,0,0,1,0,0
21587,0033800002ZAfUXAA1,0.0,0,0.0,5089.0,0,0,0,1,0,1,0,0,0,0,1,0,1
21588,0033800002ZAfUYAA1,0.0,0,0.0,10993.0,0,0,0,1,0,0,0,0,0,1,0,1,0
21589,0033800002ZAfUZAA1,0.0,0,0.0,2922.0,0,1,0,0,0,0,0,0,1,0,0,1,1
21591,0033800002ZAfUbAAL,0.0,0,220.0,6209.0,0,1,0,0,0,0,0,0,1,0,0,1,1
21594,0033800002ZAfUeAAL,0.0,0,0.0,2210.0,0,1,0,0,0,0,1,0,0,0,0,1,1
21595,0033800002ZAfUfAAL,0.0,0,2257.0,4383.0,0,1,0,0,0,0,1,0,0,0,1,0,0
21597,0033800002ZAfUhAAL,0.0,30,66.0,8766.0,0,0,1,0,0,0,1,0,0,0,1,0,1
21598,0033800002ZAfUiAAL,0.0,0,276.0,5089.0,1,0,0,0,0,0,1,0,0,0,1,0,1
21599,0033800002ZAfUjAAL,0.0,0,0.0,5078.0,0,0,0,1,0,0,1,0,0,0,0,1,0
21601,0033800002ZAfUlAAL,0.0,0,0.0,1913.0,0,1,0,0,0,0,1,0,0,0,1,0,0
21602,0033800002ZAfUmAAL,0.0,50,617.0,7943.0,0,1,0,0,0,0,1,0,0,0,0,1,0
21604,0033800002ZAfUoAAL,0.0,0,0.0,7610.0,0,1,0,0,0,0,1,0,0,0,1,0,0
21605,0033800002ZAfUpAAL,0.0,0,343.0,8644.0,0,1,0,0,0,0,1,0,0,0,0,1,0
21606,0033800002ZAfUqAAL,0.0,0,0.0,1701.0,0,1,0,0,0,1,0,0,0,0,1,0,1
21607,0033800002ZAfUrAAL,0.0,0,613.0,2862.0,0,0,0,1,0,0,1,0,0,0,0,1,1
21608,0033800002ZAfUsAAL,0.0,0,5068.0,1458.0,0,0,0,1,0,0,0,0,1,0,0,1,1
21610,0033800002ZAfUuAAL,0.0,0,0.0,5484.0,0,1,0,0,0,0,1,0,0,0,0,1,1
21611,0033800002ZAfUvAAL,0.0,0,67.0,6578.0,1,0,0,0,0,0,0,0,0,1,0,1,1
21614,0033800002ZAfUyAAL,0.0,0,399.0,3170.0,0,0,0,1,0,0,1,0,0,0,0,1,1
21617,0033800002ZAfV1AAL,0.0,0,0.0,7823.0,0,1,0,0,0,0,1,0,0,0,0,1,1
21618,0033800002ZAfV2AAL,0.0,0,0.0,9981.0,0,0,0,1,0,0,1,0,0,0,0,1,0
21619,0033800002ZAfV3AAL,0.0,0,0.0,11126.0,0,1,0,0,0,0,1,0,0,0,0,1,0
21621,0033800002ZAfV5AAL,0.0,50,1924.0,9161.0,0,0,0,0,1,0,1,0,0,0,0,1,1
21625,0033800002ZAfZEAA1,0.0,40,796.0,12643.0,1,0,0,0,0,0,1,0,0,0,0,1,0
21626,0033800002ZAfZFAA1,0.0,40,1773.0,1906.0,0,0,0,1,0,0,1,0,0,0,1,0,0
21631,0033800002ZAg0XAAT,0.0,0,0.0,7187.0,1,0,0,0,0,0,0,0,0,1,0,1,1
21632,0033800002ZAgImAAL,0.0,0,1634.0,3573.0,0,1,0,0,0,0,1,0,0,0,0,1,0
21633,0033800002ZAgKOAA1,0.0,0,0.0,7360.0,0,0,0,1,0,0,1,0,0,0,0,1,0
21634,0033800002ZAgXOAA1,0.0,30,2762.0,6434.0,0,0,0,1,0,0,0,0,1,0,0,1,0
21639,0033800002ZAgpmAAD,0.0,0,0.0,3131.0,0,0,0,1,0,1,0,0,0,0,0,1,1
21641,0033800002ZAh43AAD,0.0,0,0.0,2777.0,0,0,0,1,0,0,1,0,0,0,0,1,0
21643,0033800002ZAh7qAAD,0.0,0,0.0,9510.0,1,0,0,0,0,0,1,0,0,0,1,0,1
21644,0033800002ZAhBEAA1,0.0,0,0.0,5585.0,1,0,0,0,0,1,0,0,0,0,0,1,0
21645,0033800002ZAhDoAAL,0.0,0,0.0,9509.0,0,0,0,0,1,0,1,0,0,0,0,1,1
21646,0033800002ZAhXFAA1,0.0,0,913.0,8984.0,0,0,0,1,0,0,0,1,0,0,0,1,1
21647,0033800002ZAhshAAD,0.0,0,0.0,4009.0,0,1,0,0,0,0,1,0,0,0,0,1,1
21648,0033800002ZAi1vAAD,0.0,0,12.0,2980.0,0,0,0,1,0,0,1,0,0,0,0,1,1
21652,0033800002ZAiEeAAL,0.0,0,0.0,3281.0,0,1,0,0,0,0,1,0,0,0,0,1,1
21654,0033800002ZAiJtAAL,0.0,60,154.0,2815.0,0,0,0,1,0,0,1,0,0,0,0,1,0
21655,0033800002ZAiLaAAL,0.0,0,0.0,8819.0,0,0,0,0,1,0,1,0,0,0,1,0,1
21656,0033800002ZAiSRAA1,0.0,0,0.0,5563.0,1,0,0,0,0,0,0,0,1,0,0,1,1
21657,0033800002ZAiUcAAL,0.0,10,928.0,8419.0,0,1,0,0,0,0,0,0,0,1,0,1,1
21658,0033800002ZAiW4AAL,0.0,0,0.0,9155.0,0,0,0,1,0,0,0,0,0,1,0,1,0
21659,0033800002ZAiorAAD,0.0,0,0.0,7305.0,0,0,0,0,1,0,1,0,0,0,0,1,0
21662,0033800002ZAjBCAA1,0.0,0,0.0,7330.0,0,0,0,1,0,1,0,0,0,0,0,1,1
21664,0033800002ZAjRPAA1,0.0,0,0.0,7324.0,0,0,0,1,0,0,1,0,0,0,0,1,1
21665,0033800002ZAjTfAAL,0.0,0,4035.0,1460.0,0,0,0,1,0,0,0,0,1,0,1,0,1
21667,0033800002ZAjYkAAL,0.0,0,0.0,2743.0,0,1,0,0,0,0,1,0,0,0,0,1,1
21669,0033800002ZAjZYAA1,0.0,0,0.0,3662.0,0,1,0,0,0,0,0,0,0,1,0,1,0
21670,0033800002ZAjcDAAT,0.0,0,0.0,7311.0,0,1,0,0,0,0,1,0,0,0,0,1,1
21673,0033800002ZAjnGAAT,0.0,0,14.0,5690.0,0,0,0,1,0,0,0,0,1,0,0,1,1
21674,0033800002ZAjpWAAT,0.0,0,0.0,1221.0,0,0,0,1,0,0,1,0,0,0,0,1,0
21675,0033800002ZAjzlAAD,0.0,0,0.0,3466.0,0,1,0,0,0,0,1,0,0,0,0,1,1
21677,0033800002ZAk5PAAT,0.0,100,0.0,5894.0,0,1,0,0,0,0,1,0,0,0,1,0,1
21678,0033800002ZAk6rAAD,0.0,0,0.0,10310.0,0,1,0,0,0,0,0,0,0,1,0,1,1
21679,0033800002ZAk8EAAT,0.0,0,0.0,7435.0,0,0,0,0,1,0,1,0,0,0,0,1,1
21680,0033800002ZAkDiAAL,0.0,0,0.0,7725.0,0,0,0,1,0,0,0,0,1,0,0,1,1
21682,0033800002ZAkKfAAL,0.0,40,409.0,1940.0,0,0,0,1,0,0,1,0,0,0,0,1,0
21690,0033800002ZAlExAAL,0.0,80,715.0,10693.0,0,1,0,0,0,0,1,0,0,0,0,1,0
21692,0033800002ZAlPlAAL,0.0,0,0.0,7752.0,0,0,0,1,0,0,1,0,0,0,0,1,0
21697,0033800002ZAlj7AAD,0.0,0,0.0,9224.0,0,0,0,0,1,0,1,0,0,0,0,1,1
21698,0033800002ZAllwAAD,0.0,0,0.0,1828.0,0,0,0,1,0,0,0,0,1,0,0,1,0
21699,0033800002ZAllxAAD,0.0,60,0.0,1289.0,0,1,0,0,0,0,1,0,0,0,0,1,0
21701,0033800002ZAllzAAD,0.0,90,1483.0,1559.0,0,0,0,1,0,0,1,0,0,0,0,1,1
21705,0033800002ZAlvyAAD,0.0,0,0.0,5073.0,0,0,0,1,0,0,0,0,1,0,0,1,0
21708,0033800002ZAlwoAAD,0.0,0,0.0,8765.0,1,0,0,0,0,1,0,0,0,0,0,1,0
21710,0033800002ZAlwqAAD,0.0,0,0.0,8751.0,1,0,0,0,0,1,0,0,0,0,0,1,1
21714,0033800002ZAlwuAAD,0.0,0,0.0,7395.0,0,1,0,0,0,1,0,0,0,0,0,1,0
21717,0033800002ZAlwxAAD,0.0,0,0.0,2259.0,1,0,0,0,0,1,0,0,0,0,0,1,1
21718,0033800002ZAlxmAAD,0.0,0,0.0,6557.0,0,1,0,0,0,0,1,0,0,0,0,1,0
21720,0033800002ZAm3aAAD,0.0,0,0.0,2967.0,1,0,0,0,0,0,1,0,0,0,0,1,0
21721,0033800002ZAm7hAAD,0.0,0,0.0,5176.0,0,0,0,1,0,0,1,0,0,0,0,1,1
21724,0033800002ZAmLKAA1,0.0,10,10960.0,1097.0,0,1,0,0,0,0,1,0,0,0,1,0,0
21730,0033800002ZAmj7AAD,0.0,0,0.0,8381.0,1,0,0,0,0,1,0,0,0,0,0,1,1
21733,0033800002ZArxIAAT,0.0,0,0.0,1461.0,0,1,0,0,0,0,1,0,0,0,1,0,0
21734,0033800002ZAsQFAA1,0.0,0,0.0,11315.0,0,1,0,0,0,0,1,0,0,0,0,1,1
21736,0033800002ZAsiyAAD,0.0,0,0.0,3999.0,0,0,0,1,0,0,0,0,1,0,0,1,1
21737,0033800002ZAsoNAAT,0.0,0,0.0,9131.0,0,1,0,0,0,1,0,0,0,0,0,1,1
21742,0033800002ZAtImAAL,0.0,30,227.0,10935.0,0,1,0,0,0,0,1,0,0,0,0,1,1
21747,0033800002ZAtqlAAD,0.0,10,1777.0,3591.0,0,1,0,0,0,1,0,0,0,0,0,1,1
21748,0033800002ZAttpAAD,0.0,0,0.0,7305.0,1,0,0,0,0,1,0,0,0,0,0,1,0
21749,0033800002ZAtvgAAD,0.0,50,0.0,6940.0,0,1,0,0,0,0,1,0,0,0,0,1,0
21750,0033800002ZAtzxAAD,0.0,100,0.0,8918.0,1,0,0,0,0,0,1,0,0,0,0,1,1
21752,0033800002ZAu6FAAT,0.0,0,16.0,8206.0,0,1,0,0,0,0,1,0,0,0,0,1,1
21755,0033800002ZAuOJAA1,0.0,60,1890.0,1460.0,0,1,0,0,0,0,1,0,0,0,0,1,1
21756,0033800002ZAuVtAAL,0.0,0,287.0,12083.0,0,0,0,1,0,0,1,0,0,0,0,1,1
21758,0033800002ZAuhGAAT,0.0,0,0.0,9679.0,0,0,0,1,0,0,1,0,0,0,1,0,0
21759,0033800002ZAuhpAAD,0.0,20,3106.0,4040.0,0,0,0,1,0,0,1,0,0,0,0,1,0
21760,0033800002ZAuhuAAD,0.0,0,0.0,9775.0,1,0,0,0,0,0,1,0,0,0,0,1,0
21761,0033800002ZAuiTAAT,0.0,90,570.0,7304.0,1,0,0,0,0,0,0,0,0,1,0,1,0
21762,0033800002ZAuidAAD,0.0,0,9057.0,3420.0,0,1,0,0,0,0,0,0,1,0,0,1,1
21763,0033800002ZAuj7AAD,0.0,0,749.0,2921.0,0,1,0,0,0,0,1,0,0,0,0,1,1
21764,0033800002ZAujbAAD,0.0,0,0.0,9575.0,0,1,0,0,0,0,1,0,0,0,0,1,0
21767,0033800002ZAukPAAT,0.0,0,0.0,5343.0,0,1,0,0,0,1,0,0,0,0,0,1,1
21768,0033800002ZAukjAAD,0.0,30,77.0,6508.0,1,0,0,0,0,1,0,0,0,0,0,1,1
21769,0033800002ZAuktAAD,0.0,0,1016.0,1826.0,0,0,0,1,0,0,0,0,0,1,1,0,1
21770,0033800002ZAul8AAD,0.0,0,0.0,2365.0,0,0,0,1,0,0,1,0,0,0,1,0,0
21771,0033800002ZAulEAAT,0.0,0,0.0,1670.0,0,1,0,0,0,1,0,0,0,0,1,0,0
21772,0033800002ZAulIAAT,0.0,0,0.0,7332.0,0,0,0,1,0,0,1,0,0,0,0,1,1
21773,0033800002ZAulNAAT,0.0,0,10.0,3257.0,0,0,0,1,0,0,1,0,0,0,1,0,1
21775,0033800002ZAum1AAD,0.0,0,0.0,1638.0,0,0,0,1,0,0,0,0,1,0,0,1,1
21776,0033800002ZAumBAAT,0.0,80,2440.0,1460.0,0,0,0,1,0,0,0,0,1,0,0,1,1
21778,0033800002ZAumRAAT,0.0,0,0.0,2420.0,0,0,0,1,0,0,1,0,0,0,0,1,0
21779,0033800002ZAumVAAT,0.0,0,0.0,7304.0,0,0,0,1,0,0,0,0,0,1,0,1,0
21782,0033800002ZAumuAAD,0.0,0,0.0,8056.0,1,0,0,0,0,0,0,0,1,0,1,0,0
21783,0033800002ZAunEAAT,0.0,90,339.0,2565.0,0,0,0,0,1,0,1,0,0,0,1,0,0
21787,0033800002ZAupjAAD,0.0,0,0.0,5541.0,0,0,0,1,0,1,0,0,0,0,0,1,1
21790,0033800002ZAv1QAAT,0.0,0,0.0,7311.0,0,0,0,1,0,0,1,0,0,0,0,1,1
21791,0033800002ZAvLQAA1,0.0,80,1049.0,7408.0,0,0,0,1,0,0,0,0,1,0,0,1,0
21793,0033800002ZAviPAAT,0.0,0,0.0,7304.0,0,1,0,0,0,0,1,0,0,0,1,0,1
21795,0033800002ZAvkBAAT,0.0,0,0.0,8893.0,0,1,0,0,0,0,0,0,0,1,0,1,1
21796,0033800002ZAw59AAD,0.0,0,0.0,4382.0,1,0,0,0,0,1,0,0,0,0,0,1,0
21798,0033800002ZAwD8AAL,0.0,40,2495.0,1572.0,0,1,0,0,0,0,1,0,0,0,0,1,1
21801,0033800002ZAwzHAAT,0.0,0,0.0,3426.0,0,0,0,1,0,0,0,0,1,0,1,0,0
21807,0033800002ZAxTaAAL,0.0,0,0.0,8537.0,0,0,0,1,0,0,1,0,0,0,0,1,1
21808,0033800002ZAxc3AAD,0.0,0,92.0,9366.0,0,0,0,1,0,0,1,0,0,0,0,1,1
21811,0033800002ZAyIjAAL,0.0,0,0.0,7335.0,0,0,0,1,0,0,1,0,0,0,0,1,1
21813,0033800002ZAyaNAAT,0.0,0,0.0,7312.0,1,0,0,0,0,1,0,0,0,0,0,1,1
21814,0033800002ZAyarAAD,0.0,0,0.0,1460.0,0,0,0,1,0,1,0,0,0,0,0,1,0
21815,0033800002ZAyivAAD,0.0,50,710.0,1287.0,0,0,0,1,0,0,1,0,0,0,0,1,1
21830,0033800002ZAzDeAAL,0.0,0,0.0,7310.0,1,0,0,0,0,1,0,0,0,0,0,1,1
21832,0033800002ZAzDgAAL,0.0,0,0.0,9182.0,0,1,0,0,0,1,0,0,0,0,0,1,0
21834,0033800002ZAzEMAA1,0.0,0,0.0,4382.0,1,0,0,0,0,0,1,0,0,0,0,1,1
21837,0033800002ZAzXJAA1,0.0,0,4363.0,1461.0,0,1,0,0,0,0,1,0,0,0,0,1,0
21838,0033800002ZAzcEAAT,0.0,0,0.0,2916.0,0,0,0,1,0,1,0,0,0,0,0,1,1
21842,0033800002ZB03eAAD,0.0,0,0.0,9513.0,0,0,0,1,0,0,1,0,0,0,0,1,1
21843,0033800002ZB06sAAD,0.0,0,0.0,7347.0,0,0,0,1,0,0,1,0,0,0,0,1,0
21845,0033800002ZB0QGAA1,0.0,0,2048.0,2877.0,0,1,0,0,0,0,1,0,0,0,0,1,0
21848,0033800002ZB0VfAAL,0.0,0,0.0,8669.0,0,1,0,0,0,0,1,0,0,0,1,0,0
21853,0033800002ZB0doAAD,0.0,0,1387.0,8555.0,0,0,0,1,0,0,1,0,0,0,0,1,1
21854,0033800002ZB0e3AAD,0.0,40,120.0,2916.0,0,0,0,1,0,0,1,0,0,0,0,1,0
21859,0033800002ZB0zLAAT,0.0,0,0.0,1315.0,0,0,0,1,0,0,1,0,0,0,0,1,1
21862,0033800002ZB1FiAAL,0.0,0,0.0,1869.0,0,0,0,1,0,0,1,0,0,0,0,1,1
21864,0033800002ZB1HAAA1,0.0,0,0.0,8773.0,0,0,0,0,1,0,1,0,0,0,0,1,1
21865,0033800002ZB1LMAA1,0.0,0,0.0,1827.0,0,1,0,0,0,0,1,0,0,0,0,1,1
21866,0033800002ZB1PnAAL,0.0,0,2874.0,9558.0,0,1,0,0,0,0,1,0,0,0,0,1,1
21868,0033800002ZB1UTAA1,0.0,0,44.0,10471.0,0,0,0,1,0,0,0,0,1,0,0,1,1
21869,0033800002ZB1aWAAT,0.0,0,0.0,644.0,0,1,0,0,0,0,1,0,0,0,0,1,1
21870,0033800002ZB1gdAAD,0.0,0,651.0,4058.0,0,0,0,0,1,0,0,0,1,0,0,1,1
21871,0033800002ZB1hCAAT,0.0,0,0.0,3747.0,0,1,0,0,0,0,1,0,0,0,1,0,1
21872,0033800002ZB1hRAAT,0.0,0,1171.0,1827.0,0,1,0,0,0,0,0,0,1,0,0,1,1
21873,0033800002ZB262AAD,0.0,70,102.0,7314.0,1,0,0,0,0,0,1,0,0,0,0,1,0
21874,0033800002ZB2AYAA1,0.0,0,0.0,7486.0,1,0,0,0,0,1,0,0,0,0,0,1,0
21875,0033800002ZB2AxAAL,0.0,0,3597.0,1461.0,1,0,0,0,0,1,0,0,0,0,1,0,1
21878,0033800002ZB2DwAAL,0.0,0,0.0,2309.0,0,0,0,0,1,0,0,0,1,0,0,1,1
21879,0033800002ZB2FnAAL,0.0,0,11213.0,3518.0,0,0,0,1,0,0,0,0,0,1,0,1,0
21880,0033800002ZB2FoAAL,0.0,30,3267.0,3651.0,0,0,0,0,1,0,1,0,0,0,0,1,1
21881,0033800002ZB2FpAAL,0.0,0,0.0,7658.0,0,1,0,0,0,0,1,0,0,0,0,1,1
21883,0033800002ZB2FrAAL,0.0,0,2619.0,1733.0,0,1,0,0,0,0,1,0,0,0,0,1,1
21884,0033800002ZB2FsAAL,0.0,0,5274.0,8020.0,0,1,0,0,0,0,1,0,0,0,1,0,1
21885,0033800002ZB2FtAAL,0.0,0,4393.0,1461.0,0,1,0,0,0,1,0,0,0,0,1,0,1
21886,0033800002ZB2GdAAL,0.0,0,2777.0,1460.0,1,0,0,0,0,1,0,0,0,0,0,1,1
21887,0033800002ZB2MRAA1,0.0,0,0.0,7713.0,0,1,0,0,0,0,0,0,1,0,0,1,0
21890,0033800002ZB2Y8AAL,0.0,0,0.0,1927.0,0,1,0,0,0,0,1,0,0,0,1,0,1
21891,0033800002ZB2Z1AAL,0.0,0,0.0,7346.0,0,0,0,1,0,0,1,0,0,0,0,1,0
21892,0033800002ZB2xbAAD,0.0,0,0.0,7758.0,0,0,0,1,0,0,0,0,0,1,0,1,0
21893,0033800002ZB38tAAD,0.0,0,0.0,5844.0,0,0,0,0,1,0,1,0,0,0,1,0,0
21894,0033800002ZB3CbAAL,0.0,0,87.0,1281.0,0,0,0,1,0,0,0,0,1,0,0,1,0
21897,0033800002ZB3VRAA1,0.0,0,0.0,2036.0,0,0,0,1,0,0,1,0,0,0,0,1,1
21898,0033800002ZB3ikAAD,0.0,0,0.0,2740.0,0,0,0,0,1,0,1,0,0,0,1,0,0
21901,0033800002ZB40PAAT,0.0,0,0.0,8271.0,0,1,0,0,0,0,0,0,0,1,0,1,1
21902,0033800002ZB46SAAT,0.0,0,0.0,3970.0,0,1,0,0,0,0,1,0,0,0,0,1,1
21904,0033800002ZB4NEAA1,0.0,0,0.0,1919.0,0,1,0,0,0,0,1,0,0,0,1,0,1
21911,0033800002ZB5lsAAD,0.0,0,4321.0,1158.0,0,1,0,0,0,1,0,0,0,0,0,1,0
21916,0033800002ZB68qAAD,0.0,0,0.0,10574.0,1,0,0,0,0,0,1,0,0,0,0,1,1
21918,0033800002ZB6BVAA1,0.0,0,0.0,7693.0,0,1,0,0,0,0,0,1,0,0,0,1,0
21919,0033800002ZB6E6AAL,0.0,0,0.0,7325.0,0,0,0,0,1,1,0,0,0,0,0,1,1
21922,0033800002ZB6O6AAL,0.0,0,1838.0,2325.0,0,0,0,1,0,0,1,0,0,0,1,0,1
21924,0033800002ZB6WtAAL,0.0,0,6496.0,2311.0,0,0,0,1,0,0,1,0,0,0,1,0,0
21927,0033800002ZB6WxAAL,0.0,0,0.0,2189.0,0,1,0,0,0,0,1,0,0,0,0,1,1
21928,0033800002ZB6dFAAT,0.0,0,0.0,8414.0,1,0,0,0,0,0,1,0,0,0,0,1,1
21929,0033800002ZB6gsAAD,0.0,0,0.0,7323.0,1,0,0,0,0,1,0,0,0,0,0,1,1
21934,0033800002ZB75LAAT,0.0,0,5830.0,3998.0,0,0,0,1,0,0,1,0,0,0,0,1,0
21935,0033800002ZB7n6AAD,0.0,0,1029.0,2373.0,0,1,0,0,0,0,1,0,0,0,0,1,0
21936,0033800002ZB7n7AAD,0.0,0,0.0,9508.0,0,1,0,0,0,0,1,0,0,0,0,1,1
21939,0033800002ZB855AAD,0.0,0,0.0,817.0,0,1,0,0,0,0,1,0,0,0,0,1,0
21941,0033800002ZB8L8AAL,0.0,50,4183.0,7564.0,0,1,0,0,0,0,0,0,1,0,0,1,0
21945,0033800002ZB8urAAD,0.0,0,3168.0,6554.0,0,1,0,0,0,0,1,0,0,0,0,1,0
21946,0033800002ZB956AAD,0.0,0,1080.0,1651.0,0,0,0,1,0,1,0,0,0,0,1,0,0
21950,0033800002ZB9DFAA1,0.0,0,874.0,11195.0,0,0,0,0,1,0,1,0,0,0,0,1,1
21951,0033800002ZB9QcAAL,0.0,0,0.0,2324.0,1,0,0,0,0,0,1,0,0,0,0,1,0
21956,0033800002ZB9ynAAD,0.0,0,0.0,1213.0,0,0,0,1,0,0,1,0,0,0,0,1,1
21963,0033800002ZBB03AAH,0.0,0,6582.0,2951.0,0,0,0,0,1,0,0,0,0,1,0,1,1
21965,0033800002ZBB1VAAX,0.0,0,138.0,1375.0,1,0,0,0,0,0,1,0,0,0,1,0,1
21967,0033800002ZBB3CAAX,0.0,0,850.0,3265.0,0,0,0,1,0,0,0,0,0,1,1,0,1
21968,0033800002ZBB3bAAH,0.0,0,0.0,6207.0,0,0,0,0,1,0,1,0,0,0,0,1,1
21976,0033800002ZBBXWAA5,0.0,0,384.0,1826.0,0,0,0,1,0,0,1,0,0,0,0,1,0
21977,0033800002ZBBkiAAH,0.0,0,0.0,4747.0,0,0,0,1,0,0,1,0,0,0,0,1,0
21981,0033800002ZBC6UAAX,0.0,0,1588.0,1457.0,0,1,0,0,0,0,0,0,0,1,0,1,1
21983,0033800002ZBC9dAAH,0.0,60,130.0,1241.0,0,0,0,1,0,1,0,0,0,0,0,1,1
21985,0033800002ZBCFRAA5,0.0,100,3330.0,7335.0,0,0,0,0,1,0,1,0,0,0,0,1,0
21986,0033800002ZBCYsAAP,0.0,0,0.0,7307.0,0,1,0,0,0,0,1,0,0,0,0,1,1
21988,0033800002ZBCqJAAX,0.0,0,4690.0,2955.0,0,1,0,0,0,0,0,0,1,0,1,0,1
21990,0033800002ZBCqLAAX,0.0,0,0.0,1600.0,0,0,0,1,0,1,0,0,0,0,0,1,1
21994,0033800002ZBCqPAAX,0.0,30,379.0,1765.0,0,1,0,0,0,0,1,0,0,0,0,1,1
21995,0033800002ZBCqQAAX,0.0,70,265.0,7663.0,1,0,0,0,0,0,1,0,0,0,0,1,1
21997,0033800002ZBCqTAAX,0.0,0,0.0,7318.0,0,1,0,0,0,0,1,0,0,0,0,1,1
21998,0033800002ZBCqUAAX,0.0,0,0.0,1900.0,0,1,0,0,0,0,1,0,0,0,1,0,1
22002,0033800002ZBCqZAAX,0.0,0,0.0,5751.0,0,0,0,1,0,0,1,0,0,0,0,1,1
22003,0033800002ZBCqaAAH,0.0,0,0.0,6631.0,0,0,0,1,0,0,1,0,0,0,0,1,1
22004,0033800002ZBCqbAAH,0.0,0,0.0,8624.0,0,1,0,0,0,0,1,0,0,0,0,1,1
22005,0033800002ZBCqcAAH,0.0,0,0.0,7171.0,1,0,0,0,0,0,1,0,0,0,0,1,1
22006,0033800002ZBCqdAAH,0.0,0,0.0,2161.0,0,0,0,1,0,0,1,0,0,0,0,1,1
22007,0033800002ZBCqeAAH,0.0,70,727.0,1227.0,0,0,0,0,1,0,1,0,0,0,0,1,1
22008,0033800002ZBCqfAAH,0.0,0,0.0,1048.0,0,0,0,1,0,0,1,0,0,0,1,0,0
22009,0033800002ZBCqgAAH,0.0,0,0.0,1264.0,0,0,0,0,1,0,1,0,0,0,0,1,0
22012,0033800002ZBCqjAAH,0.0,0,1371.0,2373.0,0,1,0,0,0,1,0,0,0,0,1,0,1
22013,0033800002ZBCqkAAH,0.0,0,0.0,1857.0,0,0,0,1,0,0,0,0,0,1,0,1,0
22015,0033800002ZBCqmAAH,0.0,0,3981.0,1095.0,0,1,0,0,0,0,1,0,0,0,1,0,0
22016,0033800002ZBCqnAAH,0.0,0,1899.0,1461.0,0,1,0,0,0,0,1,0,0,0,0,1,0
22017,0033800002ZBCqoAAH,0.0,0,2721.0,2679.0,0,1,0,0,0,0,0,0,0,1,0,1,1
22018,0033800002ZBCqpAAH,0.0,90,439.0,9496.0,0,1,0,0,0,0,1,0,0,0,0,1,1
22019,0033800002ZBCqqAAH,0.0,0,0.0,4413.0,0,0,0,1,0,0,1,0,0,0,0,1,0
22020,0033800002ZBCqrAAH,0.0,0,0.0,1920.0,1,0,0,0,0,0,1,0,0,0,0,1,1
22021,0033800002ZBCqsAAH,0.0,0,1839.0,912.0,0,0,0,1,0,0,0,0,0,1,0,1,1
22022,0033800002ZBCqtAAH,0.0,0,279.0,1346.0,0,0,0,0,1,0,0,0,0,1,0,1,1
22023,0033800002ZBCquAAH,0.0,0,42.0,7305.0,1,0,0,0,0,0,0,0,0,1,0,1,1
22024,0033800002ZBCqvAAH,0.0,10,1078.0,1643.0,0,0,0,1,0,0,1,0,0,0,1,0,1
22025,0033800002ZBCqwAAH,0.0,0,1172.0,7305.0,0,0,0,1,0,0,1,0,0,0,1,0,0
22026,0033800002ZBCqxAAH,0.0,0,290.0,9861.0,0,0,0,1,0,0,1,0,0,0,0,1,1
22028,0033800002ZBCqzAAH,0.0,0,2460.0,1460.0,0,0,0,1,0,0,0,0,1,0,0,1,1
22029,0033800002ZBCr0AAH,0.0,0,0.0,10247.0,0,0,0,0,1,0,0,0,1,0,0,1,1
22031,0033800002ZBCr2AAH,0.0,0,0.0,8769.0,0,0,0,0,1,0,0,0,1,0,0,1,1
22032,0033800002ZBCr3AAH,0.0,0,0.0,5084.0,0,0,0,1,0,0,1,0,0,0,0,1,1
22033,0033800002ZBCr4AAH,0.0,0,168.0,4748.0,0,0,0,0,1,0,1,0,0,0,0,1,1
22035,0033800002ZBCr6AAH,0.0,0,0.0,2862.0,1,0,0,0,0,0,1,0,0,0,0,1,0
22036,0033800002ZBCr7AAH,0.0,0,0.0,8684.0,0,0,0,1,0,0,1,0,0,0,0,1,0
22038,0033800002ZBCr9AAH,0.0,0,0.0,1282.0,0,0,0,1,0,0,1,0,0,0,0,1,1
22039,0033800002ZBCrAAAX,0.0,10,410.0,2816.0,0,0,0,1,0,0,1,0,0,0,0,1,1
22040,0033800002ZBCrBAAX,0.0,0,0.0,8058.0,0,0,0,1,0,0,1,0,0,0,0,1,1
22042,0033800002ZBCrEAAX,0.0,0,304.0,579.0,0,0,0,1,0,0,0,0,1,0,1,0,1
22046,0033800002ZBCuKAAX,0.0,40,1483.0,8556.0,0,1,0,0,0,0,0,0,0,1,0,1,1
22052,0033800002ZBDUOAA5,0.0,0,0.0,9496.0,0,0,0,0,1,0,1,0,0,0,0,1,1
22057,0033800002ZBDYzAAP,0.0,0,0.0,8783.0,0,0,0,0,1,1,0,0,0,0,1,0,1
22058,0033800002ZBE7kAAH,0.0,0,0.0,1461.0,0,0,0,1,0,0,0,0,1,0,0,1,1
22059,0033800002ZBEG8AAP,0.0,0,0.0,7332.0,0,0,0,1,0,0,0,0,1,0,0,1,0
22060,0033800002ZBEHaAAP,0.0,0,3545.0,7614.0,0,1,0,0,0,0,0,0,0,1,0,1,1
22061,0033800002ZBEOHAA5,0.0,0,0.0,1241.0,0,0,0,1,0,0,1,0,0,0,0,1,1
22065,0033800002ZBEbaAAH,0.0,0,0.0,1753.0,0,0,0,1,0,1,0,0,0,0,0,1,0
22066,0033800002ZBEcEAAX,0.0,80,401.0,1460.0,0,1,0,0,0,0,1,0,0,0,0,1,1
22068,0033800002ZBEcnAAH,0.0,0,4618.0,7492.0,0,0,0,1,0,0,0,0,0,1,0,1,0
22071,0033800002ZBFI6AAP,0.0,0,81.0,11090.0,0,0,0,0,1,1,0,0,0,0,0,1,1
22079,0033800002ZBFdvAAH,0.0,100,3248.0,7405.0,0,1,0,0,0,0,1,0,0,0,0,1,0
22081,0033800002ZBFrZAAX,0.0,0,2910.0,248.0,0,0,0,1,0,0,1,0,0,0,0,1,0
22082,0033800002ZBFwyAAH,0.0,0,0.0,7288.0,0,1,0,0,0,0,1,0,0,0,1,0,1
22083,0033800002ZBG2IAAX,0.0,0,52.0,5585.0,0,0,0,1,0,0,0,0,1,0,0,1,1
22086,0033800002ZBGI1AAP,0.0,0,0.0,7714.0,0,0,0,0,1,0,1,0,0,0,1,0,0
22087,0033800002ZBGI6AAP,0.0,0,0.0,10257.0,0,0,0,1,0,0,1,0,0,0,0,1,1
22089,0033800002ZBGLPAA5,0.0,0,6963.0,4218.0,0,0,0,0,1,0,0,0,0,1,0,1,1
22093,0033800002ZBGisAAH,0.0,0,0.0,3265.0,0,0,0,1,0,0,1,0,0,0,1,0,1
22094,0033800002ZBGpeAAH,0.0,0,2798.0,1460.0,0,1,0,0,0,0,0,0,1,0,0,1,1
22095,0033800002ZBGq3AAH,0.0,70,270.0,1461.0,0,0,0,1,0,0,0,0,0,1,0,1,0
22097,0033800002ZBGyRAAX,0.0,0,481.0,2813.0,1,0,0,0,0,0,1,0,0,0,1,0,1
22109,0033800002ZBIC0AAP,0.0,100,480.0,9520.0,0,1,0,0,0,0,0,0,0,1,0,1,0
22111,0033800002ZBIC2AAP,0.0,0,1096.0,1979.0,0,0,0,1,0,0,0,0,1,0,0,1,1
22114,0033800002ZBIC5AAP,0.0,70,1787.0,1461.0,0,0,0,1,0,0,0,0,1,0,0,1,1
22117,0033800002ZBICNAA5,0.0,0,0.0,8636.0,0,1,0,0,0,0,1,0,0,0,0,1,0
22121,0033800002ZBITxAAP,0.0,0,0.0,7311.0,0,1,0,0,0,0,1,0,0,0,0,1,1
22123,0033800002ZBIWhAAP,0.0,0,9053.0,1461.0,0,0,0,1,0,0,1,0,0,0,0,1,1
22124,0033800002ZBIayAAH,0.0,0,142.0,10264.0,0,1,0,0,0,0,1,0,0,0,0,1,0
22127,0033800002ZBIctAAH,0.0,0,464.0,9455.0,0,0,0,1,0,0,1,0,0,0,0,1,1
22129,0033800002ZBIcvAAH,0.0,0,228.0,5478.0,1,0,0,0,0,1,0,0,0,0,0,1,1
22133,0033800002ZBIczAAH,0.0,0,0.0,9876.0,0,0,0,1,0,0,1,0,0,0,0,1,0
22135,0033800002ZBId1AAH,0.0,0,0.0,9503.0,0,1,0,0,0,0,1,0,0,0,0,1,0
22144,0033800002ZBIfWAAX,0.0,0,0.0,1460.0,0,0,0,1,0,0,0,0,1,0,0,1,0
22148,0033800002ZBJgzAAH,0.0,0,415.0,9937.0,0,0,0,1,0,0,1,0,0,0,0,1,1
22150,0033800002ZBK3JAAX,0.0,0,104.0,1332.0,0,0,0,1,0,0,1,0,0,0,0,1,1
22160,0033800002ZBKgGAAX,0.0,100,0.0,1125.0,0,0,0,1,0,0,0,0,1,0,1,0,1
22161,0033800002ZBKojAAH,0.0,0,1207.0,5890.0,0,0,0,0,1,0,1,0,0,0,0,1,1
22163,0033800002ZBLUzAAP,0.0,0,0.0,3936.0,0,0,0,1,0,0,0,0,0,1,0,1,0
22166,0033800002ZBLmPAAX,0.0,0,0.0,9666.0,0,0,1,0,0,0,1,0,0,0,0,1,1
22167,0033800002ZBLtxAAH,0.0,0,226.0,588.0,0,0,0,1,0,0,1,0,0,0,0,1,0
22171,0033800002ZBMLwAAP,0.0,0,0.0,2134.0,0,1,0,0,0,0,1,0,0,0,0,1,0
22172,0033800002ZBMVIAA5,0.0,0,5349.0,2405.0,0,0,0,1,0,0,1,0,0,0,0,1,1
22173,0033800002ZBMaIAAX,0.0,30,2364.0,9218.0,0,1,0,0,0,0,0,0,0,1,0,1,1
22176,0033800002ZBMnWAAX,0.0,0,0.0,2640.0,1,0,0,0,0,0,0,0,0,1,0,1,1
22180,0033800002ZBMu8AAH,0.0,0,0.0,5109.0,0,0,0,1,0,0,0,0,1,0,0,1,1
22184,0033800002ZBNETAA5,0.0,0,0.0,8442.0,1,0,0,0,0,1,0,0,0,0,0,1,0
22189,0033800002ZBO3LAAX,0.0,0,0.0,2196.0,1,0,0,0,0,0,1,0,0,0,1,0,1
22190,0033800002ZBO4OAAX,0.0,0,0.0,6900.0,0,1,0,0,0,0,1,0,0,0,0,1,0
22191,0033800002ZBO6AAAX,0.0,0,0.0,7331.0,1,0,0,0,0,0,0,0,0,1,0,1,0
22192,0033800002ZBO6tAAH,0.0,0,0.0,6729.0,0,0,0,0,1,0,1,0,0,0,0,1,1
22193,0033800002ZBO6uAAH,0.0,0,0.0,5478.0,0,1,0,0,0,0,1,0,0,0,0,1,1
22194,0033800002ZBO6vAAH,0.0,0,0.0,1461.0,0,0,0,1,0,0,0,0,0,1,0,1,0
22195,0033800002ZBO6wAAH,0.0,0,0.0,1461.0,0,0,0,1,0,0,0,0,0,1,0,1,1
22196,0033800002ZBO6xAAH,0.0,0,0.0,3298.0,0,0,0,1,0,0,1,0,0,0,1,0,1
22197,0033800002ZBO6yAAH,0.0,0,0.0,5410.0,0,0,0,0,1,0,1,0,0,0,0,1,1
22198,0033800002ZBO6zAAH,0.0,0,0.0,5828.0,0,0,0,0,1,0,1,0,0,0,0,1,1
22199,0033800002ZBO70AAH,0.0,0,0.0,6237.0,0,0,0,1,0,0,1,0,0,0,0,1,1
22200,0033800002ZBO71AAH,0.0,0,0.0,1463.0,0,0,0,1,0,0,0,0,0,1,0,1,1
22201,0033800002ZBO72AAH,0.0,0,0.0,1461.0,1,0,0,0,0,0,0,0,0,1,0,1,1
22202,0033800002ZBO73AAH,0.0,0,0.0,1461.0,0,0,0,1,0,0,0,0,0,1,0,1,1
22203,0033800002ZBO74AAH,0.0,0,0.0,1461.0,0,0,0,1,0,0,0,0,0,1,1,0,0
22204,0033800002ZBO9VAAX,0.0,0,0.0,7307.0,0,0,0,1,0,1,0,0,0,0,0,1,1
22205,0033800002ZBO9WAAX,0.0,0,0.0,9503.0,0,1,0,0,0,1,0,0,0,0,0,1,1
22206,0033800002ZBO9XAAX,0.0,0,0.0,7307.0,1,0,0,0,0,1,0,0,0,0,0,1,1
22207,0033800002ZBO9YAAX,0.0,70,1140.0,4328.0,0,1,0,0,0,0,0,0,1,0,0,1,1
22209,0033800002ZBO9aAAH,0.0,0,0.0,7305.0,0,1,0,0,0,1,0,0,0,0,0,1,0
22211,0033800002ZBOFFAA5,0.0,0,0.0,8200.0,0,0,0,1,0,0,0,0,0,1,1,0,0
22213,0033800002ZBOQZAA5,0.0,60,798.0,1652.0,0,0,0,1,0,0,1,0,0,0,0,1,1
22214,0033800002ZBOQaAAP,0.0,70,2418.0,4179.0,0,0,0,1,0,0,0,0,0,1,1,0,1
22215,0033800002ZBOQbAAP,0.0,30,2272.0,1461.0,0,1,0,0,0,0,0,0,1,0,0,1,1
22218,0033800002ZBOQeAAP,0.0,0,582.0,2176.0,0,0,0,1,0,0,1,0,0,0,0,1,0
22222,0033800002ZBOQiAAP,0.0,40,910.0,1826.0,0,0,0,1,0,0,0,0,1,0,1,0,1
22224,0033800002ZBOQkAAP,0.0,0,613.0,3215.0,1,0,0,0,0,1,0,0,0,0,1,0,0
22229,0033800002ZBObdAAH,0.0,0,0.0,8766.0,0,0,0,1,0,0,0,0,0,1,0,1,0
22238,0033800002ZBPK4AAP,0.0,0,0.0,10852.0,0,0,0,1,0,0,1,0,0,0,0,1,1
22239,0033800002ZBPRoAAP,0.0,0,0.0,1511.0,0,0,0,0,1,0,1,0,0,0,0,1,1
22240,0033800002ZBPSrAAP,0.0,0,0.0,7813.0,0,1,0,0,0,0,1,0,0,0,0,1,1
22241,0033800002ZBPUJAA5,0.0,0,0.0,7414.0,0,0,0,1,0,1,0,0,0,0,0,1,1
22243,0033800002ZBPbjAAH,0.0,0,0.0,8132.0,0,0,0,1,0,0,0,0,1,0,0,1,0
22245,0033800002ZBPhIAAX,0.0,0,337.0,2318.0,0,1,0,0,0,0,1,0,0,0,0,1,1
22249,0033800002ZBPqKAAX,0.0,0,0.0,4411.0,0,0,0,1,0,0,1,0,0,0,0,1,0
22251,0033800002ZBQAKAA5,0.0,0,0.0,7472.0,1,0,0,0,0,1,0,0,0,0,0,1,1
22252,0033800002ZBQAZAA5,0.0,60,1024.0,4659.0,0,0,0,1,0,1,0,0,0,0,0,1,1
22257,0033800002ZBQgGAAX,0.0,70,2046.0,2678.0,0,1,0,0,0,1,0,0,0,0,0,1,1
22259,0033800002ZBQr4AAH,0.0,0,0.0,2788.0,0,1,0,0,0,0,1,0,0,0,1,0,1
22267,0033800002ZBRABAA5,0.0,0,4209.0,1460.0,0,0,0,0,1,0,1,0,0,0,1,0,1
22269,0033800002ZBRLqAAP,0.0,0,0.0,8822.0,0,0,0,0,1,0,0,0,0,1,0,1,1
22273,0033800002ZBRlKAAX,0.0,100,936.0,8608.0,0,0,0,0,1,0,1,0,0,0,0,1,1
22274,0033800002ZBRr8AAH,0.0,0,0.0,8418.0,0,1,0,0,0,0,0,0,1,0,0,1,0
22280,0033800002ZBS8OAAX,0.0,0,0.0,3828.0,0,1,0,0,0,0,0,0,0,1,0,1,1
22284,0033800002ZBSVNAA5,0.0,0,0.0,8421.0,0,1,0,0,0,0,1,0,0,0,0,1,0
22287,0033800002ZBTRBAA5,0.0,0,0.0,5201.0,0,0,0,1,0,1,0,0,0,0,0,1,1
22289,0033800002ZBTqOAAX,0.0,30,6732.0,4068.0,0,0,0,1,0,0,0,0,0,1,1,0,1
22290,0033800002ZBTqPAAX,0.0,0,4495.0,1460.0,0,1,0,0,0,1,0,0,0,0,0,1,0
22292,0033800002ZBTqRAAX,0.0,0,10789.0,2192.0,0,0,0,0,1,0,0,0,0,1,1,0,1
22295,0033800002ZBTrwAAH,0.0,0,0.0,3886.0,0,0,0,1,0,0,0,0,1,0,0,1,1
22298,0033800002ZBU54AAH,0.0,0,0.0,9756.0,0,1,0,0,0,0,1,0,0,0,0,1,1
22299,0033800002ZBUZuAAP,0.0,80,106.0,3090.0,0,0,0,1,0,0,1,0,0,0,0,1,1
22302,0033800002ZBUZxAAP,0.0,0,0.0,7696.0,0,0,0,1,0,0,1,0,0,0,0,1,1
22306,0033800002ZBUa1AAH,0.0,0,0.0,7518.0,0,0,0,0,1,0,1,0,0,0,0,1,1
22307,0033800002ZBUa2AAH,0.0,0,0.0,10986.0,0,0,0,0,1,0,0,0,1,0,0,1,1
22313,0033800002ZBVC8AAP,0.0,0,0.0,3988.0,0,0,0,1,0,0,1,0,0,0,0,1,1
22315,0033800002ZBVKbAAP,0.0,0,0.0,10597.0,0,0,0,0,1,0,1,0,0,0,0,1,0
22316,0033800002ZBValAAH,0.0,0,0.0,7890.0,0,1,0,0,0,0,1,0,0,0,0,1,1
22317,0033800002ZBVcDAAX,0.0,0,0.0,9540.0,1,0,0,0,0,0,1,0,0,0,0,1,0
22320,0033800002ZBVnHAAX,0.0,0,0.0,2065.0,0,0,0,1,0,0,0,0,0,1,1,0,1
22321,0033800002ZBW9IAAX,0.0,0,0.0,7313.0,0,0,0,0,1,0,1,0,0,0,0,1,1
22325,0033800002ZBWKQAA5,0.0,0,0.0,8401.0,1,0,0,0,0,0,1,0,0,0,0,1,0
22326,0033800002ZBWN0AAP,0.0,0,0.0,7770.0,0,0,0,1,0,0,1,0,0,0,0,1,1
22329,0033800002ZBWXyAAP,0.0,0,0.0,9506.0,0,1,0,0,0,0,1,0,0,0,0,1,1
22332,0033800002ZBWoVAAX,0.0,20,1042.0,8273.0,0,0,0,1,0,0,1,0,0,0,0,1,1
22338,0033800002ZBXWsAAP,0.0,0,0.0,6670.0,1,0,0,0,0,1,0,0,0,0,1,0,0
22341,0033800002ZBXvoAAH,0.0,0,3718.0,1341.0,0,0,0,1,0,0,0,0,1,0,0,1,1
22344,0033800002ZBXydAAH,0.0,0,0.0,8655.0,0,0,0,0,1,0,0,0,0,1,0,1,1
22346,0033800002ZBY7VAAX,0.0,60,40.0,5994.0,0,0,0,1,0,0,1,0,0,0,1,0,1
22353,0033800002ZBZZoAAP,0.0,0,723.0,1614.0,1,0,0,0,0,1,0,0,0,0,0,1,1
22357,0033800002ZBZnJAAX,0.0,0,159.0,9853.0,0,1,0,0,0,0,1,0,0,0,0,1,0
22359,0033800002ZBZu0AAH,0.0,0,0.0,4230.0,1,0,0,0,0,0,1,0,0,0,1,0,1
22361,0033800002ZBZztAAH,0.0,0,0.0,8044.0,1,0,0,0,0,0,1,0,0,0,0,1,0
22363,0033800002ZBa32AAD,0.0,0,0.0,3513.0,0,0,0,1,0,0,1,0,0,0,0,1,0
22368,0033800002ZBajIAAT,0.0,50,2355.0,1096.0,0,0,0,0,1,0,1,0,0,0,0,1,1
22370,0033800002ZBamRAAT,0.0,0,0.0,7353.0,0,1,0,0,0,1,0,0,0,0,0,1,1
22374,0033800002ZBawvAAD,0.0,0,0.0,9503.0,1,0,0,0,0,0,1,0,0,0,0,1,1
22375,0033800002ZBb0sAAD,0.0,0,0.0,898.0,0,0,0,1,0,0,1,0,0,0,1,0,0
22382,0033800002ZBbGWAA1,0.0,0,52.0,5112.0,0,0,0,1,0,0,0,0,0,1,0,1,1
22387,0033800002ZBbGbAAL,0.0,0,3033.0,1461.0,0,0,0,1,0,0,0,0,1,0,0,1,1
22388,0033800002ZBbGcAAL,0.0,0,4097.0,2192.0,0,0,0,0,1,0,1,0,0,0,0,1,1
22389,0033800002ZBbGdAAL,0.0,0,8968.0,5144.0,0,1,0,0,0,0,0,0,0,1,0,1,0
22391,0033800002ZBbGfAAL,0.0,0,3155.0,1461.0,0,1,0,0,0,0,0,0,0,1,0,1,1
22392,0033800002ZBbGgAAL,0.0,40,3553.0,1826.0,0,1,0,0,0,0,0,0,1,0,0,1,1
22393,0033800002ZBbGhAAL,0.0,0,65.0,132.0,0,0,0,1,0,0,1,0,0,0,0,1,1
22395,0033800002ZBbGjAAL,0.0,0,1416.0,3697.0,0,0,0,1,0,0,1,0,0,0,0,1,1
22403,0033800002ZBbGtAAL,0.0,50,2539.0,1420.0,0,0,0,0,1,0,1,0,0,0,0,1,0
22405,0033800002ZBbI8AAL,0.0,0,196.0,7305.0,0,0,0,0,1,1,0,0,0,0,0,1,1
22406,0033800002ZBbI9AAL,0.0,0,446.0,8401.0,0,0,0,0,1,0,1,0,0,0,0,1,0
22407,0033800002ZBbIAAA1,0.0,0,0.0,4622.0,0,0,0,0,1,0,1,0,0,0,0,1,0
22413,0033800002ZBbm3AAD,0.0,70,1125.0,2387.0,0,1,0,0,0,0,1,0,0,0,1,0,1
22418,0033800002ZBdBYAA1,0.0,0,0.0,2116.0,0,1,0,0,0,0,1,0,0,0,0,1,0
22419,0033800002ZBdFaAAL,0.0,0,0.0,7305.0,0,0,0,1,0,0,0,0,0,1,0,1,1
22426,0033800002ZBdfNAAT,0.0,0,0.0,9408.0,0,0,0,0,1,1,0,0,0,0,0,1,1
22428,0033800002ZBdlBAAT,0.0,0,732.0,1262.0,0,1,0,0,0,0,0,0,0,1,0,1,0
22432,0033800002ZBdqaAAD,0.0,0,0.0,9259.0,0,0,0,0,1,0,1,0,0,0,0,1,1
22434,0033800002ZBdz8AAD,0.0,80,2008.0,10699.0,1,0,0,0,0,1,0,0,0,0,0,1,1
22435,0033800002ZBe2xAAD,0.0,90,876.0,2133.0,0,0,0,1,0,0,1,0,0,0,0,1,0
22437,0033800002ZBe9tAAD,0.0,0,0.0,1565.0,0,1,0,0,0,0,1,0,0,0,0,1,1
22441,0033800002ZBeU3AAL,0.0,0,0.0,7313.0,1,0,0,0,0,1,0,0,0,0,0,1,1
22442,0033800002ZBeeQAAT,0.0,0,3483.0,1544.0,0,0,0,1,0,0,0,0,1,0,0,1,1
22444,0033800002ZBekmAAD,0.0,0,0.0,1804.0,0,0,0,1,0,0,1,0,0,0,0,1,1
22450,0033800002ZBew6AAD,0.0,0,0.0,6946.0,0,1,0,0,0,0,0,0,1,0,1,0,1
22467,0033800002ZBgcNAAT,0.0,0,0.0,3730.0,0,0,0,1,0,0,1,0,0,0,0,1,1
22469,0033800002ZBgeUAAT,0.0,70,954.0,8649.0,0,1,0,0,0,1,0,0,0,0,0,1,1
22470,0033800002ZBgk7AAD,0.0,40,3651.0,8183.0,0,0,0,0,1,0,1,0,0,0,0,1,1
22472,0033800002ZBgsVAAT,0.0,70,2037.0,4034.0,0,0,0,1,0,0,0,0,0,1,0,1,1
22473,0033800002ZBguMAAT,0.0,80,2630.0,945.0,0,0,0,0,1,0,1,0,0,0,0,1,1
22475,0033800002ZBhFoAAL,0.0,0,0.0,13751.0,0,0,0,1,0,0,1,0,0,0,0,1,1
22477,0033800002ZBhghAAD,0.0,0,0.0,8386.0,0,0,0,0,1,0,1,0,0,0,0,1,1
22479,0033800002ZBhoWAAT,0.0,0,0.0,7305.0,0,1,0,0,0,1,0,0,0,0,1,0,1
22481,0033800002ZBi7yAAD,0.0,0,303.0,1044.0,0,1,0,0,0,0,1,0,0,0,1,0,1
22482,0033800002ZBi96AAD,0.0,80,0.0,72.0,0,1,0,0,0,0,1,0,0,0,0,1,1
22487,0033800002ZBiKiAAL,0.0,0,918.0,2896.0,1,0,0,0,0,1,0,0,0,0,1,0,0
22488,0033800002ZBif7AAD,0.0,70,776.0,11869.0,0,0,0,0,1,0,1,0,0,0,0,1,1
22489,0033800002ZBijQAAT,0.0,0,0.0,8322.0,1,0,0,0,0,0,1,0,0,0,0,1,1
22490,0033800002ZBioKAAT,0.0,40,8044.0,1672.0,0,1,0,0,0,1,0,0,0,0,1,0,0
22491,0033800002ZBixMAAT,0.0,0,208.0,2137.0,0,0,0,1,0,0,1,0,0,0,1,0,0
22494,0033800002ZBjQPAA1,0.0,0,0.0,2244.0,0,0,0,1,0,0,1,0,0,0,0,1,1
22495,0033800002ZBjTTAA1,0.0,70,2357.0,2882.0,0,0,0,0,1,0,0,0,1,0,0,1,0
22496,0033800002ZBji3AAD,0.0,0,3949.0,3632.0,0,1,0,0,0,1,0,0,0,0,1,0,0
22498,0033800002ZBjpsAAD,0.0,0,0.0,8785.0,1,0,0,0,0,1,0,0,0,0,0,1,0
22499,0033800002ZBk0QAAT,0.0,0,0.0,7272.0,0,1,0,0,0,0,1,0,0,0,0,1,1
22500,0033800002ZBk2bAAD,0.0,0,0.0,5550.0,0,0,0,1,0,0,0,0,1,0,0,1,1
22502,0033800002ZBk6iAAD,0.0,0,0.0,7305.0,0,0,0,1,0,0,1,0,0,0,0,1,1
22503,0033800002ZBkC9AAL,0.0,0,0.0,7309.0,0,0,0,1,0,0,1,0,0,0,0,1,1
22507,0033800002ZBkRnAAL,0.0,0,8230.0,1051.0,0,0,0,1,0,0,1,0,0,0,0,1,0
22508,0033800002ZBkXhAAL,0.0,0,0.0,7309.0,0,0,0,1,0,0,1,0,0,0,0,1,1
22509,0033800002ZBkiRAAT,0.0,60,3397.0,1916.0,0,0,0,1,0,0,1,0,0,0,0,1,0
22510,0033800002ZBklVAAT,0.0,0,7169.0,1085.0,1,0,0,0,0,0,0,0,0,1,1,0,1
22511,0033800002ZBkntAAD,0.0,0,129.0,6415.0,0,0,0,0,1,1,0,0,0,0,1,0,1
22512,0033800002ZBkxUAAT,0.0,0,0.0,10616.0,0,1,0,0,0,0,1,0,0,0,0,1,1
22513,0033800002ZBl0SAAT,0.0,0,1136.0,7305.0,0,0,0,1,0,0,0,0,0,1,0,1,1
22516,0033800002ZBl8NAAT,0.0,0,2530.0,2273.0,0,1,0,0,0,0,0,0,0,1,0,1,1
22518,0033800002ZBlJ3AAL,0.0,0,0.0,1207.0,0,0,0,1,0,0,1,0,0,0,0,1,1
22521,0033800002ZBlU4AAL,0.0,70,2588.0,7550.0,0,0,0,1,0,0,0,0,0,1,0,1,1
22522,0033800002ZBlUxAAL,0.0,0,0.0,7321.0,0,1,0,0,0,0,0,0,0,1,1,0,1
22524,0033800002ZBlecAAD,0.0,0,0.0,2921.0,0,0,0,1,0,0,0,0,0,1,0,1,1
22525,0033800002ZBmF2AAL,0.0,0,0.0,7920.0,0,0,0,1,0,0,1,0,0,0,0,1,1
22526,0033800002ZBmT6AAL,0.0,0,0.0,7308.0,0,0,0,1,0,0,0,0,1,0,0,1,1
22527,0033800002ZBmTLAA1,0.0,0,0.0,4227.0,0,0,0,1,0,0,1,0,0,0,0,1,1
22528,0033800002ZBmcyAAD,0.0,0,0.0,8654.0,0,0,0,0,1,0,1,0,0,0,0,1,1
22529,0033800002ZBmrBAAT,0.0,80,0.0,8263.0,0,1,0,0,0,0,0,0,0,1,0,1,1
22534,0033800002ZBnMBAA1,0.0,30,897.0,1372.0,0,0,0,1,0,0,1,0,0,0,0,1,1
22536,0033800002ZBnQ1AAL,0.0,0,0.0,7603.0,0,0,0,1,0,0,0,0,0,1,0,1,1
22537,0033800002ZBnROAA1,0.0,70,2435.0,1166.0,1,0,0,0,0,0,1,0,0,0,0,1,1
22539,0033800002ZBnldAAD,0.0,0,121.0,7094.0,0,0,0,1,0,1,0,0,0,0,0,1,1
22540,0033800002ZBo7VAAT,0.0,0,0.0,6616.0,0,0,0,0,1,0,1,0,0,0,0,1,1
22541,0033800002ZBo8YAAT,0.0,0,13568.0,2995.0,0,0,0,1,0,0,1,0,0,0,0,1,1
22542,0033800002ZBoDYAA1,0.0,70,0.0,2980.0,0,0,0,1,0,0,1,0,0,0,0,1,0
22544,0033800002ZBoUjAAL,0.0,0,0.0,5867.0,0,0,0,0,1,0,1,0,0,0,0,1,0
22545,0033800002ZBoacAAD,0.0,0,0.0,10994.0,0,0,0,1,0,0,0,0,0,1,0,1,0
22546,0033800002ZBokwAAD,0.0,0,181.0,11486.0,0,1,0,0,0,1,0,0,0,0,0,1,1
22547,0033800002ZBopXAAT,0.0,0,0.0,487.0,0,0,0,1,0,0,1,0,0,0,0,1,1
22548,0033800002ZBp0qAAD,0.0,0,0.0,12058.0,0,0,0,0,1,0,1,0,0,0,0,1,1
22551,0033800002ZBpQuAAL,0.0,0,0.0,1186.0,0,0,0,1,0,0,1,0,0,0,0,1,1
22552,0033800002ZBpTZAA1,0.0,0,0.0,10968.0,0,0,0,1,0,0,1,0,0,0,0,1,1
22553,0033800002ZBpbiAAD,0.0,0,0.0,10272.0,0,0,0,1,0,0,1,0,0,0,0,1,1
22554,0033800002ZBpu2AAD,0.0,0,0.0,8703.0,0,0,0,1,0,0,0,0,0,1,0,1,1
22557,0033800002ZBq2uAAD,0.0,0,0.0,8308.0,1,0,0,0,0,0,0,0,0,1,0,1,1
22559,0033800002ZBq9CAAT,0.0,0,919.0,1208.0,0,0,0,1,0,0,1,0,0,0,0,1,1
22560,0033800002ZBqMRAA1,0.0,0,0.0,2885.0,0,0,0,1,0,0,1,0,0,0,0,1,0
22561,0033800002ZBqOIAA1,0.0,0,0.0,2795.0,0,0,0,1,0,0,1,0,0,0,0,1,0
22563,0033800002ZBqdoAAD,0.0,0,11900.0,1461.0,0,0,0,1,0,1,0,0,0,0,0,1,1
22564,0033800002ZBqkVAAT,0.0,100,1367.0,7682.0,0,0,0,1,0,0,1,0,0,0,0,1,0
22565,0033800002ZBqq7AAD,0.0,0,1488.0,2922.0,0,1,0,0,0,0,0,0,0,1,0,1,0
22566,0033800002ZBqryAAD,0.0,0,0.0,5861.0,0,1,0,0,0,0,0,0,0,1,0,1,0
22567,0033800002ZBquEAAT,0.0,0,48.0,3596.0,0,1,0,0,0,0,0,1,0,0,0,1,1
22568,0033800002ZBquOAAT,0.0,0,0.0,8776.0,0,1,0,0,0,0,1,0,0,0,0,1,1
22569,0033800002ZBquiAAD,0.0,40,409.0,1438.0,1,0,0,0,0,0,0,0,0,1,0,1,1
22571,0033800002ZBqwjAAD,0.0,40,1171.0,2929.0,0,0,0,1,0,0,0,0,1,0,0,1,1
22572,0033800002ZBr5jAAD,0.0,70,514.0,9208.0,0,0,0,1,0,0,1,0,0,0,0,1,1
22573,0033800002ZBr7pAAD,0.0,0,0.0,4018.0,0,0,0,1,0,0,0,0,1,0,0,1,0
22574,0033800002ZBrCuAAL,0.0,0,0.0,9965.0,0,1,0,0,0,0,1,0,0,0,1,0,0
22575,0033800002ZBrJaAAL,0.0,0,0.0,1459.0,0,0,0,1,0,0,0,0,1,0,0,1,0
22576,0033800002ZBrKYAA1,0.0,0,1600.0,1248.0,0,0,0,1,0,0,1,0,0,0,0,1,1
22577,0033800002ZBrLvAAL,0.0,60,3102.0,11235.0,0,0,0,1,0,0,0,0,0,1,0,1,0
22583,0033800002ZBsFeAAL,0.0,0,28.0,7713.0,0,0,0,1,0,0,1,0,0,0,0,1,0
22586,0033800002ZBsObAAL,0.0,0,0.0,10963.0,0,0,0,0,1,0,0,0,0,1,0,1,1
22587,0033800002ZBsd8AAD,0.0,60,2521.0,4253.0,0,0,0,0,1,1,0,0,0,0,1,0,0
22588,0033800002ZBsjdAAD,0.0,50,4506.0,315.0,1,0,0,0,0,0,1,0,0,0,1,0,0
22589,0033800002ZBsoJAAT,0.0,0,180.0,1877.0,0,0,0,1,0,0,1,0,0,0,0,1,1
22590,0033800002ZBspvAAD,0.0,0,1314.0,1493.0,0,1,0,0,0,0,1,0,0,0,1,0,1
22595,0033800002ZBtQnAAL,0.0,0,0.0,1825.0,0,1,0,0,0,0,1,0,0,0,0,1,1
22599,0033800002ZBtksAAD,0.0,0,11594.0,1460.0,0,0,0,1,0,0,0,0,0,1,0,1,0
22600,0033800002ZBttrAAD,0.0,0,514.0,3749.0,0,1,0,0,0,0,1,0,0,0,0,1,0
22601,0033800002ZBu9zAAD,0.0,0,239.0,362.0,0,0,0,1,0,0,0,0,0,1,0,1,1
22603,0033800002ZBud4AAD,0.0,0,3623.0,273.0,0,0,0,1,0,0,0,0,1,0,0,1,0
22604,0033800002ZBud5AAD,0.0,0,88.0,0.0,0,0,0,1,0,0,0,0,1,0,0,1,0
22605,0033800002ZBud6AAD,0.0,70,942.0,2031.0,0,0,0,0,1,0,1,0,0,0,0,1,0
22607,0033800002ZBulkAAD,0.0,0,0.0,8689.0,0,0,0,1,0,0,0,0,0,1,0,1,1
22608,0033800002ZBup3AAD,0.0,0,0.0,7261.0,0,0,0,1,0,0,0,0,0,1,0,1,1
22610,0033800002ZBvHMAA1,0.0,0,0.0,7565.0,1,0,0,0,0,1,0,0,0,0,0,1,1
22614,0033800002ZBvvVAAT,0.0,0,0.0,13497.0,0,0,0,1,0,0,1,0,0,0,0,1,0
22615,0033800002ZBvytAAD,0.0,0,9041.0,1588.0,0,1,0,0,0,0,1,0,0,0,1,0,1
22618,0033800002ZBx0DAAT,0.0,0,0.0,10556.0,0,1,0,0,0,1,0,0,0,0,0,1,1
22622,0033800002ZBxI9AAL,0.0,0,0.0,7319.0,0,0,0,1,0,0,0,0,0,1,0,1,1
22624,0033800002ZBxUBAA1,0.0,30,1026.0,6112.0,0,0,0,1,0,0,1,0,0,0,0,1,1
22625,0033800002ZBxWgAAL,0.0,0,0.0,3030.0,0,0,0,1,0,0,1,0,0,0,0,1,1
22627,0033800002ZBxZtAAL,0.0,0,0.0,1461.0,1,0,0,0,0,0,0,0,0,1,0,1,0
22628,0033800002ZBxm0AAD,0.0,0,0.0,1419.0,0,0,0,1,0,0,0,0,1,0,0,1,0
22629,0033800002ZBxovAAD,0.0,0,0.0,7322.0,1,0,0,0,0,0,0,0,0,1,0,1,1
22632,0033800002ZByKZAA1,0.0,0,0.0,5203.0,1,0,0,0,0,1,0,0,0,0,0,1,1
22633,0033800002ZBySkAAL,0.0,100,456.0,9653.0,1,0,0,0,0,0,1,0,0,0,0,1,1
22635,0033800002ZByuvAAD,0.0,0,119.0,7060.0,0,0,0,1,0,0,1,0,0,0,0,1,0
22636,0033800002ZByyOAAT,0.0,0,0.0,3852.0,0,0,0,0,1,1,0,0,0,0,0,1,1
22638,0033800002ZBz8ZAAT,0.0,0,1839.0,9332.0,0,1,0,0,0,1,0,0,0,0,1,0,0
22639,0033800002ZBzOhAAL,0.0,0,0.0,12179.0,0,1,0,0,0,0,1,0,0,0,0,1,1
22640,0033800002ZBzXjAAL,0.0,0,190.0,108.0,0,0,0,1,0,0,1,0,0,0,0,1,0
22642,0033800002ZBzqFAAT,0.0,0,0.0,1700.0,0,0,0,1,0,0,1,0,0,0,0,1,0
22643,0033800002ZC0KrAAL,0.0,0,82.0,2921.0,1,0,0,0,0,0,0,0,0,1,0,1,0
22644,0033800002ZC0RdAAL,0.0,0,0.0,3075.0,0,0,0,1,0,0,0,0,1,0,1,0,1
22645,0033800002ZC0RsAAL,0.0,0,0.0,8701.0,0,0,0,0,1,1,0,0,0,0,0,1,1
22646,0033800002ZC0VzAAL,0.0,50,8257.0,1460.0,0,1,0,0,0,0,0,0,1,0,0,1,0
22648,0033800002ZC0XRAA1,0.0,0,210.0,2034.0,0,1,0,0,0,0,0,0,0,1,0,1,1
22652,0033800002ZC14uAAD,0.0,0,1.0,13528.0,0,0,0,1,0,0,1,0,0,0,0,1,1
22653,0033800002ZC167AAD,0.0,0,1935.0,2922.0,0,1,0,0,0,0,1,0,0,0,0,1,0
22654,0033800002ZC17KAAT,0.0,60,2161.0,5566.0,0,0,0,1,0,0,0,0,0,1,0,1,1
22655,0033800002ZC17PAAT,0.0,30,609.0,5479.0,1,0,0,0,0,1,0,0,0,0,1,0,1
22656,0033800002ZC1EBAA1,0.0,0,0.0,4357.0,0,0,0,1,0,1,0,0,0,0,1,0,0
22658,0033800002ZC1LgAAL,0.0,0,0.0,8309.0,0,0,0,1,0,1,0,0,0,0,1,0,1
22659,0033800002ZC1MZAA1,0.0,0,0.0,9524.0,0,0,0,1,0,0,1,0,0,0,0,1,1
22660,0033800002ZC1PJAA1,0.0,0,0.0,2275.0,0,0,0,1,0,0,1,0,0,0,1,0,0
22661,0033800002ZC1UYAA1,0.0,0,0.0,8774.0,0,1,0,0,0,1,0,0,0,0,0,1,0
22662,0033800002ZC1W0AAL,0.0,0,0.0,1297.0,0,1,0,0,0,0,1,0,0,0,1,0,0
22663,0033800002ZC1cOAAT,0.0,0,0.0,7315.0,1,0,0,0,0,0,1,0,0,0,1,0,0
22664,0033800002ZC1f3AAD,0.0,0,0.0,7362.0,0,0,0,0,1,0,1,0,0,0,1,0,1
22669,0033800002ZC28aAAD,0.0,0,0.0,8790.0,0,1,0,0,0,1,0,0,0,0,0,1,0
22670,0033800002ZC2AbAAL,0.0,0,0.0,7493.0,0,0,0,1,0,0,1,0,0,0,0,1,1
22671,0033800002ZC2GjAAL,0.0,0,0.0,8035.0,1,0,0,0,0,0,0,0,0,1,1,0,1
22672,0033800002ZC2OcAAL,0.0,0,0.0,7310.0,0,0,0,1,0,0,1,0,0,0,0,1,1
22673,0033800002ZC2OhAAL,0.0,0,0.0,1460.0,0,0,0,1,0,0,0,0,1,0,0,1,0
22674,0033800002ZC2P6AAL,0.0,0,2929.0,2738.0,0,1,0,0,0,0,1,0,0,0,0,1,1
22675,0033800002ZC2PpAAL,0.0,0,0.0,11910.0,0,0,0,0,1,0,1,0,0,0,0,1,1
22678,0033800002ZC2WNAA1,0.0,0,8160.0,4178.0,0,0,0,1,0,0,0,0,1,0,0,1,0
22679,0033800002ZC2X1AAL,0.0,70,1250.0,2974.0,0,1,0,0,0,0,0,0,1,0,0,1,1
22682,0033800002ZC3EHAA1,0.0,0,0.0,2451.0,0,1,0,0,0,0,1,0,0,0,0,1,0
22683,0033800002ZC3a3AAD,0.0,60,1165.0,1241.0,1,0,0,0,0,0,1,0,0,0,0,1,0
22687,0033800002ZC4KMAA1,0.0,0,0.0,3046.0,0,1,0,0,0,0,0,0,0,1,0,1,1
22688,0033800002ZC4WMAA1,0.0,0,0.0,7326.0,1,0,0,0,0,1,0,0,0,0,0,1,0
22690,0033800002ZC4chAAD,0.0,0,0.0,7307.0,0,1,0,0,0,0,0,0,1,0,0,1,1
22692,0033800002ZC4dBAAT,0.0,80,150.0,2299.0,0,0,0,1,0,0,1,0,0,0,0,1,1
22695,0033800002ZC51RAAT,0.0,0,0.0,1628.0,1,0,0,0,0,0,1,0,0,0,1,0,1
22697,0033800002ZC5DjAAL,0.0,0,0.0,7752.0,1,0,0,0,0,0,1,0,0,0,0,1,1
22698,0033800002ZC5jsAAD,0.0,0,0.0,7373.0,0,0,0,1,0,0,0,0,1,0,0,1,0
22703,0033800002ZC6dyAAD,0.0,0,3208.0,2825.0,0,0,0,1,0,0,1,0,0,0,0,1,0
22704,0033800002ZC6p0AAD,0.0,0,4904.0,1460.0,0,0,0,1,0,0,0,0,1,0,0,1,1
22706,0033800002ZC759AAD,0.0,0,0.0,3843.0,0,0,0,1,0,0,1,0,0,0,0,1,0
22709,0033800002ZC7E8AAL,0.0,0,0.0,7538.0,0,0,0,1,0,0,1,0,0,0,0,1,0
22711,0033800002ZC7KjAAL,0.0,0,0.0,1190.0,0,0,0,1,0,0,1,0,0,0,0,1,1
22712,0033800002ZC7O5AAL,0.0,60,491.0,8483.0,0,1,0,0,0,0,0,0,0,1,0,1,1
22714,0033800002ZC7TtAAL,0.0,0,0.0,11696.0,0,1,0,0,0,0,1,0,0,0,0,1,0
22717,0033800002ZC7yaAAD,0.0,0,0.0,3654.0,0,0,0,1,0,0,0,0,0,1,1,0,0
22719,0033800002ZC82zAAD,0.0,80,2585.0,7331.0,0,1,0,0,0,0,1,0,0,0,0,1,0
22721,0033800002ZC83YAAT,0.0,40,1158.0,2181.0,0,1,0,0,0,0,1,0,0,0,0,1,1
22724,0033800002ZC868AAD,0.0,0,0.0,8150.0,0,0,0,0,1,0,0,0,0,1,0,1,1
22727,0033800002ZC87pAAD,0.0,0,0.0,9421.0,0,0,0,1,0,0,1,0,0,0,0,1,1
22732,0033800002ZC8EoAAL,0.0,0,0.0,2904.0,0,0,0,1,0,0,0,0,1,0,0,1,1
22736,0033800002ZC8ShAAL,0.0,80,3156.0,1933.0,0,1,0,0,0,0,1,0,0,0,0,1,1
22738,0033800002ZC8cmAAD,0.0,0,0.0,4383.0,0,0,0,1,0,0,1,0,0,0,0,1,1
22740,0033800002ZC8eYAAT,0.0,0,0.0,8546.0,0,1,0,0,0,0,1,0,0,0,0,1,1
22741,0033800002ZC96vAAD,0.0,30,2605.0,3030.0,0,1,0,0,0,0,0,0,0,1,1,0,0
22743,0033800002ZC997AAD,0.0,0,24.0,4031.0,0,0,0,1,0,0,0,0,0,1,0,1,1
22744,0033800002ZC999AAD,0.0,0,7522.0,1380.0,0,0,0,0,1,0,1,0,0,0,0,1,1
22745,0033800002ZC99AAAT,0.0,0,20.0,1820.0,0,0,0,0,1,1,0,0,0,0,1,0,1
22746,0033800002ZC99BAAT,0.0,0,6535.0,1461.0,0,1,0,0,0,0,0,0,1,0,0,1,0
22747,0033800002ZC99CAAT,0.0,0,188.0,10312.0,0,0,0,0,1,0,1,0,0,0,1,0,0
22749,0033800002ZC9FqAAL,0.0,0,0.0,9495.0,1,0,0,0,0,0,1,0,0,0,1,0,0
22752,0033800002ZC9FtAAL,0.0,10,8035.0,3377.0,0,0,0,1,0,0,1,0,0,0,0,1,0
22753,0033800002ZC9FuAAL,0.0,0,0.0,7671.0,1,0,0,0,0,1,0,0,0,0,0,1,1
22755,0033800002ZC9FwAAL,0.0,0,0.0,2214.0,1,0,0,0,0,0,1,0,0,0,0,1,0
22756,0033800002ZC9FxAAL,0.0,80,559.0,5152.0,0,0,0,1,0,0,1,0,0,0,1,0,1
22757,0033800002ZC9FyAAL,0.0,0,0.0,2120.0,0,0,0,1,0,0,1,0,0,0,0,1,1
22759,0033800002ZC9G0AAL,0.0,0,0.0,1827.0,0,0,0,1,0,0,1,0,0,0,0,1,1
22760,0033800002ZC9G1AAL,0.0,0,0.0,5114.0,1,0,0,0,0,1,0,0,0,0,0,1,1
22761,0033800002ZC9G2AAL,0.0,30,858.0,1375.0,0,1,0,0,0,0,1,0,0,0,0,1,1
22763,0033800002ZC9G4AAL,0.0,0,11044.0,2192.0,0,1,0,0,0,0,0,0,1,0,0,1,0
22764,0033800002ZC9G5AAL,0.0,50,40.0,5441.0,0,1,0,0,0,0,1,0,0,0,0,1,0
22765,0033800002ZC9G6AAL,0.0,0,0.0,1220.0,0,0,0,1,0,0,1,0,0,0,0,1,1
22767,0033800002ZC9G8AAL,0.0,0,0.0,7416.0,0,0,0,1,0,0,1,0,0,0,0,1,1
22768,0033800002ZC9G9AAL,0.0,0,0.0,4145.0,0,0,0,1,0,0,1,0,0,0,0,1,1
22769,0033800002ZC9GAAA1,0.0,0,0.0,7905.0,0,0,0,0,1,0,0,0,1,0,1,0,1
22770,0033800002ZC9GBAA1,0.0,0,0.0,844.0,0,0,0,1,0,0,1,0,0,0,0,1,0
22771,0033800002ZC9GCAA1,0.0,0,0.0,2727.0,0,0,0,1,0,1,0,0,0,0,0,1,1
22776,0033800002ZC9GIAA1,0.0,0,138.0,2892.0,0,0,0,0,1,1,0,0,0,0,1,0,0
22779,0033800002ZC9GLAA1,0.0,0,0.0,4475.0,0,0,0,1,0,0,1,0,0,0,0,1,1
22780,0033800002ZC9GMAA1,0.0,0,1140.0,2922.0,0,0,0,1,0,0,1,0,0,0,0,1,1
22781,0033800002ZC9GNAA1,0.0,0,1913.0,1096.0,0,1,0,0,0,1,0,0,0,0,0,1,1
22783,0033800002ZC9GPAA1,0.0,0,0.0,3653.0,0,0,0,1,0,0,0,0,1,0,0,1,0
22785,0033800002ZC9GRAA1,0.0,90,1304.0,2588.0,0,0,0,1,0,0,1,0,0,0,0,1,0
22789,0033800002ZC9GVAA1,0.0,0,0.0,1827.0,0,0,0,0,1,0,1,0,0,0,0,1,1
22790,0033800002ZC9GWAA1,0.0,80,8004.0,1826.0,0,1,0,0,0,0,0,0,1,0,0,1,1
22791,0033800002ZC9GXAA1,0.0,100,241.0,4323.0,0,0,0,0,1,0,1,0,0,0,0,1,1
22793,0033800002ZC9GZAA1,0.0,0,0.0,3866.0,0,0,1,0,0,0,1,0,0,0,0,1,0
22796,0033800002ZC9GcAAL,0.0,0,0.0,7372.0,0,0,0,1,0,0,1,0,0,0,0,1,1
22799,0033800002ZC9GfAAL,0.0,50,0.0,7322.0,0,1,0,0,0,0,1,0,0,0,1,0,0
22801,0033800002ZC9VwAAL,0.0,0,0.0,2823.0,0,0,0,1,0,0,0,0,0,1,0,1,1
22802,0033800002ZC9buAAD,0.0,0,0.0,8147.0,0,0,0,1,0,0,1,0,0,0,0,1,1
22805,0033800002ZC9luAAD,0.0,0,0.0,7318.0,0,0,0,0,1,0,1,0,0,0,1,0,1
22806,0033800002ZC9yoAAD,0.0,0,0.0,2436.0,0,0,0,1,0,1,0,0,0,0,0,1,0
22807,0033800002ZCA3yAAH,0.0,0,4956.0,1771.0,0,0,0,0,1,0,0,0,1,0,0,1,1
22808,0033800002ZCAD6AAP,0.0,0,0.0,8416.0,0,0,0,1,0,0,1,0,0,0,0,1,1
22809,0033800002ZCANAAA5,0.0,0,0.0,7729.0,0,0,0,0,1,1,0,0,0,0,0,1,1
22812,0033800002ZCAXwAAP,0.0,30,2818.0,860.0,0,1,0,0,0,0,1,0,0,0,0,1,1
22813,0033800002ZCAZTAA5,0.0,0,0.0,3946.0,0,0,0,1,0,0,1,0,0,0,0,1,0
22814,0033800002ZCAfgAAH,0.0,0,0.0,1575.0,0,0,0,1,0,0,1,0,0,0,0,1,1
22815,0033800002ZCB1oAAH,0.0,0,64.0,5666.0,0,0,0,1,0,0,1,0,0,0,0,1,0
22816,0033800002ZCBXTAA5,0.0,0,1208.0,1719.0,0,0,0,1,0,0,1,0,0,0,0,1,1
22823,0033800002ZCC0mAAH,0.0,0,0.0,3813.0,0,0,0,1,0,0,1,0,0,0,0,1,1
22824,0033800002ZCCEsAAP,0.0,0,4101.0,1828.0,1,0,0,0,0,0,1,0,0,0,0,1,1
22825,0033800002ZCCYcAAP,0.0,0,0.0,9633.0,0,0,0,0,1,0,1,0,0,0,0,1,1
22826,0033800002ZCCZGAA5,0.0,0,0.0,7308.0,0,0,0,1,0,0,1,0,0,0,0,1,1
22827,0033800002ZCCkJAAX,0.0,0,0.0,8037.0,0,1,0,0,0,0,1,0,0,0,0,1,1
22828,0033800002ZCCpTAAX,0.0,0,5656.0,4742.0,0,1,0,0,0,0,1,0,0,0,0,1,0
22830,0033800002ZCCswAAH,0.0,0,84.0,1197.0,0,0,0,1,0,0,0,0,0,1,0,1,1
22831,0033800002ZCCuYAAX,0.0,0,0.0,1210.0,1,0,0,0,0,0,1,0,0,0,0,1,1
22833,0033800002ZCD46AAH,0.0,100,310.0,7340.0,1,0,0,0,0,0,1,0,0,0,0,1,1
22834,0033800002ZCD4VAAX,0.0,0,1266.0,2191.0,0,1,0,0,0,1,0,0,0,0,0,1,1
22835,0033800002ZCDGPAA5,0.0,0,1037.0,1196.0,0,0,0,1,0,1,0,0,0,0,1,0,0
22836,0033800002ZCDHwAAP,0.0,0,34.0,6600.0,0,1,0,0,0,0,1,0,0,0,0,1,1
22837,0033800002ZCDLyAAP,0.0,80,599.0,1800.0,0,0,0,1,0,0,1,0,0,0,0,1,1
22838,0033800002ZCDMrAAP,0.0,0,0.0,9788.0,1,0,0,0,0,0,1,0,0,0,0,1,1
22839,0033800002ZCDRZAA5,0.0,0,0.0,7336.0,0,1,0,0,0,0,1,0,0,0,0,1,0
22840,0033800002ZCDVCAA5,0.0,20,7724.0,1460.0,0,0,0,0,1,0,1,0,0,0,0,1,1
22841,0033800002ZCDX6AAP,0.0,20,436.0,8474.0,0,1,0,0,0,1,0,0,0,0,1,0,1
22843,0033800002ZCDjxAAH,0.0,60,0.0,4738.0,0,0,0,0,1,0,1,0,0,0,0,1,0
22849,0033800002ZCF2wAAH,0.0,0,0.0,1460.0,0,0,0,1,0,0,1,0,0,0,0,1,1
22851,0033800002ZCF8kAAH,0.0,0,0.0,8478.0,0,1,0,0,0,1,0,0,0,0,1,0,1
22852,0033800002ZCFD6AAP,0.0,0,0.0,7321.0,0,0,0,1,0,0,1,0,0,0,0,1,1
22853,0033800002ZCFEoAAP,0.0,90,861.0,2071.0,0,1,0,0,0,0,1,0,0,0,0,1,1
22854,0033800002ZCFP3AAP,0.0,20,8926.0,1446.0,0,1,0,0,0,0,1,0,0,0,1,0,1
22855,0033800002ZCFXHAA5,0.0,90,2302.0,1000.0,0,0,0,1,0,0,1,0,0,0,1,0,1
22856,0033800002ZCFapAAH,0.0,0,0.0,8905.0,0,1,0,0,0,1,0,0,0,0,0,1,1
22857,0033800002ZCFdPAAX,0.0,50,571.0,4608.0,1,0,0,0,0,0,1,0,0,0,0,1,1
22859,0033800002ZCFuzAAH,0.0,0,0.0,2366.0,0,0,0,1,0,0,1,0,0,0,0,1,1
22860,0033800002ZCGFYAA5,0.0,40,1993.0,1492.0,0,0,0,1,0,0,1,0,0,0,0,1,1
22862,0033800002ZCGX7AAP,0.0,0,0.0,3146.0,0,0,0,1,0,0,1,0,0,0,0,1,1
22864,0033800002ZCGulAAH,0.0,0,0.0,2070.0,0,1,0,0,0,0,1,0,0,0,0,1,1
22870,0033800002ZCHT7AAP,0.0,0,335.0,3879.0,0,0,0,1,0,0,0,0,1,0,0,1,0
22871,0033800002ZCHT8AAP,0.0,0,0.0,479.0,0,0,0,1,0,0,0,0,0,1,0,1,1
22877,0033800002ZCHoeAAH,0.0,90,156.0,8579.0,0,0,0,0,1,0,1,0,0,0,0,1,0
22879,0033800002ZCHqGAAX,0.0,0,0.0,6508.0,0,1,0,0,0,0,1,0,0,0,0,1,1
22880,0033800002ZCHr4AAH,0.0,0,0.0,7308.0,0,0,0,1,0,0,0,0,0,1,0,1,1
22881,0033800002ZCI4hAAH,0.0,30,9152.0,2830.0,0,0,1,0,0,0,1,0,0,0,0,1,1
22883,0033800002ZCIG4AAP,0.0,0,0.0,7449.0,0,0,0,1,0,0,1,0,0,0,0,1,0
22884,0033800002ZCIOLAA5,0.0,0,1936.0,1735.0,1,0,0,0,0,0,1,0,0,0,0,1,1
22891,0033800002ZCIeTAAX,0.0,0,51.0,7327.0,0,1,0,0,0,0,1,0,0,0,0,1,1
22892,0033800002ZCIz3AAH,0.0,0,0.0,8524.0,1,0,0,0,0,0,1,0,0,0,0,1,1
22895,0033800002ZCJ6sAAH,0.0,0,0.0,8066.0,0,1,0,0,0,0,1,0,0,0,1,0,0
22897,0033800002ZCJD7AAP,0.0,0,0.0,3019.0,0,1,0,0,0,0,0,0,0,1,0,1,1
22899,0033800002ZCJSQAA5,0.0,0,0.0,8043.0,1,0,0,0,0,1,0,0,0,0,0,1,1
22900,0033800002ZCJWjAAP,0.0,50,11518.0,1097.0,1,0,0,0,0,0,1,0,0,0,1,0,0
22902,0033800002ZCJcaAAH,0.0,0,1809.0,4770.0,0,0,0,1,0,0,1,0,0,0,0,1,1
22905,0033800002ZCJmRAAX,0.0,90,1764.0,3066.0,0,1,0,0,0,0,0,0,1,0,0,1,0
22906,0033800002ZCJoXAAX,0.0,0,2412.0,1826.0,0,1,0,0,0,0,0,0,1,0,0,1,1
22907,0033800002ZCJpGAAX,0.0,0,0.0,1793.0,0,0,0,1,0,0,0,0,1,0,0,1,1
22909,0033800002aGQ64AAG,0.0,0,1170.0,943.0,0,0,0,1,0,1,0,0,0,0,0,1,1
22910,0033800002aGQ8eAAG,0.0,0,3.0,1460.0,0,0,0,0,1,0,1,0,0,0,1,0,1
22911,0033800002aGQABAA4,0.0,0,0.0,1826.0,0,0,0,1,0,0,0,0,1,0,0,1,1
22917,0033800002aGQM4AAO,0.0,0,0.0,928.0,0,0,0,1,0,0,0,0,0,1,0,1,0
22925,0033800002aGR4jAAG,0.0,0,6880.0,6182.0,0,1,0,0,0,0,1,0,0,0,0,1,1
22926,0033800002aGR7YAAW,0.0,70,0.0,1428.0,0,0,0,1,0,0,0,0,1,0,0,1,1
22927,0033800002aGRAXAA4,0.0,0,9.0,10847.0,0,1,0,0,0,0,1,0,0,0,0,1,1
22928,0033800002aGRCEAA4,0.0,100,3418.0,4018.0,0,0,0,1,0,0,1,0,0,0,0,1,1
22929,0033800002aGRCxAAO,0.0,80,223.0,2191.0,0,0,0,1,0,0,0,0,1,0,0,1,1
22935,0033800002aGRTEAA4,0.0,0,6385.0,1662.0,0,0,0,0,1,0,1,0,0,0,0,1,1
22939,0033800002aGRZ2AAO,0.0,100,0.0,5501.0,0,0,0,1,0,0,1,0,0,0,0,1,1
22944,0033800002aGRvhAAG,0.0,70,1081.0,7389.0,0,0,0,0,1,0,1,0,0,0,0,1,0
22946,0033800002aGS1fAAG,0.0,0,0.0,7323.0,0,0,0,1,0,0,1,0,0,0,0,1,1
22952,0033800002aGSN1AAO,0.0,0,0.0,1256.0,0,0,0,1,0,0,1,0,0,0,0,1,1
22954,0033800002aGSPRAA4,0.0,60,1349.0,2950.0,0,0,0,1,0,0,0,1,0,0,0,1,1
22956,0033800002aGSTPAA4,0.0,0,0.0,7944.0,0,0,0,1,0,0,1,0,0,0,0,1,0
22957,0033800002aGSTQAA4,0.0,0,0.0,10387.0,0,1,0,0,0,0,0,0,0,1,1,0,1
22959,0033800002aGSTSAA4,0.0,0,0.0,1826.0,0,0,0,1,0,0,0,0,1,0,0,1,1
22960,0033800002aGSTTAA4,0.0,0,0.0,7724.0,0,0,0,0,1,0,1,0,0,0,0,1,1
22961,0033800002aGSTUAA4,0.0,0,0.0,4573.0,0,0,0,0,1,0,0,0,0,1,1,0,1
22962,0033800002aGSTVAA4,0.0,80,2655.0,7314.0,0,1,0,0,0,1,0,0,0,0,1,0,1
22964,0033800002aGSTXAA4,0.0,0,0.0,9197.0,0,0,0,0,1,0,0,0,0,1,0,1,0
22966,0033800002aGSTaAAO,0.0,0,0.0,9121.0,0,1,0,0,0,0,1,0,0,0,0,1,1
22967,0033800002aGSTbAAO,0.0,0,0.0,7305.0,1,0,0,0,0,0,0,0,0,1,0,1,1
22969,0033800002aGSTdAAO,0.0,0,7038.0,1376.0,0,0,0,0,1,0,0,0,0,1,1,0,1
22973,0033800002aGSVEAA4,0.0,70,4332.0,1462.0,1,0,0,0,0,0,1,0,0,0,1,0,1
22976,0033800002aGSgCAAW,0.0,0,0.0,11754.0,0,1,0,0,0,0,1,0,0,0,0,1,0
22978,0033800002aGSkOAAW,0.0,0,0.0,1826.0,0,0,0,1,0,0,0,0,1,0,0,1,0
22981,0033800002aGStaAAG,0.0,80,505.0,8771.0,0,1,0,0,0,0,0,0,0,1,0,1,1
22983,0033800002aGSuUAAW,0.0,0,0.0,25.0,0,0,0,1,0,0,1,0,0,0,0,1,1
22984,0033800002aGSuVAAW,0.0,0,0.0,2922.0,0,1,0,0,0,0,1,0,0,0,1,0,1
22985,0033800002aGSuWAAW,0.0,0,0.0,5114.0,0,0,0,1,0,0,1,0,0,0,1,0,0
22986,0033800002aGSuYAAW,0.0,0,0.0,3183.0,0,0,0,1,0,0,1,0,0,0,1,0,0
22988,0033800002aGSuaAAG,0.0,0,0.0,8427.0,0,0,0,1,0,0,1,0,0,0,0,1,0
22990,0033800002aGSucAAG,0.0,0,0.0,8767.0,0,1,0,0,0,0,1,0,0,0,1,0,1
22997,0033800002aGSujAAG,0.0,0,0.0,6454.0,0,1,0,0,0,0,1,0,0,0,0,1,0
22998,0033800002aGSukAAG,0.0,0,0.0,7153.0,0,0,0,1,0,0,1,0,0,0,0,1,0
23000,0033800002aGSumAAG,0.0,0,0.0,4150.0,0,0,0,1,0,0,1,0,0,0,0,1,0
23002,0033800002aGSuoAAG,0.0,0,0.0,5136.0,0,0,0,1,0,0,1,0,0,0,0,1,1
23004,0033800002aGSuqAAG,0.0,0,0.0,12204.0,0,1,0,0,0,0,1,0,0,0,1,0,1
23005,0033800002aGSusAAG,0.0,0,0.0,9214.0,0,1,0,0,0,0,1,0,0,0,1,0,1
23006,0033800002aGSwBAAW,0.0,0,0.0,5479.0,0,0,0,1,0,0,1,0,0,0,0,1,1
23007,0033800002aGSwpAAG,0.0,0,0.0,9710.0,0,1,0,0,0,0,1,0,0,0,0,1,1
23008,0033800002aGSx9AAG,0.0,0,0.0,1827.0,0,0,0,1,0,0,1,0,0,0,0,1,0
23011,0033800002aGT4FAAW,0.0,0,0.0,1881.0,0,0,0,1,0,0,1,0,0,0,0,1,1
23015,0033800002aGTICAA4,0.0,0,0.0,8779.0,0,1,0,0,0,1,0,0,0,0,0,1,0
23022,0033800002aGTa1AAG,0.0,0,0.0,2449.0,0,0,0,1,0,0,1,0,0,0,1,0,1
23030,0033800002aGUK6AAO,0.0,0,0.0,3712.0,0,0,0,1,0,0,1,0,0,0,0,1,1
23031,0033800002aGUODAA4,0.0,0,0.0,7348.0,0,1,0,0,0,0,1,0,0,0,0,1,1
23032,0033800002aGUQFAA4,0.0,0,0.0,7308.0,0,0,0,1,0,0,1,0,0,0,0,1,1
23033,0033800002aGUQoAAO,0.0,0,0.0,4040.0,1,0,0,0,0,0,1,0,0,0,0,1,1
23040,0033800002aGUnhAAG,0.0,0,1004.0,1411.0,0,1,0,0,0,0,1,0,0,0,0,1,1
23044,0033800002aGVBKAA4,0.0,0,2535.0,2332.0,0,0,0,1,0,0,1,0,0,0,0,1,1
23045,0033800002aGVEOAA4,0.0,0,87.0,2314.0,1,0,0,0,0,1,0,0,0,0,1,0,1
23052,0033800002aGVWrAAO,0.0,50,2073.0,1458.0,1,0,0,0,0,0,0,0,1,0,1,0,0
23053,0033800002aGVbwAAG,0.0,0,0.0,2192.0,0,0,0,1,0,1,0,0,0,0,0,1,0
23054,0033800002aGVg8AAG,0.0,60,1692.0,4748.0,0,0,0,1,0,0,1,0,0,0,0,1,1
23056,0033800002aGVrQAAW,0.0,0,0.0,7328.0,0,0,0,0,1,0,0,0,1,0,0,1,1
23062,0033800002aGWloAAG,0.0,0,0.0,9810.0,1,0,0,0,0,0,0,0,0,1,0,1,0
23070,0033800002aGX4BAAW,0.0,10,1288.0,1950.0,1,0,0,0,0,0,1,0,0,0,0,1,1
23077,0033800002aGX7iAAG,0.0,0,1212.0,2372.0,1,0,0,0,0,0,1,0,0,0,1,0,0
23078,0033800002aGXBLAA4,0.0,0,0.0,2537.0,1,0,0,0,0,1,0,0,0,0,1,0,0
23081,0033800002aGXHTAA4,0.0,0,334.0,1460.0,0,0,0,1,0,0,0,0,1,0,0,1,1
23086,0033800002aGXaVAAW,0.0,70,1389.0,2191.0,0,1,0,0,0,0,0,0,0,1,0,1,1
23091,0033800002aGXfGAAW,0.0,40,105.0,5997.0,1,0,0,0,0,1,0,0,0,0,0,1,0
23094,0033800002aGXiAAAW,0.0,0,0.0,7317.0,0,0,0,1,0,0,1,0,0,0,0,1,1
23095,0033800002aGXs5AAG,0.0,0,0.0,9499.0,0,0,0,0,1,0,1,0,0,0,1,0,1
23096,0033800002aGXsFAAW,0.0,60,1270.0,1374.0,1,0,0,0,0,0,0,0,1,0,1,0,1
23097,0033800002aGXz1AAG,0.0,0,0.0,3616.0,0,0,0,1,0,0,1,0,0,0,0,1,1
23100,0033800002aGY8mAAG,0.0,30,1811.0,7305.0,1,0,0,0,0,0,1,0,0,0,0,1,1
23101,0033800002aGYGMAA4,0.0,70,5481.0,1461.0,0,0,0,0,1,0,1,0,0,0,0,1,1
23108,0033800002aGYREAA4,0.0,0,0.0,2191.0,0,0,0,1,0,0,0,0,0,1,0,1,1
23120,0033800002aGYRQAA4,0.0,0,0.0,1842.0,0,0,0,1,0,0,0,0,1,0,0,1,0
23123,0033800002aGYRTAA4,0.0,0,0.0,7351.0,0,0,0,1,0,0,0,0,1,0,0,1,0
23128,0033800002aGYRYAA4,0.0,0,0.0,4853.0,0,0,0,1,0,0,0,0,1,0,0,1,0
23131,0033800002aGYePAAW,0.0,0,0.0,7321.0,0,0,0,1,0,0,1,0,0,0,0,1,0
23139,0033800002aGaWJAA0,0.0,0,0.0,1827.0,0,0,0,1,0,0,0,0,0,1,0,1,0
23140,0033800002aGaXMAA0,0.0,0,0.0,2436.0,0,0,0,1,0,0,1,0,0,0,1,0,1
23145,0033800002aGaphAAC,0.0,60,6226.0,7166.0,0,0,0,0,1,0,1,0,0,0,0,1,0
23147,0033800002aGb5TAAS,0.0,0,0.0,2424.0,0,0,0,1,0,0,1,0,0,0,0,1,0
23149,0033800002aGbIiAAK,0.0,10,8656.0,1369.0,0,0,0,0,1,0,0,0,1,0,1,0,1
23154,0033800002aGbl5AAC,0.0,0,0.0,1283.0,0,0,0,1,0,0,1,0,0,0,0,1,0
23159,0033800002aGcKTAA0,0.0,0,0.0,7589.0,0,1,0,0,0,0,0,0,1,0,0,1,1
23160,0033800002aGcOVAA0,0.0,50,1539.0,1475.0,1,0,0,0,0,0,1,0,0,0,0,1,1
23163,0033800002aGcSmAAK,0.0,0,2586.0,2922.0,1,0,0,0,0,0,0,0,1,0,0,1,1
23164,0033800002aGcTzAAK,0.0,100,0.0,1854.0,1,0,0,0,0,0,1,0,0,0,0,1,0
23165,0033800002aGcUiAAK,0.0,0,0.0,1825.0,0,0,0,1,0,0,0,0,1,0,0,1,0
23175,0033800002aGd75AAC,0.0,90,540.0,8847.0,0,1,0,0,0,0,1,0,0,0,1,0,0
23176,0033800002aGd7jAAC,0.0,90,257.0,2724.0,0,0,0,1,0,0,1,0,0,0,0,1,0
23177,0033800002aGdAyAAK,0.0,0,38.0,2145.0,0,0,0,1,0,0,1,0,0,0,0,1,1
23182,0033800002aGdfuAAC,0.0,0,0.0,9352.0,0,1,0,0,0,0,1,0,0,0,0,1,0
23187,0033800002aGeGmAAK,0.0,0,0.0,2647.0,0,1,0,0,0,1,0,0,0,0,0,1,1
23189,0033800002aGfnAAAS,0.0,0,138.0,2802.0,0,0,0,1,0,0,0,0,0,1,0,1,0
23192,0033800002aGgQGAA0,0.0,0,0.0,4017.0,1,0,0,0,0,0,0,0,0,1,1,0,1
23193,0033800002aGgTFAA0,0.0,60,533.0,2749.0,0,0,0,1,0,0,0,0,1,0,0,1,1
23202,0033800002aGga1AAC,0.0,20,704.0,1319.0,0,1,0,0,0,0,1,0,0,0,1,0,1
23204,0033800002aGgapAAC,0.0,0,958.0,3541.0,0,1,0,0,0,0,0,0,1,0,0,1,1
23212,0033800002aGgvTAAS,0.0,0,0.0,10966.0,0,0,0,1,0,0,0,0,0,1,0,1,1
23223,0033800002aGhCRAA0,0.0,0,0.0,9854.0,0,1,0,0,0,0,1,0,0,0,0,1,1
23235,0033800002aGhbGAAS,0.0,0,445.0,2108.0,0,0,0,0,1,0,0,0,0,1,1,0,1
23237,0033800002aGhdbAAC,0.0,0,10636.0,1995.0,0,0,0,1,0,0,1,0,0,0,1,0,1
23245,0033800002aGhyAAAS,0.0,0,0.0,6144.0,0,0,0,1,0,0,1,0,0,0,0,1,1
23251,0033800002aGiWRAA0,0.0,0,1348.0,1460.0,0,1,0,0,0,0,0,0,1,0,1,0,1
23253,0033800002aGio1AAC,0.0,0,2067.0,381.0,0,1,0,0,0,0,1,0,0,0,0,1,1
23254,0033800002aGixcAAC,0.0,0,906.0,7557.0,1,0,0,0,0,0,0,0,0,1,0,1,1
23256,0033800002aGj57AAC,0.0,0,0.0,7563.0,1,0,0,0,0,0,1,0,0,0,0,1,1
23258,0033800002aGj7NAAS,0.0,0,0.0,7620.0,1,0,0,0,0,0,1,0,0,0,0,1,1
23263,0033800002aGjcBAAS,0.0,0,717.0,9601.0,0,0,0,1,0,0,0,0,1,0,0,1,1
23264,0033800002aGjfDAAS,0.0,0,0.0,5274.0,0,1,0,0,0,0,1,0,0,0,0,1,0
23265,0033800002aGjk8AAC,0.0,80,869.0,8015.0,0,1,0,0,0,0,1,0,0,0,0,1,1
23267,0033800002aGjuUAAS,0.0,100,32.0,7517.0,0,1,0,0,0,0,1,0,0,0,0,1,0
23271,0033800002aGkFrAAK,0.0,0,0.0,4022.0,1,0,0,0,0,1,0,0,0,0,1,0,0
23279,0033800002aGkboAAC,0.0,0,0.0,4383.0,0,0,0,0,1,0,1,0,0,0,0,1,0
23281,0033800002aGktBAAS,0.0,0,0.0,7219.0,0,0,0,1,0,0,0,0,0,1,0,1,1
23288,0033800002aGm8vAAC,0.0,0,0.0,3058.0,0,0,0,1,0,0,1,0,0,0,0,1,0
23292,0033800002aGmQXAA0,0.0,0,0.0,3808.0,1,0,0,0,0,0,1,0,0,0,0,1,0
23296,0033800002aGmxrAAC,0.0,0,969.0,815.0,1,0,0,0,0,1,0,0,0,0,0,1,1
23301,0033800002aGnhOAAS,0.0,0,0.0,9509.0,1,0,0,0,0,0,1,0,0,0,0,1,1
23302,0033800002aGnooAAC,0.0,0,0.0,6502.0,0,1,0,0,0,0,1,0,0,0,0,1,1
23303,0033800002aGnpIAAS,0.0,60,289.0,11011.0,0,0,0,1,0,0,0,0,0,1,0,1,1
23305,0033800002aGo72AAC,0.0,0,0.0,8897.0,0,1,0,0,0,0,1,0,0,0,0,1,1
23307,0033800002aGoQnAAK,0.0,0,0.0,10959.0,1,0,0,0,0,0,0,0,1,0,0,1,1
23312,0033800002aGokEAAS,0.0,0,0.0,8530.0,0,0,0,1,0,0,0,0,0,1,0,1,0
23313,0033800002aGooVAAS,0.0,0,111.0,1472.0,0,0,0,1,0,1,0,0,0,0,1,0,1
23314,0033800002aGpEsAAK,0.0,20,314.0,2922.0,0,1,0,0,0,0,0,0,1,0,0,1,1
23321,0033800002aGqBYAA0,0.0,0,0.0,1889.0,0,0,0,1,0,0,1,0,0,0,0,1,0
23326,0033800002aGqeSAAS,0.0,0,0.0,7392.0,0,0,0,0,1,0,1,0,0,0,0,1,1
23327,0033800002aGqfkAAC,0.0,0,748.0,3800.0,0,0,0,1,0,0,0,0,0,1,0,1,1
23328,0033800002aGqgJAAS,0.0,0,0.0,2626.0,0,0,0,1,0,0,0,0,1,0,1,0,0
23331,0033800002aGqkaAAC,0.0,0,0.0,8011.0,1,0,0,0,0,0,0,0,1,0,0,1,1
23334,0033800002aGqqEAAS,0.0,0,4551.0,1462.0,0,1,0,0,0,0,0,0,0,1,1,0,0
23338,0033800002aGqtDAAS,0.0,0,0.0,9718.0,1,0,0,0,0,0,0,0,0,1,0,1,1
23343,0033800002aGr6qAAC,0.0,0,41.0,2922.0,0,0,0,1,0,1,0,0,0,0,0,1,0
23344,0033800002aGr8gAAC,0.0,0,794.0,2594.0,0,1,0,0,0,0,0,0,0,1,0,1,0
23346,0033800002aGr9tAAC,0.0,40,0.0,7304.0,0,1,0,0,0,0,1,0,0,0,1,0,0
23350,0033800002aGrFNAA0,0.0,20,1631.0,2258.0,0,1,0,0,0,0,1,0,0,0,1,0,1
23352,0033800002aGrGGAA0,0.0,0,0.0,5176.0,0,0,0,1,0,0,1,0,0,0,0,1,1
23354,0033800002aGrJUAA0,0.0,90,0.0,4072.0,0,0,0,1,0,0,1,0,0,0,0,1,1
23356,0033800002aGrMEAA0,0.0,80,320.0,607.0,0,0,0,1,0,0,0,0,1,0,0,1,1
23359,0033800002aGrMnAAK,0.0,0,0.0,7503.0,0,1,0,0,0,0,1,0,0,0,0,1,0
23360,0033800002aGrMxAAK,0.0,0,0.0,2286.0,0,1,0,0,0,0,1,0,0,0,1,0,0
23361,0033800002aGrN7AAK,0.0,40,1442.0,1908.0,0,1,0,0,0,0,0,0,1,0,0,1,1
23362,0033800002aGrPhAAK,0.0,0,0.0,11511.0,0,0,0,1,0,0,1,0,0,0,0,1,1
23365,0033800002aGrQzAAK,0.0,0,0.0,7534.0,0,0,0,0,1,0,1,0,0,0,0,1,0
23374,0033800002aGs7bAAC,0.0,0,0.0,2921.0,0,0,0,1,0,0,1,0,0,0,1,0,1
23376,0033800002aGsT3AAK,0.0,0,0.0,7244.0,0,1,0,0,0,0,1,0,0,0,0,1,1
23377,0033800002aGsT4AAK,0.0,0,16369.0,1460.0,0,0,0,0,1,0,0,0,1,0,0,1,0
23378,0033800002aGsT5AAK,0.0,0,1023.0,7029.0,0,0,0,0,1,0,1,0,0,0,0,1,1
23382,0033800002aGsT9AAK,0.0,0,7806.0,1096.0,0,0,0,0,1,0,1,0,0,0,0,1,1
23383,0033800002aGsTAAA0,0.0,0,13771.0,1552.0,1,0,0,0,0,0,1,0,0,0,0,1,0
23390,0033800002aGsTHAA0,0.0,80,753.0,3238.0,0,1,0,0,0,0,1,0,0,0,0,1,1
23394,0033800002aGsTLAA0,0.0,0,0.0,11639.0,0,0,0,1,0,0,1,0,0,0,0,1,0
23395,0033800002aGsTMAA0,0.0,50,671.0,2891.0,1,0,0,0,0,0,0,0,0,1,0,1,1
23397,0033800002aGsTQAA0,0.0,0,0.0,2604.0,0,0,0,1,0,0,1,0,0,0,0,1,1
23398,0033800002aGsTRAA0,0.0,0,0.0,7213.0,0,1,0,0,0,0,0,0,1,0,0,1,1
23400,0033800002aGsTTAA0,0.0,30,4217.0,7356.0,0,0,1,0,0,1,0,0,0,0,1,0,0
23401,0033800002aGsTWAA0,0.0,0,0.0,8326.0,0,0,0,0,1,0,1,0,0,0,0,1,0
23403,0033800002aGsTYAA0,0.0,90,2205.0,2833.0,0,0,0,1,0,0,1,0,0,0,0,1,1
23404,0033800002aGsTZAA0,0.0,10,1391.0,1461.0,1,0,0,0,0,0,0,0,1,0,0,1,0
23405,0033800002aGsTaAAK,0.0,0,4611.0,1491.0,0,1,0,0,0,0,1,0,0,0,0,1,1
23408,0033800002aGsTdAAK,0.0,0,0.0,4485.0,1,0,0,0,0,0,1,0,0,0,0,1,0
23409,0033800002aGsTeAAK,0.0,0,0.0,7314.0,0,0,0,1,0,0,1,0,0,0,0,1,0
23410,0033800002aGsTfAAK,0.0,0,0.0,7329.0,0,0,0,1,0,0,1,0,0,0,0,1,1
23411,0033800002aGsTgAAK,0.0,0,0.0,7319.0,0,0,0,1,0,0,1,0,0,0,0,1,1
23414,0033800002aGssIAAS,0.0,0,0.0,8758.0,0,0,0,1,0,1,0,0,0,0,0,1,1
23415,0033800002aGswoAAC,0.0,10,4081.0,1085.0,0,1,0,0,0,0,1,0,0,0,0,1,1
23417,0033800002aGt9xAAC,0.0,0,12794.0,1593.0,0,0,0,0,1,0,0,0,1,0,0,1,0
23420,0033800002aGtEDAA0,0.0,80,0.0,2690.0,0,0,0,1,0,0,1,0,0,0,0,1,1
23421,0033800002aGtHlAAK,0.0,0,0.0,7316.0,0,0,0,1,0,1,0,0,0,0,0,1,1
23423,0033800002aGtJwAAK,0.0,0,0.0,2539.0,0,0,0,1,0,0,0,0,0,1,0,1,0
23426,0033800002aGtTIAA0,0.0,0,0.0,7703.0,0,0,0,1,0,0,1,0,0,0,0,1,1
23432,0033800002aGtm0AAC,0.0,0,0.0,3530.0,1,0,0,0,0,0,1,0,0,0,0,1,0
23433,0033800002aGtm5AAC,0.0,0,209.0,5872.0,0,0,0,0,1,1,0,0,0,0,1,0,1
23434,0033800002aGtmKAAS,0.0,80,0.0,3779.0,0,0,0,1,0,0,1,0,0,0,0,1,1
23435,0033800002aGtn8AAC,0.0,0,0.0,1460.0,1,0,0,0,0,0,1,0,0,0,0,1,1
23437,0033800002aGuGZAA0,0.0,0,0.0,8228.0,0,0,0,0,1,1,0,0,0,0,0,1,1
23438,0033800002aGuJJAA0,0.0,0,0.0,7335.0,0,0,0,1,0,0,0,0,0,1,0,1,1
23440,0033800002aGuMIAA0,0.0,0,4173.0,1266.0,0,0,0,1,0,0,0,1,0,0,1,0,1
23447,0033800002aGugIAAS,0.0,0,10335.0,263.0,0,0,0,1,0,0,1,0,0,0,0,1,1
23452,0033800002aGuv3AAC,0.0,0,0.0,1658.0,0,0,0,1,0,1,0,0,0,0,0,1,0
23456,0033800002aGvFSAA0,0.0,0,0.0,8494.0,1,0,0,0,0,0,1,0,0,0,0,1,1
23457,0033800002aGvFmAAK,0.0,0,0.0,2380.0,0,0,0,1,0,0,1,0,0,0,0,1,1
23460,0033800002aGvPNAA0,0.0,0,0.0,7318.0,0,0,0,0,1,0,1,0,0,0,0,1,0
23465,0033800002aGvrgAAC,0.0,0,0.0,9130.0,0,0,0,0,1,0,1,0,0,0,0,1,0
23468,0033800002aGw68AAC,0.0,0,0.0,6786.0,0,1,0,0,0,0,1,0,0,0,1,0,1
23472,0033800002aGwJTAA0,0.0,0,0.0,4931.0,0,0,0,1,0,1,0,0,0,0,1,0,0
23473,0033800002aGwQPAA0,0.0,0,2456.0,2648.0,0,1,0,0,0,1,0,0,0,0,0,1,1
23479,0033800002aGwlYAAS,0.0,0,0.0,7880.0,0,0,0,1,0,0,1,0,0,0,0,1,0
23486,0033800002aGwvEAAS,0.0,90,0.0,5978.0,0,1,0,0,0,0,1,0,0,0,0,1,1
23488,0033800002aGwvTAAS,0.0,0,115.0,13731.0,0,0,0,0,1,0,1,0,0,0,0,1,1
23490,0033800002aGwwHAAS,0.0,0,0.0,1460.0,0,0,0,0,1,0,0,0,0,1,0,1,1
23492,0033800002aGwxjAAC,0.0,0,0.0,8957.0,0,0,0,0,1,0,1,0,0,0,0,1,0
23493,0033800002aGwxoAAC,0.0,0,41.0,2194.0,0,1,0,0,0,0,1,0,0,0,1,0,1
23503,0033800002aGxAeAAK,0.0,10,2.0,5045.0,0,0,0,1,0,0,1,0,0,0,1,0,0
23513,0033800002aGyI9AAK,0.0,0,0.0,3668.0,0,1,0,0,0,0,1,0,0,0,0,1,1
23515,0033800002aGyaMAAS,0.0,0,1148.0,2800.0,0,0,0,1,0,0,1,0,0,0,0,1,0
23519,0033800002aGyaQAAS,0.0,40,1570.0,1502.0,0,0,0,1,0,0,1,0,0,0,0,1,0
23523,0033800002aGyopAAC,0.0,30,7362.0,7377.0,0,1,0,0,0,0,0,0,0,1,0,1,1
23527,0033800002aGz3uAAC,0.0,0,0.0,8215.0,0,0,0,1,0,0,1,0,0,0,0,1,1
23528,0033800002aGz6eAAC,0.0,0,0.0,7001.0,0,0,0,0,1,1,0,0,0,0,0,1,1
23533,0033800002aGz7cAAC,0.0,0,0.0,1754.0,0,0,0,1,0,0,1,0,0,0,1,0,1
23534,0033800002aGz8BAAS,0.0,0,0.0,1221.0,0,0,0,1,0,0,1,0,0,0,0,1,1
23535,0033800002aGz8pAAC,0.0,0,0.0,5133.0,0,0,0,1,0,0,1,0,0,0,0,1,1
23537,0033800002aGz9OAAS,0.0,40,2304.0,8939.0,1,0,0,0,0,1,0,0,0,0,0,1,0
23538,0033800002aGzAMAA0,0.0,30,9715.0,828.0,0,1,0,0,0,0,0,0,1,0,0,1,0
23542,0033800002aGzJiAAK,0.0,0,0.0,7163.0,0,0,0,1,0,0,1,0,0,0,0,1,0
23547,0033800002aGziOAAS,0.0,0,0.0,8700.0,0,0,0,0,1,0,0,0,0,1,0,1,0
23560,0033800002aH0Z3AAK,0.0,0,0.0,7851.0,0,1,0,0,0,0,1,0,0,0,0,1,1
23563,0033800002aH0qxAAC,0.0,80,2825.0,1412.0,0,1,0,0,0,0,0,0,1,0,0,1,1
23572,0033800002aH1QqAAK,0.0,0,0.0,9422.0,0,1,0,0,0,0,1,0,0,0,0,1,0
23574,0033800002aH1SEAA0,0.0,10,419.0,2759.0,0,1,0,0,0,0,1,0,0,0,0,1,1
23580,0033800002aH1eQAAS,0.0,0,374.0,1369.0,0,0,0,0,1,0,0,0,0,1,0,1,1
23581,0033800002aH1i3AAC,0.0,0,693.0,1876.0,0,0,0,1,0,0,1,0,0,0,1,0,0
23583,0033800002aH21FAAS,0.0,90,16.0,3959.0,0,0,0,1,0,0,1,0,0,0,0,1,0
23584,0033800002aH29nAAC,0.0,0,0.0,2911.0,0,0,0,1,0,1,0,0,0,0,0,1,0
23585,0033800002aH2BYAA0,0.0,0,25.0,7454.0,1,0,0,0,0,0,1,0,0,0,0,1,0
23586,0033800002aH2BdAAK,0.0,0,0.0,2724.0,1,0,0,0,0,0,0,0,0,1,1,0,1
23587,0033800002aH2H7AAK,0.0,0,51.0,561.0,0,0,0,0,1,0,0,0,1,0,0,1,1
23591,0033800002aH2TcAAK,0.0,0,202.0,4596.0,1,0,0,0,0,0,1,0,0,0,0,1,1
23596,0033800002aH2fYAAS,0.0,100,360.0,3905.0,0,0,0,1,0,0,0,0,0,1,0,1,1
23597,0033800002aH2fdAAC,0.0,0,341.0,1841.0,0,1,0,0,0,0,1,0,0,0,0,1,1
23602,0033800002aH2pYAAS,0.0,0,0.0,5894.0,0,0,0,1,0,0,1,0,0,0,0,1,1
23603,0033800002aH2pxAAC,0.0,0,0.0,2176.0,0,1,0,0,0,0,0,0,0,1,0,1,0
23609,0033800002aH2srAAC,0.0,0,601.0,914.0,0,1,0,0,0,0,1,0,0,0,1,0,0
23624,0033800002aH59qAAC,0.0,0,3670.0,4482.0,0,1,0,0,0,0,1,0,0,0,0,1,0
23633,0033800002aH6LbAAK,0.0,0,0.0,1460.0,1,0,0,0,0,0,0,0,1,0,0,1,0
23634,0033800002aH6MFAA0,0.0,0,0.0,10609.0,0,1,0,0,0,0,1,0,0,0,0,1,1
23642,0033800002aH6jxAAC,0.0,30,507.0,2922.0,0,1,0,0,0,0,1,0,0,0,0,1,1
23656,0033800002aH7WfAAK,0.0,90,0.0,6492.0,0,0,0,1,0,0,1,0,0,0,0,1,0
23659,0033800002aH7ZAAA0,0.0,0,0.0,2927.0,0,0,0,0,1,0,1,0,0,0,1,0,0
23660,0033800002aH7c4AAC,0.0,0,0.0,2062.0,0,1,0,0,0,0,1,0,0,0,1,0,1
23669,0033800002aH8JpAAK,0.0,0,0.0,1298.0,0,0,0,1,0,0,1,0,0,0,0,1,0
23673,0033800002aH8g2AAC,0.0,0,0.0,9541.0,0,1,0,0,0,0,1,0,0,0,0,1,0
23676,0033800002aH8uvAAC,0.0,70,205.0,5879.0,0,1,0,0,0,0,1,0,0,0,0,1,1
23681,0033800002aH9LoAAK,0.0,40,878.0,1312.0,0,1,0,0,0,1,0,0,0,0,0,1,1
23682,0033800002aH9P2AAK,0.0,0,114.0,5863.0,0,0,0,1,0,0,1,0,0,0,0,1,1
23683,0033800002aH9VAAA0,0.0,0,0.0,7335.0,0,0,0,1,0,0,1,0,0,0,0,1,0
23690,0033800002aHAEFAA4,0.0,0,22.0,1259.0,0,0,0,1,0,0,1,0,0,0,0,1,1
23697,0033800002aHB3wAAG,0.0,0,0.0,8549.0,0,0,0,1,0,0,1,0,0,0,0,1,0
23708,0033800002aHCAVAA4,0.0,0,99.0,2191.0,0,0,0,1,0,0,1,0,0,0,0,1,1
23710,0033800002aHCd4AAG,0.0,0,27.0,2806.0,0,0,0,1,0,0,1,0,0,0,0,1,0
23716,0033800002aHErsAAG,0.0,0,2926.0,2191.0,0,1,0,0,0,0,1,0,0,0,0,1,1
23717,0033800002aHEsvAAG,0.0,0,3654.0,1116.0,0,1,0,0,0,0,1,0,0,0,0,1,1
23718,0033800002aHEzIAAW,0.0,0,0.0,8595.0,0,1,0,0,0,0,1,0,0,0,0,1,1
23725,0033800002aHFR7AAO,0.0,0,828.0,1029.0,1,0,0,0,0,0,1,0,0,0,0,1,0
23726,0033800002aHFSPAA4,0.0,0,0.0,1551.0,0,0,0,1,0,0,0,0,0,1,1,0,0
23728,0033800002aHFU6AAO,0.0,0,0.0,8825.0,1,0,0,0,0,1,0,0,0,0,0,1,1
23729,0033800002aHFULAA4,0.0,0,0.0,7504.0,0,0,0,1,0,0,1,0,0,0,0,1,1
23730,0033800002aHFWRAA4,0.0,0,0.0,2544.0,0,0,0,1,0,0,1,0,0,0,1,0,0
23735,0033800002aHG3QAAW,0.0,80,1455.0,2968.0,1,0,0,0,0,0,1,0,0,0,0,1,0
23736,0033800002aHGAbAAO,0.0,0,4097.0,1633.0,0,1,0,0,0,0,0,0,0,1,0,1,1
23738,0033800002aHGPCAA4,0.0,100,236.0,9448.0,0,1,0,0,0,0,1,0,0,0,0,1,0
23739,0033800002aHGTiAAO,0.0,0,0.0,1461.0,0,0,0,1,0,0,1,0,0,0,0,1,0
23743,0033800002aHGqQAAW,0.0,0,0.0,7314.0,0,1,0,0,0,1,0,0,0,0,1,0,1
23748,0033800002aHHP8AAO,0.0,40,602.0,7308.0,0,0,0,0,1,0,0,0,0,1,0,1,1
23751,0033800002aHHW3AAO,0.0,0,0.0,4343.0,1,0,0,0,0,0,0,0,0,1,1,0,0
23755,0033800002aHHs7AAG,0.0,0,0.0,7328.0,0,1,0,0,0,1,0,0,0,0,0,1,1
23762,0033800002aHIOHAA4,0.0,0,0.0,8473.0,0,0,0,1,0,0,1,0,0,0,0,1,1
23767,0033800002aHIWSAA4,0.0,0,1234.0,5252.0,0,1,0,0,0,0,0,0,0,1,1,0,0
23771,0033800002aHIqDAAW,0.0,0,4329.0,7304.0,0,1,0,0,0,0,0,0,0,1,0,1,1
23772,0033800002aHIuFAAW,0.0,0,0.0,7218.0,0,1,0,0,0,0,1,0,0,0,0,1,1
23773,0033800002aHIxJAAW,0.0,30,1342.0,3397.0,0,0,0,1,0,0,1,0,0,0,1,0,1
23778,0033800002aHJKcAAO,0.0,0,510.0,1460.0,0,0,0,1,0,0,0,0,1,0,0,1,0
23782,0033800002aHK6yAAG,0.0,0,0.0,7819.0,0,0,0,0,1,0,1,0,0,0,1,0,1
23786,0033800002aHKydAAG,0.0,0,0.0,8278.0,0,0,0,1,0,0,1,0,0,0,0,1,0
23787,0033800002aHL0UAAW,0.0,0,2955.0,3241.0,0,0,0,0,1,0,0,0,0,1,1,0,0
23790,0033800002aHL5UAAW,0.0,0,0.0,9296.0,0,1,0,0,0,0,1,0,0,0,0,1,1
23793,0033800002aHLKKAA4,0.0,100,0.0,1919.0,0,0,0,1,0,0,1,0,0,0,0,1,0
23795,0033800002aHLMfAAO,0.0,0,0.0,1946.0,0,0,0,1,0,0,1,0,0,0,0,1,0
23798,0033800002aHLUUAA4,0.0,0,0.0,2557.0,0,1,0,0,0,0,1,0,0,0,0,1,1
23799,0033800002aHLeFAAW,0.0,30,4122.0,7249.0,0,0,0,0,1,0,0,0,0,1,1,0,1
23804,0033800002aHM0LAAW,0.0,0,0.0,9443.0,0,0,0,0,1,0,1,0,0,0,0,1,0
23809,0033800002aHMGVAA4,0.0,0,1028.0,164.0,1,0,0,0,0,0,1,0,0,0,0,1,1
23814,0033800002aHN9YAAW,0.0,10,0.0,1829.0,1,0,0,0,0,0,1,0,0,0,1,0,0
23818,0033800002aHNILAA4,0.0,0,0.0,1871.0,1,0,0,0,0,0,1,0,0,0,0,1,1
23819,0033800002aHNJxAAO,0.0,0,0.0,2902.0,0,0,0,1,0,0,0,0,0,1,0,1,1
23820,0033800002aHNKgAAO,0.0,0,52.0,5456.0,0,0,0,1,0,1,0,0,0,0,1,0,1
23821,0033800002aHNcHAAW,0.0,0,0.0,1242.0,0,1,0,0,0,0,1,0,0,0,0,1,0
23822,0033800002aHNcgAAG,0.0,0,0.0,5992.0,0,0,0,1,0,0,0,0,1,0,0,1,0
23825,0033800002aHNqvAAG,0.0,30,4275.0,9881.0,0,0,0,1,0,0,0,0,1,0,0,1,0
23827,0033800002aHOM5AAO,0.0,0,216.0,1831.0,0,0,0,1,0,0,0,0,1,0,0,1,1
23831,0033800002aHPIcAAO,0.0,0,0.0,1250.0,0,1,0,0,0,0,1,0,0,0,1,0,0
23836,0033800002aHQe5AAG,0.0,0,0.0,9635.0,0,1,0,0,0,0,0,0,0,1,0,1,1
23840,0033800002aYEuuAAG,0.0,0,0.0,5373.0,1,0,0,0,0,0,1,0,0,0,0,1,0
23842,0033800002aYF7uAAG,0.0,0,0.0,7321.0,0,0,0,1,0,0,1,0,0,0,0,1,1
23843,0033800002aYF9MAAW,0.0,0,0.0,1096.0,0,1,0,0,0,0,1,0,0,0,0,1,0
23844,0033800002aYFDOAA4,0.0,0,0.0,9285.0,0,0,0,0,1,0,1,0,0,0,0,1,0
23848,0033800002aYFzuAAG,0.0,0,3774.0,2964.0,0,0,0,0,1,0,1,0,0,0,1,0,1
23850,0033800002aYGBqAAO,0.0,0,0.0,2280.0,0,0,0,1,0,0,1,0,0,0,0,1,1
23851,0033800002aYGIAAA4,0.0,0,0.0,1346.0,0,0,0,1,0,0,1,0,0,0,0,1,0
23853,0033800002aYGh0AAG,0.0,0,374.0,11652.0,0,0,0,0,1,0,0,0,0,1,0,1,1
23854,0033800002aYGimAAG,0.0,0,0.0,10643.0,0,1,0,0,0,0,0,0,1,0,0,1,1
23855,0033800002aYGjQAAW,0.0,100,2537.0,1462.0,1,0,0,0,0,1,0,0,0,0,0,1,0
23858,0033800002aYGpTAAW,0.0,0,0.0,1796.0,0,0,0,1,0,1,0,0,0,0,0,1,1
23859,0033800002aYGtaAAG,0.0,0,0.0,3116.0,0,1,0,0,0,0,1,0,0,0,0,1,1
23861,0033800002aYHB8AAO,0.0,0,0.0,11712.0,0,0,0,0,1,0,1,0,0,0,0,1,0
23862,0033800002aYHHBAA4,0.0,0,0.0,11190.0,0,1,0,0,0,0,1,0,0,0,0,1,1
23863,0033800002aYHHuAAO,0.0,0,0.0,8713.0,1,0,0,0,0,1,0,0,0,0,0,1,1
23864,0033800002aYHIEAA4,0.0,0,4432.0,1461.0,0,1,0,0,0,0,1,0,0,0,0,1,1
23867,0033800002aYHRLAA4,0.0,0,0.0,1826.0,0,0,0,1,0,0,0,0,1,0,0,1,0
23868,0033800002aYHemAAG,0.0,0,0.0,1461.0,0,1,0,0,0,0,1,0,0,0,1,0,1
23870,0033800002aYHgYAAW,0.0,0,0.0,14188.0,0,0,0,1,0,0,1,0,0,0,0,1,1
23871,0033800002aYHgdAAG,0.0,0,6026.0,1099.0,0,0,0,1,0,0,1,0,0,0,0,1,1
23875,0033800002aYIC1AAO,0.0,50,484.0,4400.0,0,0,0,1,0,0,1,0,0,0,0,1,1
23876,0033800002aYIHBAA4,0.0,0,0.0,3957.0,0,0,0,1,0,0,1,0,0,0,0,1,0
23877,0033800002aYIK0AAO,0.0,90,2172.0,7845.0,0,0,0,0,1,0,1,0,0,0,0,1,0
23879,0033800002aYIlRAAW,0.0,0,0.0,7321.0,1,0,0,0,0,0,0,0,0,1,1,0,1
23880,0033800002aYImFAAW,0.0,0,35.0,8448.0,0,1,0,0,0,0,1,0,0,0,0,1,1
23881,0033800002aYItbAAG,0.0,0,0.0,3907.0,1,0,0,0,0,1,0,0,0,0,0,1,1
23885,0033800002aYJ90AAG,0.0,0,2652.0,3079.0,0,0,0,1,0,0,1,0,0,0,0,1,0
23888,0033800002aYJNHAA4,0.0,100,2187.0,8022.0,0,1,0,0,0,0,1,0,0,0,0,1,0
23889,0033800002aYJO5AAO,0.0,20,1891.0,1460.0,0,1,0,0,0,0,0,0,0,1,0,1,0
23890,0033800002aYJOFAA4,0.0,0,0.0,7466.0,0,0,0,1,0,0,0,0,1,0,0,1,1
23893,0033800002aYJdPAAW,0.0,0,0.0,1114.0,0,0,0,1,0,0,1,0,0,0,0,1,1
23894,0033800002aYJewAAG,0.0,0,0.0,2247.0,0,0,0,1,0,0,1,0,0,0,0,1,0
23895,0033800002aYJfQAAW,0.0,50,4113.0,1053.0,0,0,0,0,1,0,0,0,0,1,0,1,0
23897,0033800002aYJn0AAG,0.0,0,0.0,2957.0,0,0,0,1,0,0,0,0,1,0,0,1,0
23898,0033800002aYJwZAAW,0.0,0,636.0,1360.0,0,0,0,1,0,0,0,0,1,0,0,1,1
23899,0033800002aYJxwAAG,0.0,0,0.0,7217.0,0,1,0,0,0,0,1,0,0,0,0,1,1
23900,0033800002aYKB2AAO,0.0,0,0.0,7319.0,0,0,0,1,0,0,1,0,0,0,0,1,1
23901,0033800002aYKHuAAO,0.0,100,2604.0,1996.0,0,1,0,0,0,0,1,0,0,0,0,1,0
23902,0033800002aYKKlAAO,0.0,10,8343.0,3670.0,0,1,0,0,0,0,1,0,0,0,0,1,0
23904,0033800002aYKPrAAO,0.0,80,2298.0,1943.0,0,0,0,1,0,0,1,0,0,0,1,0,0
23905,0033800002aYKQ6AAO,0.0,0,3337.0,2971.0,0,0,0,1,0,0,0,0,1,0,0,1,0
23907,0033800002aYKT9AAO,0.0,0,0.0,11284.0,0,0,0,0,1,0,1,0,0,0,0,1,1
23908,0033800002aYKTdAAO,0.0,100,587.0,2325.0,0,0,0,1,0,0,1,0,0,0,0,1,0
23911,0033800002aYKZqAAO,0.0,80,524.0,7105.0,0,1,0,0,0,0,1,0,0,0,0,1,1
23912,0033800002aYLF1AAO,0.0,0,0.0,7335.0,0,0,0,1,0,0,1,0,0,0,0,1,1
23915,0033800002aYLPPAA4,0.0,0,0.0,1976.0,0,0,0,1,0,0,1,0,0,0,0,1,1
23919,0033800002aYLfwAAG,0.0,0,0.0,11771.0,1,0,0,0,0,0,1,0,0,0,0,1,1
23920,0033800002aYLyFAAW,0.0,0,552.0,728.0,0,0,0,0,1,0,1,0,0,0,1,0,0
23921,0033800002aYMBxAAO,0.0,0,0.0,7791.0,0,0,0,0,1,0,1,0,0,0,0,1,0
23931,0033800002aYMc0AAG,0.0,0,0.0,2274.0,0,0,0,1,0,0,1,0,0,0,0,1,1
23936,0033800002aYNTsAAO,0.0,0,0.0,3077.0,0,0,0,1,0,0,0,0,0,1,1,0,0
23944,0033800002aYOanAAG,0.0,0,2971.0,2677.0,0,1,0,0,0,1,0,0,0,0,0,1,0
23945,0033800002aYOiIAAW,0.0,0,2958.0,7326.0,0,0,0,1,0,0,0,0,0,1,0,1,0
23946,0033800002aYOrHAAW,0.0,0,0.0,3044.0,0,0,0,1,0,0,1,0,0,0,0,1,1
23948,0033800002aYP2DAAW,0.0,90,1860.0,2911.0,0,0,0,0,1,0,1,0,0,0,0,1,1
23949,0033800002aYP8VAAW,0.0,50,1283.0,8768.0,0,0,0,0,1,0,0,0,0,1,0,1,1
23951,0033800002aYPBAAA4,0.0,40,5304.0,7733.0,0,1,0,0,0,0,1,0,0,0,0,1,0
23955,0033800002aYPeiAAG,0.0,0,9713.0,8849.0,0,1,0,0,0,1,0,0,0,0,0,1,0
23956,0033800002aYPpCAAW,0.0,0,0.0,696.0,0,0,0,1,0,0,1,0,0,0,0,1,1
23957,0033800002aYQ0hAAG,0.0,0,824.0,2009.0,0,1,0,0,0,0,1,0,0,0,0,1,0
23960,0033800002aYQGGAA4,0.0,0,10.0,3551.0,1,0,0,0,0,1,0,0,0,0,0,1,1
23962,0033800002aYQZcAAO,0.0,30,5475.0,1020.0,0,1,0,0,0,0,1,0,0,0,1,0,1
23963,0033800002aYQhqAAG,0.0,0,0.0,8748.0,0,1,0,0,0,0,1,0,0,0,0,1,1
23964,0033800002aYQtqAAG,0.0,0,0.0,4138.0,0,0,0,1,0,0,1,0,0,0,1,0,0
26232,0033800002aYRlzAAG,0.0,0,108.0,1927.0,0,0,0,1,0,0,1,0,0,0,0,1,1
26233,0033800002aYRmiAAG,0.0,0,0.0,7799.0,0,0,0,0,1,1,0,0,0,0,1,0,1
26234,0033800002aYRpwAAG,0.0,0,35.0,7711.0,1,0,0,0,0,0,1,0,0,0,0,1,1
26235,0033800002aYRyFAAW,0.0,0,0.0,8375.0,0,0,0,0,1,0,1,0,0,0,0,1,1
26236,0033800002aYS6UAAW,0.0,50,837.0,2372.0,0,0,0,1,0,0,1,0,0,0,0,1,1
26238,0033800002aYSaMAAW,0.0,0,0.0,2191.0,1,0,0,0,0,0,1,0,0,0,0,1,0
26239,0033800002aYTNBAA4,0.0,0,0.0,10771.0,0,0,1,0,0,0,1,0,0,0,0,1,1
26241,0033800002aYTybAAG,0.0,80,1182.0,2290.0,0,1,0,0,0,0,1,0,0,0,0,1,1
26245,0033800002aYUjsAAG,0.0,0,0.0,9526.0,0,0,0,1,0,0,0,0,0,1,0,1,1
26246,0033800002aYUwPAAW,0.0,10,930.0,7317.0,0,1,0,0,0,1,0,0,0,0,1,0,1
26247,0033800002aYUyLAAW,0.0,0,0.0,3921.0,1,0,0,0,0,0,1,0,0,0,0,1,0
26249,0033800002aYV60AAG,0.0,10,6061.0,7319.0,0,0,0,1,0,0,0,0,0,1,0,1,0
26251,0033800002aYVEOAA4,0.0,0,0.0,7741.0,0,0,0,1,0,0,1,0,0,0,0,1,1
26252,0033800002aYVJAAA4,0.0,0,0.0,3174.0,0,0,0,1,0,0,1,0,0,0,0,1,0
26255,0033800002aYVbwAAG,0.0,0,580.0,3536.0,0,0,0,1,0,0,0,0,1,0,0,1,0
26256,0033800002aYVdiAAG,0.0,0,0.0,690.0,0,0,0,1,0,0,1,0,0,0,1,0,1
26259,0033800002aYVv3AAG,0.0,0,0.0,9877.0,0,0,0,1,0,0,1,0,0,0,0,1,1
26262,0033800002aYWn2AAG,0.0,30,9239.0,1817.0,0,0,0,0,1,1,0,0,0,0,0,1,0
26269,0033800002aYXevAAG,0.0,0,0.0,9557.0,0,0,0,0,1,1,0,0,0,0,1,0,0
26282,0033800002aYYWOAA4,0.0,0,0.0,7813.0,0,1,0,0,0,0,0,0,1,0,0,1,1
26284,0033800002aYYXMAA4,0.0,0,0.0,8130.0,0,1,0,0,0,0,1,0,0,0,0,1,0
26285,0033800002aYYbVAAW,0.0,0,1813.0,7415.0,0,1,0,0,0,1,0,0,0,0,1,0,1
26289,0033800002aYYzeAAG,0.0,0,0.0,9088.0,0,0,0,0,1,0,1,0,0,0,0,1,1
26294,0033800002aYZ32AAG,0.0,0,1046.0,1391.0,1,0,0,0,0,0,0,0,1,0,0,1,0
26296,0033800002aYZ3MAAW,0.0,0,0.0,2192.0,0,0,0,1,0,0,0,0,0,1,0,1,0
26298,0033800002aYZ8rAAG,0.0,0,1142.0,1827.0,0,0,0,1,0,0,0,0,1,0,0,1,0
26299,0033800002aYZ91AAG,0.0,60,0.0,13483.0,0,0,0,1,0,0,1,0,0,0,0,1,0
26300,0033800002aYZAEAA4,0.0,0,0.0,7315.0,0,0,0,1,0,0,1,0,0,0,0,1,1
26314,0033800002aYaCoAAK,0.0,100,10764.0,1841.0,1,0,0,0,0,0,0,0,0,1,1,0,0
26316,0033800002aYaCqAAK,0.0,80,0.0,2722.0,0,1,0,0,0,0,1,0,0,0,1,0,0
26318,0033800002aYaCsAAK,0.0,0,6758.0,1461.0,0,1,0,0,0,0,0,0,1,0,0,1,1
26319,0033800002aYaCtAAK,0.0,0,73.0,3174.0,0,1,0,0,0,0,0,0,1,0,0,1,1
26323,0033800002aYaF1AAK,0.0,0,7566.0,1313.0,0,0,0,0,1,0,1,0,0,0,0,1,1
26324,0033800002aYaGJAA0,0.0,0,0.0,7457.0,0,0,0,1,0,0,0,0,1,0,0,1,1
26325,0033800002aYaGKAA0,0.0,0,0.0,6148.0,0,1,0,0,0,0,1,0,0,0,0,1,0
26329,0033800002aYaGOAA0,0.0,0,0.0,1332.0,1,0,0,0,0,0,1,0,0,0,0,1,0
26330,0033800002aYaGPAA0,0.0,0,0.0,7609.0,0,0,0,0,1,1,0,0,0,0,0,1,1
26331,0033800002aYaGQAA0,0.0,0,21.0,4303.0,0,0,0,0,1,1,0,0,0,0,1,0,1
26332,0033800002aYaGRAA0,0.0,40,2226.0,1854.0,0,0,0,1,0,0,1,0,0,0,0,1,0
26333,0033800002aYaGSAA0,0.0,0,0.0,917.0,0,1,0,0,0,0,1,0,0,0,0,1,1
26336,0033800002aYaGVAA0,0.0,0,0.0,2373.0,0,0,0,1,0,0,1,0,0,0,0,1,0
26337,0033800002aYaGWAA0,0.0,0,4343.0,3147.0,0,1,0,0,0,0,0,0,1,0,0,1,1
26338,0033800002aYaGXAA0,0.0,0,0.0,8829.0,0,0,0,0,1,1,0,0,0,0,0,1,1
26339,0033800002aYaGYAA0,0.0,0,568.0,2837.0,0,1,0,0,0,0,1,0,0,0,0,1,0
26341,0033800002aYaGaAAK,0.0,100,1137.0,6237.0,0,0,0,1,0,0,1,0,0,0,0,1,0
26342,0033800002aYaGcAAK,0.0,0,918.0,2192.0,0,0,0,1,0,0,0,0,0,1,0,1,0
26343,0033800002aYaGdAAK,0.0,80,955.0,3372.0,0,0,0,1,0,0,0,0,1,0,0,1,1
26344,0033800002aYaGeAAK,0.0,80,1040.0,1188.0,0,1,0,0,0,0,1,0,0,0,0,1,1
26347,0033800002aYaGhAAK,0.0,10,2778.0,1491.0,0,0,0,0,1,0,0,0,1,0,0,1,0
26349,0033800002aYaGjAAK,0.0,50,1412.0,362.0,0,0,0,1,0,1,0,0,0,0,0,1,1
26350,0033800002aYaGkAAK,0.0,0,2157.0,1285.0,0,1,0,0,0,0,1,0,0,0,0,1,0
26355,0033800002aYaGpAAK,0.0,0,0.0,3106.0,0,0,0,1,0,0,1,0,0,0,0,1,1
26358,0033800002aYaGsAAK,0.0,0,0.0,1173.0,0,0,0,1,0,0,1,0,0,0,0,1,0
26359,0033800002aYaGtAAK,0.0,0,0.0,4521.0,1,0,0,0,0,0,1,0,0,0,0,1,1
26363,0033800002aYaGxAAK,0.0,0,0.0,5106.0,0,0,0,1,0,0,1,0,0,0,0,1,1
26366,0033800002aYaH0AAK,0.0,50,1321.0,8352.0,0,0,0,0,1,0,1,0,0,0,0,1,0
26367,0033800002aYaH1AAK,0.0,0,340.0,7860.0,0,0,0,0,1,1,0,0,0,0,1,0,1
26368,0033800002aYaH2AAK,0.0,0,186.0,8045.0,0,1,0,0,0,0,1,0,0,0,1,0,1
26369,0033800002aYaH3AAK,0.0,30,157.0,7472.0,0,1,0,0,0,0,1,0,0,0,0,1,1
26370,0033800002aYaH4AAK,0.0,0,0.0,1525.0,0,0,0,1,0,0,1,0,0,0,0,1,1
26371,0033800002aYaH5AAK,0.0,50,1891.0,8014.0,0,1,0,0,0,0,0,0,0,1,0,1,1
26373,0033800002aYaH7AAK,0.0,0,7285.0,2191.0,0,1,0,0,0,0,0,0,1,0,0,1,0
26374,0033800002aYaH8AAK,0.0,30,1282.0,3054.0,0,0,1,0,0,0,1,0,0,0,1,0,1
26375,0033800002aYaH9AAK,0.0,20,8985.0,7373.0,0,0,0,1,0,0,1,0,0,0,0,1,1
26376,0033800002aYaHUAA0,0.0,0,0.0,3507.0,0,0,0,1,0,0,1,0,0,0,0,1,1
26378,0033800002aYaKsAAK,0.0,0,0.0,7317.0,1,0,0,0,0,1,0,0,0,0,0,1,1
26381,0033800002aYaaJAAS,0.0,0,0.0,13881.0,0,1,0,0,0,0,1,0,0,0,1,0,0
26383,0033800002aYalkAAC,0.0,0,0.0,9266.0,0,1,0,0,0,0,0,0,1,0,0,1,1
26387,0033800002aYbVBAA0,0.0,0,0.0,8089.0,1,0,0,0,0,0,1,0,0,0,0,1,1
26388,0033800002aYbWiAAK,0.0,0,0.0,2680.0,0,0,0,1,0,0,1,0,0,0,0,1,0
26390,0033800002aYbhVAAS,0.0,0,0.0,9100.0,1,0,0,0,0,0,1,0,0,0,0,1,1
26392,0033800002aYbwTAAS,0.0,0,0.0,8411.0,1,0,0,0,0,0,1,0,0,0,0,1,1
26393,0033800002aYbxHAAS,0.0,0,0.0,7327.0,0,1,0,0,0,0,1,0,0,0,0,1,1
26394,0033800002aYbxWAAS,0.0,0,0.0,4858.0,1,0,0,0,0,0,1,0,0,0,0,1,1
26398,0033800002aYchZAAS,0.0,0,0.0,3526.0,1,0,0,0,0,0,1,0,0,0,0,1,1
26399,0033800002aYcrQAAS,0.0,60,619.0,6059.0,0,0,0,0,1,1,0,0,0,0,0,1,1
26403,0033800002aYd7KAAS,0.0,0,0.0,5129.0,0,0,0,1,0,0,1,0,0,0,0,1,1
26404,0033800002aYdEGAA0,0.0,0,855.0,1460.0,0,0,0,1,0,0,0,0,0,1,0,1,1
26408,0033800002aYdfzAAC,0.0,0,0.0,8432.0,0,0,0,0,1,0,0,0,1,0,0,1,1
26412,0033800002aYdy5AAC,0.0,0,184.0,5394.0,1,0,0,0,0,0,0,0,1,0,0,1,1
26413,0033800002aYdzrAAC,0.0,0,0.0,7278.0,1,0,0,0,0,0,0,0,0,1,0,1,1
26415,0033800002aYeJdAAK,0.0,0,0.0,9524.0,0,1,0,0,0,0,1,0,0,0,0,1,0
26416,0033800002aYeTmAAK,0.0,0,0.0,7801.0,0,0,0,1,0,0,0,1,0,0,0,1,1
26417,0033800002aYeUpAAK,0.0,0,1644.0,4507.0,0,1,0,0,0,1,0,0,0,0,1,0,1
26419,0033800002aYeb4AAC,0.0,0,0.0,1460.0,0,0,0,1,0,0,1,0,0,0,0,1,0
26420,0033800002aYebsAAC,0.0,0,1357.0,2192.0,0,0,0,1,0,1,0,0,0,0,1,0,1
26424,0033800002aYewjAAC,0.0,0,0.0,9417.0,0,1,0,0,0,0,1,0,0,0,0,1,1
26425,0033800002aYexhAAC,0.0,50,0.0,7789.0,0,1,0,0,0,0,1,0,0,0,0,1,1
26426,0033800002aYf49AAC,0.0,0,0.0,3832.0,0,0,0,1,0,0,0,0,0,1,0,1,1
26428,0033800002aYfKpAAK,0.0,0,3315.0,3340.0,1,0,0,0,0,1,0,0,0,0,0,1,0
26430,0033800002aYgK9AAK,0.0,0,0.0,8444.0,0,0,0,1,0,0,1,0,0,0,0,1,1
26431,0033800002aYgVCAA0,0.0,0,0.0,5114.0,0,0,0,1,0,0,0,0,0,1,0,1,0
26432,0033800002aYgamAAC,0.0,0,3629.0,432.0,0,0,0,1,0,0,1,0,0,0,1,0,0
26433,0033800002aYgfDAAS,0.0,0,0.0,4891.0,0,0,0,0,1,0,1,0,0,0,0,1,1
26435,0033800002aYhByAAK,0.0,0,0.0,4165.0,0,0,0,1,0,0,0,0,0,1,0,1,1
26437,0033800002aYhNVAA0,0.0,0,0.0,1272.0,0,0,0,1,0,0,0,0,0,1,1,0,0
26438,0033800002aYhNkAAK,0.0,30,1764.0,2129.0,0,1,0,0,0,0,1,0,0,0,1,0,0
26444,0033800002aYhm6AAC,0.0,0,0.0,1222.0,0,0,0,1,0,0,1,0,0,0,0,1,1
26447,0033800002aYiHeAAK,0.0,90,189.0,2805.0,0,0,0,1,0,0,1,0,0,0,1,0,1
26451,0033800002aYiO4AAK,0.0,30,80.0,1845.0,1,0,0,0,0,0,1,0,0,0,0,1,0
26452,0033800002aYiQUAA0,0.0,0,0.0,4776.0,0,0,0,1,0,0,0,0,0,1,0,1,0
26453,0033800002aYiZSAA0,0.0,0,8628.0,2236.0,0,1,0,0,0,0,0,0,1,0,0,1,0
26455,0033800002aYifPAAS,0.0,0,0.0,1497.0,0,1,0,0,0,0,1,0,0,0,0,1,1
26460,0033800002aYihfAAC,0.0,0,0.0,7334.0,1,0,0,0,0,1,0,0,0,0,0,1,1
26462,0033800002aYihhAAC,0.0,0,0.0,2914.0,0,1,0,0,0,1,0,0,0,0,1,0,0
26463,0033800002aYihiAAC,0.0,0,0.0,7317.0,0,0,0,1,0,1,0,0,0,0,0,1,1
26464,0033800002aYihjAAC,0.0,0,0.0,2921.0,0,0,0,0,1,0,1,0,0,0,0,1,0
26467,0033800002aYihmAAC,0.0,0,1830.0,1697.0,0,1,0,0,0,1,0,0,0,0,0,1,1
26469,0033800002aYihoAAC,0.0,0,0.0,2351.0,0,0,0,1,0,0,1,0,0,0,0,1,1
26470,0033800002aYihpAAC,0.0,70,3729.0,843.0,0,1,0,0,0,0,1,0,0,0,0,1,1
26471,0033800002aYihqAAC,0.0,0,0.0,1852.0,0,0,0,1,0,0,0,0,0,1,0,1,0
26473,0033800002aYihsAAC,0.0,0,3535.0,1064.0,0,1,0,0,0,0,1,0,0,0,0,1,1
26477,0033800002aYijKAAS,0.0,0,0.0,16500.0,0,1,0,0,0,1,0,0,0,0,0,1,0
26479,0033800002aYimhAAC,0.0,0,0.0,17290.0,1,0,0,0,0,0,1,0,0,0,0,1,1
26482,0033800002aYipqAAC,0.0,0,2.0,1827.0,1,0,0,0,0,0,0,1,0,0,0,1,1
26486,0033800002aYj6wAAC,0.0,0,1454.0,1828.0,1,0,0,0,0,0,0,0,1,0,0,1,1
26487,0033800002aYj8nAAC,0.0,40,0.0,7331.0,0,0,0,0,1,1,0,0,0,0,1,0,1
26489,0033800002aYjIOAA0,0.0,0,0.0,7310.0,0,1,0,0,0,0,1,0,0,0,0,1,1
26490,0033800002aYjKoAAK,0.0,0,0.0,8257.0,0,0,0,0,1,0,1,0,0,0,0,1,1
26491,0033800002aYjdFAAS,0.0,70,1016.0,8273.0,0,0,0,1,0,0,0,0,1,0,0,1,0
26494,0033800002aYjpGAAS,0.0,0,0.0,7310.0,1,0,0,0,0,1,0,0,0,0,0,1,1
26497,0033800002aYk0MAAS,0.0,0,0.0,10876.0,1,0,0,0,0,0,0,0,0,1,0,1,1
26500,0033800002aYkmCAAS,0.0,0,0.0,4274.0,0,0,0,1,0,1,0,0,0,0,0,1,0
26503,0033800002aYl1DAAS,0.0,80,69.0,14139.0,1,0,0,0,0,0,0,0,0,1,0,1,1
26509,0033800002aYmFLAA0,0.0,0,4845.0,1826.0,0,0,0,1,0,0,1,0,0,0,0,1,1
26511,0033800002aYmYVAA0,0.0,0,0.0,6259.0,0,1,0,0,0,0,0,0,1,0,0,1,1
26514,0033800002aYmlKAAS,0.0,70,1336.0,1462.0,0,0,0,1,0,0,0,0,1,0,0,1,1
26517,0033800002aYnXAAA0,0.0,0,0.0,7602.0,0,0,0,0,1,0,1,0,0,0,0,1,1
26528,0033800002aYobOAAS,0.0,0,0.0,7314.0,0,0,0,1,0,0,1,0,0,0,0,1,1
26529,0033800002aYocWAAS,0.0,0,8214.0,7145.0,1,0,0,0,0,0,0,0,0,1,0,1,0
26531,0033800002aYodFAAS,0.0,0,0.0,2601.0,0,0,0,1,0,0,1,0,0,0,0,1,1
26532,0033800002aYofiAAC,0.0,0,0.0,1421.0,0,1,0,0,0,0,0,0,1,0,0,1,1
26533,0033800002aYofjAAC,0.0,0,0.0,3592.0,0,0,0,1,0,0,0,0,0,1,0,1,1
26534,0033800002aYofkAAC,0.0,0,0.0,1807.0,0,0,0,1,0,0,0,0,1,0,0,1,1
26535,0033800002aYoflAAC,0.0,0,0.0,11333.0,0,0,0,0,1,0,0,0,0,1,0,1,1
26541,0033800002aYofrAAC,0.0,0,0.0,550.0,0,0,0,1,0,0,0,0,0,1,0,1,0
26542,0033800002aYofsAAC,0.0,0,0.0,7299.0,0,1,0,0,0,0,0,0,0,1,0,1,1
26543,0033800002aYoftAAC,0.0,0,5.0,1460.0,0,1,0,0,0,0,0,0,0,1,1,0,1
26544,0033800002aYofuAAC,0.0,0,0.0,1484.0,0,0,0,1,0,0,0,0,0,1,1,0,1
26545,0033800002aYofvAAC,0.0,0,0.0,7616.0,0,0,0,1,0,0,0,0,0,1,0,1,1
26547,0033800002aYojZAAS,0.0,0,2855.0,1987.0,1,0,0,0,0,0,1,0,0,0,0,1,1
26552,0033800002aYpRkAAK,0.0,40,695.0,1222.0,0,0,0,1,0,0,1,0,0,0,0,1,1
26559,0033800002aYq70AAC,0.0,0,0.0,13034.0,0,0,0,0,1,1,0,0,0,0,0,1,1
26588,0033800002aYqObAAK,0.0,30,0.0,1461.0,1,0,0,0,0,1,0,0,0,0,0,1,1
26589,0033800002aYqY7AAK,0.0,0,0.0,7741.0,1,0,0,0,0,0,1,0,0,0,1,0,0
26597,0033800002aYrbMAAS,0.0,100,11734.0,1096.0,0,0,0,1,0,0,1,0,0,0,0,1,0
26602,0033800002aYsJiAAK,0.0,0,0.0,3059.0,0,1,0,0,0,0,1,0,0,0,0,1,1
26605,0033800002aYsXaAAK,0.0,0,0.0,8232.0,0,0,0,1,0,1,0,0,0,0,0,1,0
26607,0033800002aYsoHAAS,0.0,0,0.0,2725.0,0,0,0,1,0,0,1,0,0,0,0,1,1
26608,0033800002aYsxJAAS,0.0,0,11.0,8466.0,0,0,0,0,1,1,0,0,0,0,0,1,1
26610,0033800002aYt9kAAC,0.0,0,0.0,7456.0,0,0,0,1,0,0,1,0,0,0,0,1,0
26612,0033800002aYtEQAA0,0.0,0,0.0,10287.0,0,1,0,0,0,0,1,0,0,0,0,1,0
26615,0033800002aYtMyAAK,0.0,50,1568.0,1358.0,0,1,0,0,0,0,1,0,0,0,1,0,0
26617,0033800002aYtTyAAK,0.0,0,0.0,9954.0,0,0,0,0,1,0,1,0,0,0,0,1,0
26625,0033800002aYts0AAC,0.0,0,0.0,11301.0,0,1,0,0,0,0,1,0,0,0,0,1,1
26627,0033800002aYu6rAAC,0.0,0,0.0,2637.0,0,0,0,1,0,0,0,0,1,0,0,1,1
26628,0033800002aYu7LAAS,0.0,0,166.0,5592.0,0,0,0,1,0,0,1,0,0,0,0,1,0
26629,0033800002aYu9qAAC,0.0,0,2875.0,2887.0,0,1,0,0,0,0,1,0,0,0,0,1,1
26630,0033800002aYuDxAAK,0.0,70,862.0,5193.0,1,0,0,0,0,0,1,0,0,0,0,1,0
26633,0033800002aYuMsAAK,0.0,0,0.0,3323.0,0,0,0,1,0,0,0,0,1,0,0,1,1
26644,0033800002aYucqAAC,0.0,0,0.0,1990.0,0,1,0,0,0,0,1,0,0,0,0,1,1
26647,0033800002aYuxdAAC,0.0,0,2300.0,1736.0,0,0,0,0,1,0,1,0,0,0,1,0,1
26651,0033800002aYvE3AAK,0.0,0,0.0,748.0,0,0,0,1,0,0,1,0,0,0,1,0,0
26652,0033800002aYvL3AAK,0.0,0,0.0,3035.0,0,0,1,0,0,0,1,0,0,0,1,0,0
26655,0033800002aYvWBAA0,0.0,0,0.0,4382.0,0,0,0,1,0,0,1,0,0,0,0,1,1
26659,0033800002aYvcAAAS,0.0,0,0.0,7321.0,0,1,0,0,0,0,0,0,0,1,0,1,1
26663,0033800002aYvlwAAC,0.0,30,529.0,1825.0,0,0,0,1,0,0,0,0,1,0,0,1,1
26664,0033800002aYvogAAC,0.0,0,5.0,750.0,0,1,0,0,0,0,1,0,0,0,1,0,1
26668,0033800002aYvzKAAS,0.0,0,2466.0,1461.0,0,1,0,0,0,0,0,0,0,1,0,1,1
26675,0033800002aYxaxAAC,0.0,100,0.0,5823.0,0,0,0,1,0,0,1,0,0,0,0,1,0
26677,0033800002aYy09AAC,0.0,0,223.0,2634.0,0,0,0,1,0,0,0,0,1,0,0,1,0
26681,0033800002aYyreAAC,0.0,0,0.0,7329.0,0,0,0,1,0,0,1,0,0,0,0,1,1
26682,0033800002aYz5wAAC,0.0,30,0.0,4696.0,0,1,0,0,0,0,1,0,0,0,0,1,0
26683,0033800002aYz9ZAAS,0.0,30,0.0,7681.0,0,0,0,1,0,0,0,0,1,0,0,1,1
26684,0033800002aYz9yAAC,0.0,0,0.0,2884.0,0,0,0,1,0,0,1,0,0,0,0,1,0
26685,0033800002aYzAXAA0,0.0,50,637.0,2190.0,0,1,0,0,0,0,1,0,0,0,1,0,1
26686,0033800002aYzB6AAK,0.0,0,0.0,4434.0,1,0,0,0,0,0,1,0,0,0,1,0,0
26687,0033800002aYzBfAAK,0.0,0,0.0,2191.0,0,1,0,0,0,0,1,0,0,0,0,1,1
26689,0033800002aYzCEAA0,0.0,0,0.0,2398.0,0,0,0,1,0,0,1,0,0,0,0,1,0
26695,0033800002aYzbmAAC,0.0,0,0.0,1351.0,0,0,0,1,0,0,1,0,0,0,0,1,1
26696,0033800002aYzcBAAS,0.0,90,454.0,1826.0,0,0,0,1,0,0,0,0,1,0,0,1,1
26705,0033800002aZ0LoAAK,0.0,0,0.0,2100.0,0,1,0,0,0,1,0,0,0,0,0,1,0
26709,0033800002aZ0aLAAS,0.0,60,15.0,3779.0,0,0,0,1,0,0,1,0,0,0,0,1,0
26710,0033800002aZ0aaAAC,0.0,0,1876.0,1825.0,1,0,0,0,0,0,1,0,0,0,0,1,0
26712,0033800002aZ0xEAAS,0.0,50,2839.0,793.0,0,0,0,1,0,0,0,0,0,1,1,0,0
26713,0033800002aZ0xJAAS,0.0,0,0.0,7685.0,0,0,0,0,1,0,0,0,1,0,0,1,0
26719,0033800002aZ1T8AAK,0.0,0,0.0,5238.0,0,1,0,0,0,0,0,0,1,0,0,1,1
26723,0033800002aZ1WNAA0,0.0,0,0.0,7316.0,0,0,0,1,0,0,1,0,0,0,1,0,1
26726,0033800002aZ1ceAAC,0.0,0,0.0,9289.0,0,1,0,0,0,0,1,0,0,0,0,1,1
26727,0033800002aZ1etAAC,0.0,0,0.0,2749.0,0,1,0,0,0,0,1,0,0,0,0,1,0
26728,0033800002aZ1fvAAC,0.0,70,944.0,2750.0,0,1,0,0,0,0,1,0,0,0,1,0,1
26730,0033800002aZ1gnAAC,0.0,0,0.0,7305.0,0,0,0,1,0,0,0,0,0,1,0,1,1
26735,0033800002aZ1uqAAC,0.0,70,315.0,7470.0,0,0,0,0,1,1,0,0,0,0,0,1,0
26737,0033800002aZ1yyAAC,0.0,30,1722.0,1301.0,0,1,0,0,0,1,0,0,0,0,1,0,0
26738,0033800002aZ1zSAAS,0.0,0,0.0,4265.0,0,0,0,0,1,0,1,0,0,0,0,1,1
26739,0033800002aZ1zXAAS,0.0,0,210.0,1581.0,0,0,0,1,0,1,0,0,0,0,0,1,1
26740,0033800002aZ212AAC,0.0,0,0.0,2191.0,0,0,0,1,0,0,1,0,0,0,1,0,1
26742,0033800002aZ23BAAS,0.0,0,2786.0,958.0,0,0,0,1,0,1,0,0,0,0,0,1,1
26745,0033800002aZ2EYAA0,0.0,0,1688.0,1462.0,0,1,0,0,0,0,0,0,0,1,1,0,1
26746,0033800002aZ2FPAA0,0.0,0,0.0,4537.0,0,0,0,1,0,0,0,0,0,1,0,1,1
26747,0033800002aZ2I6AAK,0.0,80,892.0,1545.0,0,1,0,0,0,0,1,0,0,0,1,0,1
26748,0033800002aZ2IQAA0,0.0,0,2946.0,2304.0,0,0,0,0,1,0,0,0,1,0,0,1,1
26749,0033800002aZ2JSAA0,0.0,0,603.0,4837.0,0,0,0,1,0,0,0,0,1,0,0,1,1
26750,0033800002aZ2JmAAK,0.0,0,0.0,2191.0,0,0,0,1,0,0,1,0,0,0,0,1,1
26753,0033800002aZ2SnAAK,0.0,0,0.0,2587.0,0,1,0,0,0,0,0,0,1,0,0,1,0
26757,0033800002aZ2rqAAC,0.0,0,2386.0,1209.0,0,0,0,1,0,0,1,0,0,0,0,1,0
26758,0033800002aZ2ySAAS,0.0,0,0.0,7274.0,0,0,0,1,0,0,1,0,0,0,0,1,1
26759,0033800002aZ331AAC,0.0,0,0.0,7276.0,0,1,0,0,0,0,1,0,0,0,0,1,1
26761,0033800002aZ33kAAC,0.0,0,0.0,9783.0,0,0,0,0,1,0,0,0,0,1,0,1,1
26763,0033800002aZ34oAAC,0.0,0,10197.0,1729.0,0,0,0,1,0,0,1,0,0,0,0,1,0
26765,0033800002aZ36LAAS,0.0,0,41.0,9921.0,1,0,0,0,0,0,1,0,0,0,0,1,1
26766,0033800002aZ36MAAS,0.0,0,0.0,10616.0,0,0,0,1,0,0,1,0,0,0,0,1,0
26768,0033800002aZ36OAAS,0.0,0,122.0,1888.0,0,0,0,1,0,0,0,0,1,0,0,1,0
26770,0033800002aZ36QAAS,0.0,0,0.0,8498.0,0,1,0,0,0,0,1,0,0,0,1,0,1
26771,0033800002aZ36RAAS,0.0,0,34.0,5114.0,0,0,0,1,0,0,1,0,0,0,0,1,1
26773,0033800002aZ36UAAS,0.0,0,0.0,3653.0,0,0,0,1,0,0,1,0,0,0,0,1,0
26775,0033800002aZ36XAAS,0.0,0,6375.0,1096.0,0,0,0,1,0,0,0,0,1,0,0,1,1
26776,0033800002aZ36YAAS,0.0,0,1196.0,2192.0,0,0,0,1,0,0,1,0,0,0,0,1,1
26780,0033800002aZ36cAAC,0.0,0,2202.0,4018.0,0,1,0,0,0,1,0,0,0,0,1,0,1
26781,0033800002aZ36eAAC,0.0,0,0.0,9184.0,0,0,0,0,1,0,0,0,1,0,0,1,1
26782,0033800002aZ36fAAC,0.0,0,0.0,8789.0,0,0,0,1,0,0,0,0,0,1,0,1,1
26783,0033800002aZ36gAAC,0.0,60,3288.0,7052.0,0,0,0,0,1,0,1,0,0,0,0,1,0
26788,0033800002aZ36lAAC,0.0,0,0.0,2922.0,0,1,0,0,0,0,1,0,0,0,0,1,0
26790,0033800002aZ36nAAC,0.0,0,10877.0,1111.0,0,0,0,1,0,0,1,0,0,0,0,1,1
26791,0033800002aZ36oAAC,0.0,0,0.0,1277.0,0,0,0,1,0,0,1,0,0,0,0,1,1
26792,0033800002aZ36pAAC,0.0,0,163.0,7328.0,0,0,0,1,0,0,0,0,0,1,0,1,1
26795,0033800002aZ36sAAC,0.0,0,0.0,9449.0,1,0,0,0,0,0,1,0,0,0,0,1,0
26797,0033800002aZ36uAAC,0.0,0,0.0,9527.0,1,0,0,0,0,0,1,0,0,0,1,0,0
26798,0033800002aZ36vAAC,0.0,0,0.0,2629.0,0,0,0,1,0,0,1,0,0,0,1,0,1
26799,0033800002aZ36wAAC,0.0,0,0.0,2081.0,0,0,0,1,0,0,1,0,0,0,0,1,0
26800,0033800002aZ36xAAC,0.0,50,832.0,8766.0,0,1,0,0,0,1,0,0,0,0,1,0,1
26801,0033800002aZ36yAAC,0.0,0,3330.0,2979.0,1,0,0,0,0,0,0,0,0,1,1,0,1
26802,0033800002aZ370AAC,0.0,90,1594.0,8055.0,0,1,0,0,0,0,1,0,0,0,1,0,0
26803,0033800002aZ371AAC,0.0,0,5635.0,6230.0,0,0,0,1,0,0,0,0,1,0,0,1,0
26805,0033800002aZ3JkAAK,0.0,0,0.0,3662.0,1,0,0,0,0,1,0,0,0,0,0,1,0
26806,0033800002aZ3QDAA0,0.0,0,0.0,7233.0,0,1,0,0,0,0,0,0,0,1,0,1,0
26807,0033800002aZ3WVAA0,0.0,0,0.0,2192.0,0,0,0,1,0,1,0,0,0,0,0,1,1
26808,0033800002aZ3jlAAC,0.0,0,0.0,9162.0,0,0,0,0,1,1,0,0,0,0,0,1,1
26809,0033800002aZ3tWAAS,0.0,0,39.0,1461.0,0,1,0,0,0,0,0,0,1,0,0,1,1
26810,0033800002aZ4E7AAK,0.0,0,0.0,8323.0,1,0,0,0,0,0,1,0,0,0,1,0,0
26812,0033800002aZ4QIAA0,0.0,0,0.0,7515.0,0,0,0,1,0,0,0,0,1,0,0,1,1
26813,0033800002aZ4SJAA0,0.0,0,19.0,1460.0,0,0,0,1,0,0,0,0,0,1,0,1,1
26814,0033800002aZ4V3AAK,0.0,0,0.0,3590.0,0,0,0,1,0,0,1,0,0,0,0,1,0
26815,0033800002aZ4ehAAC,0.0,0,0.0,4309.0,0,0,0,0,1,1,0,0,0,0,0,1,1
26816,0033800002aZ4l9AAC,0.0,70,474.0,7545.0,0,0,0,1,0,0,1,0,0,0,0,1,1
26826,0033800002aZ56dAAC,0.0,0,2895.0,4100.0,0,0,0,1,0,0,1,0,0,0,1,0,1
26828,0033800002aZ58FAAS,0.0,0,0.0,4043.0,1,0,0,0,0,0,1,0,0,0,0,1,1
26830,0033800002aZ5FVAA0,0.0,0,0.0,7321.0,0,0,0,1,0,0,0,0,0,1,1,0,1
26832,0033800002aZ5IFAA0,0.0,0,0.0,3368.0,0,1,0,0,0,0,0,0,1,0,0,1,1
26833,0033800002aZ5JhAAK,0.0,0,0.0,2749.0,0,0,0,1,0,0,1,0,0,0,0,1,1
26834,0033800002aZ5MsAAK,0.0,0,5965.0,1763.0,0,1,0,0,0,1,0,0,0,0,0,1,0
26835,0033800002aZ5RoAAK,0.0,100,1235.0,9451.0,0,1,0,0,0,1,0,0,0,0,0,1,0
26836,0033800002aZ5UdAAK,0.0,90,689.0,7729.0,0,1,0,0,0,1,0,0,0,0,1,0,1
26838,0033800002aZ5ZEAA0,0.0,0,0.0,2772.0,0,0,0,1,0,0,1,0,0,0,1,0,0
26839,0033800002aZ5flAAC,0.0,0,0.0,2921.0,0,0,0,1,0,0,0,0,1,0,0,1,0
26840,0033800002aZ5vrAAC,0.0,0,0.0,7328.0,0,0,0,0,1,0,1,0,0,0,0,1,1
26841,0033800002aZ65mAAC,0.0,0,0.0,5364.0,1,0,0,0,0,0,0,0,0,1,0,1,0
26844,0033800002aZ6QmAAK,0.0,0,5740.0,7445.0,0,0,0,0,1,1,0,0,0,0,0,1,0
26845,0033800002aZ6QwAAK,0.0,0,0.0,1119.0,0,0,0,1,0,0,1,0,0,0,0,1,1
26846,0033800002aZ6TCAA0,0.0,40,141.0,7000.0,1,0,0,0,0,0,1,0,0,0,0,1,1
26847,0033800002aZ6bLAAS,0.0,0,0.0,8080.0,0,1,0,0,0,0,1,0,0,0,0,1,1
26850,0033800002aZ7KuAAK,0.0,0,207.0,2323.0,0,1,0,0,0,0,0,0,0,1,0,1,1
26852,0033800002aZ7PCAA0,0.0,0,0.0,3946.0,0,1,0,0,0,0,1,0,0,0,0,1,1
26854,0033800002aZ7VtAAK,0.0,0,22.0,3177.0,0,0,0,1,0,0,0,0,1,0,0,1,1
26855,0033800002aZ7fNAAS,0.0,50,519.0,3844.0,1,0,0,0,0,0,0,0,1,0,0,1,0
26856,0033800002aZ7iqAAC,0.0,0,0.0,5501.0,1,0,0,0,0,0,1,0,0,0,1,0,1
26857,0033800002aZ7jPAAS,0.0,50,1482.0,2027.0,1,0,0,0,0,1,0,0,0,0,0,1,0
26858,0033800002aZ7m9AAC,0.0,0,0.0,11343.0,0,1,0,0,0,0,0,1,0,0,0,1,0
26859,0033800002aZ7ooAAC,0.0,40,2901.0,1292.0,0,0,0,1,0,0,1,0,0,0,0,1,0
26861,0033800002aZ7pIAAS,0.0,20,1871.0,1371.0,0,1,0,0,0,0,0,0,1,0,0,1,1
26864,0033800002alCd9AAE,0.0,0,98.0,1825.0,0,0,0,1,0,0,0,0,1,0,0,1,0
26865,0033800002alCdYAAU,0.0,80,665.0,4400.0,1,0,0,0,0,0,1,0,0,0,0,1,1
26866,0033800002alCeCAAU,0.0,0,0.0,2192.0,0,0,0,1,0,1,0,0,0,0,0,1,1
26867,0033800002alCeMAAU,0.0,60,2015.0,2922.0,0,0,0,1,0,0,1,0,0,0,0,1,1
26871,0033800002alDR8AAM,0.0,0,0.0,7326.0,1,0,0,0,0,0,1,0,0,0,0,1,0
26872,0033800002alDoDAAU,0.0,0,294.0,9753.0,0,0,0,0,1,1,0,0,0,0,1,0,1
26873,0033800002alDwhAAE,0.0,0,272.0,2576.0,0,0,0,0,1,1,0,0,0,0,1,0,0
26876,0033800002alEFzAAM,0.0,0,0.0,9217.0,0,0,0,1,0,0,0,0,1,0,0,1,1
26877,0033800002alEJhAAM,0.0,0,0.0,1607.0,0,0,0,1,0,0,1,0,0,0,1,0,1
26880,0033800002alEYIAA2,0.0,0,0.0,8067.0,0,0,0,0,1,0,1,0,0,0,0,1,1
26881,0033800002alEeaAAE,0.0,0,0.0,9509.0,0,0,0,1,0,0,0,0,1,0,0,1,0
26882,0033800002alEgbAAE,0.0,0,0.0,3743.0,0,0,0,1,0,0,1,0,0,0,0,1,1
26884,0033800002alEl2AAE,0.0,0,0.0,7380.0,0,1,0,0,0,0,1,0,0,0,1,0,0
26885,0033800002alEmPAAU,0.0,0,2353.0,1883.0,0,1,0,0,0,0,1,0,0,0,0,1,1
26886,0033800002alEq7AAE,0.0,0,0.0,8430.0,0,0,0,0,1,1,0,0,0,0,0,1,1
26887,0033800002alExmAAE,0.0,0,3113.0,2922.0,0,0,0,1,0,0,1,0,0,0,0,1,1
26889,0033800002alF2BAAU,0.0,0,0.0,1460.0,0,0,0,1,0,0,0,0,1,0,0,1,0
26890,0033800002alF9KAAU,0.0,10,6718.0,1917.0,0,1,0,0,0,1,0,0,0,0,1,0,1
26892,0033800002alFK8AAM,0.0,100,3754.0,549.0,0,1,0,0,0,0,1,0,0,0,0,1,1
26895,0033800002alFREAA2,0.0,0,0.0,11627.0,0,1,0,0,0,0,1,0,0,0,0,1,1
26898,0033800002alFaLAAU,0.0,0,0.0,9151.0,1,0,0,0,0,1,0,0,0,0,0,1,0
26900,0033800002alFcqAAE,0.0,0,0.0,2068.0,0,0,0,1,0,0,0,0,1,0,0,1,0
26903,0033800002alFqQAAU,0.0,100,266.0,1118.0,0,0,0,1,0,0,0,0,1,0,0,1,1
26906,0033800002alG1UAAU,0.0,0,0.0,4163.0,0,1,0,0,0,0,1,0,0,0,0,1,1
26907,0033800002alG1tAAE,0.0,0,0.0,11023.0,0,0,0,0,1,0,1,0,0,0,0,1,1
26909,0033800002alG4tAAE,0.0,0,0.0,1592.0,0,1,0,0,0,0,1,0,0,0,0,1,1
26915,0033800002alGaOAAU,0.0,0,0.0,3675.0,0,0,0,0,1,0,1,0,0,0,1,0,0
26916,0033800002alGblAAE,0.0,60,495.0,1460.0,0,0,0,1,0,0,0,0,1,0,0,1,1
26917,0033800002alGcAAAU,0.0,0,0.0,3829.0,0,1,0,0,0,0,0,0,1,0,0,1,0
26921,0033800002alH0UAAU,0.0,0,0.0,1460.0,0,0,0,1,0,0,0,0,0,1,0,1,1
26923,0033800002alH4qAAE,0.0,0,784.0,1825.0,0,0,0,1,0,0,0,0,0,1,0,1,1
26924,0033800002alH6mAAE,0.0,0,0.0,10253.0,1,0,0,0,0,0,1,0,0,0,0,1,1
26925,0033800002alH7LAAU,0.0,0,0.0,2344.0,0,1,0,0,0,0,1,0,0,0,0,1,1
26926,0033800002alH7QAAU,0.0,0,0.0,2556.0,0,0,0,1,0,0,1,0,0,0,0,1,1
26927,0033800002alHAeAAM,0.0,0,0.0,7331.0,0,0,0,0,1,0,1,0,0,0,0,1,1
26931,0033800002alHFyAAM,0.0,0,0.0,8318.0,0,1,0,0,0,0,0,0,0,1,0,1,1
26932,0033800002alHGXAA2,0.0,0,331.0,2192.0,0,0,0,0,1,0,0,0,0,1,0,1,1
26933,0033800002alHJgAAM,0.0,0,0.0,993.0,0,1,0,0,0,0,1,0,0,0,0,1,1
26935,0033800002alHMfAAM,0.0,0,0.0,7382.0,1,0,0,0,0,0,1,0,0,0,0,1,1
26936,0033800002alHNEAA2,0.0,0,235.0,3015.0,0,0,0,1,0,0,0,0,1,0,0,1,1
26944,0033800002alIsHAAU,0.0,0,0.0,3827.0,0,0,0,1,0,0,1,0,0,0,0,1,1
26945,0033800002alIvfAAE,0.0,0,0.0,8491.0,0,0,0,1,0,0,1,0,0,0,0,1,0
26947,0033800002alIyyAAE,0.0,0,0.0,9507.0,0,1,0,0,0,0,1,0,0,0,0,1,0
26949,0033800002alJGxAAM,0.0,0,2222.0,1472.0,0,0,0,1,0,0,1,0,0,0,0,1,1
26951,0033800002alJbnAAE,0.0,70,323.0,8008.0,1,0,0,0,0,0,1,0,0,0,0,1,0
26952,0033800002alJc2AAE,0.0,0,0.0,7313.0,0,0,0,1,0,0,0,0,0,1,0,1,1
26953,0033800002alJg4AAE,0.0,0,0.0,7348.0,0,0,0,1,0,0,1,0,0,0,0,1,0
26954,0033800002alJkBAAU,0.0,70,5041.0,7730.0,0,0,0,0,1,0,0,0,0,1,0,1,0
26958,0033800002alK5RAAU,0.0,0,0.0,9485.0,1,0,0,0,0,1,0,0,0,0,0,1,1
26959,0033800002alK7DAAU,0.0,0,0.0,4784.0,1,0,0,0,0,1,0,0,0,0,0,1,1
26963,0033800002alKJNAA2,0.0,0,0.0,7331.0,0,1,0,0,0,1,0,0,0,0,0,1,0
26964,0033800002alKNyAAM,0.0,0,0.0,8972.0,0,1,0,0,0,0,1,0,0,0,0,1,0
26965,0033800002alKudAAE,0.0,30,1815.0,9824.0,0,0,0,0,1,1,0,0,0,0,0,1,1
26966,0033800002alKyGAAU,0.0,0,2913.0,1629.0,0,0,0,1,0,1,0,0,0,0,1,0,0
26968,0033800002alL7DAAU,0.0,30,3062.0,6458.0,0,1,0,0,0,0,1,0,0,0,0,1,1
26970,0033800002alL9OAAU,0.0,0,9036.0,2191.0,0,0,0,1,0,0,0,0,0,1,0,1,1
26971,0033800002alLCrAAM,0.0,0,0.0,10285.0,0,1,0,0,0,0,1,0,0,0,0,1,1
26972,0033800002alLQZAA2,0.0,0,18.0,7446.0,0,0,0,1,0,0,0,0,0,1,0,1,0
26974,0033800002alLUlAAM,0.0,0,0.0,1461.0,0,0,0,1,0,0,0,0,0,1,1,0,1
26975,0033800002alLhkAAE,0.0,0,0.0,1826.0,0,0,0,1,0,0,0,0,1,0,1,0,0
26978,0033800002alLrkAAE,0.0,0,109.0,4995.0,1,0,0,0,0,0,1,0,0,0,0,1,1
26979,0033800002alLt2AAE,0.0,0,0.0,5498.0,0,0,0,1,0,0,1,0,0,0,0,1,0
26983,0033800002alMFIAA2,0.0,0,0.0,12629.0,1,0,0,0,0,0,1,0,0,0,0,1,0
26986,0033800002alMQ7AAM,0.0,0,0.0,8137.0,0,0,0,0,1,0,1,0,0,0,0,1,0
26987,0033800002alMRjAAM,0.0,0,0.0,4046.0,0,0,0,1,0,1,0,0,0,0,0,1,0
26988,0033800002alMYLAA2,0.0,0,0.0,8844.0,0,0,0,0,1,0,1,0,0,0,0,1,1
26990,0033800002alMaRAAU,0.0,0,13191.0,366.0,0,0,0,1,0,0,1,0,0,0,0,1,1
26993,0033800002alMk8AAE,0.0,0,0.0,2909.0,1,0,0,0,0,1,0,0,0,0,0,1,1
26995,0033800002alMqpAAE,0.0,0,8162.0,2484.0,0,0,0,1,0,0,1,0,0,0,0,1,1
26996,0033800002alMtFAAU,0.0,70,850.0,4463.0,0,1,0,0,0,0,1,0,0,0,0,1,0
26997,0033800002alMxRAAU,0.0,60,474.0,6897.0,0,1,0,0,0,0,0,0,1,0,0,1,1
26998,0033800002alMzDAAU,0.0,0,18.0,3490.0,0,0,0,1,0,0,0,0,1,0,0,1,1
26999,0033800002alN2gAAE,0.0,0,0.0,7309.0,0,0,0,0,1,0,0,0,0,1,1,0,0
27000,0033800002alN9vAAE,0.0,0,301.0,3423.0,0,0,0,1,0,1,0,0,0,0,0,1,1
27001,0033800002alNJrAAM,0.0,0,0.0,9254.0,1,0,0,0,0,0,1,0,0,0,0,1,0
27002,0033800002alOj5AAE,0.0,0,0.0,10869.0,1,0,0,0,0,0,1,0,0,0,0,1,0
27005,0033800002alOuEAAU,0.0,0,0.0,4871.0,0,0,0,1,0,0,1,0,0,0,0,1,1
27006,0033800002alP5NAAU,0.0,70,436.0,2922.0,0,0,0,1,0,0,1,0,0,0,0,1,0
27008,0033800002alPRTAA2,0.0,0,0.0,188.0,0,0,0,1,0,0,1,0,0,0,0,1,1
27009,0033800002alPSgAAM,0.0,0,0.0,7474.0,0,0,0,1,0,0,0,0,1,0,0,1,0
27010,0033800002alPkzAAE,0.0,0,0.0,5432.0,0,0,0,1,0,0,1,0,0,0,0,1,0
27011,0033800002alPlJAAU,0.0,0,0.0,2016.0,1,0,0,0,0,0,1,0,0,0,0,1,0
27012,0033800002alPnZAAU,0.0,0,0.0,9353.0,1,0,0,0,0,0,1,0,0,0,0,1,1
27013,0033800002alPp1AAE,0.0,0,0.0,8720.0,0,0,0,1,0,0,1,0,0,0,0,1,1
27014,0033800002alPpfAAE,0.0,0,11444.0,1036.0,0,0,0,1,0,1,0,0,0,0,0,1,0
27015,0033800002alPppAAE,0.0,0,0.0,9875.0,1,0,0,0,0,0,1,0,0,0,0,1,1
27017,0033800002alPqnAAE,0.0,0,0.0,2936.0,0,0,0,1,0,0,1,0,0,0,1,0,1
27018,0033800002alPsFAAU,0.0,0,0.0,11279.0,0,1,0,0,0,0,1,0,0,0,0,1,1
27021,0033800002alQ1vAAE,0.0,0,0.0,1299.0,0,0,0,1,0,0,1,0,0,0,0,1,1
27024,0033800002alQTQAA2,0.0,0,0.0,5231.0,0,0,0,1,0,0,0,0,1,0,0,1,1
27025,0033800002alQtYAAU,0.0,0,0.0,2900.0,0,0,0,1,0,1,0,0,0,0,0,1,1
27026,0033800002alQxGAAU,0.0,0,7899.0,725.0,0,0,0,1,0,0,0,0,0,1,0,1,1
27029,0033800002alRDnAAM,0.0,0,7047.0,1461.0,1,0,0,0,0,0,1,0,0,0,1,0,1
27030,0033800002alRG3AAM,0.0,0,0.0,2470.0,0,0,0,1,0,0,0,0,0,1,0,1,0
27034,0033800002alRWQAA2,0.0,0,8634.0,4332.0,0,0,0,1,0,1,0,0,0,0,1,0,1
27035,0033800002alRYHAA2,0.0,0,0.0,7328.0,0,1,0,0,0,0,1,0,0,0,0,1,1
27036,0033800002alRcJAAU,0.0,0,0.0,3195.0,0,0,0,1,0,1,0,0,0,0,0,1,0
27043,0033800002alSGsAAM,0.0,0,0.0,2405.0,0,1,0,0,0,1,0,0,0,0,0,1,0
27044,0033800002alSJDAA2,0.0,0,0.0,7326.0,0,1,0,0,0,0,0,0,1,0,0,1,1
27053,0033800002alSbdAAE,0.0,0,782.0,2642.0,0,0,0,1,0,0,0,0,0,1,0,1,1
27054,0033800002alSkpAAE,0.0,100,0.0,10815.0,0,1,0,0,0,0,1,0,0,0,0,1,1
27055,0033800002alSoXAAU,0.0,80,191.0,2882.0,0,0,0,1,0,0,1,0,0,0,0,1,1
27057,0033800002alStDAAU,0.0,0,0.0,2087.0,0,0,0,1,0,1,0,0,0,0,0,1,0
27059,0033800002alSwRAAU,0.0,0,0.0,1460.0,0,0,0,1,0,0,0,0,1,0,0,1,0
27061,0033800002alSwvAAE,0.0,0,0.0,7329.0,1,0,0,0,0,1,0,0,0,0,0,1,1
27062,0033800002alUF9AAM,0.0,0,0.0,3626.0,1,0,0,0,0,1,0,0,0,0,0,1,1
27064,0033800002alUbbAAE,0.0,0,0.0,8508.0,0,0,0,0,1,0,1,0,0,0,0,1,0
27066,0033800002alUuzAAE,0.0,0,669.0,2545.0,0,1,0,0,0,1,0,0,0,0,0,1,1
27068,0033800002alUv1AAE,0.0,0,1848.0,1493.0,0,0,0,1,0,1,0,0,0,0,0,1,0
27069,0033800002alUv2AAE,0.0,0,71.0,13403.0,0,0,0,1,0,0,1,0,0,0,0,1,1
27070,0033800002alUv3AAE,0.0,20,982.0,1221.0,0,0,0,1,0,0,1,0,0,0,0,1,0
27071,0033800002alUv4AAE,0.0,0,0.0,5177.0,1,0,0,0,0,0,1,0,0,0,0,1,0
27073,0033800002alUv6AAE,0.0,0,0.0,1341.0,0,0,0,1,0,0,1,0,0,0,1,0,0
27076,0033800002alUvrAAE,0.0,0,0.0,4120.0,0,1,0,0,0,0,1,0,0,0,1,0,0
27078,0033800002alVa1AAE,0.0,0,0.0,3426.0,0,0,0,1,0,0,1,0,0,0,0,1,1
27079,0033800002alVbJAAU,0.0,0,0.0,2715.0,0,0,0,1,0,0,1,0,0,0,0,1,0
27081,0033800002alVxSAAU,0.0,0,0.0,4096.0,0,0,0,1,0,0,1,0,0,0,0,1,1
27084,0033800002alWT1AAM,0.0,0,0.0,7379.0,1,0,0,0,0,1,0,0,0,0,0,1,1
27088,0033800002alXPoAAM,0.0,0,0.0,4042.0,0,1,0,0,0,0,0,0,0,1,0,1,1
27089,0033800002alXQSAA2,0.0,0,1189.0,87.0,1,0,0,0,0,0,0,0,0,1,0,1,0
27092,0033800002alYAuAAM,0.0,100,3047.0,2412.0,0,0,0,0,1,0,0,0,1,0,0,1,1
27094,0033800002alYSHAA2,0.0,0,1226.0,3045.0,0,0,0,1,0,0,0,0,1,0,0,1,0
27095,0033800002alYTAAA2,0.0,0,4764.0,800.0,0,1,0,0,0,0,1,0,0,0,1,0,1
27097,0033800002alYV6AAM,0.0,0,0.0,9491.0,0,1,0,0,0,0,0,0,1,0,0,1,1
27099,0033800002alYVzAAM,0.0,0,5304.0,3963.0,0,1,0,0,0,0,0,0,1,0,0,1,0
27105,0033800002alZ61AAE,0.0,60,4.0,6470.0,0,0,0,1,0,0,1,0,0,0,0,1,0
27109,0033800002alZBuAAM,0.0,0,0.0,3107.0,0,1,0,0,0,0,0,0,0,1,0,1,1
27110,0033800002alZCOAA2,0.0,0,0.0,7246.0,0,1,0,0,0,0,1,0,0,0,0,1,1
27111,0033800002alZCYAA2,0.0,50,0.0,7437.0,0,1,0,0,0,0,1,0,0,0,0,1,1
27113,0033800002alZPNAA2,0.0,0,0.0,7380.0,0,0,0,0,1,1,0,0,0,0,1,0,1
27116,0033800002alZakAAE,0.0,0,0.0,2151.0,0,0,0,1,0,0,1,0,0,0,0,1,0
27123,0033800002alZkHAAU,0.0,0,1487.0,1460.0,0,0,0,1,0,0,0,0,1,0,0,1,1
27124,0033800002alZlKAAU,0.0,0,494.0,2748.0,0,0,0,1,0,0,1,0,0,0,0,1,1
27131,0033800002alZnkAAE,0.0,0,1805.0,2101.0,0,1,0,0,0,0,1,0,0,0,0,1,1
27136,0033800002alakPAAQ,0.0,70,2729.0,1650.0,0,1,0,0,0,0,1,0,0,0,0,1,1
27139,0033800002alaovAAA,0.0,100,3883.0,8785.0,0,0,0,0,1,0,0,0,0,1,0,1,1
27140,0033800002alatWAAQ,0.0,0,0.0,1827.0,0,0,0,1,0,0,0,0,1,0,0,1,1
27143,0033800002alatZAAQ,0.0,0,2443.0,4353.0,0,1,0,0,0,0,0,0,1,0,0,1,1
27145,0033800002alatbAAA,0.0,10,534.0,1280.0,0,0,0,1,0,0,1,0,0,0,0,1,1
27147,0033800002alatdAAA,0.0,0,0.0,11985.0,0,0,0,0,1,0,1,0,0,0,1,0,1
27148,0033800002alateAAA,0.0,0,0.0,3416.0,0,1,0,0,0,0,1,0,0,0,1,0,1
27149,0033800002alatfAAA,0.0,0,12526.0,1826.0,0,1,0,0,0,1,0,0,0,0,0,1,1
27155,0033800002alatoAAA,0.0,0,4125.0,1461.0,0,0,0,0,1,1,0,0,0,0,1,0,1
27157,0033800002alatqAAA,0.0,0,0.0,3264.0,0,0,0,1,0,0,1,0,0,0,0,1,1
27159,0033800002alatsAAA,0.0,0,1447.0,1540.0,1,0,0,0,0,0,0,0,1,0,0,1,1
27161,0033800002alatuAAA,0.0,0,617.0,1408.0,0,0,0,1,0,0,1,0,0,0,0,1,1
27164,0033800002alatxAAA,0.0,0,0.0,8400.0,0,1,0,0,0,0,1,0,0,0,0,1,0
27170,0033800002alau3AAA,0.0,0,0.0,9834.0,0,0,0,0,1,0,1,0,0,0,0,1,1
27171,0033800002alau4AAA,0.0,10,0.0,7914.0,1,0,0,0,0,0,1,0,0,0,0,1,1
27172,0033800002alau5AAA,0.0,0,0.0,3013.0,0,0,0,0,1,0,1,0,0,0,0,1,0
27173,0033800002alau6AAA,0.0,0,18.0,10958.0,0,0,0,0,1,1,0,0,0,0,0,1,1
27175,0033800002alau8AAA,0.0,0,0.0,8776.0,1,0,0,0,0,0,1,0,0,0,0,1,1
27176,0033800002alau9AAA,0.0,90,78.0,7313.0,1,0,0,0,0,0,1,0,0,0,1,0,1
27178,0033800002alauBAAQ,0.0,0,0.0,1242.0,0,1,0,0,0,0,1,0,0,0,0,1,1
27181,0033800002alauEAAQ,0.0,0,0.0,1392.0,0,0,0,1,0,0,1,0,0,0,0,1,1
27184,0033800002alauHAAQ,0.0,0,0.0,3344.0,0,0,0,1,0,0,1,0,0,0,0,1,1
27185,0033800002alauIAAQ,0.0,0,1731.0,1460.0,0,0,0,1,0,0,0,0,1,0,0,1,1
27186,0033800002alauJAAQ,0.0,0,318.0,1368.0,0,0,0,1,0,0,0,0,1,0,1,0,1
27188,0033800002alauLAAQ,0.0,0,8109.0,2923.0,0,1,0,0,0,0,1,0,0,0,0,1,0
27197,0033800002albHQAAY,0.0,50,0.0,3318.0,0,0,0,1,0,0,0,0,1,0,0,1,1
27201,0033800002albZ0AAI,0.0,0,353.0,1292.0,0,0,0,1,0,0,1,0,0,0,0,1,1
27202,0033800002albbLAAQ,0.0,0,0.0,7321.0,1,0,0,0,0,1,0,0,0,0,1,0,0
27208,0033800002albhnAAA,0.0,0,4998.0,1282.0,0,0,0,0,1,0,1,0,0,0,1,0,1
27212,0033800002albm3AAA,0.0,60,102.0,5308.0,0,0,0,1,0,1,0,0,0,0,0,1,1
27214,0033800002albsLAAQ,0.0,0,0.0,2192.0,0,0,0,1,0,1,0,0,0,0,0,1,1
27215,0033800002albtEAAQ,0.0,100,543.0,7472.0,0,0,0,1,0,0,1,0,0,0,0,1,1
27216,0033800002alc7WAAQ,0.0,0,4754.0,2008.0,0,1,0,0,0,1,0,0,0,0,0,1,1
27223,0033800002alckxAAA,0.0,60,8304.0,1459.0,0,1,0,0,0,1,0,0,0,0,1,0,1
27225,0033800002alddYAAQ,0.0,0,0.0,1944.0,0,0,0,1,0,0,1,0,0,0,1,0,0
27226,0033800002aldeHAAQ,0.0,0,56.0,2839.0,0,0,0,0,1,0,0,0,0,1,0,1,1
27227,0033800002aleYzAAI,0.0,0,0.0,8776.0,0,1,0,0,0,1,0,0,0,0,0,1,1
27230,0033800002alf97AAA,0.0,0,0.0,2799.0,1,0,0,0,0,0,1,0,0,0,0,1,1
27233,0033800002alfPKAAY,0.0,40,1975.0,3086.0,0,0,0,1,0,1,0,0,0,0,1,0,1
27235,0033800002alfq0AAA,0.0,0,0.0,4201.0,0,0,0,0,1,0,1,0,0,0,0,1,1
27236,0033800002algCfAAI,0.0,0,654.0,2098.0,0,0,0,1,0,0,0,0,0,1,0,1,1
27240,0033800002ali6FAAQ,0.0,0,93.0,1619.0,0,0,0,1,0,0,1,0,0,0,1,0,1
27241,0033800002aliB6AAI,0.0,60,2450.0,1686.0,0,0,0,1,0,0,1,0,0,0,0,1,0
27242,0033800002aliRSAAY,0.0,0,0.0,11691.0,0,0,0,0,1,0,1,0,0,0,0,1,1
27243,0033800002aljOBAAY,0.0,0,1413.0,3402.0,1,0,0,0,0,0,0,1,0,0,1,0,1
27244,0033800002aljRdAAI,0.0,0,0.0,4704.0,0,0,0,1,0,0,1,0,0,0,0,1,1
27246,0033800002aljw7AAA,0.0,0,915.0,3185.0,0,0,0,1,0,0,1,0,0,0,0,1,0
27247,0033800002alkEpAAI,0.0,0,0.0,1913.0,0,1,0,0,0,0,1,0,0,0,0,1,0
27248,0033800002alkQqAAI,0.0,0,595.0,2191.0,0,0,0,1,0,0,0,0,0,1,0,1,1
27249,0033800002alkbFAAQ,0.0,0,0.0,7400.0,0,0,0,1,0,0,0,0,0,1,1,0,1
27251,0033800002all6rAAA,0.0,0,1503.0,3565.0,0,0,0,1,0,0,1,0,0,0,0,1,0
27252,0033800002allRVAAY,0.0,0,0.0,7342.0,0,1,0,0,0,0,1,0,0,0,0,1,1
27253,0033800002alljPAAQ,0.0,0,52.0,1929.0,0,0,0,1,0,0,1,0,0,0,1,0,1
27254,0033800002alljoAAA,0.0,0,0.0,1218.0,0,0,0,1,0,0,1,0,0,0,0,1,0
27255,0033800002alls7AAA,0.0,90,573.0,1724.0,0,1,0,0,0,0,0,0,1,0,0,1,1
27256,0033800002allwTAAQ,0.0,0,0.0,1057.0,0,0,0,1,0,0,0,0,0,1,0,1,0
27257,0033800002almQrAAI,0.0,0,0.0,1460.0,0,0,0,1,0,0,0,0,0,1,0,1,1
27259,0033800002almt5AAA,0.0,0,0.0,7216.0,0,0,0,1,0,0,1,0,0,0,0,1,1
27260,0033800002alnCCAAY,0.0,0,0.0,2191.0,0,1,0,0,0,1,0,0,0,0,1,0,1
27261,0033800002alnFfAAI,0.0,0,0.0,7673.0,0,1,0,0,0,0,1,0,0,0,0,1,1
27262,0033800002alnU1AAI,0.0,0,0.0,7333.0,0,0,0,1,0,0,1,0,0,0,0,1,1
27264,0033800002alnWlAAI,0.0,0,0.0,7586.0,0,0,0,1,0,1,0,0,0,0,0,1,0
27267,0033800002alnh0AAA,0.0,0,178.0,7325.0,0,1,0,0,0,1,0,0,0,0,1,0,1
27268,0033800002aloLsAAI,0.0,40,4396.0,2716.0,0,1,0,0,0,0,1,0,0,0,0,1,1
27269,0033800002aloQEAAY,0.0,0,0.0,8524.0,0,0,0,0,1,0,1,0,0,0,0,1,1
27274,0033800002alobLAAQ,0.0,0,0.0,7445.0,0,0,0,1,0,0,1,0,0,0,0,1,1
27276,0033800002alobNAAQ,0.0,0,0.0,1683.0,0,0,0,1,0,0,1,0,0,0,1,0,0
27277,0033800002alobOAAQ,0.0,0,0.0,8954.0,0,1,0,0,0,0,1,0,0,0,0,1,1
27279,0033800002alobQAAQ,0.0,0,6213.0,1094.0,0,0,0,0,1,0,1,0,0,0,0,1,1
27282,0033800002alobTAAQ,0.0,0,0.0,3867.0,0,1,0,0,0,0,1,0,0,0,0,1,1
27283,0033800002alodQAAQ,0.0,0,907.0,6519.0,0,1,0,0,0,1,0,0,0,0,1,0,1
27294,0033800002alpVUAAY,0.0,60,564.0,2193.0,0,1,0,0,0,1,0,0,0,0,1,0,1
27295,0033800002alplwAAA,0.0,0,0.0,2914.0,0,1,0,0,0,0,0,0,1,0,0,1,1
27299,0033800002alqXSAAY,0.0,0,3492.0,8663.0,0,0,0,0,1,0,1,0,0,0,0,1,1
27300,0033800002alqedAAA,0.0,0,0.0,9762.0,0,0,0,1,0,0,1,0,0,0,0,1,1
27301,0033800002alqrnAAA,0.0,0,0.0,3286.0,0,0,0,1,0,0,1,0,0,0,0,1,0
27302,0033800002alqtPAAQ,0.0,0,21300.0,731.0,0,0,0,1,0,0,1,0,0,0,0,1,0
27303,0033800002alr3AAAQ,0.0,0,0.0,7329.0,0,0,0,1,0,0,0,0,0,1,0,1,0
27304,0033800002alrDAAAY,0.0,0,0.0,5451.0,0,0,1,0,0,0,1,0,0,0,0,1,1
27305,0033800002alrErAAI,0.0,0,0.0,10354.0,0,0,0,0,1,0,1,0,0,0,0,1,1
27311,0033800002alrbHAAQ,0.0,0,0.0,2294.0,0,1,0,0,0,0,1,0,0,0,0,1,1
27316,0033800002alrihAAA,0.0,0,25.0,7314.0,0,1,0,0,0,0,1,0,0,0,0,1,1
27317,0033800002alrl7AAA,0.0,0,247.0,4695.0,0,0,0,1,0,0,0,0,1,0,0,1,1
27318,0033800002alrrFAAQ,0.0,0,25.0,9521.0,0,0,0,0,1,0,1,0,0,0,1,0,0
27319,0033800002alru9AAA,0.0,0,0.0,9184.0,0,0,0,1,0,0,0,0,1,0,0,1,1
27320,0033800002als22AAA,0.0,0,0.0,7325.0,0,0,0,1,0,0,1,0,0,0,0,1,1
27321,0033800002als7MAAQ,0.0,0,0.0,2167.0,1,0,0,0,0,0,1,0,0,0,1,0,1
27328,0033800002alsHCAAY,0.0,0,0.0,1243.0,0,0,0,1,0,0,1,0,0,0,0,1,1
27329,0033800002alsHRAAY,0.0,0,0.0,1921.0,0,0,0,1,0,0,1,0,0,0,1,0,1
27330,0033800002alsM7AAI,0.0,0,12.0,1589.0,0,0,0,1,0,0,0,0,0,1,0,1,1
27337,0033800002alsc0AAA,0.0,0,0.0,7319.0,0,1,0,0,0,0,1,0,0,0,0,1,1
27338,0033800002alsyHAAQ,0.0,0,0.0,383.0,0,0,0,1,0,0,1,0,0,0,0,1,0
27341,0033800002altCeAAI,0.0,0,2524.0,2075.0,0,0,0,0,1,1,0,0,0,0,1,0,0
27342,0033800002altDSAAY,0.0,0,2496.0,1462.0,0,0,0,1,0,0,0,0,1,0,0,1,0
27343,0033800002altEpAAI,0.0,0,1299.0,1460.0,0,1,0,0,0,0,1,0,0,0,0,1,1
27348,0033800002altOVAAY,0.0,0,420.0,1850.0,0,0,0,1,0,0,1,0,0,0,0,1,0
27351,0033800002altmKAAQ,0.0,40,1165.0,8987.0,0,0,0,0,1,0,1,0,0,0,0,1,1
27352,0033800002altnmAAA,0.0,0,0.0,3745.0,0,1,0,0,0,0,1,0,0,0,0,1,1
27356,0033800002alumVAAQ,0.0,0,0.0,2910.0,0,0,0,1,0,0,1,0,0,0,0,1,1
27357,0033800002alurXAAQ,0.0,70,39.0,7235.0,0,1,0,0,0,0,1,0,0,0,0,1,0
27359,0033800002alv4gAAA,0.0,0,0.0,1416.0,0,0,0,1,0,0,1,0,0,0,0,1,0
27360,0033800002alv55AAA,0.0,100,0.0,12577.0,0,0,0,1,0,0,1,0,0,0,0,1,1
27361,0033800002alv89AAA,0.0,0,0.0,4503.0,0,0,0,0,1,1,0,0,0,0,0,1,0
27362,0033800002alv9CAAQ,0.0,0,0.0,3655.0,1,0,0,0,0,1,0,0,0,0,0,1,0
27363,0033800002alv9qAAA,0.0,50,8514.0,1460.0,0,0,0,1,0,0,1,0,0,0,0,1,1
27364,0033800002alvAyAAI,0.0,50,2171.0,2083.0,1,0,0,0,0,0,1,0,0,0,0,1,1
27371,0033800002alvHQAAY,0.0,0,0.0,8867.0,0,0,0,1,0,0,1,0,0,0,0,1,0
27373,0033800002alvOgAAI,0.0,70,1560.0,4040.0,0,0,0,1,0,0,1,0,0,0,0,1,1
27374,0033800002alvQrAAI,0.0,0,0.0,13930.0,0,1,0,0,0,0,0,0,0,1,0,1,1
27375,0033800002alvUAAAY,0.0,0,0.0,7871.0,0,1,0,0,0,0,1,0,0,0,0,1,1
27391,0033800002alw8AAAQ,0.0,60,2803.0,9583.0,0,1,0,0,0,0,1,0,0,0,0,1,0
27394,0033800002alw9NAAQ,0.0,40,1931.0,2823.0,0,0,0,1,0,0,1,0,0,0,0,1,1
27395,0033800002alwAkAAI,0.0,0,0.0,2952.0,0,1,0,0,0,0,1,0,0,0,0,1,1
27396,0033800002alwErAAI,0.0,0,0.0,8424.0,0,0,0,0,1,0,0,0,0,1,0,1,1
27406,0033800002alxCqAAI,0.0,0,0.0,7494.0,0,0,0,1,0,0,1,0,0,0,0,1,0
27410,0033800002alxKGAAY,0.0,0,0.0,930.0,0,0,0,1,0,0,1,0,0,0,0,1,1
27411,0033800002alxNjAAI,0.0,0,0.0,7315.0,0,0,0,0,1,0,1,0,0,0,0,1,1
27414,0033800002alxSKAAY,0.0,30,4441.0,8292.0,0,0,0,0,1,0,1,0,0,0,0,1,0
27418,0033800002alxZfAAI,0.0,0,0.0,3803.0,0,0,0,1,0,0,1,0,0,0,0,1,1
27423,0033800002alxirAAA,0.0,0,0.0,1460.0,0,0,0,1,0,0,1,0,0,0,0,1,1
27427,0033800002alxm0AAA,0.0,0,0.0,1463.0,0,0,0,1,0,0,0,0,0,1,0,1,1
27428,0033800002alxmeAAA,0.0,0,0.0,2496.0,0,0,0,1,0,1,0,0,0,0,0,1,1
27431,0033800002alxo3AAA,0.0,0,0.0,9051.0,0,0,0,0,1,0,0,0,0,1,0,1,1
27434,0033800002alxo6AAA,0.0,0,2744.0,6496.0,0,1,0,0,0,0,0,0,0,1,1,0,0
27440,0033800002alxvYAAQ,0.0,60,2316.0,2397.0,0,1,0,0,0,0,1,0,0,0,0,1,1
27443,0033800002alxx0AAA,0.0,0,0.0,7305.0,0,1,0,0,0,0,1,0,0,0,0,1,0
27447,0033800002aly09AAA,0.0,0,0.0,3799.0,1,0,0,0,0,0,1,0,0,0,1,0,1
27448,0033800002aly6YAAQ,0.0,0,0.0,2881.0,1,0,0,0,0,0,1,0,0,0,0,1,1
27450,0033800002aly9wAAA,0.0,0,0.0,3288.0,0,0,0,0,1,1,0,0,0,0,0,1,1
27453,0033800002alyYzAAI,0.0,0,13866.0,1096.0,1,0,0,0,0,0,1,0,0,0,0,1,1
27456,0033800002alydzAAA,0.0,0,0.0,3845.0,1,0,0,0,0,1,0,0,0,0,1,0,1
27458,0033800002alyhXAAQ,0.0,0,0.0,9520.0,0,0,0,1,0,0,1,0,0,0,0,1,1
27460,0033800002alykRAAQ,0.0,10,3464.0,7740.0,0,0,0,1,0,1,0,0,0,0,0,1,1
27461,0033800002alymhAAA,0.0,0,0.0,8575.0,0,0,0,1,0,0,0,0,0,1,0,1,1
27464,0033800002alynzAAA,0.0,90,0.0,6519.0,0,0,0,1,0,0,0,0,1,0,0,1,1
27465,0033800002alypvAAA,0.0,0,0.0,8701.0,0,1,0,0,0,1,0,0,0,0,0,1,1
27468,0033800002alyu2AAA,0.0,0,0.0,8789.0,1,0,0,0,0,1,0,0,0,0,0,1,0
27469,0033800002alyuWAAQ,0.0,0,225.0,3709.0,0,0,0,1,0,0,1,0,0,0,0,1,0
27470,0033800002alz1WAAQ,0.0,0,612.0,1424.0,0,0,0,1,0,0,1,0,0,0,0,1,1
27473,0033800002alz8XAAQ,0.0,0,0.0,2191.0,0,0,0,1,0,0,1,0,0,0,0,1,1
27480,0033800002alzMoAAI,0.0,0,1425.0,1741.0,0,0,0,0,1,0,0,0,0,1,0,1,1
27481,0033800002alzOuAAI,0.0,0,2248.0,1460.0,0,1,0,0,0,1,0,0,0,0,1,0,1
27482,0033800002alzSXAAY,0.0,0,0.0,2204.0,0,0,0,1,0,0,0,0,0,1,0,1,0
27485,0033800002alzVvAAI,0.0,0,813.0,2558.0,0,0,0,0,1,0,1,0,0,0,1,0,1
27486,0033800002alzZiAAI,0.0,0,0.0,3562.0,0,0,0,0,1,0,0,0,0,1,0,1,1
27489,0033800002alzzAAAQ,0.0,0,2478.0,2139.0,0,1,0,0,0,0,0,0,0,1,0,1,0
27491,0033800002am0OUAAY,0.0,0,4583.0,1401.0,0,1,0,0,0,0,0,0,1,0,0,1,0
27493,0033800002am0wIAAQ,0.0,0,0.0,7317.0,0,0,0,1,0,0,0,0,0,1,0,1,1
27495,0033800002am1aDAAQ,0.0,0,11549.0,2654.0,0,1,0,0,0,0,0,0,0,1,0,1,1
27498,0033800002am25YAAQ,0.0,0,94.0,4100.0,0,0,0,1,0,0,1,0,0,0,0,1,1
27499,0033800002am27eAAA,0.0,0,0.0,7335.0,0,1,0,0,0,0,1,0,0,0,0,1,0
27501,0033800002am2N7AAI,0.0,80,539.0,4416.0,1,0,0,0,0,0,1,0,0,0,0,1,1
27502,0033800002am2XiAAI,0.0,0,0.0,8793.0,0,0,0,1,0,0,0,0,0,1,0,1,0
27503,0033800002am2aIAAQ,0.0,0,13782.0,1095.0,0,0,0,0,1,0,1,0,0,0,0,1,1
27507,0033800002am2lKAAQ,0.0,0,0.0,7315.0,0,1,0,0,0,0,0,0,1,0,0,1,0
27509,0033800002am2oTAAQ,0.0,0,0.0,2557.0,0,0,0,1,0,1,0,0,0,0,1,0,0
27514,0033800002am3B8AAI,0.0,0,0.0,7388.0,0,0,0,0,1,0,0,0,0,1,1,0,0
27516,0033800002am3DJAAY,0.0,0,0.0,8060.0,0,0,0,0,1,0,0,0,0,1,0,1,1
27517,0033800002am3GrAAI,0.0,0,0.0,1473.0,0,0,0,1,0,0,1,0,0,0,1,0,0
27518,0033800002am3HfAAI,0.0,0,0.0,7315.0,0,0,0,1,0,0,0,0,0,1,0,1,0
27519,0033800002am3MIAAY,0.0,0,0.0,1298.0,0,0,0,1,0,0,1,0,0,0,0,1,0
27523,0033800002am3XGAAY,0.0,30,2388.0,2674.0,0,0,0,1,0,0,0,0,1,0,0,1,1
27525,0033800002am3nYAAQ,0.0,0,0.0,1386.0,0,0,0,1,0,0,1,0,0,0,0,1,1
27526,0033800002am3nnAAA,0.0,70,5.0,7735.0,0,0,0,1,0,1,0,0,0,0,0,1,1
27529,0033800002am4C7AAI,0.0,0,0.0,9536.0,0,1,0,0,0,0,1,0,0,0,0,1,1
27531,0033800002am4GYAAY,0.0,0,0.0,486.0,0,0,0,1,0,0,1,0,0,0,0,1,1
27532,0033800002am4NpAAI,0.0,0,0.0,8008.0,0,0,1,0,0,0,1,0,0,0,0,1,0
27534,0033800002am4RIAAY,0.0,70,1489.0,2020.0,0,1,0,0,0,0,1,0,0,0,1,0,1
27535,0033800002am4U2AAI,0.0,0,1525.0,2227.0,0,0,0,1,0,0,1,0,0,0,0,1,0
27536,0033800002am4WmAAI,0.0,70,816.0,7428.0,0,0,0,0,1,0,1,0,0,0,1,0,0
27538,0033800002am4bIAAQ,0.0,30,207.0,2606.0,0,0,0,1,0,0,1,0,0,0,1,0,0
27539,0033800002am4f5AAA,0.0,0,0.0,1641.0,0,1,0,0,0,0,1,0,0,0,1,0,1
27540,0033800002am4p5AAA,0.0,0,0.0,7399.0,0,0,0,1,0,0,1,0,0,0,0,1,0
27544,0033800002am53EAAQ,0.0,90,1120.0,8272.0,1,0,0,0,0,0,1,0,0,0,0,1,0
27547,0033800002am5VHAAY,0.0,0,10523.0,2190.0,0,0,0,1,0,1,0,0,0,0,0,1,0
27552,0033800002am5upAAA,0.0,0,0.0,8428.0,0,1,0,0,0,1,0,0,0,0,1,0,1
27553,0033800002am5vnAAA,0.0,0,231.0,3235.0,0,0,0,1,0,0,1,0,0,0,0,1,0
27555,0033800002am61jAAA,0.0,50,2176.0,2922.0,0,1,0,0,0,0,1,0,0,0,0,1,0
27557,0033800002am6BjAAI,0.0,0,0.0,3075.0,0,1,0,0,0,0,0,0,0,1,0,1,1
27558,0033800002am6BoAAI,0.0,0,0.0,4462.0,1,0,0,0,0,0,1,0,0,0,1,0,1
27562,0033800002am6QrAAI,0.0,0,0.0,1461.0,0,1,0,0,0,0,1,0,0,0,0,1,1
27573,0033800002am80nAAA,0.0,0,0.0,7305.0,1,0,0,0,0,1,0,0,0,0,0,1,1
27575,0033800002am80pAAA,0.0,0,0.0,9101.0,0,1,0,0,0,0,1,0,0,0,0,1,1
27576,0033800002am80qAAA,0.0,0,0.0,1606.0,0,0,0,1,0,0,0,0,1,0,0,1,1
27579,0033800002am80tAAA,0.0,0,0.0,4760.0,0,0,0,1,0,0,0,0,1,0,0,1,1
27580,0033800002am80uAAA,0.0,0,0.0,1439.0,0,0,0,1,0,0,0,0,1,0,0,1,1
27581,0033800002am80vAAA,0.0,0,0.0,1449.0,0,0,0,1,0,0,0,0,1,0,0,1,1
27584,0033800002am80yAAA,0.0,0,0.0,2903.0,0,0,0,1,0,0,0,0,0,1,0,1,0
27593,0033800002am8z7AAA,0.0,0,5.0,6147.0,0,1,0,0,0,0,1,0,0,0,0,1,1
27596,0033800002am96rAAA,0.0,0,0.0,7315.0,0,0,0,0,1,1,0,0,0,0,0,1,0
27597,0033800002am98dAAA,0.0,0,0.0,7386.0,0,0,0,1,0,1,0,0,0,0,0,1,1
27599,0033800002am9CzAAI,0.0,0,0.0,7722.0,1,0,0,0,0,0,1,0,0,0,0,1,1
27606,0033800002am9mOAAQ,0.0,0,0.0,8680.0,0,1,0,0,0,1,0,0,0,0,0,1,1
27607,0033800002am9uSAAQ,0.0,90,24.0,4803.0,0,0,0,0,1,0,1,0,0,0,0,1,1
27619,0033800002amBAgAAM,0.0,0,0.0,3528.0,1,0,0,0,0,0,1,0,0,0,1,0,0
27626,0033800002amCR7AAM,0.0,0,12356.0,2922.0,0,1,0,0,0,0,1,0,0,0,0,1,0
27630,0033800002amCVsAAM,0.0,60,740.0,9382.0,0,1,0,0,0,0,0,1,0,0,0,1,1
27633,0033800002amCcAAAU,0.0,20,3429.0,8331.0,0,1,0,0,0,1,0,0,0,0,1,0,0
27643,0033800002amCvlAAE,0.0,0,0.0,5622.0,0,1,0,0,0,0,1,0,0,0,0,1,1
27649,0033800002amDINAA2,0.0,0,0.0,2773.0,0,0,0,1,0,0,0,0,0,1,0,1,0
27650,0033800002amDLMAA2,0.0,0,0.0,8043.0,1,0,0,0,0,0,0,0,0,1,0,1,0
27651,0033800002amDO6AAM,0.0,0,0.0,2922.0,0,0,0,1,0,1,0,0,0,0,0,1,0
27657,0033800002amDUOAA2,0.0,0,0.0,8541.0,0,0,0,1,0,0,1,0,0,0,0,1,0
27658,0033800002amDWAAA2,0.0,90,6.0,5081.0,0,0,0,1,0,0,1,0,0,0,0,1,1
27663,0033800002amDYBAA2,0.0,0,8308.0,1099.0,1,0,0,0,0,0,1,0,0,0,0,1,0
27665,0033800002amDZ9AAM,0.0,0,55.0,2191.0,0,0,0,1,0,1,0,0,0,0,1,0,0
27668,0033800002amDeEAAU,0.0,30,421.0,2712.0,0,0,0,1,0,1,0,0,0,0,0,1,1
27671,0033800002amDgUAAU,0.0,60,799.0,6639.0,1,0,0,0,0,0,1,0,0,0,0,1,1
27673,0033800002amDipAAE,0.0,0,555.0,1189.0,1,0,0,0,0,0,1,0,0,0,1,0,0
27674,0033800002amDjsAAE,0.0,0,0.0,2905.0,0,0,0,1,0,0,0,0,0,1,0,1,0
27676,0033800002amDmIAAU,0.0,0,1548.0,1826.0,0,1,0,0,0,0,1,0,0,0,1,0,1
27677,0033800002amDmSAAU,0.0,0,0.0,1461.0,0,0,0,1,0,1,0,0,0,0,0,1,1
27678,0033800002amDodAAE,0.0,0,2134.0,2649.0,0,0,0,1,0,1,0,0,0,0,0,1,1
27686,0033800002amEc4AAE,0.0,70,746.0,2191.0,0,0,0,1,0,0,0,0,0,1,1,0,0
27687,0033800002amEqHAAU,0.0,0,0.0,7603.0,0,0,0,1,0,0,1,0,0,0,0,1,0
27688,0033800002amEuKAAU,0.0,0,0.0,7311.0,0,0,0,1,0,0,0,0,0,1,0,1,1
27689,0033800002amExnAAE,0.0,0,84.0,2586.0,0,0,0,1,0,0,1,0,0,0,0,1,0
27691,0033800002amExpAAE,0.0,0,0.0,3297.0,0,1,0,0,0,0,1,0,0,0,0,1,1
27692,0033800002amEy7AAE,0.0,0,1597.0,763.0,0,0,0,1,0,0,0,0,1,0,0,1,0
27693,0033800002amEz5AAE,0.0,10,694.0,2130.0,0,1,0,0,0,0,1,0,0,0,0,1,1
27694,0033800002amEzFAAU,0.0,0,0.0,2355.0,0,0,0,1,0,0,0,0,0,1,0,1,1
27697,0033800002amFYpAAM,0.0,0,0.0,7309.0,0,0,0,0,1,0,0,0,0,1,0,1,0
27698,0033800002amG6TAAU,0.0,0,0.0,1837.0,0,1,0,0,0,0,1,0,0,0,0,1,1
27699,0033800002amG7HAAU,0.0,0,0.0,7304.0,0,0,0,1,0,1,0,0,0,0,0,1,1
27700,0033800002amG8tAAE,0.0,0,0.0,5471.0,1,0,0,0,0,1,0,0,0,0,1,0,0
27703,0033800002amGCbAAM,0.0,0,0.0,2325.0,1,0,0,0,0,0,1,0,0,0,0,1,1
27706,0033800002amGPVAA2,0.0,0,0.0,2340.0,0,0,0,0,1,0,0,0,0,1,1,0,0
27710,0033800002amGhVAAU,0.0,0,86.0,11322.0,0,0,0,0,1,1,0,0,0,0,0,1,1
27711,0033800002amGkeAAE,0.0,0,0.0,9476.0,0,1,0,0,0,0,0,0,0,1,0,1,1
27712,0033800002amGpPAAU,0.0,0,0.0,1634.0,0,0,0,1,0,0,1,0,0,0,0,1,0
27713,0033800002amGtMAAU,0.0,0,0.0,7365.0,0,1,0,0,0,0,1,0,0,0,0,1,1
27724,0033800002amHIbAAM,0.0,0,0.0,2931.0,0,1,0,0,0,0,1,0,0,0,0,1,1
27725,0033800002amHIqAAM,0.0,0,0.0,7492.0,0,1,0,0,0,1,0,0,0,0,0,1,1
27727,0033800002amHKSAA2,0.0,0,59.0,1241.0,0,0,0,1,0,0,1,0,0,0,0,1,1
27728,0033800002amHOeAAM,0.0,0,9771.0,2192.0,0,0,0,1,0,0,1,0,0,0,0,1,0
27730,0033800002amHmlAAE,0.0,80,4.0,8399.0,0,0,1,0,0,0,1,0,0,0,0,1,0
27733,0033800002amHqiAAE,0.0,0,579.0,3923.0,0,1,0,0,0,0,1,0,0,0,0,1,1
27734,0033800002amHupAAE,0.0,0,0.0,10224.0,0,1,0,0,0,0,1,0,0,0,0,1,1
27735,0033800002amHx0AAE,0.0,0,0.0,3518.0,0,1,0,0,0,0,1,0,0,0,0,1,1
27736,0033800002amICSAA2,0.0,0,0.0,8012.0,0,0,0,1,0,0,0,0,0,1,0,1,0
27738,0033800002amIGKAA2,0.0,0,0.0,5284.0,0,1,0,0,0,0,1,0,0,0,0,1,1
27740,0033800002amIOxAAM,0.0,0,0.0,2192.0,0,0,0,1,0,1,0,0,0,0,0,1,1
27741,0033800002amIUjAAM,0.0,0,19.0,1058.0,0,0,0,1,0,1,0,0,0,0,0,1,1
27742,0033800002amIrDAAU,0.0,80,3751.0,9862.0,0,1,0,0,0,0,0,0,0,1,0,1,0
27743,0033800002amIspAAE,0.0,80,101.0,3572.0,0,0,0,1,0,1,0,0,0,0,0,1,1
27746,0033800002amJQxAAM,0.0,0,0.0,4911.0,0,0,0,1,0,0,1,0,0,0,0,1,0
27747,0033800002amJXVAA2,0.0,0,398.0,7321.0,0,0,0,1,0,1,0,0,0,0,0,1,0
27748,0033800002amJf0AAE,0.0,0,0.0,10287.0,1,0,0,0,0,1,0,0,0,0,0,1,0
27750,0033800002amJnVAAU,0.0,30,1563.0,1750.0,0,1,0,0,0,1,0,0,0,0,0,1,1
27751,0033800002amJpHAAU,0.0,0,0.0,2829.0,0,0,0,1,0,1,0,0,0,0,0,1,0
27754,0033800002amKTjAAM,0.0,0,1807.0,1516.0,1,0,0,0,0,0,1,0,0,0,1,0,1
27755,0033800002amKXbAAM,0.0,0,4232.0,1856.0,0,0,0,1,0,1,0,0,0,0,0,1,0
27762,0033800002amMFqAAM,0.0,0,4701.0,1460.0,0,0,0,1,0,0,0,0,1,0,0,1,0
27763,0033800002amMTvAAM,0.0,100,367.0,9131.0,0,1,0,0,0,0,1,0,0,0,1,0,1
27764,0033800002amMUAAA2,0.0,0,0.0,9334.0,0,1,0,0,0,1,0,0,0,0,0,1,1
27767,0033800002amMvcAAE,0.0,0,0.0,3114.0,0,0,0,1,0,0,1,0,0,0,0,1,0
27768,0033800002amMyBAAU,0.0,50,230.0,2974.0,0,0,0,1,0,0,0,0,1,0,0,1,1
27769,0033800002amN8uAAE,0.0,100,2356.0,1853.0,0,0,0,1,0,0,0,0,1,0,0,1,1
27771,0033800002amNMJAA2,0.0,0,26.0,1460.0,0,0,0,1,0,0,0,0,1,0,0,1,1
27772,0033800002amNYRAA2,0.0,0,0.0,7515.0,0,0,0,1,0,0,1,0,0,0,0,1,0
27773,0033800002amNnPAAU,0.0,0,1522.0,1460.0,0,0,0,1,0,0,0,0,0,1,1,0,0
27774,0033800002amNuSAAU,0.0,0,0.0,7594.0,0,1,0,0,0,0,1,0,0,0,0,1,1
27776,0033800002amO5RAAU,0.0,0,0.0,2388.0,1,0,0,0,0,1,0,0,0,0,0,1,0
27780,0033800002amOcmAAE,0.0,0,0.0,2284.0,0,1,0,0,0,0,0,0,1,0,0,1,1
27781,0033800002amOdGAAU,0.0,0,0.0,8796.0,0,1,0,0,0,0,0,0,1,0,0,1,1
27784,0033800002amOtvAAE,0.0,0,0.0,8213.0,0,1,0,0,0,0,1,0,0,0,0,1,1
27786,0033800002amOvwAAE,0.0,0,0.0,8291.0,0,1,0,0,0,0,1,0,0,0,0,1,0
27790,0033800002amP03AAE,0.0,0,0.0,2511.0,1,0,0,0,0,0,1,0,0,0,0,1,0
27793,0033800002amPKhAAM,0.0,0,155.0,8792.0,0,0,0,1,0,0,0,0,0,1,0,1,0
27796,0033800002amPWfAAM,0.0,0,0.0,2082.0,1,0,0,0,0,1,0,0,0,0,0,1,1
27923,0033800002amPrSAAU,0.0,0,1335.0,1827.0,0,0,0,1,0,0,0,0,0,1,1,0,1
28053,0033800002amQ4UAAU,0.0,0,0.0,7200.0,0,0,0,1,0,0,0,0,0,1,0,1,1
28058,0033800002amQHSAA2,0.0,0,0.0,1522.0,0,0,0,1,0,0,1,0,0,0,1,0,1
28059,0033800002amQKWAA2,0.0,0,0.0,2906.0,0,0,0,1,0,0,1,0,0,0,1,0,1
28063,0033800002amQo5AAE,0.0,0,838.0,1460.0,0,0,0,1,0,0,0,0,1,0,0,1,1
28064,0033800002amR3gAAE,0.0,0,0.0,2974.0,0,0,0,0,1,0,0,0,0,1,0,1,1
28066,0033800002amR6VAAU,0.0,0,1037.0,1825.0,0,0,0,1,0,0,0,0,0,1,0,1,0
28067,0033800002amR9tAAE,0.0,0,0.0,2192.0,0,0,0,1,0,0,1,0,0,0,0,1,0
28068,0033800002amRFrAAM,0.0,40,858.0,2090.0,1,0,0,0,0,1,0,0,0,0,1,0,1
28070,0033800002amROZAA2,0.0,40,4918.0,2190.0,0,0,0,0,1,0,0,0,0,1,0,1,0
28071,0033800002amRU8AAM,0.0,0,0.0,7335.0,0,0,0,1,0,0,1,0,0,0,0,1,0
28072,0033800002amRf6AAE,0.0,0,0.0,12922.0,1,0,0,0,0,0,1,0,0,0,0,1,1
28073,0033800002amRlcAAE,0.0,0,0.0,7244.0,0,0,0,1,0,0,0,0,0,1,0,1,0
28074,0033800002amRq3AAE,0.0,0,155.0,8264.0,0,0,0,0,1,0,1,0,0,0,0,1,0
28078,0033800002amRsdAAE,0.0,0,7581.0,2543.0,0,0,1,0,0,0,0,0,0,1,0,1,0
28081,0033800002amRv8AAE,0.0,0,0.0,7550.0,0,0,0,1,0,0,1,0,0,0,0,1,0
28084,0033800002amS22AAE,0.0,0,118.0,2421.0,0,0,0,0,1,0,1,0,0,0,0,1,1
28087,0033800002amSJSAA2,0.0,0,0.0,1834.0,0,1,0,0,0,0,1,0,0,0,1,0,1
28088,0033800002amSJTAA2,0.0,0,0.0,496.0,0,1,0,0,0,0,1,0,0,0,0,1,1
28089,0033800002amSJUAA2,0.0,0,0.0,4382.0,0,1,0,0,0,0,1,0,0,0,1,0,0
28090,0033800002amSJVAA2,0.0,0,0.0,3580.0,0,0,0,1,0,0,1,0,0,0,0,1,0
28093,0033800002amSJYAA2,0.0,0,0.0,1049.0,0,1,0,0,0,0,1,0,0,0,1,0,0
28094,0033800002amSJZAA2,0.0,0,0.0,10600.0,0,1,0,0,0,0,1,0,0,0,1,0,0
28097,0033800002amSJcAAM,0.0,0,0.0,6907.0,0,0,0,1,0,0,1,0,0,0,0,1,1
28098,0033800002amSJdAAM,0.0,0,0.0,5329.0,0,0,0,1,0,0,1,0,0,0,0,1,1
28100,0033800002amSJfAAM,0.0,0,0.0,2192.0,0,1,0,0,0,0,1,0,0,0,0,1,0
28101,0033800002amSJgAAM,0.0,0,0.0,4465.0,0,0,0,1,0,0,1,0,0,0,0,1,1
28102,0033800002amSJhAAM,0.0,0,0.0,1652.0,0,1,0,0,0,0,1,0,0,0,0,1,0
28104,0033800002amSJjAAM,0.0,0,0.0,2597.0,0,0,0,1,0,0,1,0,0,0,0,1,0
28105,0033800002amSJkAAM,0.0,0,0.0,1057.0,1,0,0,0,0,0,1,0,0,0,1,0,0
28108,0033800002amSJnAAM,0.0,0,0.0,4207.0,0,1,0,0,0,0,1,0,0,0,0,1,1
28109,0033800002amSSDAA2,0.0,0,1353.0,1365.0,0,0,0,1,0,0,1,0,0,0,0,1,0
28110,0033800002amSW0AAM,0.0,0,0.0,8519.0,0,1,0,0,0,0,1,0,0,0,0,1,1
28112,0033800002amSkvAAE,0.0,0,0.0,10064.0,0,0,0,0,1,0,0,0,0,1,0,1,1
28114,0033800002amTDKAA2,0.0,0,0.0,8295.0,1,0,0,0,0,0,0,0,0,1,0,1,0
28116,0033800002amTNZAA2,0.0,0,5419.0,2191.0,0,0,0,1,0,0,0,0,0,1,0,1,1
28117,0033800002amTd1AAE,0.0,40,2533.0,3745.0,0,1,0,0,0,1,0,0,0,0,1,0,0
28119,0033800002amTkBAAU,0.0,60,0.0,7511.0,0,0,0,1,0,0,1,0,0,0,0,1,1
28120,0033800002amTypAAE,0.0,0,936.0,1723.0,0,0,0,1,0,0,0,0,0,1,0,1,1
28123,0033800002amUDxAAM,0.0,0,0.0,2619.0,0,1,0,0,0,0,1,0,0,0,0,1,1
28124,0033800002amURJAA2,0.0,0,1476.0,2562.0,0,0,0,1,0,0,1,0,0,0,1,0,1
28125,0033800002amUUWAA2,0.0,70,2368.0,1497.0,0,1,0,0,0,0,1,0,0,0,0,1,0
28127,0033800002amUaoAAE,0.0,0,1591.0,1615.0,0,0,0,0,1,0,1,0,0,0,0,1,0
28128,0033800002amUsJAAU,0.0,0,92.0,7332.0,0,0,0,1,0,0,1,0,0,0,0,1,0
28130,0033800002amVIXAA2,0.0,0,0.0,8833.0,0,1,0,0,0,0,1,0,0,0,0,1,1
28132,0033800002amWilAAE,0.0,0,0.0,7883.0,0,0,0,0,1,1,0,0,0,0,1,0,0
28134,0033800002amX6HAAU,0.0,0,0.0,2370.0,0,0,0,1,0,0,1,0,0,0,0,1,1
28135,0033800002amX70AAE,0.0,0,0.0,7312.0,0,0,0,1,0,0,1,0,0,0,0,1,0
28137,0033800002amXIAAA2,0.0,0,952.0,9657.0,1,0,0,0,0,0,1,0,0,0,0,1,1
28138,0033800002amXLhAAM,0.0,80,0.0,1460.0,0,0,0,1,0,0,1,0,0,0,1,0,1
28140,0033800002amXOlAAM,0.0,0,0.0,2239.0,0,0,0,0,1,0,1,0,0,0,1,0,1
28143,0033800002amXgkAAE,0.0,0,0.0,7410.0,0,0,0,0,1,0,1,0,0,0,0,1,0
28145,0033800002amXi2AAE,0.0,0,0.0,11468.0,0,0,0,1,0,0,1,0,0,0,0,1,0
28146,0033800002amXilAAE,0.0,0,0.0,1826.0,0,1,0,0,0,0,0,0,0,1,0,1,1
28156,0033800002amYXoAAM,0.0,0,1760.0,1263.0,0,1,0,0,0,0,1,0,0,0,0,1,0
28157,0033800002amYZGAA2,0.0,0,0.0,2192.0,0,0,0,1,0,1,0,0,0,0,0,1,0
28158,0033800002amYxNAAU,0.0,0,0.0,7329.0,0,0,0,1,0,0,0,0,0,1,0,1,1
28159,0033800002amZ2mAAE,0.0,0,0.0,7330.0,0,0,0,1,0,0,1,0,0,0,0,1,1
28160,0033800002amZ4xAAE,0.0,0,0.0,7305.0,1,0,0,0,0,0,0,0,1,0,0,1,1
28161,0033800002amZ5CAAU,0.0,0,0.0,2192.0,0,0,0,1,0,1,0,0,0,0,0,1,1
28162,0033800002amZ6eAAE,0.0,50,318.0,2921.0,0,0,0,1,0,0,0,0,0,1,0,1,0
28164,0033800002amZLaAAM,0.0,0,8596.0,1461.0,0,0,0,1,0,0,0,0,0,1,0,1,1
28165,0033800002amZMYAA2,0.0,0,0.0,8734.0,0,0,0,0,1,0,0,0,0,1,1,0,0
28166,0033800002amZS2AAM,0.0,0,0.0,8088.0,0,1,0,0,0,0,1,0,0,0,0,1,1
28167,0033800002amZSCAA2,0.0,0,0.0,9390.0,0,1,0,0,0,0,0,0,1,0,0,1,1
28170,0033800002amZv8AAE,0.0,0,0.0,7561.0,0,0,0,1,0,0,0,0,1,0,0,1,1
28171,0033800002ama03AAA,0.0,0,0.0,7396.0,0,0,0,1,0,0,1,0,0,0,0,1,0
28175,0033800002amarTAAQ,0.0,0,271.0,1887.0,0,0,0,1,0,0,0,0,0,1,0,1,1
28178,0033800002amb43AAA,0.0,0,0.0,11783.0,0,0,0,0,1,0,1,0,0,0,1,0,0
28179,0033800002amb4SAAQ,0.0,40,4650.0,2049.0,0,1,0,0,0,0,0,0,1,0,0,1,0
28183,0033800002ambDcAAI,0.0,0,0.0,8066.0,1,0,0,0,0,0,1,0,0,0,1,0,0
28184,0033800002ambDdAAI,0.0,0,0.0,11691.0,0,0,0,1,0,0,1,0,0,0,0,1,0
28186,0033800002ambDfAAI,0.0,0,0.0,9068.0,0,1,0,0,0,0,1,0,0,0,0,1,1
28187,0033800002ambDgAAI,0.0,0,0.0,371.0,0,0,0,1,0,0,1,0,0,0,0,1,1
28190,0033800002ambDjAAI,0.0,0,0.0,2148.0,0,0,0,1,0,0,1,0,0,0,1,0,0
28191,0033800002ambDkAAI,0.0,0,0.0,8434.0,0,0,0,0,1,0,1,0,0,0,1,0,0
28192,0033800002ambDlAAI,0.0,0,0.0,1830.0,0,0,0,1,0,0,1,0,0,0,0,1,1
28193,0033800002ambDmAAI,0.0,0,0.0,7665.0,0,0,0,1,0,0,1,0,0,0,1,0,1
28194,0033800002ambDnAAI,0.0,0,0.0,7917.0,0,0,0,0,1,0,1,0,0,0,0,1,0
28195,0033800002ambEhAAI,0.0,0,34.0,9496.0,0,0,0,0,1,1,0,0,0,0,1,0,0
28197,0033800002ambZpAAI,0.0,0,1.0,8774.0,0,1,0,0,0,1,0,0,0,0,0,1,0
28198,0033800002ambblAAA,0.0,0,0.0,3684.0,0,0,0,1,0,0,1,0,0,0,0,1,0
28199,0033800002ambctAAA,0.0,70,385.0,3947.0,0,0,0,1,0,0,0,0,1,0,0,1,1
28202,0033800002ambxmAAA,0.0,0,0.0,3197.0,0,1,0,0,0,0,1,0,0,0,0,1,1
28203,0033800002ambzEAAQ,0.0,0,276.0,9137.0,0,0,0,1,0,0,1,0,0,0,0,1,0
28204,0033800002amc10AAA,0.0,0,370.0,4702.0,0,0,0,0,1,1,0,0,0,0,0,1,1
28205,0033800002amc2wAAA,0.0,0,0.0,2696.0,0,1,0,0,0,0,1,0,0,0,1,0,0
28209,0033800002amcH8AAI,0.0,0,0.0,4335.0,0,0,0,1,0,0,1,0,0,0,0,1,1
28211,0033800002amcRkAAI,0.0,0,0.0,7521.0,0,0,0,0,1,0,1,0,0,0,1,0,1
28215,0033800002amcmnAAA,0.0,40,2910.0,6849.0,0,1,0,0,0,0,1,0,0,0,0,1,1
28220,0033800002amd3LAAQ,0.0,0,430.0,2788.0,1,0,0,0,0,0,1,0,0,0,0,1,0
28221,0033800002amd5HAAQ,0.0,0,0.0,8852.0,0,0,0,0,1,0,0,0,0,1,0,1,1
28222,0033800002amd7XAAQ,0.0,0,144.0,3047.0,0,1,0,0,0,1,0,0,0,0,0,1,0
28223,0033800002amdGjAAI,0.0,0,0.0,1826.0,0,0,0,0,1,0,1,0,0,0,0,1,0
28224,0033800002amdYCAAY,0.0,90,2285.0,8224.0,0,1,0,0,0,0,1,0,0,0,0,1,0
28227,0033800002amdyGAAQ,0.0,0,0.0,11690.0,0,1,0,0,0,0,1,0,0,0,0,1,1
28230,0033800002amePyAAI,0.0,0,0.0,9502.0,0,1,0,0,0,1,0,0,0,0,0,1,1
28231,0033800002ameQJAAY,0.0,0,853.0,4018.0,0,0,0,1,0,0,0,0,0,1,0,1,0
28234,0033800002ameQMAAY,0.0,60,1900.0,2308.0,0,1,0,0,0,0,1,0,0,0,0,1,1
28236,0033800002ameQiAAI,0.0,70,2025.0,1462.0,0,0,0,1,0,0,0,0,1,0,0,1,0
28239,0033800002ameQlAAI,0.0,50,2334.0,1214.0,0,1,0,0,0,0,1,0,0,0,0,1,0
28241,0033800002ameQnAAI,0.0,60,7715.0,2513.0,1,0,0,0,0,0,1,0,0,0,0,1,0
28245,0033800002amemGAAQ,0.0,0,2873.0,1443.0,0,1,0,0,0,0,1,0,0,0,1,0,1
28249,0033800002amen5AAA,0.0,0,0.0,2298.0,1,0,0,0,0,0,1,0,0,0,0,1,1
28250,0033800002amen6AAA,0.0,0,0.0,1641.0,0,1,0,0,0,0,1,0,0,0,1,0,0
28252,0033800002amen8AAA,0.0,0,0.0,4441.0,0,0,0,0,1,0,1,0,0,0,0,1,1
28253,0033800002amen9AAA,0.0,0,0.0,2100.0,0,0,0,1,0,0,1,0,0,0,0,1,0
28254,0033800002amenAAAQ,0.0,0,0.0,2908.0,1,0,0,0,0,0,1,0,0,0,0,1,1
28255,0033800002amenBAAQ,0.0,0,0.0,2300.0,0,0,0,1,0,0,1,0,0,0,0,1,1
28256,0033800002amenCAAQ,0.0,0,0.0,723.0,0,0,0,1,0,0,1,0,0,0,0,1,1
28257,0033800002amenDAAQ,0.0,0,0.0,7540.0,0,0,0,1,0,0,1,0,0,0,0,1,1
28259,0033800002amenFAAQ,0.0,0,0.0,1572.0,0,0,0,1,0,0,1,0,0,0,0,1,1
28262,0033800002amenIAAQ,0.0,0,0.0,1221.0,1,0,0,0,0,0,1,0,0,0,0,1,1
28263,0033800002amenJAAQ,0.0,0,0.0,1441.0,0,0,0,1,0,0,1,0,0,0,0,1,0
28264,0033800002amenKAAQ,0.0,0,0.0,2094.0,0,0,0,1,0,0,1,0,0,0,0,1,1
28265,0033800002amenLAAQ,0.0,0,0.0,3905.0,0,0,0,1,0,0,1,0,0,0,0,1,0
28267,0033800002amenNAAQ,0.0,0,0.0,3088.0,1,0,0,0,0,0,1,0,0,0,0,1,0
28268,0033800002amenOAAQ,0.0,0,0.0,7320.0,1,0,0,0,0,0,1,0,0,0,0,1,1
28271,0033800002amewXAAQ,0.0,10,1183.0,1461.0,0,0,0,1,0,0,0,0,1,0,0,1,1
28272,0033800002amewYAAQ,0.0,20,2992.0,2010.0,0,1,0,0,0,0,0,0,1,0,0,1,1
28274,0033800002amewaAAA,0.0,10,2244.0,1825.0,0,1,0,0,0,0,0,0,1,0,0,1,1
28278,0033800002amfO6AAI,0.0,100,727.0,2312.0,0,1,0,0,0,0,1,0,0,0,0,1,1
28279,0033800002amfPOAAY,0.0,0,10318.0,1492.0,0,0,0,1,0,0,0,0,1,0,0,1,1
28280,0033800002amfPTAAY,0.0,100,921.0,7335.0,0,1,0,0,0,0,1,0,0,0,0,1,1
28283,0033800002amfXSAAY,0.0,0,0.0,2409.0,0,0,0,1,0,0,1,0,0,0,0,1,1
28284,0033800002amfXmAAI,0.0,0,975.0,6703.0,0,0,0,0,1,0,1,0,0,0,0,1,0
28288,0033800002amfgFAAQ,0.0,20,323.0,2190.0,0,0,0,1,0,0,1,0,0,0,0,1,0
28291,0033800002amfnLAAQ,0.0,0,0.0,7305.0,1,0,0,0,0,0,1,0,0,0,0,1,0
28295,0033800002amfxQAAQ,0.0,0,0.0,2794.0,0,0,0,1,0,0,1,0,0,0,0,1,1
28296,0033800002amg3dAAA,0.0,0,0.0,7309.0,0,0,0,1,0,0,1,0,0,0,0,1,1
28297,0033800002amg4vAAA,0.0,0,7034.0,4393.0,0,0,0,1,0,0,1,0,0,0,0,1,0
28312,0033800002amhllAAA,0.0,40,4826.0,968.0,0,1,0,0,0,0,1,0,0,0,0,1,0
28313,0033800002amhlvAAA,0.0,90,524.0,5041.0,0,0,0,1,0,0,1,0,0,0,1,0,0
28315,0033800002amhoGAAQ,0.0,0,675.0,1717.0,0,0,0,1,0,0,1,0,0,0,0,1,1
28317,0033800002amhuHAAQ,0.0,0,1342.0,8776.0,0,1,0,0,0,0,0,0,1,0,0,1,0
28322,0033800002amiE2AAI,0.0,0,0.0,8498.0,0,0,0,0,1,0,0,0,1,0,0,1,1
28325,0033800002amiiRAAQ,0.0,0,895.0,5473.0,0,0,0,1,0,0,1,0,0,0,0,1,1
28329,0033800002amivMAAQ,0.0,0,0.0,5758.0,0,0,0,1,0,0,0,0,1,0,0,1,0
28334,0033800002amn7vAAA,0.0,0,250.0,3639.0,0,0,0,1,0,0,0,0,1,0,0,1,1
28335,0033800002amnZ4AAI,0.0,0,0.0,2191.0,0,1,0,0,0,0,1,0,0,0,0,1,1
28338,0033800002amnlZAAQ,0.0,0,0.0,7334.0,0,1,0,0,0,0,0,0,0,1,1,0,1
28339,0033800002amnoYAAQ,0.0,0,0.0,3196.0,0,0,0,1,0,0,0,0,0,1,0,1,1
28341,0033800002amo6zAAA,0.0,0,0.0,9931.0,0,0,0,0,1,1,0,0,0,0,0,1,1
28342,0033800002amoCnAAI,0.0,0,0.0,4742.0,0,0,0,1,0,0,0,0,1,0,0,1,0
28347,0033800002amoVaAAI,0.0,90,1706.0,1461.0,0,0,0,1,0,0,0,0,1,0,0,1,0
28349,0033800002amojSAAQ,0.0,0,0.0,13404.0,0,1,0,0,0,0,1,0,0,0,0,1,1
28350,0033800002amombAAA,0.0,0,0.0,9555.0,0,1,0,0,0,0,1,0,0,0,0,1,1
28352,0033800002amooDAAQ,0.0,0,0.0,7198.0,1,0,0,0,0,0,1,0,0,0,0,1,1
28364,0033800002ampYRAAY,0.0,0,0.0,10531.0,0,1,0,0,0,0,1,0,0,0,0,1,0
28368,0033800002ampdvAAA,0.0,100,153.0,12418.0,0,0,0,0,1,0,1,0,0,0,0,1,1
28369,0033800002ampeeAAA,0.0,50,6212.0,1460.0,1,0,0,0,0,0,0,0,1,0,0,1,1
28370,0033800002ampetAAA,0.0,0,2801.0,8059.0,0,1,0,0,0,0,1,0,0,0,0,1,1
28376,0033800002amq7FAAQ,0.0,0,0.0,7866.0,1,0,0,0,0,0,1,0,0,0,0,1,0
28377,0033800002amq9kAAA,0.0,0,0.0,8454.0,0,1,0,0,0,1,0,0,0,0,0,1,1
28379,0033800002amqJzAAI,0.0,0,57.0,1826.0,0,1,0,0,0,0,1,0,0,0,0,1,1
28383,0033800002amquvAAA,0.0,60,1836.0,1370.0,0,1,0,0,0,0,0,0,1,0,0,1,1
28385,0033800002amr9bAAA,0.0,0,0.0,1460.0,0,1,0,0,0,0,1,0,0,0,0,1,1
28386,0033800002amr9lAAA,0.0,0,0.0,2191.0,0,0,0,1,0,0,1,0,0,0,0,1,0
28388,0033800002amrOXAAY,0.0,0,32.0,2612.0,1,0,0,0,0,0,1,0,0,0,0,1,1
28391,0033800002amrraAAA,0.0,0,0.0,2918.0,1,0,0,0,0,1,0,0,0,0,1,0,1
28392,0033800002amrrzAAA,0.0,0,0.0,4452.0,0,0,0,0,1,0,1,0,0,0,1,0,0
28403,0033800002ams29AAA,0.0,0,0.0,2648.0,0,0,0,1,0,0,0,0,0,1,0,1,1
28405,0033800002ams32AAA,0.0,60,1347.0,2922.0,0,0,0,1,0,0,0,0,0,1,0,1,0
28407,0033800002ams4UAAQ,0.0,0,0.0,2662.0,0,0,0,1,0,0,1,0,0,0,0,1,0
28410,0033800002ams7TAAQ,0.0,0,69.0,1693.0,0,0,0,1,0,0,1,0,0,0,0,1,1
28413,0033800002amsJnAAI,0.0,0,0.0,2191.0,0,1,0,0,0,0,0,0,0,1,0,1,1
28416,0033800002amsNeAAI,0.0,0,0.0,1942.0,0,0,0,1,0,0,1,0,0,0,0,1,0
28419,0033800002amsdAAAQ,0.0,0,0.0,7778.0,1,0,0,0,0,0,1,0,0,0,0,1,1
28420,0033800002amsenAAA,0.0,10,3924.0,1521.0,0,1,0,0,0,1,0,0,0,0,0,1,0
28421,0033800002amsgkAAA,0.0,90,2012.0,8726.0,1,0,0,0,0,0,1,0,0,0,0,1,1
28425,0033800002amt0HAAQ,0.0,0,0.0,2557.0,0,0,0,1,0,0,1,0,0,0,1,0,0
28429,0033800002amtlvAAA,0.0,0,5586.0,1461.0,0,1,0,0,0,1,0,0,0,0,0,1,0
28430,0033800002amtmAAAQ,0.0,0,0.0,8994.0,0,0,0,1,0,0,1,0,0,0,0,1,1
28433,0033800002amtqMAAQ,0.0,10,1733.0,1460.0,0,0,0,1,0,0,0,0,0,1,0,1,1
28439,0033800002amulXAAQ,0.0,0,0.0,1233.0,1,0,0,0,0,0,1,0,0,0,1,0,1
28442,0033800002amvDMAAY,0.0,70,10.0,7837.0,0,0,0,1,0,0,1,0,0,0,0,1,1
28443,0033800002amvDRAAY,0.0,70,1281.0,9269.0,1,0,0,0,0,1,0,0,0,0,0,1,0
28448,0033800002amvPwAAI,0.0,0,8499.0,1949.0,0,1,0,0,0,0,0,0,1,0,0,1,1
28449,0033800002amvR9AAI,0.0,0,1609.0,2641.0,0,0,0,1,0,0,0,0,0,1,0,1,1
28451,0033800002amvRBAAY,0.0,0,0.0,2955.0,0,0,0,0,1,1,0,0,0,0,0,1,1
28452,0033800002amvRCAAY,0.0,0,0.0,8674.0,0,0,0,0,1,1,0,0,0,0,1,0,1
28454,0033800002amvREAAY,0.0,0,0.0,8062.0,0,1,0,0,0,1,0,0,0,0,0,1,1
28456,0033800002amvRGAAY,0.0,0,223.0,1225.0,0,0,0,1,0,0,1,0,0,0,0,1,1
28457,0033800002amvRHAAY,0.0,0,0.0,8429.0,0,0,0,1,0,0,1,0,0,0,0,1,1
28458,0033800002amvRIAAY,0.0,10,468.0,5518.0,0,0,0,1,0,0,1,0,0,0,0,1,0
28464,0033800002amvROAAY,0.0,0,1218.0,8830.0,0,1,0,0,0,1,0,0,0,0,1,0,1
28466,0033800002amvRQAAY,0.0,20,0.0,10867.0,0,0,0,0,1,1,0,0,0,0,0,1,1
28467,0033800002amvRRAAY,0.0,60,355.0,2925.0,0,0,0,1,0,0,1,0,0,0,0,1,1
28470,0033800002amvRUAAY,0.0,0,1576.0,2922.0,1,0,0,0,0,1,0,0,0,0,0,1,1
28471,0033800002amvRWAAY,0.0,100,731.0,2922.0,0,0,0,1,0,0,1,0,0,0,1,0,1
28473,0033800002amvRYAAY,0.0,80,1962.0,1826.0,0,0,0,1,0,1,0,0,0,0,0,1,1
28474,0033800002amvRZAAY,0.0,0,0.0,1286.0,0,1,0,0,0,0,1,0,0,0,0,1,1
28476,0033800002amvRbAAI,0.0,0,2793.0,1923.0,0,0,0,1,0,0,1,0,0,0,0,1,1
28477,0033800002amvRcAAI,0.0,0,974.0,7445.0,0,0,0,0,1,0,1,0,0,0,0,1,0
28478,0033800002amvRdAAI,0.0,0,0.0,751.0,0,0,0,1,0,0,1,0,0,0,0,1,1
28479,0033800002amvReAAI,0.0,0,0.0,10788.0,0,0,0,0,1,0,1,0,0,0,0,1,1
28480,0033800002amvRfAAI,0.0,0,0.0,7310.0,0,0,0,1,0,0,1,0,0,0,0,1,1
28481,0033800002amvRgAAI,0.0,0,0.0,4349.0,0,0,0,1,0,0,1,0,0,0,0,1,1
28482,0033800002amvRhAAI,0.0,0,0.0,1320.0,0,0,0,1,0,0,1,0,0,0,0,1,0
28483,0033800002amvRiAAI,0.0,0,57.0,2881.0,0,0,0,1,0,0,1,0,0,0,0,1,1
28484,0033800002amvRjAAI,0.0,100,0.0,6928.0,0,0,0,1,0,0,1,0,0,0,0,1,1
28486,0033800002amvRlAAI,0.0,30,9.0,1817.0,0,0,1,0,0,1,0,0,0,0,0,1,1
28487,0033800002amvRmAAI,0.0,0,13789.0,304.0,1,0,0,0,0,0,1,0,0,0,0,1,1
28488,0033800002amvRnAAI,0.0,60,7705.0,7353.0,0,0,0,1,0,0,1,0,0,0,1,0,0
28489,0033800002amvRoAAI,0.0,0,8157.0,365.0,0,0,0,1,0,1,0,0,0,0,0,1,1
28491,0033800002amvRqAAI,0.0,0,0.0,2192.0,0,0,0,1,0,1,0,0,0,0,0,1,1
28492,0033800002amvRrAAI,0.0,0,110.0,2266.0,0,0,0,1,0,0,0,0,0,1,0,1,0
28494,0033800002amvRtAAI,0.0,0,3540.0,2934.0,0,0,0,1,0,0,0,0,0,1,0,1,1
28495,0033800002amvRuAAI,0.0,0,274.0,2263.0,0,0,0,1,0,0,1,0,0,0,0,1,1
28496,0033800002amvRvAAI,0.0,0,1.0,1369.0,0,0,0,1,0,0,0,0,1,0,0,1,1
28497,0033800002amvRwAAI,0.0,0,1337.0,2285.0,0,1,0,0,0,0,1,0,0,0,0,1,1
28498,0033800002amvRxAAI,0.0,0,315.0,2193.0,0,0,0,1,0,0,1,0,0,0,0,1,1
28499,0033800002amvRyAAI,0.0,0,0.0,8948.0,0,0,0,0,1,0,1,0,0,0,0,1,1
28503,0033800002amvS2AAI,0.0,0,0.0,4049.0,0,1,0,0,0,0,1,0,0,0,0,1,1
28506,0033800002amvS5AAI,0.0,0,0.0,7822.0,0,0,0,1,0,0,0,0,0,1,0,1,0
28507,0033800002amvS6AAI,0.0,0,0.0,8248.0,0,0,0,0,1,0,0,0,0,1,0,1,1
28509,0033800002amvS8AAI,0.0,80,1859.0,1643.0,1,0,0,0,0,0,0,0,1,0,0,1,1
28510,0033800002amvS9AAI,0.0,0,0.0,8401.0,0,1,0,0,0,0,1,0,0,0,0,1,0
28511,0033800002amvSAAAY,0.0,0,852.0,1826.0,0,0,0,1,0,0,1,0,0,0,1,0,1
28512,0033800002amvSBAAY,0.0,0,0.0,4268.0,0,1,0,0,0,0,1,0,0,0,0,1,1
28514,0033800002amvSDAAY,0.0,0,797.0,10221.0,0,1,0,0,0,0,1,0,0,0,0,1,0
28515,0033800002amvSEAAY,0.0,0,218.0,3315.0,0,0,0,1,0,0,1,0,0,0,0,1,1
28516,0033800002amvSFAAY,0.0,0,63.0,9519.0,1,0,0,0,0,0,1,0,0,0,0,1,1
28517,0033800002amvSGAAY,0.0,0,0.0,10066.0,0,0,0,1,0,0,1,0,0,0,0,1,1
28523,0033800002amvSzAAI,0.0,30,7792.0,7305.0,0,0,0,1,0,1,0,0,0,0,0,1,1
28524,0033800002amvT0AAI,0.0,100,0.0,5599.0,1,0,0,0,0,0,1,0,0,0,0,1,0
28526,0033800002amvT2AAI,0.0,0,0.0,3845.0,1,0,0,0,0,0,1,0,0,0,0,1,1
28527,0033800002amvT3AAI,0.0,0,0.0,2710.0,0,0,0,1,0,0,1,0,0,0,0,1,1
28528,0033800002amvXHAAY,0.0,20,4389.0,3405.0,1,0,0,0,0,0,0,0,1,0,0,1,1
28530,0033800002amw6GAAQ,0.0,0,0.0,7341.0,0,1,0,0,0,0,1,0,0,0,1,0,0
28531,0033800002amwA8AAI,0.0,30,314.0,1467.0,0,0,0,1,0,0,0,0,1,0,0,1,1
28537,0033800002amwB7AAI,0.0,0,0.0,2192.0,1,0,0,0,0,0,1,0,0,0,0,1,1
28538,0033800002amwB8AAI,0.0,0,0.0,8111.0,0,0,0,1,0,0,1,0,0,0,0,1,0
28539,0033800002amwB9AAI,0.0,0,0.0,1096.0,0,1,0,0,0,0,1,0,0,0,0,1,1
28540,0033800002amwBAAAY,0.0,0,0.0,3673.0,0,1,0,0,0,0,1,0,0,0,1,0,1
28541,0033800002amwBBAAY,0.0,0,0.0,8036.0,0,0,0,1,0,0,1,0,0,0,0,1,1
28543,0033800002amwBDAAY,0.0,0,0.0,2284.0,0,0,0,1,0,0,1,0,0,0,0,1,0
28545,0033800002amwBFAAY,0.0,0,0.0,2352.0,1,0,0,0,0,0,1,0,0,0,0,1,1
28556,0033800002amwBQAAY,0.0,0,0.0,7243.0,0,0,0,1,0,0,1,0,0,0,0,1,1
28558,0033800002amwBSAAY,0.0,0,0.0,3459.0,0,1,0,0,0,0,1,0,0,0,1,0,0
28559,0033800002amwBTAAY,0.0,0,819.0,1826.0,0,1,0,0,0,0,1,0,0,0,0,1,1
28560,0033800002amwBUAAY,0.0,0,0.0,3166.0,1,0,0,0,0,0,0,0,1,0,0,1,1
28563,0033800002amwBYAAY,0.0,0,0.0,1922.0,0,1,0,0,0,0,0,0,0,1,0,1,1
28566,0033800002amwKDAAY,0.0,0,0.0,2767.0,0,0,0,1,0,0,1,0,0,0,0,1,1
28568,0033800002amwXRAAY,0.0,0,4039.0,1468.0,0,0,0,1,0,0,0,0,0,1,0,1,0
28569,0033800002amwZNAAY,0.0,0,0.0,11323.0,1,0,0,0,0,0,1,0,0,0,0,1,1
28570,0033800002amwZSAAY,0.0,10,15836.0,731.0,0,1,0,0,0,0,0,0,0,1,0,1,1
28572,0033800002amwbsAAA,0.0,0,0.0,4352.0,1,0,0,0,0,0,1,0,0,0,0,1,1
28574,0033800002amwrvAAA,0.0,50,4.0,2433.0,0,0,0,1,0,0,1,0,0,0,0,1,1
28575,0033800002amwsUAAQ,0.0,0,3565.0,1794.0,0,0,0,0,1,0,1,0,0,0,1,0,0
28578,0033800002amx3IAAQ,0.0,10,7563.0,8068.0,0,1,0,0,0,0,1,0,0,0,0,1,1
28582,0033800002amxwwAAA,0.0,0,0.0,1461.0,0,0,0,1,0,0,1,0,0,0,0,1,1
28583,0033800002amy0oAAA,0.0,30,1367.0,1552.0,0,1,0,0,0,1,0,0,0,0,1,0,1
28584,0033800002amy5UAAQ,0.0,0,0.0,9270.0,0,0,0,1,0,0,1,0,0,0,0,1,1
28585,0033800002amy8JAAQ,0.0,0,0.0,7254.0,0,0,0,1,0,0,0,0,1,0,0,1,1
28588,0033800002amyQTAAY,0.0,0,0.0,2715.0,1,0,0,0,0,0,1,0,0,0,0,1,0
28590,0033800002amyhnAAA,0.0,0,5580.0,3768.0,0,0,0,0,1,1,0,0,0,0,0,1,1
28591,0033800002an0FxAAI,0.0,0,0.0,9515.0,1,0,0,0,0,0,0,0,0,1,0,1,1
28592,0033800002an0O6AAI,0.0,0,999.0,2557.0,0,1,0,0,0,0,1,0,0,0,0,1,1
28593,0033800002an0VlAAI,0.0,0,0.0,2299.0,0,0,0,1,0,0,1,0,0,0,0,1,0
28594,0033800002an0iVAAQ,0.0,0,8.0,8643.0,1,0,0,0,0,0,0,0,0,1,0,1,1
28595,0033800002an10FAAQ,0.0,0,437.0,1959.0,1,0,0,0,0,0,0,0,1,0,0,1,1
28597,0033800002an1AtAAI,0.0,40,2448.0,2843.0,0,0,0,0,1,0,1,0,0,0,0,1,0
28601,0033800002an2pnAAA,0.0,0,557.0,3459.0,0,0,0,1,0,0,1,0,0,0,0,1,0
28607,0033800002an3E9AAI,0.0,0,0.0,3653.0,0,0,0,1,0,0,0,0,0,1,0,1,0
28610,0033800002an3MSAAY,0.0,0,0.0,4803.0,0,0,0,1,0,0,0,0,1,0,0,1,1
28611,0033800002an3YFAAY,0.0,90,740.0,7546.0,0,0,0,1,0,0,1,0,0,0,0,1,1
28619,0033800002an5hHAAQ,0.0,0,3788.0,1461.0,0,0,0,1,0,1,0,0,0,0,0,1,1
28621,0033800002an5hJAAQ,0.0,0,228.0,122.0,0,0,0,1,0,0,0,0,0,1,0,1,1
28622,0033800002an5hKAAQ,0.0,0,136.0,1461.0,0,0,0,1,0,0,1,0,0,0,0,1,0
28628,0033800002an5hQAAQ,0.0,80,501.0,2191.0,0,0,0,1,0,0,1,0,0,0,0,1,1
28655,0033800002an6x3AAA,0.0,0,8637.0,1096.0,0,0,0,1,0,0,0,0,0,1,0,1,0
28656,0033800002an6x8AAA,0.0,0,0.0,9497.0,0,1,0,0,0,0,0,0,0,1,0,1,1
28657,0033800002an6y1AAA,0.0,80,119.0,4933.0,0,0,0,1,0,0,0,0,0,1,1,0,1
28658,0033800002an77rAAA,0.0,0,254.0,2252.0,0,1,0,0,0,0,1,0,0,0,0,1,0
28662,0033800002an7FqAAI,0.0,60,1846.0,7849.0,0,0,0,1,0,0,1,0,0,0,0,1,1
28666,0033800002an7LPAAY,0.0,0,0.0,7906.0,0,0,0,1,0,0,1,0,0,0,0,1,0
28669,0033800002an7ZqAAI,0.0,0,9.0,4598.0,0,0,0,1,0,0,1,0,0,0,0,1,1
28670,0033800002an7hpAAA,0.0,0,0.0,3230.0,0,1,0,0,0,0,1,0,0,0,0,1,1
28673,0033800002an7rQAAQ,0.0,20,170.0,1461.0,1,0,0,0,0,0,0,0,1,0,0,1,1
28674,0033800002an7rfAAA,0.0,0,149.0,1068.0,0,0,0,1,0,0,1,0,0,0,0,1,1
28678,0033800002an84VAAQ,0.0,0,0.0,3511.0,0,0,0,1,0,0,1,0,0,0,0,1,0
28682,0033800002an8KfAAI,0.0,0,1455.0,1723.0,0,0,0,1,0,0,1,0,0,0,1,0,0
28683,0033800002an8NyAAI,0.0,0,0.0,2763.0,0,0,0,1,0,0,0,0,1,0,0,1,0
28684,0033800002an8QJAAY,0.0,0,0.0,12159.0,0,0,0,0,1,0,1,0,0,0,0,1,0
28687,0033800002an8YwAAI,0.0,0,7.0,2036.0,0,1,0,0,0,0,1,0,0,0,0,1,1
28693,0033800002an8knAAA,0.0,0,0.0,7508.0,0,0,0,0,1,0,1,0,0,0,0,1,1
28695,0033800002an8ulAAA,0.0,0,0.0,3124.0,0,0,0,1,0,0,1,0,0,0,0,1,0
28697,0033800002an8yRAAQ,0.0,90,42.0,9175.0,0,0,0,1,0,0,1,0,0,0,0,1,0
28698,0033800002an95NAAQ,0.0,20,4487.0,2190.0,0,1,0,0,0,1,0,0,0,0,0,1,1
28700,0033800002an95rAAA,0.0,0,0.0,3310.0,0,0,0,1,0,0,1,0,0,0,0,1,0
28702,0033800002an9IbAAI,0.0,0,1508.0,1681.0,0,0,0,1,0,0,1,0,0,0,0,1,0
28705,0033800002an9NRAAY,0.0,0,11003.0,1678.0,0,0,0,1,0,0,0,0,1,0,0,1,0
28710,0033800002anAGXAA2,0.0,0,0.0,4280.0,0,1,0,0,0,1,0,0,0,0,1,0,0
28712,0033800002anANEAA2,0.0,0,0.0,2055.0,0,1,0,0,0,0,1,0,0,0,0,1,0
28715,0033800002anAYqAAM,0.0,0,0.0,8095.0,0,1,0,0,0,0,1,0,0,0,0,1,1
28717,0033800002anBikAAE,0.0,100,0.0,8414.0,0,0,0,1,0,0,1,0,0,0,0,1,1
28718,0033800002anBj4AAE,0.0,0,0.0,5713.0,0,1,0,0,0,0,1,0,0,0,1,0,0
28722,0033800002anEKAAA2,0.0,0,178.0,2924.0,0,0,0,1,0,1,0,0,0,0,1,0,1
28724,0033800002anG1zAAE,0.0,0,0.0,7325.0,0,0,0,1,0,1,0,0,0,0,1,0,0
28725,0033800002anG6FAAU,0.0,20,2760.0,1461.0,0,1,0,0,0,0,0,0,1,0,0,1,1
28728,0033800002anGSBAA2,0.0,0,0.0,11106.0,1,0,0,0,0,0,1,0,0,0,0,1,1
28730,0033800002anGXzAAM,0.0,0,0.0,1249.0,0,1,0,0,0,0,1,0,0,0,0,1,1
28731,0033800002anGfKAAU,0.0,0,0.0,11667.0,0,0,0,1,0,0,1,0,0,0,0,1,0
28734,0033800002anH0wAAE,0.0,90,0.0,5089.0,0,0,0,1,0,0,1,0,0,0,0,1,1
28735,0033800002anH4AAAU,0.0,30,602.0,8493.0,0,1,0,0,0,0,1,0,0,0,0,1,1
28736,0033800002anH4FAAU,0.0,0,0.0,7444.0,0,0,0,0,1,0,1,0,0,0,0,1,0
28737,0033800002anH9PAAU,0.0,0,48.0,10263.0,0,0,0,0,1,0,1,0,0,0,0,1,1
28740,0033800002anHWJAA2,0.0,0,0.0,1644.0,0,0,0,1,0,0,1,0,0,0,0,1,1
28741,0033800002anHakAAE,0.0,0,0.0,2999.0,0,1,0,0,0,0,1,0,0,0,0,1,1
28742,0033800002anHb9AAE,0.0,0,13.0,8737.0,0,0,0,0,1,0,0,0,0,1,0,1,1
28744,0033800002anHw1AAE,0.0,0,5377.0,1491.0,0,1,0,0,0,0,0,0,0,1,0,1,1
28745,0033800002anI2NAAU,0.0,0,0.0,7329.0,0,0,0,1,0,0,1,0,0,0,0,1,1
28746,0033800002anIEDAA2,0.0,0,1176.0,877.0,0,0,0,1,0,0,1,0,0,0,0,1,0
28748,0033800002anIhVAAU,0.0,0,1737.0,4522.0,0,0,0,1,0,0,1,0,0,0,0,1,0
28751,0033800002anIpeAAE,0.0,0,0.0,7053.0,0,1,0,0,0,0,1,0,0,0,1,0,1
28752,0033800002anJ3bAAE,0.0,0,0.0,1461.0,0,1,0,0,0,1,0,0,0,0,0,1,0
28754,0033800002anJ5SAAU,0.0,0,1501.0,3671.0,0,1,0,0,0,0,1,0,0,0,0,1,0
28755,0033800002anJ5XAAU,0.0,0,87.0,1348.0,0,0,0,1,0,0,1,0,0,0,1,0,1
28766,0033800002anJQZAA2,0.0,0,864.0,5322.0,0,0,0,1,0,0,1,0,0,0,0,1,1
28768,0033800002anJjbAAE,0.0,0,0.0,5683.0,0,0,0,1,0,0,1,0,0,0,1,0,0
28771,0033800002anJrAAAU,0.0,0,0.0,1263.0,0,0,0,1,0,0,1,0,0,0,0,1,0
28773,0033800002anK5IAAU,0.0,80,38.0,11263.0,0,0,0,1,0,1,0,0,0,0,0,1,1
28774,0033800002anKCpAAM,0.0,0,1589.0,1461.0,0,0,0,1,0,0,1,0,0,0,0,1,1
28777,0033800002anKKKAA2,0.0,0,0.0,1461.0,1,0,0,0,0,0,0,0,0,1,1,0,0
28780,0033800002anKQhAAM,0.0,0,0.0,3681.0,0,1,0,0,0,0,1,0,0,0,0,1,1
28787,0033800002anKzhAAE,0.0,0,0.0,2362.0,0,0,0,1,0,0,1,0,0,0,0,1,0
28789,0033800002anL3UAAU,0.0,0,0.0,8919.0,0,1,0,0,0,0,1,0,0,0,0,1,1
28792,0033800002anLK6AAM,0.0,0,2439.0,2132.0,1,0,0,0,0,0,1,0,0,0,1,0,0
28793,0033800002anLMMAA2,0.0,0,0.0,7577.0,0,0,0,1,0,0,0,0,1,0,0,1,1
28800,0033800002anLcyAAE,0.0,0,543.0,3221.0,0,1,0,0,0,0,1,0,0,0,1,0,1
28802,0033800002anLeQAAU,0.0,60,2563.0,8481.0,0,0,0,1,0,0,1,0,0,0,0,1,1
28804,0033800002anLfTAAU,0.0,20,0.0,3922.0,0,1,0,0,0,0,1,0,0,0,0,1,0
28807,0033800002anLjGAAU,0.0,30,0.0,9235.0,0,1,0,0,0,0,1,0,0,0,0,1,1
28812,0033800002anMB7AAM,0.0,0,0.0,1827.0,0,1,0,0,0,0,1,0,0,0,0,1,1
28814,0033800002anMTzAAM,0.0,0,2686.0,7691.0,0,1,0,0,0,0,0,0,1,0,0,1,1
28815,0033800002anMUsAAM,0.0,0,3021.0,2406.0,0,1,0,0,0,1,0,0,0,0,0,1,0
28816,0033800002anMWtAAM,0.0,0,161.0,7311.0,0,0,0,1,0,0,1,0,0,0,1,0,1
28820,0033800002anMmcAAE,0.0,0,0.0,7307.0,0,0,0,0,1,1,0,0,0,0,0,1,1
28821,0033800002anMn1AAE,0.0,100,3966.0,1827.0,0,0,0,0,1,0,0,0,0,1,0,1,0
28826,0033800002anMx6AAE,0.0,0,0.0,2089.0,0,0,0,1,0,0,1,0,0,0,0,1,1
28836,0033800002anNvmAAE,0.0,0,341.0,2663.0,0,0,0,1,0,1,0,0,0,0,0,1,1
28843,0033800002anOLuAAM,0.0,70,1972.0,3223.0,0,0,0,1,0,0,0,0,1,0,0,1,1
28846,0033800002anOStAAM,0.0,0,0.0,7683.0,0,1,0,0,0,1,0,0,0,0,0,1,1
28847,0033800002anOTDAA2,0.0,0,0.0,2191.0,0,0,0,1,0,1,0,0,0,0,0,1,1
28848,0033800002anOWlAAM,0.0,0,0.0,1414.0,0,0,0,1,0,0,1,0,0,0,0,1,1
28849,0033800002anOy5AAE,0.0,0,1166.0,2789.0,0,1,0,0,0,1,0,0,0,0,1,0,0
28852,0033800002anPEGAA2,0.0,0,0.0,801.0,0,1,0,0,0,0,0,0,0,1,0,1,0
28854,0033800002anPHyAAM,0.0,0,620.0,10947.0,1,0,0,0,0,0,1,0,0,0,0,1,0
28855,0033800002anPOlAAM,0.0,80,502.0,6979.0,0,0,0,1,0,0,1,0,0,0,1,0,0
28858,0033800002anPk8AAE,0.0,0,0.0,7233.0,0,1,0,0,0,0,0,0,0,1,0,1,1
28860,0033800002anPpcAAE,0.0,0,0.0,2230.0,0,0,0,1,0,0,1,0,0,0,1,0,0
28862,0033800002anPxHAAU,0.0,0,7432.0,1460.0,0,0,0,0,1,1,0,0,0,0,0,1,1
28868,0033800002anQHHAA2,0.0,0,2446.0,7497.0,0,1,0,0,0,0,0,1,0,0,0,1,0
28869,0033800002anQIKAA2,0.0,70,1376.0,2130.0,0,1,0,0,0,1,0,0,0,0,0,1,1
28870,0033800002anQJhAAM,0.0,0,3666.0,923.0,0,1,0,0,0,0,1,0,0,0,1,0,0
28874,0033800002anQR7AAM,0.0,0,0.0,7317.0,0,0,0,1,0,0,1,0,0,0,0,1,1
28877,0033800002anQTIAA2,0.0,0,0.0,7305.0,0,0,0,1,0,0,1,0,0,0,1,0,1
28878,0033800002anQTXAA2,0.0,0,3024.0,6181.0,0,1,0,0,0,0,0,0,0,1,0,1,0
28879,0033800002anQUfAAM,0.0,0,2416.0,2710.0,0,1,0,0,0,0,0,0,1,0,0,1,0
28882,0033800002anQZ6AAM,0.0,0,0.0,6504.0,0,0,0,0,1,0,1,0,0,0,0,1,1
28883,0033800002anQZzAAM,0.0,30,1470.0,7670.0,0,1,0,0,0,1,0,0,0,0,0,1,1
28885,0033800002anQbWAAU,0.0,0,4015.0,1387.0,0,1,0,0,0,1,0,0,0,0,1,0,1
28886,0033800002anQcZAAU,0.0,90,502.0,7639.0,0,0,0,0,1,0,1,0,0,0,0,1,1
28891,0033800002anQh5AAE,0.0,0,0.0,3336.0,0,0,0,1,0,0,0,0,0,1,0,1,1
28892,0033800002anQhFAAU,0.0,100,42.0,7670.0,0,1,0,0,0,0,1,0,0,0,0,1,1
28893,0033800002anQmPAAU,0.0,80,13.0,2479.0,0,0,0,1,0,0,1,0,0,0,0,1,1
28898,0033800002anRPGAA2,0.0,0,9628.0,1955.0,0,0,0,1,0,1,0,0,0,0,0,1,1
28908,0033800002anS4nAAE,0.0,0,0.0,7328.0,0,1,0,0,0,0,1,0,0,0,0,1,1
28909,0033800002anS60AAE,0.0,0,0.0,8677.0,0,0,0,0,1,0,1,0,0,0,0,1,1
28910,0033800002anSBUAA2,0.0,0,0.0,2820.0,0,1,0,0,0,0,1,0,0,0,0,1,0
28919,0033800002anSebAAE,0.0,0,0.0,5113.0,0,0,0,1,0,0,0,0,0,1,1,0,0
28928,0033800002anSzqAAE,0.0,20,2249.0,1354.0,0,0,0,1,0,0,1,0,0,0,0,1,1
28930,0033800002anT26AAE,0.0,0,239.0,45.0,1,0,0,0,0,0,1,0,0,0,0,1,0
28931,0033800002anT2BAAU,0.0,0,346.0,2030.0,0,0,0,1,0,0,1,0,0,0,0,1,0
28932,0033800002anT34AAE,0.0,0,0.0,10069.0,0,0,0,0,1,0,0,0,0,1,0,1,1
28934,0033800002anTIIAA2,0.0,0,0.0,8782.0,1,0,0,0,0,0,0,0,0,1,0,1,1
28935,0033800002anTJRAA2,0.0,0,46.0,1634.0,0,1,0,0,0,0,1,0,0,0,1,0,0
28938,0033800002anTMPAA2,0.0,0,0.0,4260.0,0,1,0,0,0,0,0,0,1,0,0,1,1
28942,0033800002anTQHAA2,0.0,80,132.0,9748.0,0,0,0,1,0,0,0,0,1,0,0,1,1
28943,0033800002anTR5AAM,0.0,0,291.0,1039.0,0,0,0,1,0,0,0,0,1,0,1,0,1
28944,0033800002anTRAAA2,0.0,0,0.0,1430.0,0,0,0,1,0,0,0,0,0,1,1,0,0
28954,0033800002anTZHAA2,0.0,0,0.0,5270.0,1,0,0,0,0,0,0,0,0,1,1,0,1
28956,0033800002anTdbAAE,0.0,0,5242.0,7692.0,0,1,0,0,0,0,1,0,0,0,0,1,1
28957,0033800002anTf8AAE,0.0,0,0.0,6211.0,1,0,0,0,0,0,1,0,0,0,0,1,0
28959,0033800002anTfhAAE,0.0,10,2996.0,3806.0,0,1,0,0,0,1,0,0,0,0,1,0,1
28960,0033800002anTi2AAE,0.0,0,15.0,727.0,0,0,0,1,0,0,1,0,0,0,0,1,1
28962,0033800002anTjjAAE,0.0,0,0.0,5208.0,1,0,0,0,0,0,1,0,0,0,0,1,0
28964,0033800002anTkDAAU,0.0,0,0.0,4973.0,0,1,0,0,0,0,1,0,0,0,1,0,0
28967,0033800002anTnvAAE,0.0,30,9289.0,1456.0,0,0,0,1,0,0,0,0,0,1,0,1,1
28970,0033800002anTttAAE,0.0,0,0.0,2535.0,0,0,0,1,0,0,1,0,0,0,0,1,0
28976,0033800002anU1sAAE,0.0,0,7621.0,691.0,0,0,0,1,0,0,0,0,1,0,0,1,0
28979,0033800002anU5QAAU,0.0,0,0.0,2062.0,0,1,0,0,0,0,1,0,0,0,0,1,1
28980,0033800002anU5aAAE,0.0,0,252.0,7385.0,0,0,0,1,0,0,1,0,0,0,0,1,0
28985,0033800002anUKkAAM,0.0,0,0.0,2352.0,0,0,0,1,0,0,1,0,0,0,0,1,0
28987,0033800002anUaOAAU,0.0,100,2071.0,1460.0,0,0,0,1,0,0,0,0,1,0,0,1,1
28993,0033800002anUykAAE,0.0,0,0.0,2738.0,1,0,0,0,0,0,1,0,0,0,0,1,1
28995,0033800002anV0HAAU,0.0,0,252.0,2951.0,0,0,0,0,1,0,1,0,0,0,0,1,1
28996,0033800002anVAMAA2,0.0,0,0.0,5342.0,1,0,0,0,0,0,1,0,0,0,0,1,0
28997,0033800002anVCXAA2,0.0,0,0.0,7221.0,0,0,0,0,1,0,1,0,0,0,0,1,1
28999,0033800002anVFlAAM,0.0,0,130.0,6209.0,0,0,0,1,0,0,0,0,0,1,0,1,1
29003,0033800002anVT4AAM,0.0,0,0.0,7653.0,0,0,0,1,0,0,0,1,0,0,0,1,0
29007,0033800002anVVyAAM,0.0,0,0.0,1409.0,0,0,0,1,0,0,0,0,1,0,1,0,0
29009,0033800002anVbwAAE,0.0,0,0.0,7308.0,0,1,0,0,0,0,0,0,0,1,0,1,0
29012,0033800002anVpSAAU,0.0,0,8896.0,1095.0,0,0,0,0,1,1,0,0,0,0,0,1,0
29014,0033800002anVqzAAE,0.0,0,5913.0,578.0,0,1,0,0,0,1,0,0,0,0,1,0,1
29016,0033800002anVuIAAU,0.0,50,3416.0,7670.0,0,1,0,0,0,0,0,0,0,1,0,1,1
29017,0033800002anVw4AAE,0.0,40,1415.0,3089.0,0,1,0,0,0,0,0,0,1,0,0,1,0
29022,0033800002anW0fAAE,0.0,0,2671.0,1460.0,0,1,0,0,0,0,0,0,0,1,0,1,1
29024,0033800002anW2RAAU,0.0,0,16200.0,4383.0,0,0,0,1,0,0,1,0,0,0,0,1,0
29026,0033800002anW30AAE,0.0,0,203.0,1371.0,0,1,0,0,0,0,1,0,0,0,1,0,0
29027,0033800002anW3AAAU,0.0,0,860.0,1096.0,0,0,0,1,0,0,1,0,0,0,0,1,1
29029,0033800002anWFLAA2,0.0,0,86.0,5113.0,0,0,0,1,0,0,0,0,0,1,1,0,1
29036,0033800002anWmGAAU,0.0,10,18095.0,1733.0,0,0,0,1,0,1,0,0,0,0,0,1,0
29037,0033800002anWxsAAE,0.0,60,352.0,7317.0,0,1,0,0,0,0,1,0,0,0,0,1,1
29040,0033800002anX90AAE,0.0,0,0.0,4019.0,0,0,0,1,0,0,1,0,0,0,0,1,0
29045,0033800002anXL6AAM,0.0,0,0.0,5215.0,0,1,0,0,0,0,1,0,0,0,0,1,1
29046,0033800002anXPZAA2,0.0,0,0.0,3295.0,0,0,0,1,0,0,1,0,0,0,1,0,0
29047,0033800002anXRkAAM,0.0,0,186.0,2277.0,0,0,0,1,0,0,1,0,0,0,1,0,0
29049,0033800002anXV3AAM,0.0,0,0.0,8128.0,0,1,0,0,0,0,1,0,0,0,1,0,1
29055,0033800002anY3PAAU,0.0,0,17.0,7315.0,0,0,0,1,0,0,0,0,0,1,0,1,1
29057,0033800002anY9wAAE,0.0,50,259.0,2922.0,0,0,0,0,1,0,0,0,0,1,0,1,1
29060,0033800002anYEmAAM,0.0,0,0.0,1430.0,0,0,0,1,0,0,0,0,1,0,0,1,0
29061,0033800002anYPkAAM,0.0,0,0.0,1460.0,0,1,0,0,0,1,0,0,0,0,1,0,1
29063,0033800002anYWMAA2,0.0,0,0.0,3438.0,1,0,0,0,0,0,1,0,0,0,1,0,0
29064,0033800002anYWlAAM,0.0,0,0.0,2192.0,0,0,0,1,0,0,1,0,0,0,0,1,1
29068,0033800002anYZLAA2,0.0,0,0.0,5552.0,0,0,0,1,0,0,1,0,0,0,0,1,1
29069,0033800002bePErAAM,0.0,0,87.0,2669.0,1,0,0,0,0,0,1,0,0,0,0,1,0
29070,0033800002bePJmAAM,0.0,0,0.0,2945.0,0,1,0,0,0,0,0,0,0,1,1,0,1
29071,0033800002bePXUAA2,0.0,0,3238.0,1460.0,1,0,0,0,0,0,0,0,1,0,1,0,1
29076,0033800002beQIZAA2,0.0,0,464.0,1460.0,1,0,0,0,0,0,1,0,0,0,0,1,0
29081,0033800002beQuVAAU,0.0,0,0.0,2192.0,0,0,0,1,0,0,1,0,0,0,0,1,1
29083,0033800002beRZbAAM,0.0,0,436.0,9515.0,0,0,0,0,1,1,0,0,0,0,0,1,0
29084,0033800002beRa5AAE,0.0,90,524.0,5306.0,0,1,0,0,0,0,1,0,0,0,1,0,1
29085,0033800002beRj2AAE,0.0,80,447.0,1352.0,0,1,0,0,0,0,1,0,0,0,0,1,1
29091,0033800002beSsqAAE,0.0,0,0.0,1460.0,0,0,0,1,0,0,0,0,0,1,1,0,0
29093,0033800002beTEiAAM,0.0,0,0.0,7491.0,0,1,0,0,0,0,1,0,0,0,0,1,1
29100,0033800002beTpcAAE,0.0,0,0.0,7321.0,0,0,0,1,0,0,1,0,0,0,0,1,1
29102,0033800002beU2UAAU,0.0,0,0.0,7718.0,0,0,0,1,0,0,1,0,0,0,0,1,1
29109,0033800002beUnsAAE,0.0,0,0.0,6410.0,0,1,0,0,0,0,1,0,0,0,0,1,1
29113,0033800002beWNgAAM,0.0,20,0.0,573.0,1,0,0,0,0,0,1,0,0,0,0,1,1
29119,0033800002beWYlAAM,0.0,0,0.0,7305.0,0,0,0,1,0,0,1,0,0,0,0,1,1
29121,0033800002beWYnAAM,0.0,0,0.0,7305.0,0,0,0,1,0,0,1,0,0,0,0,1,0
29123,0033800002beWdjAAE,0.0,0,0.0,4523.0,0,1,0,0,0,0,1,0,0,0,1,0,1
29127,0033800002beX2gAAE,0.0,0,1663.0,1940.0,0,1,0,0,0,0,1,0,0,0,0,1,1
29137,0033800002beXV2AAM,0.0,0,1.0,2845.0,0,0,0,0,1,0,1,0,0,0,1,0,0
29139,0033800002beXm9AAE,0.0,0,1773.0,3490.0,0,0,0,0,1,0,1,0,0,0,0,1,1
29142,0033800002beYBXAA2,0.0,80,653.0,4037.0,0,0,0,1,0,0,1,0,0,0,1,0,0
29146,0033800002beYNrAAM,0.0,40,739.0,1306.0,0,0,0,1,0,0,1,0,0,0,0,1,0
29147,0033800002beYOpAAM,0.0,60,270.0,3628.0,0,0,0,1,0,0,0,0,1,0,0,1,0
29148,0033800002beYYHAA2,0.0,0,0.0,3755.0,0,1,0,0,0,0,1,0,0,0,0,1,1
29150,0033800002beYjmAAE,0.0,0,19.0,1206.0,0,1,0,0,0,0,1,0,0,0,0,1,1
29151,0033800002beYnFAAU,0.0,90,2820.0,1462.0,0,0,0,1,0,0,0,0,1,0,0,1,0
29152,0033800002beYq9AAE,0.0,0,131.0,1374.0,0,0,0,1,0,0,1,0,0,0,0,1,0
29165,0033800002beZYXAA2,0.0,0,2026.0,2032.0,0,0,0,1,0,0,1,0,0,0,1,0,1
29167,0033800002beZh0AAE,0.0,0,0.0,3823.0,0,1,0,0,0,1,0,0,0,0,1,0,1
29169,0033800002beZvtAAE,0.0,0,0.0,2027.0,1,0,0,0,0,1,0,0,0,0,1,0,1
29177,0033800002beaZEAAY,0.0,0,0.0,2966.0,1,0,0,0,0,0,1,0,0,0,0,1,1
29184,0033800002beb4xAAA,0.0,70,3043.0,2209.0,0,1,0,0,0,0,1,0,0,0,0,1,1
29188,0033800002bebFcAAI,0.0,0,123.0,9147.0,0,0,0,0,1,0,1,0,0,0,0,1,1
29189,0033800002bebIYAAY,0.0,0,0.0,5352.0,0,0,0,1,0,0,1,0,0,0,0,1,1
29202,0033800002becnAAAQ,0.0,100,2069.0,5874.0,0,1,0,0,0,0,1,0,0,0,0,1,1
29203,0033800002becnCAAQ,0.0,90,283.0,3848.0,0,0,0,1,0,0,1,0,0,0,0,1,1
29206,0033800002becnFAAQ,0.0,0,1434.0,897.0,0,0,0,1,0,0,1,0,0,0,0,1,1
29207,0033800002becqKAAQ,0.0,80,3897.0,6169.0,0,1,0,0,0,0,0,0,0,1,1,0,1
29209,0033800002bed5TAAQ,0.0,0,0.0,5983.0,1,0,0,0,0,0,1,0,0,0,0,1,1
29221,0033800002beeAJAAY,0.0,0,0.0,2319.0,0,0,0,1,0,0,1,0,0,0,0,1,0
29224,0033800002beeBOAAY,0.0,0,0.0,2192.0,0,0,0,1,0,1,0,0,0,0,0,1,0
29225,0033800002beeBPAAY,0.0,80,1082.0,1840.0,0,0,0,1,0,0,1,0,0,0,0,1,0
29242,0033800002beeELAAY,0.0,0,0.0,7330.0,0,0,0,1,0,0,1,0,0,0,1,0,1
29244,0033800002beeJVAAY,0.0,0,2800.0,8582.0,1,0,0,0,0,0,0,0,1,0,0,1,1
29248,0033800002beed7AAA,0.0,0,0.0,8779.0,0,0,0,0,1,0,1,0,0,0,0,1,1
29258,0033800002befStAAI,0.0,30,938.0,8066.0,0,1,0,0,0,0,0,0,1,0,0,1,1
29259,0033800002befSuAAI,0.0,0,0.0,7782.0,1,0,0,0,0,0,1,0,0,0,0,1,1
29260,0033800002befSvAAI,0.0,0,0.0,9290.0,0,0,0,0,1,0,0,0,0,1,0,1,0
29261,0033800002befSwAAI,0.0,0,0.0,7318.0,0,1,0,0,0,1,0,0,0,0,1,0,1
29263,0033800002befSyAAI,0.0,0,0.0,9067.0,0,1,0,0,0,0,1,0,0,0,1,0,0
29264,0033800002befSzAAI,0.0,0,0.0,11688.0,0,1,0,0,0,0,1,0,0,0,1,0,0
29265,0033800002befT1AAI,0.0,0,0.0,7852.0,0,0,0,0,1,0,1,0,0,0,0,1,1
29266,0033800002befT2AAI,0.0,0,0.0,13194.0,0,0,0,0,1,0,1,0,0,0,1,0,1
29267,0033800002befT3AAI,0.0,0,0.0,7319.0,0,1,0,0,0,0,1,0,0,0,0,1,0
29268,0033800002befT4AAI,0.0,0,0.0,8279.0,0,0,0,0,1,0,1,0,0,0,0,1,1
29269,0033800002befT5AAI,0.0,0,0.0,7305.0,0,0,0,1,0,0,0,1,0,0,0,1,0
29271,0033800002befT7AAI,0.0,0,0.0,10898.0,0,0,0,0,1,0,0,0,0,1,0,1,0
29272,0033800002befT8AAI,0.0,0,0.0,8399.0,0,0,0,1,0,0,0,1,0,0,0,1,0
29275,0033800002befTBAAY,0.0,0,0.0,6943.0,0,0,0,1,0,0,0,1,0,0,1,0,0
29276,0033800002befTCAAY,0.0,0,0.0,9464.0,0,1,0,0,0,0,1,0,0,0,0,1,0
29280,0033800002befaMAAQ,0.0,0,0.0,8310.0,1,0,0,0,0,0,0,0,0,1,1,0,0
29281,0033800002befaNAAQ,0.0,0,0.0,7670.0,0,0,0,0,1,0,0,0,0,1,0,1,0
29282,0033800002befaOAAQ,0.0,0,0.0,191.0,1,0,0,0,0,0,0,0,0,1,0,1,1
29283,0033800002befaPAAQ,0.0,20,2914.0,3258.0,0,1,0,0,0,0,0,0,0,1,1,0,0
29285,0033800002befaRAAQ,0.0,0,0.0,13121.0,0,0,0,1,0,0,0,0,0,1,0,1,1
29286,0033800002befaSAAQ,0.0,0,0.0,9290.0,0,0,0,1,0,0,0,0,0,1,0,1,0
29288,0033800002befaUAAQ,0.0,0,0.0,9508.0,0,1,0,0,0,0,0,0,0,1,0,1,0
29289,0033800002befaVAAQ,0.0,0,0.0,8456.0,1,0,0,0,0,0,0,0,0,1,1,0,1
29290,0033800002befaXAAQ,0.0,0,0.0,2191.0,0,0,0,1,0,0,0,0,0,1,0,1,1
29292,0033800002befaZAAQ,0.0,0,0.0,2191.0,0,0,0,1,0,0,0,0,0,1,0,1,1
29293,0033800002befaaAAA,0.0,0,0.0,10970.0,0,1,0,0,0,0,0,0,0,1,0,1,1
29299,0033800002befu4AAA,0.0,0,0.0,7503.0,1,0,0,0,0,0,1,0,0,0,0,1,1
29300,0033800002beg8BAAQ,0.0,0,247.0,881.0,1,0,0,0,0,1,0,0,0,0,1,0,1
29302,0033800002begCmAAI,0.0,0,481.0,1770.0,0,1,0,0,0,1,0,0,0,0,0,1,0
29304,0033800002begIfAAI,0.0,0,0.0,1593.0,1,0,0,0,0,0,1,0,0,0,0,1,0
29305,0033800002begOJAAY,0.0,0,0.0,8128.0,0,0,0,0,1,1,0,0,0,0,0,1,0
29307,0033800002begfsAAA,0.0,80,281.0,3372.0,0,1,0,0,0,0,1,0,0,0,0,1,1
29308,0033800002beggvAAA,0.0,0,0.0,2938.0,0,0,0,1,0,0,1,0,0,0,1,0,0
29309,0033800002begkdAAA,0.0,0,0.0,10009.0,0,0,0,0,1,0,1,0,0,0,0,1,1
29314,0033800002behCqAAI,0.0,0,0.0,9470.0,0,0,0,0,1,0,1,0,0,0,0,1,0
29315,0033800002behH7AAI,0.0,0,0.0,3357.0,0,0,0,1,0,0,1,0,0,0,0,1,1
29316,0033800002behIAAAY,0.0,0,0.0,9278.0,0,1,0,0,0,0,1,0,0,0,0,1,0
29321,0033800002behRoAAI,0.0,0,0.0,1825.0,0,0,0,1,0,0,0,0,1,0,1,0,0
29322,0033800002behShAAI,0.0,0,0.0,9258.0,0,1,0,0,0,0,1,0,0,0,0,1,1
29324,0033800002behVXAAY,0.0,0,93.0,913.0,0,0,0,0,1,0,1,0,0,0,0,1,0
29326,0033800002behYZAAY,0.0,0,0.0,7550.0,0,1,0,0,0,1,0,0,0,0,1,0,1
29331,0033800002behfEAAQ,0.0,0,109.0,40.0,0,0,0,1,0,0,1,0,0,0,0,1,0
29333,0033800002behgWAAQ,0.0,0,6109.0,1460.0,0,1,0,0,0,0,0,0,0,1,1,0,0
29336,0033800002behizAAA,0.0,100,3027.0,5642.0,0,1,0,0,0,1,0,0,0,0,0,1,0
29337,0033800002behj4AAA,0.0,80,9019.0,1460.0,0,0,0,0,1,0,1,0,0,0,1,0,0
29338,0033800002behpfAAA,0.0,0,1711.0,1462.0,0,0,0,1,0,0,1,0,0,0,1,0,1
29343,0033800002beipnAAA,0.0,0,0.0,4919.0,1,0,0,0,0,0,1,0,0,0,0,1,0
29344,0033800002beiryAAA,0.0,0,0.0,8057.0,0,0,0,1,0,0,0,0,0,1,0,1,1
29346,0033800002bej3AAAQ,0.0,80,1490.0,2827.0,0,0,0,1,0,0,1,0,0,0,0,1,0
29348,0033800002bej9iAAA,0.0,0,0.0,9452.0,0,0,0,1,0,0,0,1,0,0,0,1,1
29349,0033800002bej9jAAA,0.0,0,0.0,2585.0,1,0,0,0,0,1,0,0,0,0,0,1,1
29352,0033800002bej9mAAA,0.0,0,0.0,6002.0,0,0,0,1,0,0,0,1,0,0,0,1,1
29354,0033800002bej9oAAA,0.0,0,0.0,3390.0,0,1,0,0,0,0,1,0,0,0,0,1,0
29362,0033800002bejCtAAI,0.0,30,9283.0,2557.0,0,0,0,0,1,0,0,0,0,1,1,0,1
29364,0033800002bejbVAAQ,0.0,0,0.0,12188.0,1,0,0,0,0,0,0,0,0,1,0,1,1
29368,0033800002bejl4AAA,0.0,0,0.0,7585.0,0,0,0,1,0,0,1,0,0,0,0,1,1
29371,0033800002bek2eAAA,0.0,10,6148.0,692.0,0,1,0,0,0,0,0,0,0,1,0,1,1
29378,0033800002bekRgAAI,0.0,0,0.0,2190.0,0,0,0,1,0,0,1,0,0,0,0,1,0
29379,0033800002bekY3AAI,0.0,0,0.0,2101.0,1,0,0,0,0,0,1,0,0,0,0,1,0
29380,0033800002bekb8AAA,0.0,0,0.0,10983.0,0,1,0,0,0,0,1,0,0,0,0,1,0
29385,0033800002belPyAAI,0.0,100,1344.0,3051.0,0,1,0,0,0,0,1,0,0,0,0,1,0
29391,0033800002belnJAAQ,0.0,50,98.0,2916.0,0,0,0,1,0,0,1,0,0,0,0,1,1
29398,0033800002bem4GAAQ,0.0,0,1536.0,1477.0,0,0,0,1,0,0,0,0,1,0,0,1,0
29401,0033800002bem5xAAA,0.0,0,12579.0,621.0,0,0,0,1,0,1,0,0,0,0,1,0,1
29404,0033800002bemCnAAI,0.0,0,0.0,8060.0,0,1,0,0,0,0,1,0,0,0,0,1,1
29408,0033800002bemU3AAI,0.0,0,192.0,1461.0,0,1,0,0,0,1,0,0,0,0,1,0,1
29409,0033800002bemU8AAI,0.0,0,0.0,7982.0,1,0,0,0,0,0,0,0,1,0,0,1,0
29418,0033800002ben8CAAQ,0.0,50,4629.0,6939.0,0,1,0,0,0,0,0,0,0,1,0,1,1
29419,0033800002ben9yAAA,0.0,0,0.0,8002.0,1,0,0,0,0,0,1,0,0,0,0,1,0
29422,0033800002benK4AAI,0.0,80,0.0,12846.0,0,0,0,0,1,0,1,0,0,0,0,1,0
29426,0033800002benTrAAI,0.0,0,1871.0,3391.0,0,0,0,0,1,0,1,0,0,0,0,1,1
29429,0033800002benhoAAA,0.0,0,220.0,1825.0,0,0,0,1,0,0,0,0,1,0,0,1,0
29431,0033800002benicAAA,0.0,0,0.0,1460.0,0,1,0,0,0,0,0,0,1,0,0,1,1
29438,0033800002benvXAAQ,0.0,70,4601.0,3393.0,0,0,0,1,0,1,0,0,0,0,0,1,0
29440,0033800002benxxAAA,0.0,30,1018.0,1825.0,0,0,0,1,0,0,0,0,1,0,0,1,0
29450,0033800002bepd3AAA,0.0,0,2429.0,1188.0,1,0,0,0,0,0,1,0,0,0,0,1,1
29452,0033800002bepjlAAA,0.0,0,408.0,1498.0,0,1,0,0,0,0,0,1,0,0,1,0,1
29453,0033800002beplmAAA,0.0,0,695.0,3682.0,0,0,0,1,0,0,1,0,0,0,0,1,1
29457,0033800002beq9LAAQ,0.0,0,0.0,3698.0,0,0,0,1,0,0,1,0,0,0,0,1,1
29459,0033800002beqCKAAY,0.0,0,576.0,1461.0,0,0,0,1,0,0,0,0,0,1,0,1,0
29460,0033800002beqCUAAY,0.0,0,1583.0,1461.0,0,0,0,1,0,0,1,0,0,0,0,1,1
29462,0033800002beqH0AAI,0.0,40,0.0,2979.0,0,0,0,1,0,0,1,0,0,0,0,1,1
29464,0033800002beqIIAAY,0.0,0,0.0,4452.0,0,0,0,1,0,0,1,0,0,0,0,1,1
29469,0033800002bequSAAQ,0.0,0,0.0,10983.0,0,1,0,0,0,0,0,0,0,1,0,1,0
29473,0033800002ber9cAAA,0.0,0,7.0,3997.0,1,0,0,0,0,1,0,0,0,0,1,0,1
29476,0033800002berIpAAI,0.0,0,1141.0,2939.0,0,0,0,1,0,0,0,0,1,0,0,1,1
29477,0033800002berVPAAY,0.0,30,2177.0,2324.0,1,0,0,0,0,0,0,0,0,1,0,1,1
29481,0033800002berh6AAA,0.0,0,10.0,2170.0,0,0,0,1,0,0,1,0,0,0,0,1,1
29484,0033800002bes0AAAQ,0.0,0,0.0,3380.0,0,1,0,0,0,0,1,0,0,0,0,1,0
29485,0033800002bes4sAAA,0.0,0,0.0,2887.0,1,0,0,0,0,0,1,0,0,0,0,1,1
29486,0033800002bes7EAAQ,0.0,0,0.0,2877.0,0,0,0,1,0,0,1,0,0,0,0,1,1
29488,0033800002besMPAAY,0.0,0,1195.0,5237.0,0,1,0,0,0,1,0,0,0,0,1,0,0
29492,0033800002besgwAAA,0.0,0,25.0,964.0,0,0,0,1,0,0,1,0,0,0,0,1,1
29493,0033800002beshGAAQ,0.0,0,0.0,5688.0,0,0,0,0,1,0,0,0,0,1,0,1,0
29516,0033800002betp3AAA,0.0,30,15.0,2736.0,1,0,0,0,0,0,1,0,0,0,0,1,1
29518,0033800002betprAAA,0.0,0,0.0,2932.0,0,1,0,0,0,0,1,0,0,0,0,1,1
29521,0033800002betw6AAA,0.0,0,546.0,2799.0,0,0,0,1,0,0,1,0,0,0,0,1,1
29523,0033800002beudLAAQ,0.0,0,0.0,7213.0,0,0,0,1,0,0,1,0,0,0,0,1,0
29524,0033800002bevBkAAI,0.0,0,0.0,4253.0,0,0,0,0,1,0,1,0,0,0,1,0,0
29526,0033800002bevCJAAY,0.0,0,0.0,2025.0,0,1,0,0,0,1,0,0,0,0,0,1,1
29527,0033800002bevCdAAI,0.0,70,368.0,1838.0,0,0,0,1,0,0,1,0,0,0,1,0,0
29528,0033800002bevKsAAI,0.0,0,0.0,5113.0,0,0,0,1,0,0,0,0,0,1,0,1,1
29531,0033800002bevlXAAQ,0.0,40,2172.0,1461.0,0,1,0,0,0,0,0,0,1,0,0,1,1
29536,0033800002bewHlAAI,0.0,0,128.0,2616.0,0,0,0,1,0,0,1,0,0,0,0,1,0
29542,0033800002beweEAAQ,0.0,0,788.0,2922.0,0,0,0,1,0,1,0,0,0,0,0,1,1
29545,0033800002bewpfAAA,0.0,50,338.0,3231.0,0,0,0,1,0,0,1,0,0,0,1,0,0
29549,0033800002bex9JAAQ,0.0,0,0.0,5144.0,0,0,0,1,0,0,1,0,0,0,0,1,0
29553,0033800002bexZKAAY,0.0,0,0.0,1461.0,0,1,0,0,0,0,1,0,0,0,1,0,1
29558,0033800002beyWrAAI,0.0,0,0.0,899.0,0,0,0,1,0,0,1,0,0,0,0,1,0
29576,0033800002bf0fIAAQ,0.0,0,5264.0,1461.0,0,0,0,1,0,0,0,0,1,0,0,1,0
29578,0033800002bf0gRAAQ,0.0,100,882.0,10478.0,0,0,0,1,0,0,1,0,0,0,0,1,0
29583,0033800002bf0lWAAQ,0.0,0,0.0,2247.0,0,0,0,1,0,0,0,0,0,1,1,0,1
29602,0033800002bf1wjAAA,0.0,70,464.0,7318.0,0,1,0,0,0,0,0,0,1,0,0,1,1
29603,0033800002bf1ypAAA,0.0,0,1246.0,1091.0,0,0,0,1,0,0,1,0,0,0,0,1,0
29609,0033800002bf239AAA,0.0,0,233.0,1867.0,0,0,0,1,0,0,1,0,0,0,0,1,1
29613,0033800002bf26uAAA,0.0,0,0.0,6067.0,1,0,0,0,0,0,1,0,0,0,1,0,1
29614,0033800002bf26zAAA,0.0,0,0.0,7333.0,0,1,0,0,0,0,1,0,0,0,0,1,1
29615,0033800002bf27EAAQ,0.0,0,0.0,9473.0,0,0,0,1,0,0,1,0,0,0,1,0,0
29616,0033800002bf27YAAQ,0.0,0,0.0,9924.0,0,1,0,0,0,0,1,0,0,0,0,1,1
29622,0033800002bf2JdAAI,0.0,0,3946.0,1460.0,0,1,0,0,0,1,0,0,0,0,0,1,1
29624,0033800002bf2MnAAI,0.0,40,351.0,4494.0,1,0,0,0,0,0,0,0,0,1,1,0,1
29630,0033800002bf2RtAAI,0.0,0,0.0,7322.0,0,1,0,0,0,0,1,0,0,0,0,1,1
29634,0033800002bf2luAAA,0.0,0,0.0,9245.0,1,0,0,0,0,0,1,0,0,0,0,1,1
29640,0033800002bf3KwAAI,0.0,0,66.0,5706.0,1,0,0,0,0,0,1,0,0,0,0,1,0
29642,0033800002bf3OSAAY,0.0,0,0.0,4576.0,0,0,0,1,0,0,1,0,0,0,0,1,0
29644,0033800002bf3RWAAY,0.0,0,279.0,2191.0,0,0,0,1,0,1,0,0,0,0,0,1,1
29645,0033800002bf3RbAAI,0.0,0,0.0,7305.0,0,0,0,0,1,0,1,0,0,0,0,1,0
29651,0033800002bf3YkAAI,0.0,80,1679.0,7731.0,0,1,0,0,0,1,0,0,0,0,0,1,1
29655,0033800002bf3e5AAA,0.0,0,6.0,11802.0,0,0,0,0,1,0,1,0,0,0,0,1,1
29661,0033800002bf3jqAAA,0.0,0,5711.0,1126.0,0,1,0,0,0,0,1,0,0,0,1,0,1
29664,0033800002bf3lFAAQ,0.0,0,0.0,5112.0,1,0,0,0,0,0,0,0,0,1,1,0,0
29666,0033800002bf3rSAAQ,0.0,0,0.0,1270.0,0,0,0,1,0,0,1,0,0,0,0,1,0
29675,0033800002bf4F2AAI,0.0,0,0.0,2134.0,0,0,0,1,0,0,1,0,0,0,0,1,0
29676,0033800002bf4FgAAI,0.0,0,0.0,7305.0,0,0,0,1,0,0,1,0,0,0,0,1,1
29677,0033800002bf4FqAAI,0.0,40,28.0,1827.0,0,1,0,0,0,0,1,0,0,0,0,1,1
29678,0033800002bf4G5AAI,0.0,0,0.0,707.0,0,0,0,1,0,0,1,0,0,0,0,1,0
29680,0033800002bf4H7AAI,0.0,0,0.0,7190.0,1,0,0,0,0,0,1,0,0,0,0,1,0
29682,0033800002bf4HMAAY,0.0,0,0.0,1096.0,0,0,0,1,0,0,1,0,0,0,0,1,1
29684,0033800002bf4OIAAY,0.0,0,0.0,3975.0,0,0,0,1,0,0,1,0,0,0,0,1,1
29685,0033800002bf4OSAAY,0.0,0,0.0,7216.0,0,0,0,1,0,0,1,0,0,0,0,1,0
29690,0033800002bf4XeAAI,0.0,0,0.0,4287.0,1,0,0,0,0,1,0,0,0,0,0,1,1
29698,0033800002bf60bAAA,0.0,0,0.0,1701.0,0,0,0,0,1,0,1,0,0,0,0,1,1
29699,0033800002bf6DWAAY,0.0,0,0.0,7564.0,0,0,0,1,0,0,1,0,0,0,1,0,0
29701,0033800002bf6H9AAI,0.0,50,2208.0,3118.0,0,0,0,1,0,0,0,0,0,1,0,1,0
29711,0033800002bf6dxAAA,0.0,70,337.0,4810.0,0,0,0,1,0,0,1,0,0,0,1,0,1
29721,0033800002bf7bBAAQ,0.0,0,0.0,5628.0,0,1,0,0,0,0,1,0,0,0,0,1,1
29722,0033800002bf7e0AAA,0.0,0,339.0,1461.0,1,0,0,0,0,0,1,0,0,0,0,1,0
29724,0033800002bf7oAAAQ,0.0,0,67.0,5412.0,1,0,0,0,0,0,1,0,0,0,0,1,1
29731,0033800002bf8JnAAI,0.0,0,0.0,1460.0,1,0,0,0,0,0,1,0,0,0,1,0,1
29734,0033800002bf8T8AAI,0.0,0,0.0,7580.0,0,0,0,1,0,0,1,0,0,0,0,1,0
29740,0033800002bf8rAAAQ,0.0,0,14.0,2302.0,0,0,0,1,0,0,0,0,0,1,0,1,1
29744,0033800002bf91KAAQ,0.0,0,110.0,4168.0,0,0,0,1,0,0,0,0,1,0,0,1,1
29752,0033800002bf9N2AAI,0.0,0,0.0,1460.0,1,0,0,0,0,0,1,0,0,0,1,0,1
29765,0033800002bf9faAAA,0.0,100,3629.0,3209.0,1,0,0,0,0,0,1,0,0,0,1,0,1
29769,0033800002bf9imAAA,0.0,60,0.0,3200.0,0,0,0,1,0,0,1,0,0,0,0,1,0
29787,0033800002bf9uIAAQ,0.0,0,0.0,2072.0,0,0,0,1,0,0,1,0,0,0,0,1,0
29792,0033800002bfA8BAAU,0.0,0,127.0,8565.0,1,0,0,0,0,0,1,0,0,0,1,0,0
29794,0033800002bfAAJAA2,0.0,0,1455.0,2557.0,0,0,0,1,0,0,0,1,0,0,0,1,1
29798,0033800002bfAGWAA2,0.0,80,474.0,2009.0,0,1,0,0,0,0,1,0,0,0,0,1,1
29801,0033800002bfAacAAE,0.0,0,0.0,9133.0,0,0,0,0,1,0,1,0,0,0,0,1,0
29802,0033800002bfAbgAAE,0.0,90,2962.0,1491.0,0,1,0,0,0,0,0,0,1,0,0,1,1
29803,0033800002bfAgqAAE,0.0,0,0.0,1237.0,0,0,0,1,0,0,1,0,0,0,0,1,1
29805,0033800002bfApWAAU,0.0,0,8758.0,2511.0,1,0,0,0,0,0,1,0,0,0,0,1,1
29808,0033800002bfBA4AAM,0.0,0,7420.0,2916.0,0,1,0,0,0,0,0,0,0,1,1,0,0
29809,0033800002bfBBlAAM,0.0,0,2278.0,1460.0,1,0,0,0,0,0,0,0,1,0,1,0,0
29811,0033800002bfBKEAA2,0.0,0,0.0,9148.0,0,0,0,1,0,0,1,0,0,0,0,1,0
29813,0033800002bfBecAAE,0.0,0,0.0,4808.0,0,0,0,1,0,0,1,0,0,0,0,1,1
29815,0033800002bfCKmAAM,0.0,0,0.0,5524.0,0,0,0,1,0,0,1,0,0,0,0,1,1
29823,0033800002bfCqdAAE,0.0,0,0.0,2917.0,0,0,0,0,1,0,1,0,0,0,0,1,1
29832,0033800002bfDs5AAE,0.0,40,754.0,1095.0,0,0,0,0,1,0,1,0,0,0,1,0,1
29836,0033800002bfE8NAAU,0.0,0,0.0,7686.0,0,0,1,0,0,0,0,0,0,1,1,0,0
29841,0033800002bfETVAA2,0.0,0,0.0,6810.0,1,0,0,0,0,1,0,0,0,0,0,1,0
29842,0033800002bfEW5AAM,0.0,0,67.0,8640.0,0,0,0,1,0,0,0,0,0,1,0,1,1
29849,0033800002bfFCzAAM,0.0,0,0.0,6494.0,0,1,0,0,0,0,1,0,0,0,0,1,0
29850,0033800002bfFEvAAM,0.0,0,0.0,8455.0,0,0,0,1,0,0,0,0,0,1,0,1,1
29851,0033800002bfFN2AAM,0.0,0,0.0,4007.0,0,1,0,0,0,0,1,0,0,0,0,1,0
29853,0033800002bfFUrAAM,0.0,0,1217.0,1296.0,0,0,0,1,0,0,0,0,1,0,0,1,1
29854,0033800002bfFZSAA2,0.0,0,0.0,4855.0,1,0,0,0,0,0,1,0,0,0,0,1,0
29856,0033800002bfFfOAAU,0.0,80,2776.0,7325.0,0,1,0,0,0,0,0,0,0,1,1,0,1
29857,0033800002bfFirAAE,0.0,0,80.0,3503.0,1,0,0,0,0,0,0,0,0,1,1,0,1
29860,0033800002bfHRTAA2,0.0,0,0.0,1663.0,0,0,0,1,0,0,1,0,0,0,0,1,1
29864,0033800002bfJSiAAM,0.0,0,28.0,1461.0,0,0,0,1,0,0,0,0,1,0,0,1,0
29865,0033800002bfJWQAA2,0.0,0,0.0,9509.0,0,0,0,1,0,0,1,0,0,0,0,1,1
29866,0033800002bfJXOAA2,0.0,0,0.0,5670.0,0,0,0,1,0,0,1,0,0,0,0,1,1
29868,0033800002bfJdRAAU,0.0,0,0.0,10768.0,0,0,0,1,0,0,0,0,1,0,0,1,0
29870,0033800002bfJkmAAE,0.0,0,3775.0,4289.0,0,0,0,0,1,1,0,0,0,0,0,1,1
29875,0033800002bfJsGAAU,0.0,0,0.0,8202.0,0,0,0,0,1,1,0,0,0,0,1,0,1
29876,0033800002bfJwDAAU,0.0,0,0.0,7812.0,0,1,0,0,0,0,1,0,0,0,0,1,1
29879,0033800002bfK3EAAU,0.0,0,0.0,7464.0,1,0,0,0,0,0,1,0,0,0,0,1,1
29880,0033800002bfK3OAAU,0.0,0,0.0,3975.0,0,1,0,0,0,0,1,0,0,0,1,0,0
29881,0033800002bfK3dAAE,0.0,0,0.0,7305.0,0,1,0,0,0,0,1,0,0,0,0,1,1
29882,0033800002bfK3nAAE,0.0,0,0.0,4527.0,0,0,0,1,0,0,1,0,0,0,0,1,0
29883,0033800002bfK3sAAE,0.0,0,0.0,8049.0,0,0,0,1,0,0,1,0,0,0,1,0,1
29884,0033800002bfK4HAAU,0.0,0,0.0,8378.0,1,0,0,0,0,0,1,0,0,0,0,1,1
29886,0033800002bfK4qAAE,0.0,0,0.0,9497.0,1,0,0,0,0,0,1,0,0,0,0,1,1
29887,0033800002bfK5FAAU,0.0,0,0.0,8763.0,0,0,0,1,0,0,1,0,0,0,0,1,1
29901,0033800002bfLGJAA2,0.0,0,0.0,1978.0,1,0,0,0,0,0,1,0,0,0,1,0,1
29902,0033800002bfLQEAA2,0.0,0,0.0,3507.0,0,0,0,0,1,1,0,0,0,0,0,1,1
29907,0033800002bfLwHAAU,0.0,0,0.0,6701.0,0,1,0,0,0,0,1,0,0,0,0,1,1
29908,0033800002bfLwIAAU,0.0,0,161.0,1095.0,0,0,0,1,0,0,1,0,0,0,1,0,0
29909,0033800002bfLwJAAU,0.0,80,1618.0,8035.0,0,1,0,0,0,0,1,0,0,0,0,1,0
29910,0033800002bfLwKAAU,0.0,50,891.0,1826.0,0,1,0,0,0,0,1,0,0,0,0,1,0
29911,0033800002bfLwLAAU,0.0,0,0.0,1411.0,0,0,0,1,0,0,1,0,0,0,0,1,1
29912,0033800002bfLwMAAU,0.0,0,9.0,10379.0,0,1,0,0,0,1,0,0,0,0,0,1,1
29913,0033800002bfLwNAAU,0.0,0,0.0,6756.0,0,1,0,0,0,0,1,0,0,0,0,1,1
29914,0033800002bfM5pAAE,0.0,40,615.0,7320.0,0,0,0,0,1,0,0,0,0,1,0,1,0
29915,0033800002bfM5qAAE,0.0,0,12403.0,1461.0,0,0,0,1,0,0,0,0,0,1,0,1,0
29917,0033800002bfM5sAAE,0.0,70,1437.0,10984.0,0,0,0,0,1,0,0,0,1,0,0,1,1
29919,0033800002bfM5uAAE,0.0,0,8711.0,1164.0,0,0,0,0,1,0,1,0,0,0,1,0,1
29921,0033800002bfM5wAAE,0.0,0,8559.0,4186.0,0,0,0,1,0,1,0,0,0,0,0,1,1
29922,0033800002bfM7yAAE,0.0,0,0.0,8730.0,0,0,0,0,1,0,1,0,0,0,0,1,1
29927,0033800002bfMTpAAM,0.0,0,47.0,2662.0,0,0,0,1,0,0,1,0,0,0,0,1,0
29928,0033800002bfMcgAAE,0.0,0,0.0,11622.0,0,1,0,0,0,0,1,0,0,0,0,1,1
29932,0033800002bfMpLAAU,0.0,0,0.0,8846.0,0,0,0,0,1,0,1,0,0,0,0,1,1
29934,0033800002bfN0JAAU,0.0,0,0.0,7254.0,1,0,0,0,0,0,1,0,0,0,0,1,1
29936,0033800002bfNEWAA2,0.0,10,0.0,7305.0,1,0,0,0,0,1,0,0,0,0,0,1,1
29938,0033800002bfNGrAAM,0.0,0,0.0,9512.0,0,0,0,1,0,0,1,0,0,0,0,1,0
29939,0033800002bfNHLAA2,0.0,0,10955.0,2876.0,0,0,0,0,1,1,0,0,0,0,0,1,1
29941,0033800002bfNcNAAU,0.0,0,0.0,7771.0,1,0,0,0,0,0,0,0,0,1,0,1,0
29947,0033800002bfNy1AAE,0.0,0,0.0,9523.0,0,1,0,0,0,0,0,0,0,1,0,1,1
29951,0033800002bfNy6AAE,0.0,0,0.0,670.0,0,1,0,0,0,0,0,0,0,1,0,1,1
29953,0033800002bfNy8AAE,0.0,0,0.0,9380.0,0,1,0,0,0,0,0,0,0,1,1,0,1
29954,0033800002bfNy9AAE,0.0,0,0.0,7831.0,1,0,0,0,0,0,1,0,0,0,0,1,1
29955,0033800002bfNyAAAU,0.0,0,0.0,2192.0,0,1,0,0,0,0,0,0,0,1,0,1,1
29956,0033800002bfNyBAAU,0.0,0,0.0,2245.0,1,0,0,0,0,0,0,0,0,1,1,0,1
29960,0033800002bfNyFAAU,0.0,0,0.0,1597.0,0,0,0,1,0,0,0,0,0,1,0,1,1
29961,0033800002bfNyQAAU,0.0,0,1100.0,3545.0,0,0,1,0,0,0,0,0,1,0,0,1,1
29965,0033800002bfOUgAAM,0.0,100,707.0,1065.0,0,0,0,1,0,0,0,0,1,0,0,1,0
29969,0033800002bfOxyAAE,0.0,0,0.0,9364.0,0,0,0,1,0,0,1,0,0,0,0,1,1
29977,0033800002bfPPBAA2,0.0,100,465.0,8418.0,0,0,0,1,0,0,1,0,0,0,0,1,0
29978,0033800002bfPQpAAM,0.0,0,0.0,3890.0,0,0,0,1,0,0,1,0,0,0,0,1,1
29979,0033800002bfPSYAA2,0.0,80,2695.0,1462.0,1,0,0,0,0,0,0,0,1,0,0,1,1
29980,0033800002bfPUPAA2,0.0,0,0.0,1945.0,0,1,0,0,0,0,1,0,0,0,1,0,1
29981,0033800002bfPXiAAM,0.0,0,0.0,1101.0,0,1,0,0,0,0,1,0,0,0,0,1,1
29983,0033800002bfPb8AAE,0.0,0,0.0,8662.0,0,0,0,1,0,0,1,0,0,0,1,0,1
29987,0033800002bfPjyAAE,0.0,20,1102.0,1032.0,0,0,0,1,0,0,1,0,0,0,0,1,1
29993,0033800002bfRgdAAE,0.0,0,10277.0,2470.0,0,1,0,0,0,0,1,0,0,0,0,1,1
29997,0033800002bfS6TAAU,0.0,20,3512.0,4760.0,0,0,0,1,0,0,0,0,0,1,1,0,1
30006,0033800002bfSYPAA2,0.0,0,0.0,7312.0,1,0,0,0,0,0,1,0,0,0,0,1,1
30011,0033800002bfSeNAAU,0.0,30,5565.0,1296.0,1,0,0,0,0,0,0,0,0,1,0,1,1
30017,0033800002bfTJsAAM,0.0,0,2868.0,10987.0,1,0,0,0,0,0,1,0,0,0,0,1,1
30023,0033800002bfUTPAA2,0.0,0,975.0,1461.0,1,0,0,0,0,0,0,0,1,0,0,1,0
30025,0033800002bfUdCAAU,0.0,0,0.0,1460.0,0,0,0,0,1,0,1,0,0,0,0,1,1
30026,0033800002bfUf3AAE,0.0,0,0.0,2357.0,0,0,0,1,0,0,0,0,0,1,1,0,0
30028,0033800002bfUh4AAE,0.0,0,0.0,1461.0,0,0,0,1,0,0,1,0,0,0,0,1,1
30029,0033800002bfUkSAAU,0.0,0,0.0,1491.0,0,1,0,0,0,0,1,0,0,0,0,1,1
30032,0033800002bfV1yAAE,0.0,0,0.0,1461.0,0,0,0,1,0,0,0,0,1,0,0,1,0
30035,0033800002bfVEZAA2,0.0,90,0.0,2715.0,1,0,0,0,0,0,1,0,0,0,0,1,1
30042,0033800002bfVoOAAU,0.0,0,407.0,1734.0,0,0,0,1,0,0,0,0,0,1,0,1,1
30050,0033800002bfW2XAAU,0.0,0,0.0,7665.0,0,1,0,0,0,1,0,0,0,0,1,0,1
30052,0033800002bfW4JAAU,0.0,0,0.0,7320.0,1,0,0,0,0,0,1,0,0,0,1,0,0
30059,0033800002bfWCmAAM,0.0,40,1242.0,2282.0,0,1,0,0,0,1,0,0,0,0,0,1,0
30060,0033800002bfWD6AAM,0.0,80,271.0,3671.0,0,0,0,0,1,0,1,0,0,0,0,1,1
30062,0033800002bfWMDAA2,0.0,0,942.0,1459.0,1,0,0,0,0,0,1,0,0,0,1,0,0
30064,0033800002bfWP2AAM,0.0,0,0.0,8268.0,0,0,0,0,1,0,0,0,1,0,0,1,1
30065,0033800002bfWRSAA2,0.0,0,30.0,4167.0,0,0,0,1,0,0,0,0,0,1,0,1,0
30067,0033800002bfWUIAA2,0.0,0,0.0,1827.0,1,0,0,0,0,0,0,0,1,0,0,1,1
30069,0033800002bfWWTAA2,0.0,0,0.0,8119.0,1,0,0,0,0,1,0,0,0,0,0,1,0
30072,0033800002bfWYeAAM,0.0,0,0.0,8286.0,1,0,0,0,0,1,0,0,0,0,0,1,0
30073,0033800002bfWbEAAU,0.0,0,1158.0,2191.0,0,1,0,0,0,1,0,0,0,0,1,0,0
30074,0033800002bfWc7AAE,0.0,0,0.0,3091.0,1,0,0,0,0,0,0,0,1,0,0,1,1
30075,0033800002bfWhbAAE,0.0,0,0.0,6244.0,0,0,0,0,1,0,1,0,0,0,0,1,1
30077,0033800002bfWnoAAE,0.0,40,0.0,5119.0,0,0,0,1,0,0,1,0,0,0,0,1,1
30080,0033800002bfWqUAAU,0.0,80,1978.0,4097.0,0,0,0,1,0,0,1,0,0,0,0,1,1
30085,0033800002bfXFeAAM,0.0,100,853.0,1098.0,0,0,0,1,0,0,1,0,0,0,0,1,0
30086,0033800002bfXPDAA2,0.0,0,845.0,1460.0,0,0,0,1,0,0,0,0,1,0,0,1,0
30089,0033800002bfXQ7AAM,0.0,0,128.0,7332.0,1,0,0,0,0,0,1,0,0,0,0,1,1
30090,0033800002bfXQQAA2,0.0,0,0.0,2244.0,0,1,0,0,0,0,1,0,0,0,0,1,1
30099,0033800002bfXlTAAU,0.0,0,1488.0,1899.0,0,0,0,1,0,0,1,0,0,0,1,0,0
30101,0033800002bfXtSAAU,0.0,100,0.0,7377.0,0,0,0,1,0,0,1,0,0,0,0,1,1
30102,0033800002bfY4KAAU,0.0,0,392.0,1826.0,0,0,0,1,0,0,1,0,0,0,0,1,0
30103,0033800002bfY7iAAE,0.0,0,0.0,7682.0,0,0,0,1,0,0,0,0,1,0,0,1,0
30104,0033800002bfYHnAAM,0.0,90,8687.0,4445.0,1,0,0,0,0,0,1,0,0,0,0,1,1
30111,0033800002bfZ7UAAU,0.0,0,0.0,7469.0,1,0,0,0,0,0,0,0,0,1,0,1,0
30112,0033800002bfZbbAAE,0.0,0,0.0,3651.0,0,0,0,1,0,0,0,0,0,1,1,0,0
30124,0033800002bfaLlAAI,0.0,0,318.0,3271.0,0,0,0,1,0,0,1,0,0,0,0,1,1
30129,0033800002bfazCAAQ,0.0,10,0.0,8857.0,1,0,0,0,0,0,1,0,0,0,1,0,0
30130,0033800002bfazgAAA,0.0,0,0.0,7584.0,0,1,0,0,0,1,0,0,0,0,0,1,1
30132,0033800002bfbCOAAY,0.0,0,0.0,8796.0,0,0,0,0,1,0,1,0,0,0,0,1,0
30133,0033800002bfbEeAAI,0.0,0,0.0,7486.0,0,0,0,1,0,0,1,0,0,0,0,1,0
30134,0033800002bfbPQAAY,0.0,70,591.0,4411.0,0,1,0,0,0,0,1,0,0,0,0,1,1
30141,0033800002bfeuEAAQ,0.0,0,3798.0,1461.0,0,0,0,1,0,0,0,0,1,0,0,1,1
30142,0033800002bfezhAAA,0.0,0,0.0,2785.0,0,0,0,1,0,0,0,0,0,1,0,1,1
30145,0033800002bffupAAA,0.0,40,225.0,1873.0,0,0,0,1,0,0,1,0,0,0,0,1,1
30146,0033800002bffwnAAA,0.0,0,0.0,7304.0,1,0,0,0,0,0,0,0,0,1,1,0,0
30147,0033800002bfgQbAAI,0.0,0,0.0,7330.0,0,0,0,1,0,0,1,0,0,0,0,1,0
30151,0033800002bfgy6AAA,0.0,20,1110.0,11323.0,0,0,0,0,1,0,0,0,0,1,0,1,1
30159,0033800002bfhZqAAI,0.0,0,0.0,6315.0,0,0,0,1,0,0,1,0,0,0,1,0,1
30169,0033800002bfiPuAAI,0.0,0,3295.0,3286.0,1,0,0,0,0,0,1,0,0,0,0,1,0
30170,0033800002bfiSjAAI,0.0,0,51.0,2267.0,0,0,0,1,0,0,1,0,0,0,0,1,1
30172,0033800002bfiZkAAI,0.0,0,0.0,1261.0,0,0,0,0,1,0,1,0,0,0,1,0,1
30174,0033800002bfiifAAA,0.0,0,0.0,7316.0,0,1,0,0,0,1,0,0,0,0,1,0,1
30175,0033800002bfiubAAA,0.0,0,0.0,5305.0,1,0,0,0,0,0,1,0,0,0,0,1,1
30180,0033800002bfjbtAAA,0.0,0,1939.0,2921.0,0,0,0,1,0,0,1,0,0,0,0,1,1
30181,0033800002bfjeJAAQ,0.0,100,1763.0,10325.0,0,0,0,0,1,0,1,0,0,0,0,1,1
30184,0033800002bfjltAAA,0.0,60,873.0,1460.0,0,0,0,1,0,0,0,0,1,0,0,1,1
30185,0033800002bfk8UAAQ,0.0,0,0.0,8289.0,0,0,0,0,1,0,1,0,0,0,0,1,0
30191,0033800002bfmLCAAY,0.0,40,3026.0,3142.0,0,0,0,1,0,0,1,0,0,0,0,1,0
30201,0033800002bfsBOAAY,0.0,80,894.0,5479.0,0,0,0,1,0,0,0,0,0,1,0,1,1
30207,0033800002bfsmJAAQ,0.0,0,0.0,7319.0,0,0,0,1,0,1,0,0,0,0,1,0,0
30208,0033800002bfsp3AAA,0.0,30,165.0,6574.0,0,0,0,0,1,0,1,0,0,0,0,1,1
30216,0033800002bftKJAAY,0.0,0,0.0,2192.0,0,0,0,1,0,0,0,0,0,1,1,0,1
30217,0033800002bftQWAAY,0.0,0,1794.0,1461.0,0,0,0,1,0,0,0,0,0,1,0,1,1
30228,0033800002bfuLnAAI,0.0,0,0.0,9277.0,0,0,0,1,0,0,1,0,0,0,0,1,0
30229,0033800002bfuP6AAI,0.0,0,0.0,2941.0,0,1,0,0,0,0,0,0,1,0,1,0,1
30230,0033800002bfuQsAAI,0.0,0,0.0,8873.0,0,0,0,1,0,0,1,0,0,0,0,1,0
30231,0033800002bfuTcAAI,0.0,0,0.0,8053.0,1,0,0,0,0,1,0,0,0,0,0,1,0
30232,0033800002bfuVsAAI,0.0,0,0.0,7328.0,0,1,0,0,0,0,1,0,0,0,1,0,1
30233,0033800002bfugWAAQ,0.0,0,0.0,5844.0,0,0,0,1,0,0,1,0,0,0,0,1,1
30236,0033800002bfv21AAA,0.0,0,0.0,8431.0,0,0,0,1,0,0,1,0,0,0,0,1,1
30250,0033800002bfvyEAAQ,0.0,0,0.0,7608.0,0,0,0,1,0,0,1,0,0,0,0,1,1
30254,0033800002bfw5PAAQ,0.0,10,4845.0,2838.0,0,0,0,1,0,0,1,0,0,0,0,1,1
30256,0033800002bfwA5AAI,0.0,0,441.0,8057.0,0,0,0,1,0,1,0,0,0,0,0,1,0
30257,0033800002bfwHGAAY,0.0,40,6865.0,1251.0,0,1,0,0,0,0,1,0,0,0,0,1,1
30258,0033800002bfwLkAAI,0.0,0,0.0,7371.0,0,0,0,1,0,1,0,0,0,0,0,1,1
30260,0033800002bfwNRAAY,0.0,0,0.0,6620.0,0,1,0,0,0,0,1,0,0,0,0,1,0
30263,0033800002bfwitAAA,0.0,0,0.0,7436.0,1,0,0,0,0,0,0,0,0,1,0,1,0
30264,0033800002bfwjrAAA,0.0,0,0.0,5019.0,1,0,0,0,0,0,1,0,0,0,0,1,1
30266,0033800002bfwnqAAA,0.0,0,0.0,1461.0,1,0,0,0,0,0,0,0,1,0,0,1,1
30267,0033800002bfwnvAAA,0.0,0,3854.0,1705.0,0,1,0,0,0,1,0,0,0,0,1,0,1
30270,0033800002bfwxwAAA,0.0,0,0.0,4907.0,1,0,0,0,0,1,0,0,0,0,0,1,1
30272,0033800002bfx1gAAA,0.0,0,50.0,2191.0,0,0,0,1,0,1,0,0,0,0,0,1,1
30273,0033800002bfx20AAA,0.0,50,7584.0,1460.0,0,0,0,1,0,0,0,0,1,0,0,1,1
30275,0033800002bfx5wAAA,0.0,0,0.0,7305.0,0,0,0,0,1,0,1,0,0,0,0,1,1
30276,0033800002bfx6LAAQ,0.0,0,1958.0,4104.0,0,1,0,0,0,0,1,0,0,0,0,1,1
30281,0033800002bfxqGAAQ,0.0,0,0.0,12406.0,0,0,0,0,1,0,1,0,0,0,1,0,0
30282,0033800002bfy01AAA,0.0,10,936.0,11790.0,0,1,0,0,0,0,1,0,0,0,0,1,0
30283,0033800002bfyD3AAI,0.0,0,11.0,6364.0,0,1,0,0,0,0,1,0,0,0,1,0,1
30284,0033800002bfyEBAAY,0.0,0,574.0,5624.0,0,1,0,0,0,0,0,0,1,0,0,1,0
30287,0033800002bfySJAAY,0.0,0,0.0,7408.0,0,1,0,0,0,0,1,0,0,0,0,1,0
30289,0033800002bfye5AAA,0.0,0,0.0,7437.0,0,1,0,0,0,0,1,0,0,0,0,1,0
30291,0033800002bfyfXAAQ,0.0,0,0.0,8773.0,0,0,0,1,0,0,1,0,0,0,0,1,1
30293,0033800002bfyqjAAA,0.0,0,0.0,7322.0,0,0,0,1,0,0,0,0,1,0,0,1,0
30296,0033800002bfzBmAAI,0.0,0,12.0,8551.0,0,0,0,1,0,0,1,0,0,0,0,1,1
30298,0033800002bfzDnAAI,0.0,0,0.0,7551.0,0,0,0,1,0,0,1,0,0,0,0,1,0
30299,0033800002bfzFYAAY,0.0,0,0.0,2618.0,0,0,0,1,0,0,1,0,0,0,0,1,1
30301,0033800002bfzJuAAI,0.0,100,628.0,5895.0,0,1,0,0,0,0,0,0,1,0,0,1,1
30303,0033800002bfzQWAAY,0.0,0,0.0,1461.0,1,0,0,0,0,0,1,0,0,0,1,0,1
30304,0033800002bfzRtAAI,0.0,0,0.0,3974.0,0,1,0,0,0,1,0,0,0,0,0,1,1
30308,0033800002bfzZOAAY,0.0,0,0.0,2910.0,0,0,0,1,0,1,0,0,0,0,1,0,0
30313,0033800002bfzo9AAA,0.0,0,0.0,8495.0,0,0,0,0,1,0,1,0,0,0,0,1,1
30314,0033800002bfzwwAAA,0.0,0,0.0,2315.0,0,0,0,1,0,0,1,0,0,0,0,1,1
30318,0033800002bg07zAAA,0.0,0,3969.0,10528.0,0,0,0,0,1,0,0,1,0,0,0,1,0
30319,0033800002bg0BYAAY,0.0,0,0.0,4136.0,0,0,0,1,0,0,0,0,1,0,0,1,1
30320,0033800002bg0QiAAI,0.0,0,0.0,2192.0,0,0,0,1,0,1,0,0,0,0,1,0,0
30324,0033800002bg0glAAA,0.0,0,0.0,8487.0,0,1,0,0,0,0,0,0,1,0,0,1,0
30328,0033800002bg0ncAAA,0.0,0,0.0,1098.0,0,0,0,1,0,0,0,0,0,1,0,1,1
30329,0033800002bg0pOAAQ,0.0,20,1883.0,1461.0,0,0,0,0,1,0,0,0,1,0,0,1,1
30330,0033800002bg0reAAA,0.0,40,7716.0,6404.0,0,0,0,0,1,1,0,0,0,0,0,1,0
30333,0033800002bg14wAAA,0.0,0,0.0,3002.0,0,0,0,1,0,0,1,0,0,0,0,1,0
30335,0033800002bg1znAAA,0.0,0,0.0,10231.0,1,0,0,0,0,0,1,0,0,0,1,0,1
30337,0033800002bg24jAAA,0.0,0,0.0,3624.0,0,1,0,0,0,1,0,0,0,0,0,1,1
30338,0033800002bg261AAA,0.0,10,3183.0,2156.0,0,0,0,0,1,0,0,0,1,0,0,1,0
30339,0033800002bg2OpAAI,0.0,30,3576.0,2190.0,0,0,0,0,1,1,0,0,0,0,0,1,0
30348,0033800002bg42CAAQ,0.0,0,0.0,2925.0,0,1,0,0,0,0,1,0,0,0,1,0,1
30350,0033800002bg46xAAA,0.0,0,4330.0,5000.0,0,0,0,0,1,0,1,0,0,0,1,0,1
30353,0033800002bg4ErAAI,0.0,0,0.0,11714.0,1,0,0,0,0,0,1,0,0,0,0,1,0
30354,0033800002bg4IOAAY,0.0,0,0.0,7329.0,0,1,0,0,0,0,1,0,0,0,0,1,1
30358,0033800002bg5FGAAY,0.0,0,0.0,7761.0,0,1,0,0,0,1,0,0,0,0,1,0,0
30360,0033800002bg5NyAAI,0.0,0,0.0,3023.0,0,1,0,0,0,0,0,0,1,0,0,1,1
30373,0033800002bg6QmAAI,0.0,0,0.0,8313.0,0,0,0,0,1,0,1,0,0,0,1,0,1
30378,0033800002bg6jUAAQ,0.0,0,0.0,8494.0,1,0,0,0,0,1,0,0,0,0,0,1,1
30379,0033800002bg6rJAAQ,0.0,0,0.0,4472.0,0,1,0,0,0,0,1,0,0,0,0,1,0
30383,0033800002bg7MoAAI,0.0,0,2784.0,7994.0,0,0,1,0,0,0,1,0,0,0,0,1,1
30384,0033800002bg7SDAAY,0.0,40,5338.0,1475.0,1,0,0,0,0,0,1,0,0,0,0,1,1
30386,0033800002bg7TQAAY,0.0,0,6.0,4877.0,0,0,0,1,0,0,1,0,0,0,0,1,0
30387,0033800002bg7WAAAY,0.0,0,0.0,1887.0,0,0,0,1,0,0,1,0,0,0,0,1,1
30390,0033800002bg7fxAAA,0.0,30,1223.0,2284.0,0,0,0,0,1,0,0,0,0,1,1,0,1
30391,0033800002bg7icAAA,0.0,100,0.0,2134.0,0,0,0,1,0,0,1,0,0,0,0,1,0
30399,0033800002bg893AAA,0.0,80,434.0,3796.0,0,1,0,0,0,0,0,0,1,0,0,1,0
30402,0033800002bg8C2AAI,0.0,50,766.0,4330.0,0,0,0,1,0,0,1,0,0,0,0,1,1
30403,0033800002bg8DUAAY,0.0,0,1193.0,1460.0,0,1,0,0,0,0,0,0,1,0,0,1,1
30407,0033800002bg8G4AAI,0.0,0,1520.0,3653.0,0,0,0,0,1,0,0,0,0,1,0,1,1
30412,0033800002bg8KVAAY,0.0,0,952.0,1304.0,0,1,0,0,0,0,1,0,0,0,1,0,0
30413,0033800002bg8LdAAI,0.0,30,7492.0,3880.0,0,0,0,1,0,0,1,0,0,0,0,1,1
30420,0033800002bg9IWAAY,0.0,0,16.0,1450.0,0,0,0,1,0,0,0,0,1,0,0,1,1
30424,0033800002bg9IaAAI,0.0,40,1324.0,3107.0,0,0,0,1,0,0,0,0,0,1,0,1,1
30429,0033800002bg9IfAAI,0.0,60,474.0,3279.0,0,0,0,1,0,0,1,0,0,0,0,1,1
30432,0033800002bg9IjAAI,0.0,0,1290.0,1096.0,0,1,0,0,0,0,1,0,0,0,0,1,1
30435,0033800002bg9ImAAI,0.0,70,1821.0,1505.0,1,0,0,0,0,0,1,0,0,0,0,1,1
30438,0033800002bg9IqAAI,0.0,0,1054.0,10064.0,0,1,0,0,0,0,0,0,1,0,0,1,0
30440,0033800002bg9IsAAI,0.0,0,4938.0,1114.0,0,0,0,1,0,0,1,0,0,0,1,0,1
30442,0033800002bg9IuAAI,0.0,0,562.0,8375.0,0,0,0,1,0,1,0,0,0,0,0,1,1
30447,0033800002bg9IzAAI,0.0,80,1841.0,1461.0,0,0,0,1,0,0,0,0,1,0,0,1,1
30448,0033800002bg9J0AAI,0.0,0,319.0,1277.0,0,0,0,1,0,0,0,0,1,0,0,1,0
30460,0033800002bg9JCAAY,0.0,30,4.0,1868.0,1,0,0,0,0,0,1,0,0,0,0,1,0
30461,0033800002bg9JDAAY,0.0,80,3452.0,1825.0,0,0,0,1,0,0,0,0,1,0,0,1,1
30464,0033800002bg9JGAAY,0.0,0,1299.0,2137.0,0,1,0,0,0,0,1,0,0,0,0,1,1
30466,0033800002bg9JIAAY,0.0,0,869.0,2709.0,0,1,0,0,0,0,0,0,0,1,0,1,0
30474,0033800002bg9zaAAA,0.0,20,7041.0,2822.0,0,0,0,1,0,0,1,0,0,0,0,1,0
30479,0033800002bgAMyAAM,0.0,0,6242.0,2921.0,0,0,0,0,1,0,1,0,0,0,0,1,0
30480,0033800002bgANNAA2,0.0,0,0.0,4284.0,0,0,0,1,0,0,1,0,0,0,0,1,1
30484,0033800002bgAPiAAM,0.0,0,2031.0,5082.0,0,0,0,1,0,0,1,0,0,0,0,1,0
30486,0033800002bgAYuAAM,0.0,0,0.0,2192.0,0,0,0,1,0,1,0,0,0,0,0,1,1
30489,0033800002bgBEIAA2,0.0,0,0.0,4376.0,0,0,0,1,0,0,1,0,0,0,0,1,0
30493,0033800002bgBMHAA2,0.0,60,4008.0,7674.0,0,1,0,0,0,0,0,0,1,0,0,1,1
30494,0033800002bgBPVAA2,0.0,0,0.0,1568.0,0,1,0,0,0,0,1,0,0,0,0,1,0
30495,0033800002bgBPpAAM,0.0,0,0.0,5323.0,0,0,0,1,0,0,1,0,0,0,0,1,0
30496,0033800002bgBgqAAE,0.0,0,0.0,8363.0,0,1,0,0,0,0,1,0,0,0,0,1,1
30497,0033800002bgBhUAAU,0.0,0,0.0,2922.0,0,0,0,0,1,0,1,0,0,0,0,1,1
30499,0033800002bgBjLAAU,0.0,0,588.0,2496.0,0,1,0,0,0,0,1,0,0,0,0,1,1
30504,0033800002bgBxNAAU,0.0,0,0.0,9394.0,1,0,0,0,0,1,0,0,0,0,0,1,1
30507,0033800002bgC9TAAU,0.0,40,0.0,2323.0,0,0,0,1,0,0,1,0,0,0,0,1,0
30509,0033800002bgCGuAAM,0.0,0,9823.0,731.0,0,0,0,1,0,0,1,0,0,0,1,0,1
30510,0033800002bgCJUAA2,0.0,0,0.0,7995.0,0,1,0,0,0,1,0,0,0,0,0,1,0
30513,0033800002bgCLkAAM,0.0,0,0.0,6178.0,0,0,0,1,0,0,1,0,0,0,0,1,1
30514,0033800002bgCMJAA2,0.0,50,1275.0,3207.0,0,0,0,1,0,0,0,0,1,0,1,0,0
30517,0033800002bgCdiAAE,0.0,0,793.0,1366.0,0,0,0,1,0,0,1,0,0,0,0,1,1
30520,0033800002bgCr6AAE,0.0,0,661.0,2211.0,0,0,0,1,0,1,0,0,0,0,1,0,1
30521,0033800002bgCsEAAU,0.0,90,624.0,3835.0,0,0,0,1,0,1,0,0,0,0,0,1,1
30522,0033800002bgD0IAAU,0.0,0,2373.0,1586.0,1,0,0,0,0,0,1,0,0,0,0,1,1
30523,0033800002bgD0hAAE,0.0,0,0.0,8835.0,0,1,0,0,0,0,1,0,0,0,0,1,0
30525,0033800002bgD8gAAE,0.0,0,0.0,3422.0,0,0,0,1,0,0,1,0,0,0,0,1,0
30527,0033800002bgDDgAAM,0.0,0,0.0,3729.0,0,0,0,1,0,0,1,0,0,0,0,1,0
30536,0033800002bgEeuAAE,0.0,0,0.0,2375.0,0,1,0,0,0,0,1,0,0,0,0,1,0
30541,0033800002bgF8MAAU,0.0,0,0.0,5529.0,0,0,0,1,0,0,0,0,1,0,0,1,0
30546,0033800002bgFetAAE,0.0,0,0.0,8181.0,0,0,0,1,0,0,1,0,0,0,0,1,1
30547,0033800002bgG41AAE,0.0,0,363.0,1624.0,0,0,0,1,0,0,1,0,0,0,0,1,1
30548,0033800002bgG46AAE,0.0,0,0.0,1460.0,0,0,0,1,0,0,1,0,0,0,0,1,1
30551,0033800002bgGJQAA2,0.0,0,0.0,3136.0,1,0,0,0,0,0,1,0,0,0,0,1,0
30552,0033800002bgGJVAA2,0.0,0,0.0,8455.0,0,0,0,1,0,0,0,0,0,1,0,1,0
30553,0033800002bgGLCAA2,0.0,0,116.0,1460.0,0,0,0,1,0,0,0,0,1,0,0,1,1
30556,0033800002bgGScAAM,0.0,0,0.0,11537.0,0,0,0,0,1,0,1,0,0,0,0,1,1
30557,0033800002bgGSdAAM,0.0,0,0.0,8636.0,0,1,0,0,0,1,0,0,0,0,0,1,1
30558,0033800002bgGSeAAM,0.0,0,532.0,2682.0,0,1,0,0,0,0,1,0,0,0,1,0,1
30560,0033800002bgGSgAAM,0.0,0,0.0,2934.0,0,0,0,1,0,1,0,0,0,0,0,1,1
30561,0033800002bgGShAAM,0.0,0,0.0,13149.0,0,0,0,1,0,0,1,0,0,0,0,1,1
30563,0033800002bgGWCAA2,0.0,0,0.0,4536.0,1,0,0,0,0,0,1,0,0,0,0,1,1
30565,0033800002bgGXjAAM,0.0,0,0.0,7413.0,0,1,0,0,0,0,1,0,0,0,0,1,1
30566,0033800002bgGXkAAM,0.0,0,0.0,4018.0,0,0,0,1,0,0,1,0,0,0,0,1,0
30568,0033800002bgGXmAAM,0.0,0,0.0,3341.0,0,0,0,1,0,0,1,0,0,0,0,1,0
30569,0033800002bgGXnAAM,0.0,0,0.0,7328.0,0,0,0,1,0,0,1,0,0,0,0,1,1
30570,0033800002bgGXoAAM,0.0,0,0.0,436.0,0,0,0,1,0,0,1,0,0,0,0,1,1
30573,0033800002bgGdyAAE,0.0,0,0.0,2778.0,0,0,0,1,0,0,1,0,0,0,0,1,1
30574,0033800002bgGf6AAE,0.0,0,2600.0,8411.0,0,0,0,1,0,0,1,0,0,0,0,1,0
30575,0033800002bgGhvAAE,0.0,0,0.0,1185.0,0,0,0,1,0,0,1,0,0,0,0,1,0
30577,0033800002bgGmHAAU,0.0,0,0.0,2919.0,0,0,0,1,0,1,0,0,0,0,1,0,0
30593,0033800002bgHEfAAM,0.0,0,0.0,2558.0,0,0,0,1,0,0,1,0,0,0,0,1,1
30594,0033800002bgHFdAAM,0.0,0,1649.0,1772.0,1,0,0,0,0,0,1,0,0,0,0,1,0
30597,0033800002bgHJ2AAM,0.0,0,81.0,7673.0,0,1,0,0,0,1,0,0,0,0,0,1,1
30598,0033800002bgHJlAAM,0.0,0,0.0,7933.0,0,0,0,1,0,0,1,0,0,0,0,1,1
30605,0033800002bgHm6AAE,0.0,0,188.0,2192.0,0,1,0,0,0,0,1,0,0,0,0,1,1
30607,0033800002bgICJAA2,0.0,0,0.0,7670.0,0,1,0,0,0,0,0,0,0,1,0,1,0
30610,0033800002bgIKmAAM,0.0,0,486.0,1461.0,0,0,0,1,0,0,1,0,0,0,0,1,0
30613,0033800002bgIdOAAU,0.0,0,0.0,10975.0,0,0,0,0,1,1,0,0,0,0,0,1,1
30615,0033800002bgIrGAAU,0.0,0,506.0,1681.0,0,1,0,0,0,0,1,0,0,0,0,1,1
30617,0033800002bgJ02AAE,0.0,0,0.0,2335.0,0,0,0,1,0,0,1,0,0,0,0,1,0
30618,0033800002bgJ1jAAE,0.0,0,3946.0,1461.0,0,1,0,0,0,1,0,0,0,0,1,0,1
30620,0033800002bgJ7mAAE,0.0,0,8974.0,1485.0,0,1,0,0,0,0,0,1,0,0,0,1,1
30625,0033800002bgJtYAAU,0.0,0,3157.0,2857.0,0,1,0,0,0,0,1,0,0,0,1,0,1
30630,0033800002bgLpCAAU,0.0,0,0.0,7321.0,1,0,0,0,0,1,0,0,0,0,0,1,1
30633,0033800002bgM7GAAU,0.0,10,6748.0,1461.0,0,0,0,1,0,0,1,0,0,0,0,1,1
30634,0033800002bgMAoAAM,0.0,0,0.0,1948.0,0,1,0,0,0,0,0,0,0,1,0,1,0
30635,0033800002bgMD9AAM,0.0,0,0.0,5209.0,1,0,0,0,0,0,1,0,0,0,0,1,0
30636,0033800002bgMHaAAM,0.0,0,0.0,11233.0,0,1,0,0,0,0,1,0,0,0,0,1,1
30637,0033800002bgMIdAAM,0.0,0,446.0,4742.0,0,0,0,0,1,0,1,0,0,0,0,1,1
30639,0033800002bgMUhAAM,0.0,0,4695.0,1493.0,0,0,0,1,0,0,0,0,1,0,0,1,0
30641,0033800002bgMZwAAM,0.0,0,0.0,8254.0,1,0,0,0,0,0,1,0,0,0,0,1,1
30643,0033800002bgMiyAAE,0.0,0,0.0,1655.0,0,1,0,0,0,0,1,0,0,0,1,0,0
30647,0033800002bgN7lAAE,0.0,0,0.0,4692.0,1,0,0,0,0,0,1,0,0,0,1,0,0
30649,0033800002bgNCCAA2,0.0,0,1357.0,2291.0,0,1,0,0,0,0,1,0,0,0,0,1,1
30656,0033800002bgNc7AAE,0.0,0,0.0,3465.0,0,0,0,1,0,0,1,0,0,0,0,1,1
30659,0033800002bgNf2AAE,0.0,90,140.0,7321.0,0,1,0,0,0,0,1,0,0,0,0,1,1
30660,0033800002bgNf3AAE,0.0,30,1971.0,1582.0,1,0,0,0,0,0,0,0,0,1,0,1,0
30664,0033800002bgNf7AAE,0.0,100,692.0,6656.0,0,0,0,0,1,1,0,0,0,0,0,1,1
30665,0033800002bgNf8AAE,0.0,0,0.0,8596.0,0,1,0,0,0,1,0,0,0,0,1,0,0
30669,0033800002bgNoFAAU,0.0,0,0.0,4687.0,0,0,0,1,0,0,1,0,0,0,0,1,1
30670,0033800002bgNuDAAU,0.0,0,150.0,2789.0,0,0,0,1,0,0,1,0,0,0,0,1,1
30671,0033800002bgNumAAE,0.0,0,0.0,2560.0,0,0,0,1,0,0,1,0,0,0,0,1,1
30672,0033800002bgNvQAAU,0.0,0,0.0,2819.0,1,0,0,0,0,0,1,0,0,0,0,1,1
30673,0033800002bgO2MAAU,0.0,0,0.0,9129.0,1,0,0,0,0,1,0,0,0,0,0,1,1
30675,0033800002bgO3UAAU,0.0,0,0.0,5837.0,0,0,0,1,0,0,1,0,0,0,0,1,1
30679,0033800002bgOALAA2,0.0,0,0.0,7494.0,0,0,0,1,0,0,0,0,1,0,0,1,0
30680,0033800002bgOFQAA2,0.0,0,5924.0,2861.0,0,0,0,0,1,0,1,0,0,0,1,0,1
30685,0033800002bgP12AAE,0.0,0,0.0,2921.0,0,0,0,1,0,0,1,0,0,0,0,1,1
30690,0033800002bgPFOAA2,0.0,0,0.0,7561.0,0,0,0,1,0,0,1,0,0,0,0,1,1
30691,0033800002bgPFdAAM,0.0,0,0.0,2326.0,0,0,0,1,0,0,1,0,0,0,0,1,1
30692,0033800002bgPH3AAM,0.0,90,285.0,2777.0,1,0,0,0,0,0,1,0,0,0,1,0,1
30695,0033800002bgPNuAAM,0.0,0,0.0,1087.0,0,0,0,1,0,0,1,0,0,0,0,1,0
30697,0033800002bgPPbAAM,0.0,0,265.0,3545.0,0,1,0,0,0,0,1,0,0,0,0,1,0
30698,0033800002bgPQ0AAM,0.0,0,0.0,7404.0,0,1,0,0,0,0,1,0,0,0,0,1,1
30699,0033800002bgPVoAAM,0.0,0,0.0,2154.0,0,0,0,1,0,0,1,0,0,0,0,1,1
30700,0033800002bgPWSAA2,0.0,0,664.0,4236.0,0,0,0,1,0,0,1,0,0,0,0,1,1
30703,0033800002bgPfKAAU,0.0,0,0.0,2750.0,0,0,0,1,0,0,1,0,0,0,0,1,0
30705,0033800002bgPh6AAE,0.0,0,0.0,3782.0,0,0,0,1,0,0,1,0,0,0,0,1,0
30706,0033800002bgPmpAAE,0.0,0,0.0,4322.0,0,0,0,1,0,0,0,0,0,1,0,1,0
30707,0033800002bgPpjAAE,0.0,100,0.0,1905.0,0,0,0,1,0,0,0,0,0,1,0,1,0
30710,0033800002bgQErAAM,0.0,0,2355.0,1243.0,0,0,0,1,0,0,1,0,0,0,0,1,0
30711,0033800002bgQqfAAE,0.0,0,0.0,2921.0,0,0,0,1,0,1,0,0,0,0,0,1,1
30712,0033800002bgRFnAAM,0.0,0,959.0,4467.0,0,0,0,0,1,0,1,0,0,0,0,1,0
30714,0033800002bgRQRAA2,0.0,0,0.0,4119.0,1,0,0,0,0,0,1,0,0,0,0,1,1
30719,0033800002bgT6WAAU,0.0,50,1203.0,2514.0,0,0,0,1,0,0,1,0,0,0,0,1,0
30722,0033800002bgTX1AAM,0.0,0,0.0,5844.0,0,0,0,1,0,0,1,0,0,0,0,1,0
30726,0033800002bgTsxAAE,0.0,0,172.0,6209.0,0,0,0,1,0,0,0,0,0,1,0,1,1
30729,0033800002bgU53AAE,0.0,0,0.0,7319.0,0,0,0,0,1,0,0,0,0,1,1,0,0
30730,0033800002bgU7iAAE,0.0,0,0.0,6079.0,0,0,0,1,0,0,0,0,1,0,0,1,0
30731,0033800002bgUGzAAM,0.0,0,0.0,3058.0,0,0,0,1,0,0,1,0,0,0,0,1,1
30738,0033800002bgVEzAAM,0.0,0,2443.0,1550.0,1,0,0,0,0,0,1,0,0,0,1,0,1
30739,0033800002bgVU9AAM,0.0,0,0.0,5161.0,1,0,0,0,0,0,1,0,0,0,1,0,0
30741,0033800002bgVwrAAE,0.0,0,0.0,12610.0,0,1,0,0,0,0,1,0,0,0,0,1,0
30745,0033800002bgW6pAAE,0.0,0,0.0,8427.0,0,1,0,0,0,0,1,0,0,0,0,1,1
30749,0033800002bgWQOAA2,0.0,0,0.0,3165.0,0,0,0,0,1,1,0,0,0,0,0,1,1
30753,0033800002bgWbuAAE,0.0,0,0.0,1826.0,0,1,0,0,0,0,0,0,0,1,0,1,1
30754,0033800002bgWcSAAU,0.0,0,2109.0,1462.0,1,0,0,0,0,0,0,0,0,1,0,1,1
30757,0033800002bgWmDAAU,0.0,0,0.0,9285.0,0,1,0,0,0,0,0,0,0,1,0,1,1
30760,0033800002bgX6kAAE,0.0,0,0.0,1644.0,0,0,0,0,1,0,1,0,0,0,0,1,1
30761,0033800002bgXIlAAM,0.0,10,1309.0,2557.0,0,0,0,0,1,0,1,0,0,0,1,0,1
30765,0033800002bgYcfAAE,0.0,0,2633.0,1460.0,0,0,0,1,0,0,0,0,1,0,0,1,0
30767,0033800002bgYchAAE,0.0,0,1654.0,1460.0,0,0,0,1,0,1,0,0,0,0,0,1,0
30768,0033800002bgYciAAE,0.0,0,989.0,5217.0,1,0,0,0,0,0,1,0,0,0,0,1,1
30769,0033800002bgYcjAAE,0.0,0,2353.0,3287.0,0,0,0,1,0,0,1,0,0,0,0,1,0
30770,0033800002bgYckAAE,0.0,0,1408.0,1460.0,0,0,0,1,0,0,1,0,0,0,1,0,0
30771,0033800002bgYclAAE,0.0,0,11666.0,1460.0,0,0,0,1,0,0,0,0,1,0,0,1,0
30772,0033800002bgYhPAAU,0.0,0,514.0,8566.0,0,1,0,0,0,0,0,0,0,1,0,1,0
30775,0033800002bgYvWAAU,0.0,90,1240.0,5617.0,0,1,0,0,0,0,1,0,0,0,0,1,1
30777,0033800002bgZ2OAAU,0.0,50,7151.0,2715.0,0,1,0,0,0,0,1,0,0,0,0,1,1
30783,0033800002bgZkNAAU,0.0,100,4220.0,1900.0,0,1,0,0,0,0,0,0,1,0,1,0,1
30787,0033800002bgZybAAE,0.0,0,0.0,7847.0,1,0,0,0,0,1,0,0,0,0,0,1,1
30798,0033800002bgaQ3AAI,0.0,80,1938.0,7309.0,0,1,0,0,0,0,0,0,1,0,0,1,1
30799,0033800002bgaU7AAI,0.0,0,2028.0,852.0,1,0,0,0,0,0,1,0,0,0,1,0,1
30800,0033800002bgahkAAA,0.0,0,6110.0,2884.0,0,1,0,0,0,0,1,0,0,0,1,0,1
30802,0033800002bgan4AAA,0.0,0,0.0,44.0,1,0,0,0,0,1,0,0,0,0,1,0,0
30804,0033800002bgb02AAA,0.0,100,202.0,9557.0,0,0,0,0,1,0,1,0,0,0,1,0,0
30810,0033800002bgbljAAA,0.0,0,389.0,1221.0,0,0,0,1,0,0,1,0,0,0,0,1,0
30812,0033800002bgc9bAAA,0.0,0,566.0,1271.0,0,0,0,1,0,0,0,0,0,1,0,1,1
30815,0033800002bgcNoAAI,0.0,0,1626.0,1209.0,0,0,0,1,0,0,1,0,0,0,0,1,1
30817,0033800002bgcQiAAI,0.0,0,2501.0,1419.0,0,0,0,1,0,0,1,0,0,0,0,1,1
30820,0033800002bgclUAAQ,0.0,0,0.0,965.0,0,0,0,1,0,0,1,0,0,0,0,1,0
30825,0033800002bgcqFAAQ,0.0,0,0.0,3412.0,0,1,0,0,0,1,0,0,0,0,1,0,0
30830,0033800002bgdSfAAI,0.0,0,0.0,1590.0,0,0,0,1,0,0,1,0,0,0,0,1,0
30833,0033800002bgdWMAAY,0.0,0,0.0,10117.0,1,0,0,0,0,0,1,0,0,0,0,1,1
30835,0033800002bgdYvAAI,0.0,0,1011.0,1825.0,0,0,0,1,0,0,1,0,0,0,0,1,0
30837,0033800002bgdZwAAI,0.0,0,1473.0,1462.0,0,0,0,1,0,0,0,0,1,0,0,1,0
30843,0033800002bgdptAAA,0.0,0,0.0,8873.0,0,0,0,1,0,0,0,0,0,1,0,1,0
30844,0033800002bgdzxAAA,0.0,0,13011.0,487.0,0,0,1,0,0,0,1,0,0,0,0,1,0
30846,0033800002bge2kAAA,0.0,0,0.0,5167.0,0,0,0,1,0,0,1,0,0,0,0,1,1
30849,0033800002bge9LAAQ,0.0,0,264.0,7310.0,0,0,0,1,0,0,0,0,0,1,1,0,0
30855,0033800002bgeIDAAY,0.0,100,0.0,10845.0,1,0,0,0,0,0,1,0,0,0,0,1,1
30857,0033800002bgefeAAA,0.0,0,0.0,1789.0,0,1,0,0,0,0,1,0,0,0,0,1,1
30858,0033800002bgfDeAAI,0.0,30,1234.0,2557.0,0,1,0,0,0,0,0,0,0,1,0,1,1
30864,0033800002bgfMOAAY,0.0,0,12425.0,2261.0,0,0,0,1,0,0,0,0,1,0,0,1,1
30865,0033800002bgfN7AAI,0.0,60,9428.0,751.0,0,1,0,0,0,0,1,0,0,0,0,1,1
30874,0033800002bgfs5AAA,0.0,0,0.0,5037.0,0,0,0,1,0,0,0,0,0,1,0,1,0
30875,0033800002bggJKAAY,0.0,0,0.0,11316.0,0,1,0,0,0,0,1,0,0,0,0,1,1
30876,0033800002bggSCAAY,0.0,0,0.0,7784.0,0,1,0,0,0,0,1,0,0,0,0,1,1
30878,0033800002bggW4AAI,0.0,0,0.0,10988.0,0,0,0,1,0,0,0,0,1,0,0,1,1
30879,0033800002bggkuAAA,0.0,0,2534.0,1924.0,0,0,0,1,0,0,0,0,0,1,1,0,0
30881,0033800002bgh0ZAAQ,0.0,80,11929.0,1095.0,0,0,0,1,0,0,0,0,1,0,0,1,0
30882,0033800002bghSZAAY,0.0,0,0.0,9217.0,0,0,0,1,0,1,0,0,0,0,0,1,1
30888,0033800002bghd3AAA,0.0,0,0.0,11719.0,0,0,0,0,1,0,1,0,0,0,0,1,1
30896,0033800002bgiI6AAI,0.0,0,0.0,8169.0,1,0,0,0,0,0,1,0,0,0,0,1,1
30899,0033800002bgiS6AAI,0.0,0,0.0,1291.0,0,0,0,1,0,0,0,0,1,0,0,1,0
30901,0033800002bgiYTAAY,0.0,0,0.0,8785.0,0,0,0,1,0,0,0,0,0,1,0,1,1
30907,0033800002bgioiAAA,0.0,0,1653.0,2922.0,0,1,0,0,0,0,1,0,0,0,1,0,1
30910,0033800002bgiolAAA,0.0,0,1304.0,2161.0,0,1,0,0,0,0,0,0,1,0,0,1,0
30912,0033800002bgirDAAQ,0.0,0,13.0,3665.0,0,1,0,0,0,0,1,0,0,0,0,1,1
30916,0033800002bgj76AAA,0.0,70,2649.0,2137.0,0,0,0,1,0,0,1,0,0,0,0,1,0
30917,0033800002bgj7VAAQ,0.0,0,0.0,7922.0,0,1,0,0,0,0,1,0,0,0,0,1,1
30920,0033800002bgjJHAAY,0.0,0,0.0,5240.0,1,0,0,0,0,0,1,0,0,0,0,1,0
30922,0033800002bgjWgAAI,0.0,0,0.0,1094.0,0,0,0,0,1,0,1,0,0,0,1,0,1
30923,0033800002bgjh7AAA,0.0,0,0.0,2153.0,0,0,0,1,0,0,1,0,0,0,0,1,1
30926,0033800002bgjrfAAA,0.0,0,0.0,9012.0,0,1,0,0,0,0,0,0,0,1,0,1,1
30927,0033800002bgk1SAAQ,0.0,10,1323.0,751.0,0,0,0,1,0,0,0,0,0,1,0,1,1
30928,0033800002bgk3nAAA,0.0,0,0.0,8161.0,0,1,0,0,0,0,0,1,0,0,0,1,0
30929,0033800002bgk9HAAQ,0.0,0,10.0,2923.0,0,0,0,1,0,0,0,0,1,0,0,1,1
30944,0033800002bgkiLAAQ,0.0,0,0.0,8723.0,0,0,0,0,1,1,0,0,0,0,0,1,1
30950,0033800002bglWJAAY,0.0,0,0.0,9517.0,0,1,0,0,0,0,1,0,0,0,0,1,1
30951,0033800002bglb9AAA,0.0,0,0.0,2566.0,0,0,0,1,0,0,1,0,0,0,0,1,1
30952,0033800002bglerAAA,0.0,0,8338.0,2922.0,0,0,0,0,1,0,0,0,0,1,0,1,0
30953,0033800002bglj5AAA,0.0,0,2629.0,7324.0,1,0,0,0,0,0,1,0,0,0,0,1,1
30954,0033800002bglsWAAQ,0.0,0,5571.0,3097.0,0,1,0,0,0,0,0,0,1,0,0,1,0
30960,0033800002bgmOnAAI,0.0,10,1450.0,1490.0,0,1,0,0,0,0,0,0,1,0,0,1,1
30962,0033800002bgmT4AAI,0.0,80,0.0,7908.0,1,0,0,0,0,0,1,0,0,0,0,1,1
30967,0033800002bgmlcAAA,0.0,40,520.0,1826.0,0,1,0,0,0,0,0,0,1,0,0,1,1
30969,0033800002bgmrkAAA,0.0,20,4319.0,7362.0,0,1,0,0,0,1,0,0,0,0,0,1,0
30970,0033800002bgn7kAAA,0.0,0,0.0,7330.0,0,1,0,0,0,0,1,0,0,0,0,1,1
30973,0033800002bgnvPAAQ,0.0,0,0.0,2622.0,0,1,0,0,0,0,1,0,0,0,1,0,1
30975,0033800002bgo6KAAQ,0.0,0,0.0,4291.0,0,0,0,1,0,0,1,0,0,0,0,1,0
30980,0033800002bgoLUAAY,0.0,0,157.0,2190.0,0,1,0,0,0,1,0,0,0,0,1,0,1
30984,0033800002bgp9tAAA,0.0,0,0.0,7734.0,0,0,0,0,1,0,0,0,1,0,0,1,1
30985,0033800002bgpCYAAY,0.0,0,0.0,8421.0,0,0,0,1,0,0,1,0,0,0,0,1,0
30987,0033800002bgpHfAAI,0.0,0,0.0,7306.0,0,1,0,0,0,1,0,0,0,0,0,1,1
30994,0033800002bgpdvAAA,0.0,0,0.0,1826.0,0,1,0,0,0,0,0,0,1,0,0,1,1
30995,0033800002bgpguAAA,0.0,0,0.0,2191.0,0,1,0,0,0,0,1,0,0,0,0,1,1
30997,0033800002bgprTAAQ,0.0,90,838.0,947.0,0,0,0,1,0,0,1,0,0,0,0,1,0
30999,0033800002bgq6OAAQ,0.0,0,0.0,2645.0,0,0,0,1,0,0,1,0,0,0,0,1,1
31004,0033800002bgqMQAAY,0.0,0,0.0,6301.0,0,0,0,1,0,0,1,0,0,0,0,1,1
31007,0033800002bgqNwAAI,0.0,0,0.0,7705.0,0,0,0,1,0,0,1,0,0,0,0,1,1
31012,0033800002bgqU4AAI,0.0,90,2274.0,7246.0,0,1,0,0,0,0,1,0,0,0,1,0,0
31013,0033800002bgqYGAAY,0.0,0,0.0,8416.0,0,0,0,1,0,0,1,0,0,0,0,1,1
31014,0033800002bgqZ9AAI,0.0,0,0.0,2402.0,1,0,0,0,0,0,1,0,0,0,0,1,1
31016,0033800002bgqgiAAA,0.0,0,0.0,1461.0,0,0,0,1,0,0,0,0,0,1,0,1,0
31017,0033800002bgqitAAA,0.0,0,0.0,10353.0,0,1,0,0,0,0,1,0,0,0,0,1,1
31018,0033800002bgqjSAAQ,0.0,0,0.0,6622.0,1,0,0,0,0,0,1,0,0,0,0,1,0
31020,0033800002bgqm1AAA,0.0,0,164.0,1761.0,0,0,0,0,1,0,1,0,0,0,0,1,1
31021,0033800002bgqmVAAQ,0.0,0,618.0,3107.0,0,0,0,1,0,0,1,0,0,0,0,1,0
31022,0033800002bgqrUAAQ,0.0,0,1893.0,1380.0,0,0,0,0,1,0,0,0,0,1,0,1,0
31023,0033800002bgqvMAAQ,0.0,0,0.0,4586.0,0,1,0,0,0,0,1,0,0,0,0,1,1
31024,0033800002bgqvqAAA,0.0,0,1069.0,7305.0,0,0,0,1,0,0,1,0,0,0,0,1,1
31025,0033800002bgr0ZAAQ,0.0,0,0.0,1207.0,0,0,0,1,0,0,1,0,0,0,0,1,1
31028,0033800002bgrg4AAA,0.0,0,1947.0,7912.0,1,0,0,0,0,0,1,0,0,0,1,0,0
31030,0033800002bgsKzAAI,0.0,0,453.0,1154.0,0,0,0,1,0,0,1,0,0,0,0,1,1
31034,0033800002bgsXuAAI,0.0,80,3650.0,8508.0,0,0,0,0,1,0,1,0,0,0,0,1,1
31035,0033800002bgsoyAAA,0.0,0,0.0,7328.0,0,1,0,0,0,1,0,0,0,0,0,1,0
31037,0033800002bgspXAAQ,0.0,70,335.0,5160.0,0,0,0,1,0,0,1,0,0,0,1,0,1
31042,0033800002bgtHPAAY,0.0,0,517.0,7922.0,0,0,0,0,1,0,1,0,0,0,0,1,1
31043,0033800002bgtKOAAY,0.0,0,0.0,819.0,1,0,0,0,0,0,0,0,0,1,0,1,1
31046,0033800002bgtNcAAI,0.0,0,0.0,1148.0,0,0,0,1,0,0,1,0,0,0,0,1,0
31047,0033800002bgtOBAAY,0.0,0,0.0,4038.0,0,0,0,0,1,1,0,0,0,0,0,1,1
31051,0033800002bgtQbAAI,0.0,70,1932.0,1520.0,0,0,0,1,0,0,1,0,0,0,0,1,0
31053,0033800002bgtSNAAY,0.0,0,351.0,1462.0,0,0,0,1,0,0,0,0,0,1,0,1,0
31054,0033800002bgtTpAAI,0.0,0,5906.0,1643.0,0,0,0,1,0,0,0,0,0,1,0,1,1
31057,0033800002bgthdAAA,0.0,10,9192.0,242.0,0,0,0,1,0,0,1,0,0,0,0,1,0
31060,0033800002bgthgAAA,0.0,10,10410.0,2923.0,0,0,0,0,1,1,0,0,0,0,0,1,1
31061,0033800002bgthhAAA,0.0,40,5444.0,7305.0,0,1,0,0,0,0,1,0,0,0,1,0,0
31062,0033800002bgthiAAA,0.0,80,1032.0,5350.0,1,0,0,0,0,0,1,0,0,0,0,1,1
31066,0033800002bgthmAAA,0.0,0,12174.0,2561.0,0,0,0,1,0,0,0,0,1,0,0,1,1
31067,0033800002bgthnAAA,0.0,0,119.0,10966.0,0,0,0,0,1,0,0,0,0,1,0,1,1
31069,0033800002bgtiwAAA,0.0,0,13570.0,729.0,0,1,0,0,0,0,1,0,0,0,1,0,0
31073,0033800002bgtn3AAA,0.0,0,753.0,5399.0,1,0,0,0,0,0,1,0,0,0,0,1,1
31074,0033800002bgtn8AAA,0.0,0,0.0,12380.0,0,0,0,0,1,0,0,0,0,1,1,0,1
31076,0033800002bgtp9AAA,0.0,0,1368.0,991.0,0,0,0,1,0,1,0,0,0,0,0,1,1
31077,0033800002bgttkAAA,0.0,0,0.0,3628.0,0,0,0,1,0,1,0,0,0,0,0,1,0
31079,0033800002bgtwyAAA,0.0,0,0.0,2871.0,0,0,0,1,0,0,1,0,0,0,0,1,1
31080,0033800002bgu65AAA,0.0,0,38.0,1172.0,1,0,0,0,0,0,1,0,0,0,1,0,1
31087,0033800002bgurQAAQ,0.0,0,0.0,4072.0,0,0,0,1,0,0,1,0,0,0,0,1,1
31095,0033800002bgvjsAAA,0.0,40,4202.0,5863.0,0,0,0,1,0,0,1,0,0,0,0,1,1
31096,0033800002bgvkgAAA,0.0,0,1527.0,1189.0,0,0,0,1,0,0,1,0,0,0,0,1,0
31101,0033800002bgvsGAAQ,0.0,0,0.0,1460.0,0,0,0,1,0,0,0,0,1,0,0,1,0
31102,0033800002bgvucAAA,0.0,0,9933.0,2554.0,0,1,0,0,0,0,1,0,0,0,0,1,0
31103,0033800002bgw4XAAQ,0.0,0,0.0,6250.0,0,0,0,1,0,0,1,0,0,0,0,1,0
31106,0033800002bgwNPAAY,0.0,0,0.0,8305.0,0,0,0,0,1,0,0,0,1,0,0,1,0
31107,0033800002bgwPGAAY,0.0,0,0.0,11012.0,0,0,0,0,1,0,1,0,0,0,1,0,0
31109,0033800002bgwSeAAI,0.0,0,0.0,2284.0,0,1,0,0,0,1,0,0,0,0,1,0,1
31110,0033800002bgwZAAAY,0.0,0,0.0,7264.0,0,0,0,1,0,0,1,0,0,0,0,1,1
31111,0033800002bgwZeAAI,0.0,0,76.0,1142.0,0,0,0,0,1,0,1,0,0,0,0,1,1
31116,0033800002bgwmsAAA,0.0,0,0.0,1817.0,0,0,0,0,1,0,1,0,0,0,1,0,0
31117,0033800002bgwnCAAQ,0.0,30,2353.0,3542.0,0,1,0,0,0,0,1,0,0,0,0,1,1
31119,0033800002bgwqpAAA,0.0,0,20.0,7632.0,0,1,0,0,0,1,0,0,0,0,1,0,1
31120,0033800002bgwrOAAQ,0.0,0,0.0,3155.0,0,1,0,0,0,0,1,0,0,0,0,1,1
31122,0033800002bgwyWAAQ,0.0,0,0.0,1000.0,0,0,0,1,0,0,1,0,0,0,0,1,0
31125,0033800002bgxWzAAI,0.0,0,0.0,4500.0,0,0,0,1,0,0,0,0,0,1,0,1,1
31126,0033800002bgxZeAAI,0.0,0,0.0,7079.0,0,0,0,1,0,0,1,0,0,0,0,1,1
31134,0033800002bgxhtAAA,0.0,0,368.0,1825.0,0,0,0,1,0,0,1,0,0,0,0,1,1
31136,0033800002bgxoVAAQ,0.0,0,0.0,9395.0,0,0,0,0,1,0,1,0,0,0,0,1,1
31140,0033800002bgy6tAAA,0.0,0,0.0,5086.0,0,0,0,1,0,0,0,0,1,0,0,1,1
31142,0033800002bgyMdAAI,0.0,0,0.0,7317.0,0,0,0,1,0,0,1,0,0,0,1,0,1
31144,0033800002bgycGAAQ,0.0,0,0.0,10381.0,0,0,0,0,1,0,1,0,0,0,0,1,0
31148,0033800002bgzOVAAY,0.0,0,0.0,7608.0,1,0,0,0,0,0,1,0,0,0,0,1,1
31150,0033800002bgzgLAAQ,0.0,0,0.0,1769.0,0,1,0,0,0,1,0,0,0,0,0,1,1
31156,0033800002bh07rAAA,0.0,0,0.0,4825.0,0,0,0,1,0,0,1,0,0,0,0,1,1
31159,0033800002bh0A2AAI,0.0,0,0.0,2063.0,0,0,0,1,0,0,1,0,0,0,0,1,0
31163,0033800002bh0HXAAY,0.0,0,0.0,7328.0,0,0,0,1,0,0,1,0,0,0,0,1,1
31164,0033800002bh0JEAAY,0.0,0,0.0,1460.0,1,0,0,0,0,1,0,0,0,0,0,1,1
31168,0033800002bh0NaAAI,0.0,0,1962.0,1461.0,0,0,0,1,0,0,0,0,1,0,0,1,1
31175,0033800002bh0VEAAY,0.0,0,0.0,4025.0,0,0,0,1,0,0,1,0,0,0,0,1,0
31176,0033800002bh1GoAAI,0.0,50,1793.0,1133.0,0,0,0,1,0,0,1,0,0,0,0,1,0
31177,0033800002bh1GtAAI,0.0,0,261.0,3700.0,0,0,0,1,0,0,1,0,0,0,1,0,0
31181,0033800002bh1nLAAQ,0.0,0,0.0,4258.0,1,0,0,0,0,0,1,0,0,0,0,1,0
31184,0033800002bh21vAAA,0.0,0,0.0,3647.0,0,0,0,1,0,0,0,0,1,0,0,1,0
31186,0033800002bh24aAAA,0.0,0,0.0,5447.0,0,0,0,1,0,0,1,0,0,0,0,1,0
31187,0033800002bh25xAAA,0.0,0,0.0,2615.0,0,0,0,1,0,0,0,0,1,0,0,1,1
31188,0033800002bh2CAAAY,0.0,0,0.0,8050.0,0,0,0,1,0,0,1,0,0,0,0,1,1
31198,0033800002bh35oAAA,0.0,0,0.0,2070.0,0,0,0,1,0,0,0,0,0,1,1,0,1
31201,0033800002bh3ErAAI,0.0,90,3265.0,3263.0,0,0,0,1,0,1,0,0,0,0,0,1,0
31206,0033800002bh4O3AAI,0.0,70,1232.0,2950.0,0,1,0,0,0,0,1,0,0,0,0,1,0
31214,0033800002bh6R8AAI,0.0,0,0.0,3155.0,0,1,0,0,0,0,1,0,0,0,0,1,1
31215,0033800002bh6SBAAY,0.0,0,241.0,4643.0,1,0,0,0,0,1,0,0,0,0,0,1,0
31218,0033800002bh6Y4AAI,0.0,0,0.0,11440.0,0,0,0,1,0,0,1,0,0,0,0,1,1
31220,0033800002bh6emAAA,0.0,0,0.0,8168.0,0,1,0,0,0,1,0,0,0,0,0,1,1
31222,0033800002bh6ijAAA,0.0,0,0.0,2922.0,0,0,0,1,0,1,0,0,0,0,0,1,0
31225,0033800002bh71LAAQ,0.0,0,280.0,10513.0,0,0,0,1,0,0,1,0,0,0,0,1,1
31229,0033800002bh9KfAAI,0.0,0,0.0,3590.0,0,0,0,1,0,1,0,0,0,0,0,1,1
31230,0033800002bh9WoAAI,0.0,0,4014.0,1096.0,0,1,0,0,0,0,1,0,0,0,0,1,1
31231,0033800002bh9aHAAQ,0.0,60,206.0,2009.0,0,0,0,1,0,0,1,0,0,0,0,1,1
31237,0033800002bhC1NAAU,0.0,0,0.0,1202.0,0,0,0,1,0,0,0,0,1,0,0,1,1
31238,0033800002bhC5AAAU,0.0,0,331.0,1277.0,1,0,0,0,0,0,1,0,0,0,0,1,0
31243,0033800002bhCKjAAM,0.0,0,3227.0,2925.0,0,0,0,0,1,0,0,0,0,1,1,0,1
31253,0033800002bhCiGAAU,0.0,0,0.0,10955.0,0,1,0,0,0,1,0,0,0,0,0,1,1
31259,0033800002bhCysAAE,0.0,0,7575.0,7787.0,0,0,0,1,0,0,1,0,0,0,0,1,1
31260,0033800002bhD4nAAE,0.0,0,473.0,2609.0,0,1,0,0,0,0,1,0,0,0,0,1,1
31268,0033800002bhHzyAAE,0.0,0,0.0,1826.0,0,0,0,1,0,0,0,0,0,1,0,1,1
31275,0033800002bhJANAA2,0.0,70,197.0,6603.0,0,0,0,1,0,1,0,0,0,0,0,1,0
31278,0033800002bhJafAAE,0.0,0,0.0,3889.0,0,1,0,0,0,0,1,0,0,0,0,1,1
31280,0033800002bhJoFAAU,0.0,0,392.0,7305.0,0,1,0,0,0,0,0,0,0,1,1,0,0
31281,0033800002bhJp3AAE,0.0,0,1399.0,3299.0,1,0,0,0,0,0,1,0,0,0,1,0,1
31290,0033800002bhKVxAAM,0.0,0,0.0,10194.0,0,1,0,0,0,0,1,0,0,0,0,1,1
31292,0033800002bhKYfAAM,0.0,80,636.0,2347.0,0,0,0,1,0,0,0,0,1,0,0,1,1
31294,0033800002bhKeqAAE,0.0,70,367.0,956.0,0,0,0,0,1,0,1,0,0,0,0,1,1
31296,0033800002bhKgIAAU,0.0,0,2390.0,2895.0,0,1,0,0,0,0,0,0,0,1,1,0,1
31299,0033800002bhKiZAAU,0.0,0,68.0,2508.0,1,0,0,0,0,0,1,0,0,0,1,0,1
31303,0033800002bhKqJAAU,0.0,0,713.0,1460.0,0,0,0,1,0,0,0,0,1,0,0,1,0
31307,0033800002bhL1VAAU,0.0,0,0.0,7306.0,1,0,0,0,0,0,0,0,0,1,0,1,1
31309,0033800002bhL3pAAE,0.0,0,0.0,3377.0,0,0,0,0,1,0,1,0,0,0,0,1,0
31322,0033800002bhLYaAAM,0.0,0,12215.0,1588.0,0,0,0,1,0,0,1,0,0,0,0,1,0
31326,0033800002bhM5HAAU,0.0,0,0.0,4810.0,0,1,0,0,0,0,0,0,0,1,0,1,1
31331,0033800002bhMAoAAM,0.0,0,724.0,3607.0,0,0,0,1,0,0,0,0,0,1,0,1,1
31338,0033800002bhMAvAAM,0.0,0,0.0,2626.0,1,0,0,0,0,0,0,0,0,1,0,1,1
31344,0033800002bhMCEAA2,0.0,0,0.0,10682.0,0,0,0,0,1,0,1,0,0,0,0,1,1
31347,0033800002bhMCIAA2,0.0,0,0.0,2658.0,0,0,0,1,0,0,1,0,0,0,0,1,1
31348,0033800002bhMCJAA2,0.0,0,0.0,9166.0,1,0,0,0,0,0,0,0,1,0,0,1,1
31349,0033800002bhMCKAA2,0.0,40,3260.0,1825.0,0,1,0,0,0,0,0,0,1,0,1,0,0
31355,0033800002bhMCQAA2,0.0,0,0.0,2922.0,0,0,0,1,0,0,0,0,1,0,0,1,1
31357,0033800002bhMCSAA2,0.0,0,0.0,1461.0,1,0,0,0,0,0,0,0,1,0,1,0,1
31364,0033800002bhMcqAAE,0.0,0,0.0,4803.0,0,0,0,1,0,0,1,0,0,0,0,1,0
31365,0033800002bhMffAAE,0.0,0,4162.0,1616.0,0,0,0,1,0,1,0,0,0,0,0,1,1
31382,0033800002bhNQiAAM,0.0,0,3046.0,1826.0,0,0,0,0,1,1,0,0,0,0,0,1,1
31383,0033800002bhOX7AAM,0.0,0,5625.0,1461.0,0,0,0,0,1,0,1,0,0,0,0,1,1
31385,0033800002bhOa1AAE,0.0,0,772.0,7867.0,0,1,0,0,0,1,0,0,0,0,0,1,1
31397,0033800002bhOu7AAE,0.0,0,0.0,9712.0,0,0,0,0,1,0,1,0,0,0,0,1,1
31398,0033800002bhOwhAAE,0.0,0,0.0,3217.0,1,0,0,0,0,1,0,0,0,0,1,0,1
31400,0033800002bhP0wAAE,0.0,0,0.0,1242.0,0,0,0,1,0,0,1,0,0,0,0,1,0
31401,0033800002bhP1QAAU,0.0,0,0.0,1921.0,0,1,0,0,0,0,1,0,0,0,0,1,1
31404,0033800002bhP3vAAE,0.0,70,15021.0,397.0,1,0,0,0,0,0,0,0,0,1,0,1,0
31407,0033800002bhPBcAAM,0.0,0,13819.0,2191.0,0,0,0,1,0,0,0,0,0,1,0,1,1
31410,0033800002bhPPeAAM,0.0,0,0.0,13887.0,1,0,0,0,0,0,1,0,0,0,0,1,1
31412,0033800002bhPQDAA2,0.0,100,1016.0,15463.0,0,0,1,0,0,0,1,0,0,0,0,1,1
31413,0033800002bhPYQAA2,0.0,0,592.0,9229.0,1,0,0,0,0,0,1,0,0,0,0,1,1
31424,0033800002bhPm5AAE,0.0,100,4002.0,1826.0,1,0,0,0,0,0,0,0,0,1,0,1,0
31425,0033800002bhPm6AAE,0.0,0,0.0,2704.0,0,0,0,1,0,0,1,0,0,0,0,1,1
31428,0033800002bhPm9AAE,0.0,0,0.0,559.0,0,0,0,1,0,1,0,0,0,0,0,1,0
31429,0033800002bhPmAAAU,0.0,70,1827.0,2199.0,0,0,0,1,0,0,1,0,0,0,0,1,1
31437,0033800002bhQM4AAM,0.0,60,548.0,4018.0,0,0,0,1,0,0,1,0,0,0,0,1,0
31438,0033800002bhQZEAA2,0.0,0,0.0,2189.0,0,0,0,1,0,0,1,0,0,0,0,1,1
31442,0033800002bhTUAAA2,0.0,0,0.0,4882.0,0,0,0,1,0,0,1,0,0,0,0,1,0
31443,0033800002bhTYgAAM,0.0,0,0.0,5965.0,0,0,0,1,0,0,1,0,0,0,0,1,0
31445,0033800002bhTZoAAM,0.0,0,108.0,5479.0,0,0,0,0,1,1,0,0,0,0,1,0,1
31447,0033800002bhTi2AAE,0.0,0,0.0,3932.0,0,1,0,0,0,0,1,0,0,0,0,1,1
31448,0033800002bhTniAAE,0.0,0,0.0,8498.0,1,0,0,0,0,0,1,0,0,0,0,1,1
31449,0033800002bhTwEAAU,0.0,0,0.0,1460.0,0,0,0,1,0,0,0,0,0,1,0,1,1
31453,0033800002bhU28AAE,0.0,0,7269.0,1430.0,0,1,0,0,0,0,1,0,0,0,0,1,0
31456,0033800002bhU7nAAE,0.0,0,5.0,7466.0,0,0,0,1,0,0,0,1,0,0,1,0,0
31458,0033800002bhUBLAA2,0.0,0,0.0,5496.0,0,0,0,1,0,0,0,0,1,0,0,1,1
31459,0033800002bhUF7AAM,0.0,0,0.0,2644.0,0,0,0,1,0,0,0,0,0,1,0,1,1
31463,0033800002bhV7qAAE,0.0,0,0.0,9514.0,0,1,0,0,0,0,0,0,0,1,0,1,1
31464,0033800002bhVCgAAM,0.0,0,0.0,7645.0,0,0,0,1,0,0,1,0,0,0,0,1,0
31465,0033800002bhVHHAA2,0.0,0,0.0,8785.0,0,0,0,1,0,0,1,0,0,0,0,1,1
31467,0033800002bhVLCAA2,0.0,0,43.0,2793.0,0,1,0,0,0,0,0,1,0,0,0,1,1
31470,0033800002bhVZJAA2,0.0,0,1885.0,1460.0,0,0,0,1,0,0,0,0,1,0,0,1,1
31474,0033800002bhViiAAE,0.0,0,0.0,8254.0,0,0,0,1,0,0,0,0,0,1,0,1,0
31475,0033800002bhVkFAAU,0.0,0,1345.0,1458.0,1,0,0,0,0,0,0,0,0,1,0,1,0
31477,0033800002bhVoqAAE,0.0,0,193.0,2061.0,1,0,0,0,0,0,1,0,0,0,0,1,1
31479,0033800002bhW0cAAE,0.0,0,0.0,8429.0,0,1,0,0,0,0,1,0,0,0,0,1,1
31481,0033800002bhW4PAAU,0.0,0,0.0,8368.0,0,1,0,0,0,0,0,0,0,1,1,0,1
31482,0033800002bhWASAA2,0.0,0,0.0,7452.0,1,0,0,0,0,0,1,0,0,0,1,0,0
31483,0033800002bhWBQAA2,0.0,0,0.0,7536.0,0,0,0,0,1,1,0,0,0,0,1,0,0
31485,0033800002bhWLBAA2,0.0,0,0.0,5776.0,0,0,0,1,0,0,1,0,0,0,0,1,1
31487,0033800002bhWOjAAM,0.0,0,0.0,7330.0,0,0,0,1,0,0,0,0,0,1,0,1,0
31489,0033800002bhWQkAAM,0.0,0,1808.0,7348.0,0,0,0,0,1,0,0,0,1,0,0,1,0
31490,0033800002bhWR9AAM,0.0,0,7383.0,2861.0,1,0,0,0,0,0,0,0,0,1,0,1,1
31491,0033800002bhWW3AAM,0.0,0,0.0,1461.0,0,0,0,1,0,0,0,0,1,0,0,1,1
31492,0033800002bhWb8AAE,0.0,0,0.0,1177.0,0,0,0,1,0,0,1,0,0,0,0,1,0
31496,0033800002bhWmXAAU,0.0,0,0.0,2922.0,0,0,0,1,0,0,1,0,0,0,1,0,0
31498,0033800002bhWmaAAE,0.0,0,0.0,2404.0,0,0,0,1,0,0,1,0,0,0,0,1,0
31499,0033800002bhWmbAAE,0.0,0,0.0,5714.0,0,1,0,0,0,0,1,0,0,0,1,0,0
31500,0033800002bhWmcAAE,0.0,0,0.0,8734.0,0,1,0,0,0,0,1,0,0,0,1,0,0
31501,0033800002bhWmdAAE,0.0,0,0.0,5165.0,0,0,0,1,0,0,1,0,0,0,0,1,0
31504,0033800002bhWneAAE,0.0,0,10316.0,1658.0,0,0,0,1,0,0,0,0,0,1,0,1,0
31506,0033800002bhWsSAAU,0.0,0,0.0,2703.0,0,0,0,1,0,0,1,0,0,0,0,1,1
31508,0033800002bhX1jAAE,0.0,0,5489.0,1460.0,0,1,0,0,0,0,1,0,0,0,0,1,1
31516,0033800002bhXkZAAU,0.0,50,894.0,8542.0,0,0,0,1,0,0,1,0,0,0,0,1,1
31520,0033800002bhXshAAE,0.0,0,0.0,8785.0,0,0,0,1,0,0,0,0,0,1,0,1,1
31526,0033800002cv5xuAAA,0.0,0,0.0,3490.0,0,0,0,1,0,0,1,0,0,0,0,1,1
31533,0033800002cv5zqAAA,0.0,0,3513.0,2190.0,0,1,0,0,0,1,0,0,0,0,1,0,1
31534,0033800002cv613AAA,0.0,0,0.0,2928.0,0,0,0,0,1,0,1,0,0,0,0,1,1
31541,0033800002cv6HqAAI,0.0,80,3595.0,7317.0,0,0,0,0,1,0,1,0,0,0,0,1,0
31542,0033800002cv6JmAAI,0.0,0,0.0,6644.0,0,1,0,0,0,1,0,0,0,0,1,0,1
31544,0033800002cv6MzAAI,0.0,0,0.0,1147.0,0,0,0,1,0,0,1,0,0,0,0,1,1
31546,0033800002cv6O7AAI,0.0,0,0.0,4073.0,0,0,0,1,0,0,1,0,0,0,0,1,1
31547,0033800002cv6RuAAI,0.0,0,0.0,2388.0,0,1,0,0,0,0,1,0,0,0,0,1,0
31548,0033800002cv6TqAAI,0.0,0,619.0,3447.0,0,0,0,0,1,0,1,0,0,0,0,1,0
31553,0033800002cv7ZLAAY,0.0,0,0.0,3407.0,0,0,0,1,0,1,0,0,0,0,1,0,1
31561,0033800002cv7uCAAQ,0.0,0,0.0,11042.0,0,1,0,0,0,0,0,0,0,1,0,1,1
31562,0033800002cv7v0AAA,0.0,0,0.0,7334.0,0,0,0,0,1,0,1,0,0,0,0,1,1
31564,0033800002cv83FAAQ,0.0,0,0.0,8234.0,0,1,0,0,0,0,1,0,0,0,0,1,1
31565,0033800002cv86xAAA,0.0,0,0.0,2925.0,0,1,0,0,0,0,0,0,0,1,1,0,0
31566,0033800002cv8BOAAY,0.0,0,0.0,7275.0,0,0,0,1,0,1,0,0,0,0,0,1,1
31570,0033800002cv8IPAAY,0.0,0,0.0,6210.0,0,0,0,1,0,1,0,0,0,0,0,1,0
31579,0033800002cv8aiAAA,0.0,0,0.0,7358.0,0,0,0,1,0,1,0,0,0,0,0,1,0
31581,0033800002cv8fOAAQ,0.0,0,0.0,4572.0,1,0,0,0,0,0,1,0,0,0,1,0,1
31584,0033800002cv8zvAAA,0.0,50,1273.0,7084.0,0,0,0,1,0,0,1,0,0,0,0,1,0
31585,0033800002cv944AAA,0.0,0,553.0,3761.0,0,0,0,1,0,0,0,1,0,0,0,1,0
31586,0033800002cv9IjAAI,0.0,0,0.0,1966.0,0,0,0,1,0,0,1,0,0,0,0,1,1
31588,0033800002cv9M2AAI,0.0,0,0.0,670.0,0,0,0,1,0,0,1,0,0,0,0,1,1
31590,0033800002cv9Y4AAI,0.0,0,0.0,7304.0,0,1,0,0,0,0,0,0,0,1,0,1,1
31591,0033800002cv9ayAAA,0.0,30,162.0,7325.0,0,0,0,0,1,0,1,0,0,0,1,0,0
31592,0033800002cv9cMAAQ,0.0,0,0.0,5570.0,0,0,0,1,0,0,1,0,0,0,0,1,1
31595,0033800002cv9gNAAQ,0.0,0,0.0,7324.0,0,0,0,1,0,0,1,0,0,0,0,1,1
31596,0033800002cv9inAAA,0.0,0,0.0,12035.0,0,0,0,0,1,0,1,0,0,0,0,1,1
31599,0033800002cv9mpAAA,0.0,70,1953.0,9616.0,0,1,0,0,0,0,1,0,0,0,0,1,0
31600,0033800002cv9nTAAQ,0.0,0,0.0,7505.0,0,0,0,1,0,0,1,0,0,0,1,0,0
31602,0033800002cv9pUAAQ,0.0,70,2049.0,3434.0,0,0,0,1,0,0,0,0,1,0,0,1,1
31603,0033800002cv9peAAA,0.0,0,0.0,2192.0,0,0,0,1,0,0,1,0,0,0,0,1,1
31604,0033800002cv9pyAAA,0.0,0,0.0,7309.0,1,0,0,0,0,1,0,0,0,0,0,1,0
31606,0033800002cv9sTAAQ,0.0,0,0.0,8477.0,0,0,0,1,0,0,1,0,0,0,0,1,1
31608,0033800002cv9uFAAQ,0.0,0,0.0,7948.0,1,0,0,0,0,0,1,0,0,0,1,0,1
31609,0033800002cv9vDAAQ,0.0,0,0.0,2424.0,0,0,0,1,0,0,1,0,0,0,0,1,1
31611,0033800002cv9ybAAA,0.0,0,0.0,1944.0,0,0,0,1,0,0,1,0,0,0,0,1,0
31614,0033800002cvA7TAAU,0.0,0,0.0,9907.0,0,1,0,0,0,1,0,0,0,0,0,1,1
31618,0033800002cvAC4AAM,0.0,0,1517.0,2922.0,0,1,0,0,0,0,0,1,0,0,1,0,0
31628,0033800002cvAerAAE,0.0,0,0.0,8702.0,0,0,0,0,1,1,0,0,0,0,0,1,1
31629,0033800002cvAiyAAE,0.0,0,3422.0,1788.0,0,0,0,1,0,1,0,0,0,0,1,0,1
31630,0033800002cvAk1AAE,0.0,0,0.0,3472.0,0,1,0,0,0,0,1,0,0,0,0,1,1
31632,0033800002cvAtEAAU,0.0,0,0.0,7698.0,0,1,0,0,0,0,1,0,0,0,1,0,0
31633,0033800002cvAtsAAE,0.0,0,522.0,9945.0,0,0,0,0,1,0,1,0,0,0,1,0,1
31634,0033800002cvAvUAAU,0.0,20,8254.0,4474.0,0,0,0,1,0,0,0,0,1,0,0,1,1
31637,0033800002cvBNnAAM,0.0,0,0.0,7249.0,0,0,0,1,0,1,0,0,0,0,0,1,1
31640,0033800002cvC5VAAU,0.0,0,0.0,3016.0,0,0,0,1,0,0,0,0,0,1,1,0,0
31646,0033800002cvCaPAAU,0.0,100,44.0,7808.0,0,0,0,1,0,0,1,0,0,0,1,0,0
31652,0033800002cvCyeAAE,0.0,0,0.0,8941.0,0,1,0,0,0,0,1,0,0,0,0,1,1
31659,0033800002cvDPRAA2,0.0,0,0.0,8755.0,0,0,0,1,0,0,0,0,1,0,0,1,1
31661,0033800002cvDxKAAU,0.0,50,2143.0,4017.0,0,1,0,0,0,1,0,0,0,0,0,1,1
31664,0033800002cvEJHAA2,0.0,0,10589.0,638.0,0,1,0,0,0,0,1,0,0,0,0,1,0
31667,0033800002cvEJLAA2,0.0,90,1016.0,8782.0,0,0,0,1,0,0,1,0,0,0,0,1,1
31669,0033800002cvEJNAA2,0.0,0,9068.0,1824.0,0,1,0,0,0,0,0,0,1,0,0,1,0
31671,0033800002cvEayAAE,0.0,10,7067.0,7305.0,0,0,0,0,1,0,1,0,0,0,0,1,0
31672,0033800002cvEbhAAE,0.0,0,0.0,9266.0,1,0,0,0,0,0,1,0,0,0,0,1,1
31673,0033800002cvEcBAAU,0.0,0,0.0,4375.0,0,0,0,0,1,0,1,0,0,0,1,0,1
31674,0033800002cvEkKAAU,0.0,0,0.0,2408.0,0,1,0,0,0,0,1,0,0,0,1,0,1
31675,0033800002cvEmiAAE,0.0,0,0.0,2953.0,0,0,0,1,0,0,0,0,1,0,0,1,0
31678,0033800002cvF0VAAU,0.0,0,0.0,7915.0,1,0,0,0,0,1,0,0,0,0,1,0,0
31679,0033800002cvF2HAAU,0.0,0,10292.0,1551.0,0,1,0,0,0,1,0,0,0,0,0,1,1
31680,0033800002cvF7bAAE,0.0,90,1684.0,1461.0,0,0,0,1,0,0,0,0,1,0,0,1,1
31683,0033800002cvFJzAAM,0.0,0,43.0,2191.0,1,0,0,0,0,0,1,0,0,0,0,1,1
31686,0033800002cvFUFAA2,0.0,0,0.0,7321.0,0,0,0,1,0,0,1,0,0,0,0,1,1
31689,0033800002cvFjKAAU,0.0,0,9203.0,2174.0,0,0,0,1,0,0,1,0,0,0,0,1,1
31690,0033800002cvFslAAE,0.0,0,7798.0,7573.0,0,0,0,0,1,0,1,0,0,0,0,1,1
31692,0033800002cvG8nAAE,0.0,30,684.0,6593.0,0,1,0,0,0,0,1,0,0,0,1,0,0
31694,0033800002cvGE2AAM,0.0,0,1404.0,10741.0,0,0,0,0,1,1,0,0,0,0,1,0,1
31695,0033800002cvGEqAAM,0.0,0,0.0,11717.0,0,1,0,0,0,0,1,0,0,0,0,1,1
31698,0033800002cvGWWAA2,0.0,0,0.0,8768.0,0,1,0,0,0,0,1,0,0,0,0,1,1
31699,0033800002cvGmFAAU,0.0,100,3429.0,1580.0,0,1,0,0,0,0,1,0,0,0,0,1,1
31703,0033800002cvGyKAAU,0.0,0,0.0,1242.0,0,0,0,1,0,0,1,0,0,0,1,0,1
31704,0033800002cvH06AAE,0.0,0,0.0,4801.0,0,1,0,0,0,0,1,0,0,0,0,1,1
31705,0033800002cvH1sAAE,0.0,0,5.0,7325.0,0,1,0,0,0,0,1,0,0,0,0,1,1
31708,0033800002cvHLkAAM,0.0,0,0.0,7315.0,0,1,0,0,0,1,0,0,0,0,0,1,1
31716,0033800002cvHpuAAE,0.0,50,3304.0,2221.0,0,0,0,1,0,0,0,1,0,0,0,1,0
31722,0033800002cvIKVAA2,0.0,0,0.0,7908.0,0,0,0,1,0,0,1,0,0,0,0,1,0
31723,0033800002cvIKzAAM,0.0,0,2172.0,2831.0,0,0,1,0,0,0,1,0,0,0,0,1,0
31742,0033800002cvMEcAAM,0.0,50,3204.0,2623.0,1,0,0,0,0,0,0,0,0,1,0,1,1
31747,0033800002cvMUaAAM,0.0,0,1141.0,1825.0,0,1,0,0,0,0,0,0,1,0,0,1,1
31749,0033800002cvMW2AAM,0.0,0,0.0,10227.0,0,0,0,0,1,0,1,0,0,0,0,1,1
31753,0033800002cvNIbAAM,0.0,0,5.0,8471.0,0,0,0,0,1,0,1,0,0,0,0,1,1
31754,0033800002cvNJeAAM,0.0,0,0.0,2612.0,0,1,0,0,0,0,0,0,1,0,0,1,0
31758,0033800002cvNkkAAE,0.0,30,0.0,6355.0,0,0,0,0,1,0,1,0,0,0,0,1,1
31759,0033800002cvNymAAE,0.0,0,0.0,2192.0,0,1,0,0,0,1,0,0,0,0,1,0,1
31764,0033800002cvOEpAAM,0.0,90,679.0,8122.0,0,1,0,0,0,0,0,0,1,0,0,1,0
31770,0033800002cvOKiAAM,0.0,0,2339.0,6332.0,0,0,0,0,1,0,1,0,0,0,0,1,1
31772,0033800002cvOc8AAE,0.0,0,172.0,5120.0,0,1,0,0,0,0,1,0,0,0,0,1,1
31773,0033800002cvOoIAAU,0.0,0,936.0,4739.0,0,0,0,0,1,0,1,0,0,0,1,0,1
31782,0033800002cvPgyAAE,0.0,40,1299.0,2754.0,1,0,0,0,0,0,0,0,1,0,0,1,1
31784,0033800002cvPjdAAE,0.0,0,655.0,2572.0,0,1,0,0,0,1,0,0,0,0,1,0,1
31787,0033800002cvPkbAAE,0.0,0,40.0,5233.0,1,0,0,0,0,1,0,0,0,0,1,0,1
31790,0033800002cvPmXAAU,0.0,0,0.0,7315.0,0,1,0,0,0,0,0,0,0,1,0,1,0
31791,0033800002cvPsQAAU,0.0,0,431.0,2375.0,0,0,0,1,0,0,1,0,0,0,0,1,0
31794,0033800002cvPszAAE,0.0,0,1930.0,1543.0,0,0,0,1,0,1,0,0,0,0,0,1,1
31797,0033800002cvQFOAA2,0.0,10,1999.0,1069.0,0,1,0,0,0,0,0,0,1,0,1,0,0
31799,0033800002cvQUMAA2,0.0,0,0.0,3653.0,0,0,0,1,0,0,0,0,0,1,0,1,1
31800,0033800002cvQw5AAE,0.0,90,221.0,1202.0,0,1,0,0,0,0,1,0,0,0,0,1,1
31802,0033800002cvRCfAAM,0.0,0,317.0,2674.0,0,0,0,1,0,0,1,0,0,0,0,1,0
31809,0033800002cvRQsAAM,0.0,0,0.0,2900.0,0,0,0,1,0,0,1,0,0,0,0,1,0
31810,0033800002cvRYLAA2,0.0,0,674.0,1949.0,1,0,0,0,0,0,0,0,0,1,1,0,0
31812,0033800002cvRayAAE,0.0,0,0.0,5659.0,0,0,0,1,0,0,0,0,1,0,0,1,0
31823,0033800002cvSrnAAE,0.0,0,186.0,3556.0,0,0,0,1,0,0,1,0,0,0,0,1,1
31826,0033800002cvTS0AAM,0.0,0,0.0,7315.0,0,1,0,0,0,0,1,0,0,0,0,1,0
31832,0033800002cvTupAAE,0.0,0,0.0,7324.0,1,0,0,0,0,0,0,0,0,1,0,1,1
31837,0033800002cvUGPAA2,0.0,0,3452.0,1461.0,0,0,0,1,0,0,0,0,0,1,0,1,0
31839,0033800002cvUJKAA2,0.0,90,0.0,8411.0,1,0,0,0,0,0,0,0,0,1,0,1,1
31846,0033800002cvUXAAA2,0.0,90,0.0,8570.0,0,0,0,1,0,0,1,0,0,0,0,1,1
31847,0033800002cvUYcAAM,0.0,0,315.0,8105.0,0,1,0,0,0,0,0,0,1,0,0,1,1
31848,0033800002cvUZ6AAM,0.0,0,1572.0,5749.0,0,1,0,0,0,0,0,0,0,1,0,1,1
31850,0033800002cvUjQAAU,0.0,0,0.0,1602.0,0,1,0,0,0,0,1,0,0,0,0,1,0
31851,0033800002cvaNzAAI,0.0,0,6.0,1999.0,0,1,0,0,0,0,1,0,0,0,0,1,1
31852,0033800002cvb0NAAQ,0.0,0,3219.0,3344.0,1,0,0,0,0,0,1,0,0,0,0,1,0
31853,0033800002cvb7EAAQ,0.0,0,1168.0,2983.0,0,0,0,1,0,0,1,0,0,0,1,0,0
31854,0033800002cvbBGAAY,0.0,80,1697.0,1759.0,0,0,0,0,1,0,1,0,0,0,1,0,0
31858,0033800002cvbhJAAQ,0.0,0,2189.0,1639.0,1,0,0,0,0,0,0,0,0,1,0,1,1
31859,0033800002cvblkAAA,0.0,0,217.0,9596.0,0,1,0,0,0,0,1,0,0,0,0,1,1
31860,0033800002cvc1nAAA,0.0,0,0.0,7726.0,0,1,0,0,0,0,1,0,0,0,0,1,1
31865,0033800002cvcglAAA,0.0,0,0.0,8632.0,0,1,0,0,0,1,0,0,0,0,1,0,0
31868,0033800002cvd8qAAA,0.0,0,0.0,7328.0,0,0,0,1,0,0,0,0,1,0,0,1,1
31870,0033800002cvdBKAAY,0.0,0,0.0,7406.0,0,0,0,1,0,0,1,0,0,0,0,1,0
31873,0033800002cvdQ9AAI,0.0,0,0.0,7743.0,0,0,0,1,0,0,0,0,0,1,0,1,1
31888,0033800002cveGDAAY,0.0,50,1339.0,3227.0,1,0,0,0,0,0,0,0,1,0,0,1,1
31891,0033800002cveGGAAY,0.0,0,10781.0,1460.0,0,1,0,0,0,0,0,0,0,1,0,1,1
31892,0033800002cveGHAAY,0.0,70,134.0,10312.0,1,0,0,0,0,0,1,0,0,0,0,1,1
31894,0033800002cveGJAAY,0.0,0,0.0,8855.0,0,0,0,0,1,0,0,0,1,0,0,1,1
31897,0033800002cveGMAAY,0.0,0,11516.0,731.0,0,1,0,0,0,0,1,0,0,0,0,1,0
31898,0033800002cveGNAAY,0.0,60,2384.0,7670.0,0,0,0,1,0,0,0,0,0,1,0,1,0
31902,0033800002cveGRAAY,0.0,0,0.0,12965.0,0,0,0,0,1,0,1,0,0,0,0,1,1
31905,0033800002cveGUAAY,0.0,0,2207.0,1490.0,0,1,0,0,0,0,0,0,0,1,1,0,0
31908,0033800002cveGYAAY,0.0,0,3910.0,2041.0,0,0,0,1,0,0,1,0,0,0,0,1,0
31911,0033800002cveGbAAI,0.0,0,1640.0,1460.0,0,0,0,1,0,0,1,0,0,0,0,1,1
31913,0033800002cveGdAAI,0.0,90,1509.0,8012.0,0,0,0,0,1,0,1,0,0,0,0,1,0
31914,0033800002cveGeAAI,0.0,70,4424.0,1461.0,0,0,0,1,0,0,1,0,0,0,0,1,0
31917,0033800002cveGhAAI,0.0,0,2074.0,2280.0,0,0,0,1,0,0,0,0,0,1,0,1,1
31922,0033800002cveGnAAI,0.0,0,4773.0,1125.0,0,0,0,1,0,0,1,0,0,0,0,1,1
31923,0033800002cveGoAAI,0.0,0,8592.0,1461.0,0,0,0,1,0,0,1,0,0,0,0,1,0
31931,0033800002cvePLAAY,0.0,0,0.0,7733.0,1,0,0,0,0,0,0,0,0,1,0,1,1
31934,0033800002cvf93AAA,0.0,0,0.0,11704.0,0,0,0,0,1,0,1,0,0,0,1,0,0
31936,0033800002cvfGTAAY,0.0,0,0.0,2200.0,0,0,0,1,0,0,1,0,0,0,0,1,0
31937,0033800002cvfJNAAY,0.0,60,309.0,5484.0,0,1,0,0,0,0,1,0,0,0,0,1,1
31939,0033800002cvfLTAAY,0.0,0,0.0,7322.0,0,0,0,1,0,1,0,0,0,0,0,1,1
31940,0033800002cvfSKAAY,0.0,0,1090.0,4199.0,0,1,0,0,0,0,0,0,0,1,1,0,0
31941,0033800002cvfTmAAI,0.0,0,0.0,3703.0,0,0,0,1,0,0,1,0,0,0,0,1,1
31953,0033800002cvjGoAAI,0.0,0,40.0,6118.0,0,0,0,0,1,0,0,0,1,0,0,1,1
31955,0033800002cvjXwAAI,0.0,0,712.0,10304.0,0,0,0,0,1,1,0,0,0,0,0,1,1
31960,0033800002cvk7QAAQ,0.0,0,0.0,10912.0,0,0,0,0,1,0,1,0,0,0,0,1,1
31966,0033800002cvkzAAAQ,0.0,0,0.0,5442.0,0,0,0,1,0,0,0,0,0,1,0,1,1
31975,0033800002cvmZ3AAI,0.0,0,5248.0,1847.0,0,0,0,0,1,0,1,0,0,0,1,0,1
31978,0033800002cvn2oAAA,0.0,0,0.0,2922.0,0,0,0,1,0,0,1,0,0,0,0,1,0
31981,0033800002cvnGmAAI,0.0,0,0.0,7630.0,0,0,0,1,0,0,0,0,0,1,0,1,1
31982,0033800002cvnLIAAY,0.0,0,0.0,5018.0,0,0,0,1,0,0,1,0,0,0,0,1,1
31983,0033800002cvnRPAAY,0.0,0,0.0,2922.0,0,0,0,1,0,0,1,0,0,0,0,1,1
31988,0033800002cvnkRAAQ,0.0,0,0.0,8416.0,0,1,0,0,0,0,0,0,0,1,1,0,1
31989,0033800002cvnnvAAA,0.0,0,0.0,2767.0,0,0,0,1,0,0,0,0,1,0,0,1,1
31991,0033800002cvnpIAAQ,0.0,0,0.0,10957.0,0,0,0,1,0,0,1,0,0,0,0,1,1
32000,0033800002cvom2AAA,0.0,0,11.0,9528.0,0,0,0,0,1,1,0,0,0,0,0,1,1
32002,0033800002cvpp0AAA,0.0,60,285.0,1734.0,0,0,0,1,0,0,1,0,0,0,1,0,0
32005,0033800002cvqpeAAA,0.0,30,3256.0,1461.0,0,0,0,1,0,0,0,0,1,0,0,1,0
32008,0033800002cvrfBAAQ,0.0,0,5489.0,7331.0,0,0,0,1,0,1,0,0,0,0,0,1,0
32009,0033800002cvrm0AAA,0.0,0,0.0,3136.0,0,0,0,1,0,0,1,0,0,0,1,0,0
32013,0033800002cvs86AAA,0.0,0,0.0,7810.0,0,0,0,1,0,0,1,0,0,0,0,1,1
32016,0033800002cvsSDAAY,0.0,0,9476.0,1115.0,1,0,0,0,0,0,1,0,0,0,0,1,0
32034,0033800002cvtv8AAA,0.0,90,396.0,6015.0,0,1,0,0,0,0,1,0,0,0,0,1,1
32035,0033800002cvuWqAAI,0.0,0,0.0,13499.0,0,1,0,0,0,0,1,0,0,0,0,1,1
32036,0033800002cvuYmAAI,0.0,0,0.0,12209.0,0,0,0,0,1,0,1,0,0,0,0,1,0
32038,0033800002cvun1AAA,0.0,0,40.0,4464.0,0,1,0,0,0,0,1,0,0,0,0,1,0
32039,0033800002cvuvFAAQ,0.0,0,0.0,7899.0,1,0,0,0,0,1,0,0,0,0,0,1,1
32042,0033800002cvvM0AAI,0.0,0,0.0,7331.0,0,1,0,0,0,1,0,0,0,0,0,1,1
32043,0033800002cvvNmAAI,0.0,100,1390.0,3740.0,0,1,0,0,0,0,1,0,0,0,0,1,1
32044,0033800002cvx4uAAA,0.0,0,0.0,6976.0,0,1,0,0,0,0,1,0,0,0,0,1,1
32047,0033800002cvxboAAA,0.0,70,3206.0,8029.0,0,1,0,0,0,0,1,0,0,0,0,1,1
32050,0033800002cvyRSAAY,0.0,0,0.0,8178.0,0,1,0,0,0,0,1,0,0,0,0,1,0
32051,0033800002cvyX1AAI,0.0,0,0.0,8411.0,0,0,0,1,0,0,1,0,0,0,0,1,1
32052,0033800002cvynkAAA,0.0,0,0.0,9203.0,0,1,0,0,0,0,1,0,0,0,0,1,0
32053,0033800002cvysfAAA,0.0,0,11338.0,1826.0,0,0,0,0,1,0,1,0,0,0,0,1,1
32057,0033800002cvzZZAAY,0.0,0,0.0,2138.0,0,1,0,0,0,1,0,0,0,0,0,1,1
32058,0033800002cvzbaAAA,0.0,0,315.0,9604.0,1,0,0,0,0,0,1,0,0,0,0,1,0
32061,0033800002cw02MAAQ,0.0,0,6065.0,2767.0,0,1,0,0,0,0,0,0,1,0,0,1,0
32063,0033800002cw0McAAI,0.0,0,0.0,3685.0,1,0,0,0,0,0,1,0,0,0,0,1,0
32065,0033800002cw0WDAAY,0.0,0,3543.0,201.0,0,0,0,1,0,0,1,0,0,0,0,1,1
32067,0033800002cw0dlAAA,0.0,0,6554.0,3379.0,1,0,0,0,0,0,1,0,0,0,1,0,0
32068,0033800002cw0khAAA,0.0,0,0.0,7317.0,0,0,0,1,0,0,1,0,0,0,0,1,0
32069,0033800002cw12pAAA,0.0,0,3.0,6569.0,0,1,0,0,0,0,1,0,0,0,0,1,0
32071,0033800002cw1EbAAI,0.0,0,0.0,7169.0,1,0,0,0,0,0,1,0,0,0,0,1,1
32078,0033800002cw2URAAY,0.0,0,0.0,1242.0,0,0,0,1,0,0,1,0,0,0,0,1,0
32085,0033800002cw3R0AAI,0.0,0,1393.0,4463.0,0,0,0,1,0,0,1,0,0,0,0,1,0
32091,0033800002cw4QvAAI,0.0,0,0.0,2754.0,0,0,0,1,0,0,1,0,0,0,0,1,0
32095,0033800002cw5M1AAI,0.0,10,1107.0,3208.0,0,1,0,0,0,0,1,0,0,0,0,1,1
32097,0033800002cw5VeAAI,0.0,70,3615.0,1905.0,0,0,0,1,0,0,1,0,0,0,0,1,1
32099,0033800002cw66TAAQ,0.0,0,0.0,10682.0,0,0,1,0,0,0,1,0,0,0,0,1,1
32100,0033800002cw6JuAAI,0.0,100,107.0,2188.0,0,0,0,1,0,0,1,0,0,0,0,1,0
32103,0033800002cw6P1AAI,0.0,0,0.0,1752.0,0,0,0,1,0,0,1,0,0,0,0,1,1
32104,0033800002cw6bsAAA,0.0,0,0.0,7945.0,0,1,0,0,0,1,0,0,0,0,0,1,1
32105,0033800002cw6mWAAQ,0.0,20,4580.0,1461.0,0,0,0,1,0,0,1,0,0,0,1,0,0
32115,0033800002cw8CBAAY,0.0,30,2780.0,2110.0,0,1,0,0,0,0,1,0,0,0,0,1,0
32119,0033800002cw8stAAA,0.0,0,2486.0,2587.0,0,1,0,0,0,0,1,0,0,0,0,1,0
32122,0033800002cw9iNAAQ,0.0,0,378.0,1881.0,0,0,0,1,0,0,1,0,0,0,0,1,0
32124,0033800002cw9n3AAA,0.0,0,0.0,3860.0,0,0,0,1,0,0,1,0,0,0,0,1,0
32125,0033800002cw9o1AAA,0.0,0,0.0,2922.0,0,0,0,1,0,0,1,0,0,0,0,1,0
32126,0033800002cw9ofAAA,0.0,0,0.0,9109.0,0,0,0,1,0,0,1,0,0,0,0,1,1
32127,0033800002cw9pTAAQ,0.0,0,0.0,3825.0,1,0,0,0,0,0,1,0,0,0,0,1,0
32129,0033800002cw9ryAAA,0.0,60,480.0,5478.0,0,0,0,1,0,0,1,0,0,0,0,1,1
32130,0033800002cw9vqAAA,0.0,0,0.0,8704.0,0,0,0,0,1,0,1,0,0,0,1,0,1
32134,0033800002cwAQAAA2,0.0,0,0.0,7320.0,0,0,0,1,0,0,1,0,0,0,0,1,1
32138,0033800002cwCP8AAM,0.0,0,1130.0,5436.0,0,0,0,1,0,0,1,0,0,0,0,1,0
32139,0033800002cwCT5AAM,0.0,10,1230.0,7671.0,0,1,0,0,0,1,0,0,0,0,0,1,0
32140,0033800002cwCefAAE,0.0,0,0.0,9760.0,1,0,0,0,0,0,0,0,0,1,0,1,0
32152,0033800002cwDLKAA2,0.0,0,2932.0,2799.0,0,1,0,0,0,0,1,0,0,0,0,1,0
32154,0033800002cwDMDAA2,0.0,0,0.0,2768.0,0,0,0,1,0,0,0,0,1,0,0,1,1
32155,0033800002cwDb4AAE,0.0,0,2383.0,1887.0,0,0,0,0,1,0,1,0,0,0,0,1,1
32159,0033800002cwDm7AAE,0.0,40,86.0,4440.0,0,0,0,1,0,0,1,0,0,0,0,1,0
32164,0033800002cwEN8AAM,0.0,0,8084.0,758.0,1,0,0,0,0,0,1,0,0,0,1,0,0
32166,0033800002cwEQHAA2,0.0,10,4046.0,48.0,1,0,0,0,0,0,0,0,0,1,0,1,0
32169,0033800002cwEkPAAU,0.0,70,0.0,4036.0,0,0,0,1,0,0,1,0,0,0,0,1,1
32170,0033800002cwF6HAAU,0.0,0,0.0,2954.0,0,0,0,0,1,1,0,0,0,0,0,1,0
32172,0033800002cwFVgAAM,0.0,0,0.0,6026.0,1,0,0,0,0,1,0,0,0,0,0,1,1
32175,0033800002cwFjLAAU,0.0,0,0.0,2591.0,0,0,0,1,0,0,0,0,1,0,0,1,1
32181,0033800002cwHcNAAU,0.0,0,0.0,7323.0,1,0,0,0,0,1,0,0,0,0,0,1,1
32183,0033800002cwHeEAAU,0.0,0,319.0,2923.0,0,0,0,1,0,1,0,0,0,0,0,1,1
32184,0033800002cwHq0AAE,0.0,0,0.0,7481.0,0,0,0,0,1,1,0,0,0,0,0,1,1
32185,0033800002cwHrIAAU,0.0,100,935.0,1228.0,0,0,0,1,0,0,1,0,0,0,0,1,0
32187,0033800002cwHy4AAE,0.0,0,0.0,9762.0,0,0,0,1,0,0,1,0,0,0,0,1,1
32189,0033800002cwIoPAAU,0.0,0,0.0,3783.0,1,0,0,0,0,0,1,0,0,0,0,1,1
32191,0033800002cwJFLAA2,0.0,0,3708.0,2934.0,0,0,0,0,1,0,1,0,0,0,0,1,1
32198,0033800002cwKRSAA2,0.0,20,6181.0,5104.0,0,0,0,1,0,0,0,0,0,1,0,1,1
32199,0033800002cwKZCAA2,0.0,0,0.0,7427.0,0,0,0,1,0,0,1,0,0,0,0,1,0
32201,0033800002cwKr1AAE,0.0,0,707.0,2110.0,0,0,0,1,0,0,1,0,0,0,0,1,0
32204,0033800002cwL1LAAU,0.0,0,0.0,4438.0,0,0,0,1,0,0,0,0,1,0,0,1,1
32206,0033800002cwL7JAAU,0.0,0,3664.0,3823.0,1,0,0,0,0,0,1,0,0,0,0,1,1
32208,0033800002cwL9oAAE,0.0,0,0.0,7328.0,1,0,0,0,0,0,0,0,1,0,0,1,1
32209,0033800002cwLK3AAM,0.0,0,7448.0,2192.0,0,0,0,0,1,0,0,0,0,1,0,1,0
32213,0033800002cwLZCAA2,0.0,0,0.0,2359.0,0,0,0,1,0,0,1,0,0,0,0,1,0
32222,0033800002cwNUHAA2,0.0,60,463.0,1197.0,0,0,0,1,0,0,1,0,0,0,0,1,1
32227,0033800002cwNUMAA2,0.0,10,689.0,1916.0,0,0,0,1,0,0,0,0,1,0,0,1,1
32228,0033800002cwNUNAA2,0.0,0,1189.0,1673.0,0,0,0,1,0,1,0,0,0,0,0,1,1
32229,0033800002cwNUOAA2,0.0,0,189.0,1553.0,0,0,0,1,0,1,0,0,0,0,0,1,0
32242,0033800002cwNujAAE,0.0,0,0.0,9242.0,1,0,0,0,0,0,1,0,0,0,0,1,0
32244,0033800002cwO6LAAU,0.0,0,0.0,3796.0,0,1,0,0,0,0,0,0,0,1,1,0,1
32251,0033800002cwOgTAAU,0.0,0,0.0,9693.0,0,0,0,1,0,0,1,0,0,0,0,1,1
32253,0033800002cwOpfAAE,0.0,0,0.0,8540.0,0,0,0,1,0,0,1,0,0,0,1,0,1
32256,0033800002cwP7PAAU,0.0,100,0.0,7280.0,0,1,0,0,0,0,1,0,0,0,0,1,1
32257,0033800002cwPcCAAU,0.0,80,51.0,2421.0,0,0,0,1,0,0,1,0,0,0,0,1,1
32259,0033800002cwPuWAAU,0.0,0,0.0,2179.0,0,1,0,0,0,0,1,0,0,0,1,0,0
32262,0033800002cwQPKAA2,0.0,0,0.0,7328.0,1,0,0,0,0,0,1,0,0,0,1,0,1
32263,0033800002cwQVNAA2,0.0,0,0.0,9781.0,0,0,0,0,1,0,1,0,0,0,1,0,0
32269,0033800002cwRIvAAM,0.0,0,0.0,3365.0,0,0,0,1,0,0,1,0,0,0,0,1,0
32272,0033800002cwRWdAAM,0.0,0,0.0,202.0,0,0,0,1,0,0,1,0,0,0,1,0,1
32276,0033800002cwRucAAE,0.0,0,0.0,8209.0,0,0,0,1,0,0,1,0,0,0,0,1,0
32281,0033800002cwSCNAA2,0.0,70,3321.0,1826.0,0,1,0,0,0,1,0,0,0,0,0,1,0
32290,0033800002cwU34AAE,0.0,0,0.0,9522.0,0,1,0,0,0,0,0,0,0,1,0,1,1
32294,0033800002cwUDpAAM,0.0,0,13506.0,1460.0,0,1,0,0,0,1,0,0,0,0,0,1,0
32295,0033800002cwUGKAA2,0.0,0,0.0,7306.0,1,0,0,0,0,0,1,0,0,0,0,1,1
32299,0033800002cwVirAAE,0.0,0,0.0,9217.0,0,0,0,0,1,0,1,0,0,0,0,1,0
32300,0033800002cwW6cAAE,0.0,90,2260.0,2933.0,0,0,0,1,0,0,0,0,1,0,0,1,0
32301,0033800002cwW9HAAU,0.0,0,0.0,1966.0,0,0,0,1,0,0,1,0,0,0,0,1,1
32302,0033800002cwWAUAA2,0.0,0,0.0,8050.0,0,0,0,0,1,0,0,0,0,1,0,1,1
32304,0033800002cwWKkAAM,0.0,0,0.0,5113.0,0,0,0,1,0,0,0,0,0,1,0,1,1
32306,0033800002cwWQZAA2,0.0,0,2088.0,7949.0,0,0,0,0,1,1,0,0,0,0,0,1,1
32308,0033800002cwWQbAAM,0.0,0,11516.0,3176.0,1,0,0,0,0,0,1,0,0,0,1,0,1
32311,0033800002cwWcVAAU,0.0,30,0.0,10363.0,1,0,0,0,0,0,1,0,0,0,0,1,0
32314,0033800002cwWstAAE,0.0,0,0.0,4379.0,0,0,0,0,1,1,0,0,0,0,0,1,0
32316,0033800002cwWx4AAE,0.0,0,0.0,5596.0,1,0,0,0,0,0,0,0,0,1,0,1,0
32318,0033800002cwXBNAA2,0.0,0,0.0,1270.0,0,0,0,1,0,0,1,0,0,0,0,1,1
32319,0033800002cwXBwAAM,0.0,0,0.0,8152.0,0,1,0,0,0,0,1,0,0,0,0,1,1
32321,0033800002cwXD4AAM,0.0,90,0.0,4390.0,0,0,0,1,0,0,1,0,0,0,0,1,0
32322,0033800002cwXH6AAM,0.0,70,349.0,3457.0,1,0,0,0,0,0,1,0,0,0,0,1,1
32323,0033800002cwXgkAAE,0.0,0,0.0,1949.0,0,1,0,0,0,1,0,0,0,0,0,1,1
32324,0033800002cwXiHAAU,0.0,0,0.0,1827.0,0,0,0,1,0,0,0,0,0,1,0,1,1
32327,0033800002cwY2BAAU,0.0,0,0.0,4004.0,0,1,0,0,0,0,1,0,0,0,0,1,1
32328,0033800002cwY8sAAE,0.0,0,0.0,7683.0,1,0,0,0,0,0,1,0,0,0,0,1,1
32331,0033800002cwYNyAAM,0.0,0,0.0,1628.0,1,0,0,0,0,0,1,0,0,0,1,0,0
32334,0033800002cwYbwAAE,0.0,0,0.0,8439.0,0,1,0,0,0,0,0,1,0,0,0,1,1
32336,0033800002cwYkqAAE,0.0,100,0.0,4985.0,1,0,0,0,0,0,1,0,0,0,0,1,0
32337,0033800002cwYtYAAU,0.0,0,1956.0,2670.0,0,0,0,0,1,1,0,0,0,0,0,1,1
32338,0033800002cwZ1wAAE,0.0,40,0.0,5849.0,0,0,0,0,1,0,1,0,0,0,0,1,1
32339,0033800002cwZDJAA2,0.0,0,21.0,2626.0,0,0,0,1,0,0,1,0,0,0,1,0,0
32341,0033800002cwZQbAAM,0.0,0,0.0,3794.0,0,0,0,1,0,0,1,0,0,0,0,1,0
32342,0033800002cwZScAAM,0.0,0,9639.0,347.0,0,1,0,0,0,0,0,0,0,1,1,0,1
32343,0033800002cwZU4AAM,0.0,50,0.0,7368.0,1,0,0,0,0,0,1,0,0,0,0,1,0
32345,0033800002cwZcmAAE,0.0,0,0.0,4458.0,0,1,0,0,0,0,1,0,0,0,0,1,0
32354,0033800002cwaPdAAI,0.0,0,0.0,7334.0,0,1,0,0,0,0,1,0,0,0,0,1,1
32356,0033800002cwaj4AAA,0.0,0,0.0,1461.0,0,0,0,1,0,0,0,0,1,0,0,1,1
32358,0033800002cwaxgAAA,0.0,0,0.0,4906.0,0,0,0,1,0,0,1,0,0,0,0,1,1
32359,0033800002cwb0fAAA,0.0,30,1309.0,3580.0,0,0,0,1,0,0,1,0,0,0,0,1,1
32360,0033800002cwb2RAAQ,0.0,10,1973.0,2925.0,0,1,0,0,0,0,0,0,1,0,1,0,0
32362,0033800002cwbOzAAI,0.0,0,0.0,3667.0,1,0,0,0,0,0,1,0,0,0,0,1,1
32363,0033800002cwbTGAAY,0.0,0,1143.0,11837.0,0,0,0,0,1,0,0,0,1,0,0,1,1
32367,0033800002cwbmUAAQ,0.0,0,5939.0,1831.0,0,0,0,1,0,0,1,0,0,0,0,1,1
32368,0033800002cwbpfAAA,0.0,0,0.0,2192.0,0,0,0,1,0,0,0,0,0,1,0,1,0
32371,0033800002cwbseAAA,0.0,0,6326.0,4921.0,1,0,0,0,0,0,1,0,0,0,1,0,1
32373,0033800002cwcChAAI,0.0,0,0.0,6881.0,0,0,0,1,0,0,0,0,1,0,0,1,0
32374,0033800002cwcDuAAI,0.0,0,0.0,9067.0,0,0,0,0,1,0,1,0,0,0,1,0,0
32375,0033800002cwcGbAAI,0.0,0,86.0,4851.0,0,0,0,1,0,0,1,0,0,0,0,1,0
32378,0033800002cwcm1AAA,0.0,0,0.0,9163.0,0,0,0,0,1,0,1,0,0,0,1,0,1
32379,0033800002cwdDYAAY,0.0,0,0.0,791.0,0,0,0,1,0,0,1,0,0,0,0,1,0
32380,0033800002cwdDdAAI,0.0,0,0.0,8311.0,0,1,0,0,0,0,1,0,0,0,0,1,1
32382,0033800002cwdqaAAA,0.0,0,0.0,5265.0,0,1,0,0,0,0,1,0,0,0,0,1,1
32385,0033800002cwe8eAAA,0.0,60,659.0,3912.0,1,0,0,0,0,0,1,0,0,0,0,1,0
32386,0033800002cweCWAAY,0.0,0,0.0,29.0,0,0,0,1,0,0,1,0,0,0,0,1,0
32387,0033800002cweFjAAI,0.0,0,0.0,8286.0,0,0,0,1,0,0,1,0,0,0,0,1,1
32388,0033800002cweIEAAY,0.0,0,0.0,5081.0,1,0,0,0,0,1,0,0,0,0,1,0,1
32390,0033800002cweUTAAY,0.0,0,0.0,7315.0,0,0,0,0,1,0,1,0,0,0,0,1,1
32393,0033800002cwemxAAA,0.0,40,292.0,8225.0,0,0,0,0,1,0,0,0,0,1,0,1,1
32394,0033800002cwerYAAQ,0.0,0,13180.0,1856.0,1,0,0,0,0,1,0,0,0,0,1,0,1
32395,0033800002cwf9eAAA,0.0,0,489.0,1460.0,0,1,0,0,0,0,0,0,1,0,0,1,1
32404,0033800002cwg2LAAQ,0.0,30,3974.0,7324.0,0,1,0,0,0,1,0,0,0,0,0,1,1
32405,0033800002cwg2QAAQ,0.0,0,0.0,2392.0,0,0,0,1,0,0,1,0,0,0,0,1,1
32409,0033800002cwgKzAAI,0.0,0,0.0,2191.0,0,0,0,1,0,0,0,0,1,0,0,1,1
32410,0033800002cwgMkAAI,0.0,0,0.0,7335.0,0,0,0,1,0,0,1,0,0,0,0,1,0
32415,0033800002cwgpcAAA,0.0,0,5803.0,2191.0,0,1,0,0,0,0,0,0,0,1,1,0,1
32423,0033800002cwhTXAAY,0.0,0,735.0,2926.0,0,0,0,1,0,0,0,0,1,0,0,1,0
32424,0033800002cwhTrAAI,0.0,0,0.0,5479.0,0,0,0,1,0,0,1,0,0,0,0,1,0
32427,0033800002cwi3fAAA,0.0,0,0.0,2767.0,0,0,0,1,0,0,1,0,0,0,0,1,0
32431,0033800002cwiQxAAI,0.0,0,0.0,7561.0,0,1,0,0,0,0,1,0,0,0,0,1,0
32434,0033800002cwioKAAQ,0.0,30,196.0,4123.0,0,0,0,1,0,0,1,0,0,0,0,1,0
32441,0033800002cwjEfAAI,0.0,0,415.0,9996.0,1,0,0,0,0,0,1,0,0,0,0,1,1
32446,0033800002cwknNAAQ,0.0,90,1893.0,4747.0,0,0,0,0,1,0,1,0,0,0,1,0,1
32448,0033800002cwlBGAAY,0.0,100,1167.0,3039.0,0,1,0,0,0,0,1,0,0,0,0,1,1
32452,0033800002cwmTwAAI,0.0,0,0.0,7354.0,0,0,0,1,0,0,1,0,0,0,0,1,1
32456,0033800002cwpBEAAY,0.0,0,6440.0,6531.0,0,0,0,1,0,0,0,0,0,1,0,1,1
32457,0033800002cwpWtAAI,0.0,0,1355.0,1592.0,0,1,0,0,0,0,0,0,1,0,0,1,1
32458,0033800002cwprTAAQ,0.0,0,0.0,2194.0,0,0,0,1,0,1,0,0,0,0,0,1,1
32460,0033800002cwq41AAA,0.0,0,0.0,3421.0,1,0,0,0,0,0,1,0,0,0,0,1,1
32461,0033800002cwq5OAAQ,0.0,0,0.0,7308.0,0,0,0,1,0,0,1,0,0,0,0,1,1
32463,0033800002cwqCyAAI,0.0,0,0.0,8776.0,0,0,0,0,1,0,0,0,0,1,0,1,1
32465,0033800002cwqMtAAI,0.0,0,3786.0,580.0,0,0,0,1,0,0,0,0,0,1,1,0,0
32466,0033800002cwqPYAAY,0.0,30,8424.0,3927.0,0,0,0,0,1,0,1,0,0,0,0,1,1
32468,0033800002cwqixAAA,0.0,0,0.0,4837.0,0,0,0,1,0,0,1,0,0,0,0,1,0
32469,0033800002cwqkAAAQ,0.0,0,0.0,1461.0,0,0,0,1,0,1,0,0,0,0,0,1,1
32471,0033800002cwqobAAA,0.0,0,0.0,7503.0,0,0,0,0,1,0,1,0,0,0,0,1,0
32472,0033800002cwqsTAAQ,0.0,60,1213.0,8039.0,0,1,0,0,0,0,1,0,0,0,0,1,1
32474,0033800002cwqyRAAQ,0.0,0,1257.0,581.0,0,0,0,1,0,0,1,0,0,0,1,0,1
32475,0033800002cwqyqAAA,0.0,0,0.0,2643.0,0,0,0,1,0,0,1,0,0,0,0,1,1
32478,0033800002cwr6LAAQ,0.0,0,0.0,4720.0,0,1,0,0,0,0,1,0,0,0,0,1,1
32495,0033800002cws14AAA,0.0,0,0.0,1369.0,0,0,0,1,0,0,1,0,0,0,0,1,1
32496,0033800002cws15AAA,0.0,0,0.0,743.0,0,1,0,0,0,1,0,0,0,0,0,1,1
32501,0033800002cws1AAAQ,0.0,0,0.0,3849.0,0,0,0,1,0,0,1,0,0,0,0,1,0
32504,0033800002cws1DAAQ,0.0,0,0.0,1936.0,0,0,0,1,0,0,1,0,0,0,0,1,0
32505,0033800002cws1EAAQ,0.0,0,0.0,2800.0,0,0,0,1,0,0,1,0,0,0,0,1,1
32506,0033800002cws1GAAQ,0.0,0,0.0,5844.0,0,0,0,1,0,0,1,0,0,0,0,1,1
32510,0033800002cws1LAAQ,0.0,0,0.0,5070.0,0,0,0,1,0,0,1,0,0,0,0,1,1
32511,0033800002cws1MAAQ,0.0,0,0.0,2011.0,0,0,0,1,0,0,1,0,0,0,0,1,1
32513,0033800002cws1OAAQ,0.0,0,0.0,1235.0,0,0,0,1,0,0,1,0,0,0,0,1,1
32516,0033800002cws1RAAQ,0.0,0,0.0,9832.0,0,0,0,0,1,0,1,0,0,0,0,1,0
32518,0033800002cws1VAAQ,0.0,100,0.0,1220.0,0,0,0,1,0,0,1,0,0,0,1,0,0
32520,0033800002cws1YAAQ,0.0,0,0.0,3490.0,0,0,0,1,0,0,1,0,0,0,0,1,1
32523,0033800002cwsNYAAY,0.0,0,0.0,3303.0,0,0,0,1,0,0,0,1,0,0,0,1,1
32528,0033800002cwshYAAQ,0.0,0,0.0,2369.0,0,0,0,1,0,0,0,0,1,0,0,1,0
32532,0033800002cwtEEAAY,0.0,0,0.0,9065.0,0,0,0,1,0,0,1,0,0,0,0,1,1
32535,0033800002cwtRZAAY,0.0,0,521.0,1462.0,1,0,0,0,0,0,0,0,0,1,1,0,1
32536,0033800002cwtTkAAI,0.0,30,2771.0,1036.0,0,0,0,1,0,0,1,0,0,0,1,0,0
32537,0033800002cwtcpAAA,0.0,0,0.0,7992.0,0,0,0,0,1,1,0,0,0,0,0,1,1
32538,0033800002cwtftAAA,0.0,0,6761.0,1108.0,0,0,0,0,1,0,0,0,0,1,1,0,1
32542,0033800002cwuHNAAY,0.0,30,1846.0,1958.0,0,0,0,1,0,0,1,0,0,0,1,0,0
32547,0033800002cwvYhAAI,0.0,0,2482.0,3735.0,0,0,0,0,1,0,0,0,0,1,0,1,0
32549,0033800002cwvtbAAA,0.0,0,0.0,9700.0,0,0,0,0,1,0,1,0,0,0,0,1,1
32553,0033800002cwwx9AAA,0.0,0,665.0,1210.0,0,0,0,1,0,0,1,0,0,0,0,1,1
32558,0033800002cwxksAAA,0.0,60,0.0,6643.0,0,1,0,0,0,0,1,0,0,0,0,1,1
32559,0033800002cwxlgAAA,0.0,60,907.0,2784.0,0,0,0,1,0,0,1,0,0,0,0,1,0
32564,0033800002cwyNPAAY,0.0,0,1791.0,1681.0,0,0,0,1,0,0,1,0,0,0,0,1,1
32568,0033800002cwzIPAAY,0.0,0,0.0,1762.0,0,1,0,0,0,0,1,0,0,0,0,1,0
32571,0033800002cwzkEAAQ,0.0,0,1455.0,2542.0,0,0,0,1,0,0,1,0,0,0,0,1,1
32575,0033800002cx0PMAAY,0.0,0,1675.0,3379.0,0,0,0,0,1,1,0,0,0,0,1,0,0
32577,0033800002cx0bCAAQ,0.0,100,2793.0,2473.0,0,1,0,0,0,0,1,0,0,0,0,1,0
32580,0033800002cx15AAAQ,0.0,60,506.0,11517.0,0,1,0,0,0,0,1,0,0,0,0,1,1
32583,0033800002cx1LLAAY,0.0,90,780.0,7273.0,1,0,0,0,0,0,1,0,0,0,0,1,1
32585,0033800002cx1QkAAI,0.0,50,748.0,2869.0,0,1,0,0,0,0,1,0,0,0,1,0,1
32587,0033800002cx1d9AAA,0.0,0,337.0,2101.0,0,0,0,1,0,1,0,0,0,0,1,0,1
32589,0033800002cx1xYAAQ,0.0,0,214.0,1639.0,0,0,0,1,0,0,0,0,0,1,0,1,1
32591,0033800002cx2k9AAA,0.0,40,1294.0,4749.0,0,0,0,1,0,0,1,0,0,0,0,1,0
32592,0033800002cx2kEAAQ,0.0,60,3092.0,1469.0,0,1,0,0,0,0,1,0,0,0,0,1,0
32593,0033800002cx2n8AAA,0.0,0,1143.0,1461.0,1,0,0,0,0,0,1,0,0,0,1,0,1
32594,0033800002cx31eAAA,0.0,0,0.0,1870.0,0,1,0,0,0,0,1,0,0,0,1,0,0
32595,0033800002cx3EoAAI,0.0,0,0.0,2282.0,1,0,0,0,0,0,0,1,0,0,0,1,1
32597,0033800002cx3dvAAA,0.0,0,343.0,2870.0,0,0,0,1,0,0,1,0,0,0,0,1,0
32600,0033800002cx3vUAAQ,0.0,0,6207.0,1094.0,0,1,0,0,0,0,0,0,0,1,0,1,1
32603,0033800002cx3zbAAA,0.0,0,0.0,2192.0,0,1,0,0,0,0,1,0,0,0,1,0,0
32607,0033800002cx4ScAAI,0.0,0,0.0,8200.0,0,0,0,1,0,0,1,0,0,0,0,1,0
32612,0033800002cx4vEAAQ,0.0,40,6854.0,7307.0,0,1,0,0,0,0,1,0,0,0,0,1,1
32614,0033800002cx50dAAA,0.0,30,1357.0,3603.0,0,0,0,1,0,0,1,0,0,0,1,0,0
32615,0033800002cx57AAAQ,0.0,0,0.0,7948.0,0,0,0,1,0,0,1,0,0,0,1,0,0
32616,0033800002cx5FuAAI,0.0,0,0.0,11248.0,0,1,0,0,0,0,1,0,0,0,1,0,0
32622,0033800002cx6VZAAY,0.0,0,0.0,7331.0,0,0,0,1,0,0,0,0,0,1,0,1,0
32623,0033800002cx6WcAAI,0.0,0,0.0,2581.0,0,0,0,0,1,0,1,0,0,0,0,1,1
32625,0033800002cx6kPAAQ,0.0,0,0.0,7691.0,0,0,0,1,0,0,1,0,0,0,0,1,1
32627,0033800002cx78QAAQ,0.0,0,0.0,2887.0,0,0,0,1,0,0,1,0,0,0,0,1,1
32635,0033800002cx7jbAAA,0.0,0,0.0,1461.0,0,0,0,1,0,0,0,0,0,1,0,1,1
32641,0033800002cx8HVAAY,0.0,0,0.0,3077.0,0,0,0,1,0,0,0,0,0,1,0,1,0
32642,0033800002cx8IXAAY,0.0,100,32.0,6358.0,0,0,0,1,0,0,1,0,0,0,1,0,1
32644,0033800002cx8JGAAY,0.0,30,9270.0,1069.0,0,0,0,0,1,0,1,0,0,0,0,1,0
32647,0033800002cx8NcAAI,0.0,0,0.0,1185.0,0,1,0,0,0,0,1,0,0,0,0,1,1
32657,0033800002cx8yGAAQ,0.0,0,2039.0,7309.0,0,0,0,0,1,0,0,0,1,0,0,1,0
32658,0033800002cx8ziAAA,0.0,0,0.0,6389.0,0,0,0,1,0,0,1,0,0,0,0,1,1
32662,0033800002cxA7fAAE,0.0,0,0.0,2298.0,0,0,0,1,0,0,1,0,0,0,0,1,1
32663,0033800002cxAVQAA2,0.0,0,0.0,8767.0,0,1,0,0,0,0,0,0,1,0,0,1,1
32667,0033800002cxB1XAAU,0.0,0,54.0,10980.0,0,0,0,0,1,0,0,0,0,1,0,1,0
32672,0033800002cxBUYAA2,0.0,0,0.0,8403.0,0,1,0,0,0,1,0,0,0,0,0,1,1
32673,0033800002cxBoYAAU,0.0,0,0.0,7478.0,0,0,0,1,0,0,1,0,0,0,0,1,1
32674,0033800002cxBr3AAE,0.0,90,182.0,6402.0,0,0,0,1,0,0,1,0,0,0,0,1,0
32677,0033800002cxCGQAA2,0.0,0,0.0,10226.0,0,1,0,0,0,0,1,0,0,0,0,1,1
32680,0033800002cxCQuAAM,0.0,0,0.0,2778.0,0,0,0,1,0,0,1,0,0,0,0,1,1
32685,0033800002cxCoYAAU,0.0,0,0.0,8780.0,0,1,0,0,0,0,0,0,1,0,0,1,1
32694,0033800002cxCvUAAU,0.0,0,0.0,7329.0,0,0,0,1,0,0,0,0,0,1,0,1,1
32697,0033800002cxCvXAAU,0.0,0,0.0,5898.0,0,0,0,1,0,0,0,0,1,0,0,1,0
32698,0033800002cxCvYAAU,0.0,0,0.0,1461.0,0,0,0,1,0,0,0,0,1,0,1,0,1
32699,0033800002cxCvZAAU,0.0,0,0.0,1304.0,0,0,0,1,0,0,0,0,1,0,0,1,1
32700,0033800002cxCvaAAE,0.0,0,0.0,4331.0,0,0,0,1,0,0,0,0,1,0,0,1,0
32701,0033800002cxCvbAAE,0.0,0,0.0,1794.0,0,0,0,1,0,0,0,0,1,0,0,1,1
32702,0033800002cxCvcAAE,0.0,0,0.0,8690.0,0,0,0,0,1,0,0,0,0,1,0,1,1
32707,0033800002cxDE6AAM,0.0,50,5019.0,7318.0,0,0,0,0,1,1,0,0,0,0,1,0,1
32712,0033800002cxDM2AAM,0.0,0,0.0,2284.0,0,0,0,1,0,0,1,0,0,0,0,1,0
32714,0033800002cxDcgAAE,0.0,0,0.0,3939.0,0,0,0,1,0,0,1,0,0,0,0,1,1
32718,0033800002cxDckAAE,0.0,0,0.0,7465.0,0,1,0,0,0,0,1,0,0,0,0,1,1
32719,0033800002cxDclAAE,0.0,0,0.0,9594.0,0,0,0,0,1,0,1,0,0,0,0,1,0
32723,0033800002cxDgUAAU,0.0,0,0.0,2345.0,0,0,0,0,1,0,1,0,0,0,1,0,1
32725,0033800002cxDkMAAU,0.0,60,10339.0,1677.0,0,0,0,1,0,0,0,0,0,1,0,1,0
32726,0033800002cxDoiAAE,0.0,10,522.0,3466.0,1,0,0,0,0,0,0,0,0,1,0,1,1
32739,0033800002cxMnXAAU,0.0,10,2322.0,2170.0,0,0,0,0,1,0,1,0,0,0,0,1,1
32743,0033800002cxMyiAAE,0.0,0,0.0,10378.0,0,1,0,0,0,0,1,0,0,0,0,1,1
32744,0033800002cxMyxAAE,0.0,0,0.0,2191.0,0,1,0,0,0,1,0,0,0,0,0,1,1
32745,0033800002cxN0eAAE,0.0,50,3741.0,4105.0,0,0,0,0,1,0,1,0,0,0,0,1,1
32748,0033800002cxN9IAAU,0.0,0,0.0,2858.0,0,1,0,0,0,0,1,0,0,0,0,1,1
32750,0033800002cxNR7AAM,0.0,0,0.0,3827.0,0,0,0,1,0,0,1,0,0,0,0,1,0
32754,0033800002cxO89AAE,0.0,90,2015.0,4060.0,0,0,0,1,0,1,0,0,0,0,0,1,1
32755,0033800002cxO8OAAU,0.0,0,0.0,1600.0,0,0,0,1,0,0,1,0,0,0,0,1,1
32757,0033800002cxOviAAE,0.0,0,0.0,1842.0,0,0,0,1,0,0,1,0,0,0,0,1,1
32758,0033800002cxPDqAAM,0.0,0,0.0,7329.0,0,0,0,1,0,0,1,0,0,0,0,1,1
32759,0033800002cxPLfAAM,0.0,0,0.0,8220.0,0,0,0,1,0,0,1,0,0,0,0,1,1
32763,0033800002cxPaVAAU,0.0,0,0.0,7314.0,0,0,0,0,1,0,0,0,0,1,0,1,1
32766,0033800002cxPmfAAE,0.0,0,762.0,9503.0,0,1,0,0,0,1,0,0,0,0,0,1,1
32767,0033800002cxPniAAE,0.0,0,0.0,5935.0,1,0,0,0,0,1,0,0,0,0,1,0,0
32773,0033800002cxQHiAAM,0.0,0,0.0,3181.0,1,0,0,0,0,0,1,0,0,0,0,1,1
32774,0033800002cxQKgAAM,0.0,0,0.0,8066.0,1,0,0,0,0,0,1,0,0,0,0,1,0
32777,0033800002cxQhBAAU,0.0,0,25.0,8216.0,0,0,0,1,0,0,0,0,0,1,0,1,0
32780,0033800002cxR21AAE,0.0,0,0.0,6472.0,0,0,0,1,0,0,1,0,0,0,0,1,1
32786,0033800002cxRPHAA2,0.0,0,0.0,2191.0,0,0,0,1,0,1,0,0,0,0,0,1,0
32787,0033800002cxRRIAA2,0.0,0,0.0,3271.0,0,0,0,1,0,0,0,0,0,1,0,1,1
32791,0033800002cxRmLAAU,0.0,0,0.0,2501.0,0,0,0,1,0,0,1,0,0,0,0,1,1
32797,0033800002cxS8pAAE,0.0,0,0.0,1949.0,0,0,0,1,0,0,0,0,0,1,0,1,0
32799,0033800002cxSL0AAM,0.0,0,0.0,7597.0,0,1,0,0,0,1,0,0,0,0,0,1,0
32807,0033800002cxSXFAA2,0.0,0,0.0,6503.0,0,0,0,0,1,0,1,0,0,0,1,0,1
32811,0033800002cxT1TAAU,0.0,0,390.0,11174.0,0,1,0,0,0,0,1,0,0,0,1,0,0
32815,0033800002cxTDoAAM,0.0,80,970.0,9525.0,0,1,0,0,0,1,0,0,0,0,1,0,1
32817,0033800002cxTgCAAU,0.0,0,0.0,1206.0,0,0,0,1,0,0,1,0,0,0,0,1,0
32821,0033800002cxTuYAAU,0.0,0,55.0,2191.0,0,0,0,1,0,0,0,0,0,1,0,1,1
32822,0033800002cxTxhAAE,0.0,0,0.0,7434.0,1,0,0,0,0,0,0,0,0,1,0,1,1
32825,0033800002cxUnxAAE,0.0,0,0.0,3240.0,0,0,0,1,0,0,1,0,0,0,0,1,1
32827,0033800002cxVN3AAM,0.0,0,0.0,8430.0,0,1,0,0,0,0,1,0,0,0,0,1,0
32835,0033800002cxWEmAAM,0.0,0,0.0,4673.0,0,1,0,0,0,0,1,0,0,0,0,1,0
32837,0033800002cxWm1AAE,0.0,0,0.0,7936.0,0,0,0,0,1,0,1,0,0,0,0,1,1
32838,0033800002cxWwYAAU,0.0,0,0.0,135.0,0,0,0,1,0,0,1,0,0,0,0,1,1
32840,0033800002cxWyoAAE,0.0,40,65.0,3652.0,0,1,0,0,0,0,1,0,0,0,1,0,1
32841,0033800002cxWzNAAU,0.0,0,0.0,1404.0,0,0,0,1,0,0,1,0,0,0,0,1,1
32842,0033800002cxX0BAAU,0.0,80,0.0,4544.0,0,1,0,0,0,0,1,0,0,0,0,1,0
32843,0033800002cxX19AAE,0.0,0,0.0,11005.0,0,1,0,0,0,0,1,0,0,0,0,1,1
32844,0033800002cxX1TAAU,0.0,0,0.0,9963.0,0,1,0,0,0,0,1,0,0,0,0,1,1
32845,0033800002cxX2HAAU,0.0,0,0.0,4662.0,1,0,0,0,0,0,1,0,0,0,0,1,0
32846,0033800002cxX2WAAU,0.0,0,0.0,1418.0,0,0,0,1,0,0,1,0,0,0,0,1,0
32847,0033800002cxX3OAAU,0.0,0,0.0,10143.0,0,0,0,0,1,0,1,0,0,0,1,0,1
32848,0033800002cxX4lAAE,0.0,0,0.0,6678.0,0,0,0,1,0,0,1,0,0,0,0,1,0
32855,0033800002cxYXiAAM,0.0,50,12259.0,1461.0,0,0,0,1,0,1,0,0,0,0,0,1,0
32856,0033800002cxYa3AAE,0.0,30,11341.0,1460.0,0,1,0,0,0,1,0,0,0,0,0,1,1
32859,0033800002cxYqUAAU,0.0,50,936.0,7305.0,0,0,0,1,0,0,0,0,0,1,1,0,1
32862,0033800002cxYyYAAU,0.0,0,16530.0,2738.0,0,1,0,0,0,1,0,0,0,0,0,1,0
32863,0033800002cxYzgAAE,0.0,80,1152.0,8298.0,0,0,0,1,0,0,1,0,0,0,0,1,1
32864,0033800002cxZ0eAAE,0.0,0,1531.0,7319.0,0,1,0,0,0,0,1,0,0,0,0,1,0
32865,0033800002cxZ5KAAU,0.0,0,54.0,3408.0,0,0,0,1,0,1,0,0,0,0,0,1,0
32868,0033800002cxZCQAA2,0.0,0,3250.0,7394.0,0,0,0,0,1,0,1,0,0,0,0,1,0
32873,0033800002cxZJ2AAM,0.0,0,0.0,2190.0,1,0,0,0,0,1,0,0,0,0,0,1,0
32876,0033800002cxZcWAAU,0.0,0,0.0,7326.0,1,0,0,0,0,1,0,0,0,0,0,1,0
32880,0033800002cxZiVAAU,0.0,0,1910.0,1574.0,0,0,0,1,0,0,1,0,0,0,0,1,1
32881,0033800002cxZiWAAU,0.0,0,1376.0,2310.0,0,1,0,0,0,0,1,0,0,0,0,1,1
32882,0033800002cxZiXAAU,0.0,20,1670.0,2922.0,0,0,0,0,1,0,0,0,1,0,0,1,0
32887,0033800002cxZteAAE,0.0,30,69.0,1982.0,1,0,0,0,0,0,1,0,0,0,0,1,0
32897,0033800002cxaaHAAQ,0.0,0,2793.0,7307.0,1,0,0,0,0,1,0,0,0,0,0,1,1
32908,0033800002cxapMAAQ,0.0,0,118.0,4898.0,0,1,0,0,0,0,0,0,0,1,0,1,1
32911,0033800002cxb5YAAQ,0.0,0,0.0,9522.0,0,0,0,1,0,0,1,0,0,0,0,1,1
32915,0033800002cxbRRAAY,0.0,0,0.0,6871.0,0,0,0,1,0,0,0,0,1,0,0,1,0
32916,0033800002cxbYqAAI,0.0,0,0.0,11547.0,0,0,0,1,0,0,1,0,0,0,1,0,1
32920,0033800002cxbnlAAA,0.0,0,0.0,7450.0,0,1,0,0,0,0,1,0,0,0,0,1,1
32927,0033800002cxcbWAAQ,0.0,0,0.0,6316.0,0,0,0,1,0,0,1,0,0,0,0,1,0
32928,0033800002cxccZAAQ,0.0,0,0.0,3784.0,0,0,0,0,1,0,1,0,0,0,1,0,0
32930,0033800002cxcprAAA,0.0,0,0.0,4471.0,0,1,0,0,0,0,0,0,1,0,0,1,0
32932,0033800002cxdClAAI,0.0,60,2020.0,3834.0,0,0,0,0,1,1,0,0,0,0,0,1,1
32935,0033800002cxdRqAAI,0.0,40,1424.0,8769.0,0,0,0,1,0,1,0,0,0,0,0,1,0
32936,0033800002cxdTSAAY,0.0,0,0.0,1461.0,0,0,0,1,0,0,0,0,1,0,0,1,0
32937,0033800002cxdcXAAQ,0.0,0,2147.0,1914.0,0,0,1,0,0,0,1,0,0,0,0,1,1
32938,0033800002cxdjYAAQ,0.0,0,0.0,7384.0,0,1,0,0,0,0,1,0,0,0,0,1,1
32939,0033800002cxdoXAAQ,0.0,0,4928.0,2921.0,0,1,0,0,0,0,1,0,0,0,0,1,0
32941,0033800002cxep4AAA,0.0,0,2113.0,1461.0,0,0,0,1,0,0,0,0,1,0,0,1,1
32943,0033800002cxeuiAAA,0.0,0,0.0,2761.0,0,0,0,1,0,0,1,0,0,0,0,1,1
32944,0033800002cxevlAAA,0.0,0,204.0,2989.0,1,0,0,0,0,0,1,0,0,0,0,1,1
32945,0033800002cxexSAAQ,0.0,60,3770.0,1579.0,0,0,0,1,0,0,0,0,0,1,0,1,1
32946,0033800002cxf9dAAA,0.0,0,1996.0,2528.0,0,1,0,0,0,1,0,0,0,0,0,1,1
32947,0033800002cxfDVAAY,0.0,20,2031.0,6575.0,0,0,0,1,0,0,0,0,0,1,0,1,1
32949,0033800002cxfFlAAI,0.0,0,0.0,2535.0,0,0,0,1,0,0,1,0,0,0,0,1,1
32951,0033800002cxfHDAAY,0.0,0,0.0,8765.0,1,0,0,0,0,0,1,0,0,0,0,1,0
32955,0033800002cxfPhAAI,0.0,60,444.0,2212.0,0,0,0,1,0,0,1,0,0,0,1,0,0
32959,0033800002cxgCLAAY,0.0,60,1502.0,1567.0,0,0,0,1,0,0,1,0,0,0,0,1,0
32961,0033800002cxgQoAAI,0.0,0,0.0,7407.0,1,0,0,0,0,0,1,0,0,0,0,1,1
32962,0033800002cxh9rAAA,0.0,0,663.0,1095.0,0,0,0,1,0,0,1,0,0,0,1,0,0
32974,0033800002cxhzMAAQ,0.0,0,0.0,8339.0,1,0,0,0,0,0,1,0,0,0,0,1,0
32975,0033800002cxiKjAAI,0.0,0,0.0,9501.0,1,0,0,0,0,0,0,0,0,1,0,1,1
32977,0033800002cxiaDAAQ,0.0,0,0.0,2739.0,0,0,0,1,0,1,0,0,0,0,0,1,0
32980,0033800002cxjFUAAY,0.0,90,602.0,7509.0,0,1,0,0,0,0,1,0,0,0,0,1,0
32987,0033800002cxkFLAAY,0.0,0,0.0,3343.0,0,0,0,1,0,0,0,0,1,0,0,1,0
32990,0033800002cxkUmAAI,0.0,0,0.0,7960.0,0,1,0,0,0,0,0,0,0,1,0,1,1
32993,0033800002cxkkGAAQ,0.0,0,0.0,7255.0,0,1,0,0,0,0,1,0,0,0,0,1,1
32994,0033800002cxkmqAAA,0.0,90,2362.0,4228.0,0,1,0,0,0,0,1,0,0,0,0,1,1
32996,0033800002cxkpTAAQ,0.0,50,1699.0,7988.0,0,0,0,0,1,0,0,0,1,0,0,1,1
32998,0033800002cxkxwAAA,0.0,50,3632.0,3014.0,0,0,0,0,1,0,0,0,1,0,0,1,1
32999,0033800002cxkz9AAA,0.0,0,0.0,2922.0,0,0,0,1,0,0,1,0,0,0,0,1,1
33000,0033800002cxlAvAAI,0.0,0,0.0,2512.0,0,1,0,0,0,0,1,0,0,0,1,0,0
33001,0033800002cxlCtAAI,0.0,0,0.0,3229.0,0,1,0,0,0,0,0,0,0,1,0,1,1
33002,0033800002cxlMoAAI,0.0,0,1083.0,9610.0,0,1,0,0,0,0,1,0,0,0,0,1,1
33003,0033800002cxlOpAAI,0.0,40,7269.0,2936.0,0,1,0,0,0,0,0,0,0,1,0,1,1
33009,0033800002cxlr2AAA,0.0,0,1242.0,7605.0,0,0,0,1,0,0,1,0,0,0,0,1,0
33011,0033800002cxmWdAAI,0.0,0,1334.0,2354.0,1,0,0,0,0,0,1,0,0,0,0,1,1
33014,0033800002cxmqhAAA,0.0,10,4648.0,7309.0,0,1,0,0,0,0,0,0,0,1,0,1,0
33016,0033800002cxnmGAAQ,0.0,0,0.0,7604.0,0,0,0,0,1,1,0,0,0,0,1,0,1
33020,0033800002cxo2rAAA,0.0,30,3981.0,1827.0,0,0,0,1,0,0,1,0,0,0,1,0,0
33022,0033800002cxoAOAAY,0.0,0,0.0,9514.0,0,0,0,1,0,0,1,0,0,0,0,1,0
33030,0033800002cxob7AAA,0.0,40,178.0,9498.0,0,1,0,0,0,1,0,0,0,0,0,1,1
33031,0033800002cxobvAAA,0.0,0,39.0,1278.0,0,0,0,1,0,0,0,0,1,0,0,1,1
33034,0033800002cxp74AAA,0.0,0,329.0,3256.0,1,0,0,0,0,1,0,0,0,0,0,1,1
33037,0033800002cxpEUAAY,0.0,0,0.0,8188.0,0,0,0,0,1,1,0,0,0,0,0,1,1
33040,0033800002cxpjsAAA,0.0,0,0.0,8339.0,1,0,0,0,0,0,0,0,0,1,0,1,1
33041,0033800002cxq9vAAA,0.0,0,0.0,2922.0,0,0,0,1,0,0,0,0,0,1,1,0,0
33047,0033800002cxqMwAAI,0.0,0,0.0,1460.0,1,0,0,0,0,0,0,0,1,0,0,1,0
33050,0033800002cxqXwAAI,0.0,20,3885.0,4377.0,1,0,0,0,0,0,1,0,0,0,0,1,1
33057,0033800002cxr3cAAA,0.0,0,0.0,7807.0,0,0,0,0,1,0,1,0,0,0,1,0,1
33059,0033800002cxr73AAA,0.0,0,0.0,2630.0,0,0,0,1,0,1,0,0,0,0,0,1,1
33063,0033800002cxrrGAAQ,0.0,0,2154.0,1219.0,0,0,0,1,0,0,1,0,0,0,0,1,1
33065,0033800002cxrsEAAQ,0.0,0,186.0,2330.0,0,0,0,1,0,0,1,0,0,0,0,1,1
33067,0033800002cxs6XAAQ,0.0,0,1461.0,1461.0,0,0,0,0,1,0,0,0,1,0,1,0,1
33070,0033800002cxsGQAAY,0.0,0,85.0,1461.0,0,0,0,1,0,1,0,0,0,0,0,1,1
33099,0033800002cxsGuAAI,0.0,0,8115.0,1580.0,0,0,0,1,0,1,0,0,0,0,1,0,1
33102,0033800002cxsGxAAI,0.0,80,2404.0,2192.0,1,0,0,0,0,0,0,0,0,1,0,1,1
33110,0033800002cxsH5AAI,0.0,0,414.0,1735.0,0,0,0,1,0,0,0,0,0,1,0,1,1
33119,0033800002cxsHFAAY,0.0,90,571.0,9315.0,0,1,0,0,0,0,1,0,0,0,0,1,1
33120,0033800002cxsHGAAY,0.0,0,1242.0,2861.0,0,0,0,1,0,0,1,0,0,0,0,1,1
33123,0033800002cxsh5AAA,0.0,0,0.0,2191.0,1,0,0,0,0,0,0,0,0,1,1,0,0
33134,0033800002cxtvZAAQ,0.0,0,5622.0,607.0,0,0,0,0,1,0,0,0,0,1,1,0,1
33136,0033800002cxtyiAAA,0.0,0,4319.0,463.0,0,0,0,0,1,0,1,0,0,0,1,0,1
33137,0033800002cxu3nAAA,0.0,0,0.0,1263.0,0,0,0,1,0,0,1,0,0,0,1,0,1
33139,0033800002cxuHVAAY,0.0,0,0.0,1826.0,0,0,0,0,1,1,0,0,0,0,0,1,1
33140,0033800002cxuNzAAI,0.0,0,0.0,7310.0,0,0,0,0,1,1,0,0,0,0,1,0,0
33146,0033800002cxuyjAAA,0.0,0,0.0,14574.0,0,0,0,1,0,0,0,0,0,1,0,1,1
33153,0033800002cxvHCAAY,0.0,0,0.0,7359.0,0,0,0,0,1,0,0,0,0,1,1,0,1
33155,0033800002cxvL9AAI,0.0,0,1978.0,12822.0,0,1,0,0,0,1,0,0,0,0,0,1,1
33162,0033800002cxvfxAAA,0.0,100,915.0,8697.0,1,0,0,0,0,0,0,1,0,0,0,1,1
33164,0033800002cxvihAAA,0.0,0,0.0,7809.0,0,0,0,1,0,0,1,0,0,0,0,1,1
33171,0033800002cxwLOAAY,0.0,90,1219.0,7957.0,0,1,0,0,0,0,1,0,0,0,0,1,1
33174,0033800002cxwbQAAQ,0.0,0,0.0,10528.0,0,0,0,1,0,0,1,0,0,0,0,1,1
33175,0033800002cxwggAAA,0.0,0,0.0,2192.0,0,0,0,1,0,0,1,0,0,0,0,1,1
33176,0033800002cxx6xAAA,0.0,0,0.0,9016.0,0,1,0,0,0,0,1,0,0,0,0,1,1
33179,0033800002cxxOSAAY,0.0,100,320.0,4229.0,0,0,0,1,0,0,0,0,1,0,0,1,0
33180,0033800002cxxbKAAQ,0.0,0,4147.0,2568.0,0,1,0,0,0,0,1,0,0,0,0,1,0
33181,0033800002cxxdaAAA,0.0,60,383.0,3593.0,0,0,0,1,0,0,0,0,1,0,0,1,0
33189,0033800002cxyvKAAQ,0.0,0,0.0,3733.0,0,0,0,1,0,1,0,0,0,0,0,1,1
33192,0033800002cxzRPAAY,0.0,30,579.0,2922.0,1,0,0,0,0,0,1,0,0,0,0,1,0
33198,0033800002cy0I6AAI,0.0,0,368.0,10164.0,0,0,0,1,0,0,1,0,0,0,0,1,1
33204,0033800002cy0nnAAA,0.0,0,0.0,8781.0,0,0,0,1,0,0,1,0,0,0,0,1,1
33206,0033800002cy0uyAAA,0.0,20,7626.0,353.0,0,0,0,1,0,0,0,0,1,0,0,1,0
33210,0033800002cy1EXAAY,0.0,0,31.0,8569.0,1,0,0,0,0,1,0,0,0,0,0,1,1
33216,0033800002cy1bgAAA,0.0,0,0.0,4867.0,1,0,0,0,0,0,1,0,0,0,0,1,0
33219,0033800002cy1coAAA,0.0,0,0.0,8808.0,1,0,0,0,0,0,1,0,0,0,0,1,1
33222,0033800002cy1ozAAA,0.0,0,13.0,2927.0,0,0,0,1,0,0,0,0,1,0,0,1,1
33223,0033800002cy1p4AAA,0.0,0,0.0,4119.0,0,0,0,1,0,0,1,0,0,0,0,1,1
33225,0033800002cy1uYAAQ,0.0,10,3413.0,2134.0,0,0,0,1,0,0,0,0,0,1,0,1,1
33231,0033800002cy2D7AAI,0.0,0,0.0,1579.0,0,0,0,1,0,0,1,0,0,0,0,1,0
33237,0033800002cy2UeAAI,0.0,0,0.0,9152.0,1,0,0,0,0,1,0,0,0,0,0,1,1
33241,0033800002cy2dlAAA,0.0,0,0.0,4158.0,0,0,0,1,0,0,1,0,0,0,0,1,0
33242,0033800002cy2eKAAQ,0.0,0,28.0,4347.0,0,0,0,0,1,1,0,0,0,0,0,1,1
33246,0033800002cy2sVAAQ,0.0,0,0.0,7308.0,0,0,0,1,0,0,0,0,1,0,0,1,0
33251,0033800002cy3NmAAI,0.0,30,2596.0,3639.0,1,0,0,0,0,1,0,0,0,0,0,1,1
33252,0033800002cy3RUAAY,0.0,70,7258.0,3816.0,0,0,0,1,0,0,1,0,0,0,1,0,1
33253,0033800002cy3S8AAI,0.0,0,0.0,10727.0,0,1,0,0,0,0,1,0,0,0,0,1,0
33254,0033800002cy3SDAAY,0.0,100,1194.0,2299.0,0,1,0,0,0,0,1,0,0,0,0,1,1
33261,0033800002cy49qAAA,0.0,0,2.0,2761.0,0,1,0,0,0,0,1,0,0,0,0,1,1
33262,0033800002cy4CHAAY,0.0,90,1310.0,7410.0,0,1,0,0,0,0,1,0,0,0,0,1,1
33263,0033800002cy4CMAAY,0.0,0,0.0,1461.0,0,0,0,1,0,0,1,0,0,0,1,0,1
33268,0033800002cy4V1AAI,0.0,0,0.0,6067.0,0,0,0,1,0,0,1,0,0,0,0,1,1
33269,0033800002cy4cKAAQ,0.0,0,8379.0,600.0,0,0,0,1,0,1,0,0,0,0,0,1,0
33271,0033800002cy4g9AAA,0.0,100,245.0,3291.0,0,1,0,0,0,0,0,0,1,0,1,0,0
33277,0033800002cy5jOAAQ,0.0,0,0.0,7405.0,1,0,0,0,0,0,1,0,0,0,0,1,1
33280,0033800002cy5wWAAQ,0.0,0,2379.0,2906.0,0,1,0,0,0,0,1,0,0,0,0,1,1
33282,0033800002cy5wYAAQ,0.0,0,74.0,1586.0,0,0,0,1,0,0,1,0,0,0,0,1,1
33284,0033800002cy5waAAA,0.0,0,4319.0,7315.0,0,0,0,1,0,0,1,0,0,0,0,1,1
33286,0033800002cy5weAAA,0.0,0,0.0,7315.0,1,0,0,0,0,0,1,0,0,0,0,1,0
33288,0033800002cy6A8AAI,0.0,0,0.0,7475.0,0,0,0,1,0,0,0,0,0,1,0,1,0
33301,0033800002cy7UBAAY,0.0,0,0.0,10229.0,0,0,0,0,1,1,0,0,0,0,0,1,1
33302,0033800002cy7dNAAQ,0.0,0,0.0,7467.0,0,0,0,1,0,0,1,0,0,0,0,1,1
33303,0033800002cy7drAAA,0.0,100,0.0,8011.0,1,0,0,0,0,0,0,0,0,1,0,1,1
33306,0033800002cy7guAAA,0.0,80,1888.0,8044.0,0,1,0,0,0,0,1,0,0,0,0,1,1
33307,0033800002cy7h4AAA,0.0,0,0.0,8786.0,0,0,0,0,1,0,1,0,0,0,0,1,0
33308,0033800002cy7hnAAA,0.0,0,4075.0,1664.0,1,0,0,0,0,0,1,0,0,0,1,0,1
33310,0033800002cy7yFAAQ,0.0,0,0.0,2752.0,0,0,0,1,0,0,1,0,0,0,0,1,1
33317,0033800002cy8PgAAI,0.0,0,8063.0,1456.0,0,0,0,0,1,0,0,0,1,0,1,0,1
33328,0033800002cy9UAAAY,0.0,0,0.0,2994.0,0,0,0,1,0,0,1,0,0,0,0,1,0
33329,0033800002cy9UKAAY,0.0,0,0.0,4580.0,0,0,0,1,0,0,1,0,0,0,0,1,1
33332,0033800002cy9fqAAA,0.0,20,2681.0,10287.0,0,0,0,0,1,1,0,0,0,0,0,1,1
33339,0033800002cyARnAAM,0.0,0,12.0,1174.0,0,0,0,1,0,0,1,0,0,0,0,1,1
33340,0033800002cyAxTAAU,0.0,0,0.0,8225.0,0,1,0,0,0,0,1,0,0,0,0,1,0
33343,0033800002cyBXBAA2,0.0,0,0.0,3079.0,0,1,0,0,0,0,0,0,0,1,0,1,1
33351,0033800002cyBmHAAU,0.0,0,3787.0,294.0,0,1,0,0,0,0,0,0,0,1,0,1,1
33353,0033800002cyBrXAAU,0.0,0,0.0,12149.0,0,0,0,0,1,0,0,1,0,0,0,1,1
33364,0033800002cyDdzAAE,0.0,0,8795.0,1461.0,0,0,0,1,0,0,0,0,0,1,0,1,0
33368,0033800002cyDu1AAE,0.0,0,0.0,1826.0,0,0,0,1,0,0,1,0,0,0,0,1,0
33369,0033800002cyDy3AAE,0.0,0,0.0,8325.0,1,0,0,0,0,0,1,0,0,0,0,1,1
33373,0033800002cyE8CAAU,0.0,50,609.0,9601.0,0,1,0,0,0,0,1,0,0,0,0,1,1
33374,0033800002cyEASAA2,0.0,0,73.0,1754.0,0,0,0,1,0,0,1,0,0,0,0,1,0
33377,0033800002cyENLAA2,0.0,0,0.0,7260.0,0,0,0,1,0,0,1,0,0,0,0,1,1
33379,0033800002cyEPvAAM,0.0,30,2944.0,1387.0,0,0,0,1,0,0,1,0,0,0,0,1,1
33381,0033800002cyETEAA2,0.0,0,6135.0,3580.0,0,1,0,0,0,0,1,0,0,0,0,1,1
33383,0033800002cyEXzAAM,0.0,80,854.0,12326.0,0,1,0,0,0,0,1,0,0,0,1,0,1
33386,0033800002cyEd9AAE,0.0,80,1344.0,1535.0,0,1,0,0,0,0,0,0,1,0,0,1,1
33388,0033800002cyEpZAAU,0.0,0,1072.0,4597.0,0,0,0,0,1,0,1,0,0,0,0,1,1
33389,0033800002cyErVAAU,0.0,0,496.0,7399.0,1,0,0,0,0,1,0,0,0,0,1,0,0
33391,0033800002cyEtMAAU,0.0,70,1430.0,5463.0,0,1,0,0,0,0,0,0,0,1,0,1,1
33394,0033800002cyF1fAAE,0.0,0,0.0,1982.0,1,0,0,0,0,0,0,0,0,1,1,0,1
33395,0033800002cyF6zAAE,0.0,0,0.0,7243.0,0,1,0,0,0,0,0,0,1,0,0,1,1
33397,0033800002cyFK4AAM,0.0,90,0.0,5943.0,0,1,0,0,0,0,1,0,0,0,0,1,0
33398,0033800002cyFLWAA2,0.0,0,6962.0,7464.0,0,0,0,1,0,0,0,0,1,0,0,1,0
33404,0033800002cyGHvAAM,0.0,0,0.0,5251.0,0,0,0,1,0,0,1,0,0,0,0,1,1
33406,0033800002cyGMMAA2,0.0,0,2595.0,2115.0,0,1,0,0,0,1,0,0,0,0,1,0,1
33410,0033800002cyGnkAAE,0.0,0,0.0,7667.0,1,0,0,0,0,0,1,0,0,0,0,1,1
33412,0033800002cyGzqAAE,0.0,0,0.0,2686.0,0,0,0,1,0,0,1,0,0,0,0,1,1
33420,0033800002cyIu2AAE,0.0,0,0.0,2496.0,1,0,0,0,0,0,1,0,0,0,0,1,0
33421,0033800002cyIyEAAU,0.0,0,0.0,8176.0,0,0,0,1,0,0,1,0,0,0,0,1,1
33424,0033800002cyJIuAAM,0.0,0,11462.0,857.0,0,0,0,0,1,0,1,0,0,0,0,1,1
33429,0033800002cyJYUAA2,0.0,0,0.0,2192.0,0,0,0,1,0,1,0,0,0,0,0,1,1
33433,0033800002cyJhsAAE,0.0,0,0.0,5324.0,0,0,0,1,0,0,1,0,0,0,0,1,0
33437,0033800002cyJm4AAE,0.0,0,497.0,1460.0,0,0,0,1,0,0,0,0,1,0,0,1,1
33443,0033800002d2l51AAA,0.0,0,0.0,2225.0,0,0,0,1,0,0,1,0,0,0,0,1,1
33444,0033800002d2lAbAAI,0.0,0,1195.0,2902.0,1,0,0,0,0,0,0,0,0,1,0,1,1
33447,0033800002d2m1UAAQ,0.0,0,0.0,11126.0,0,1,0,0,0,0,1,0,0,0,0,1,0
33448,0033800002d2mjmAAA,0.0,0,0.0,7387.0,1,0,0,0,0,0,0,0,0,1,0,1,1
33453,0033800002d2n4NAAQ,0.0,40,4403.0,1338.0,0,0,0,1,0,0,1,0,0,0,1,0,1
33456,0033800002d2o39AAA,0.0,30,4392.0,2131.0,1,0,0,0,0,0,1,0,0,0,1,0,1
33461,0033800002d2oAUAAY,0.0,0,45.0,1208.0,0,1,0,0,0,0,1,0,0,0,0,1,1
33462,0033800002d2oBIAAY,0.0,0,99.0,3957.0,0,0,0,1,0,0,1,0,0,0,0,1,0
33463,0033800002d2oBXAAY,0.0,0,4374.0,2070.0,0,0,0,1,0,0,1,0,0,0,0,1,1
33465,0033800002d2oCfAAI,0.0,0,561.0,2102.0,1,0,0,0,0,1,0,0,0,0,0,1,1
33466,0033800002d2oCkAAI,0.0,50,4789.0,1826.0,0,0,0,0,1,0,0,0,1,0,0,1,1
33468,0033800002d2oDxAAI,0.0,0,12513.0,1035.0,0,0,0,1,0,0,1,0,0,0,0,1,0
33470,0033800002d2oFAAAY,0.0,0,3265.0,8492.0,0,1,0,0,0,0,1,0,0,0,0,1,1
33471,0033800002d2oFtAAI,0.0,60,1712.0,2617.0,0,1,0,0,0,0,1,0,0,0,0,1,1
33472,0033800002d2oH1AAI,0.0,90,244.0,9952.0,0,0,0,0,1,0,1,0,0,0,0,1,1
33475,0033800002d2oJHAAY,0.0,80,1110.0,1461.0,0,0,0,1,0,0,1,0,0,0,1,0,1
33478,0033800002d2oTvAAI,0.0,0,2772.0,7180.0,0,1,0,0,0,0,1,0,0,0,0,1,1
33479,0033800002d2oYdAAI,0.0,0,2055.0,2403.0,0,1,0,0,0,1,0,0,0,0,0,1,1
33482,0033800002d2otzAAA,0.0,0,3775.0,1431.0,0,0,0,1,0,0,1,0,0,0,0,1,1
33484,0033800002d2ov2AAA,0.0,0,0.0,2830.0,0,0,0,1,0,0,0,0,0,1,0,1,1
33485,0033800002d2owtAAA,0.0,0,397.0,1277.0,0,0,0,1,0,0,0,0,0,1,0,1,1
33487,0033800002d2p8fAAA,0.0,0,11885.0,3401.0,0,0,0,1,0,0,0,0,0,1,0,1,0
33489,0033800002d2pDVAAY,0.0,0,10577.0,1461.0,1,0,0,0,0,0,0,0,1,0,0,1,1
33495,0033800002d2prbAAA,0.0,90,307.0,4720.0,1,0,0,0,0,0,1,0,0,0,0,1,1
33497,0033800002d2r48AAA,0.0,0,1854.0,2768.0,0,1,0,0,0,0,0,0,0,1,0,1,1
33500,0033800002d2rOGAAY,0.0,0,0.0,2499.0,0,1,0,0,0,0,1,0,0,0,0,1,1
33501,0033800002d2rPLAAY,0.0,0,0.0,10620.0,1,0,0,0,0,0,1,0,0,0,0,1,1
33504,0033800002d2rejAAA,0.0,10,3419.0,611.0,0,1,0,0,0,0,1,0,0,0,0,1,1
33507,0033800002d2s5NAAQ,0.0,0,0.0,9128.0,0,0,0,1,0,0,1,0,0,0,1,0,1
33509,0033800002d2sDYAAY,0.0,0,0.0,8471.0,0,1,0,0,0,0,0,0,0,1,0,1,0
33510,0033800002d2sLCAAY,0.0,0,0.0,7429.0,0,0,0,1,0,0,1,0,0,0,0,1,1
33512,0033800002d2sjGAAQ,0.0,0,0.0,1431.0,0,0,0,1,0,0,0,0,1,0,0,1,0
33514,0033800002d2ssDAAQ,0.0,0,0.0,7314.0,0,1,0,0,0,0,0,0,1,0,0,1,0
33515,0033800002d2szLAAQ,0.0,0,0.0,5057.0,0,0,0,0,1,0,1,0,0,0,0,1,1
33516,0033800002d2szfAAA,0.0,0,63.0,8735.0,0,0,0,0,1,0,0,0,0,1,0,1,1
33517,0033800002d2t0nAAA,0.0,0,0.0,2586.0,0,0,0,1,0,0,0,0,0,1,0,1,0
33520,0033800002d2tVHAAY,0.0,10,0.0,9300.0,0,0,0,0,1,1,0,0,0,0,0,1,0
33521,0033800002d2tVqAAI,0.0,40,6490.0,3295.0,0,0,0,1,0,1,0,0,0,0,0,1,1
33522,0033800002d2tWAAAY,0.0,0,0.0,1460.0,0,0,0,0,1,0,1,0,0,0,0,1,1
33523,0033800002d2tZTAAY,0.0,10,1048.0,3148.0,0,0,0,1,0,0,1,0,0,0,0,1,1
33526,0033800002d2tm3AAA,0.0,0,0.0,7672.0,0,0,0,1,0,0,1,0,0,0,0,1,0
33533,0033800002d2uG6AAI,0.0,0,0.0,8962.0,0,1,0,0,0,0,1,0,0,0,0,1,1
33538,0033800002d2uNYAAY,0.0,70,0.0,584.0,0,0,0,1,0,0,1,0,0,0,0,1,0
33539,0033800002d2uQNAAY,0.0,0,0.0,7319.0,0,0,0,0,1,0,1,0,0,0,0,1,1
33540,0033800002d2uQmAAI,0.0,0,0.0,7322.0,0,0,0,1,0,0,0,0,0,1,0,1,1
33543,0033800002d2ullAAA,0.0,0,11.0,2217.0,0,0,0,1,0,0,0,0,1,0,0,1,1
33547,0033800002d2vNPAAY,0.0,0,0.0,6483.0,0,0,0,1,0,0,1,0,0,0,0,1,1
33549,0033800002d2vRFAAY,0.0,0,0.0,1279.0,0,1,0,0,0,0,1,0,0,0,1,0,1
33550,0033800002d2vdzAAA,0.0,0,0.0,4773.0,0,0,0,1,0,0,1,0,0,0,0,1,1
33551,0033800002d2vm7AAA,0.0,0,5146.0,2220.0,0,0,0,0,1,0,1,0,0,0,1,0,0
33562,0033800002d2wLXAAY,0.0,0,950.0,4383.0,1,0,0,0,0,0,1,0,0,0,0,1,0
33564,0033800002d2wTlAAI,0.0,0,4901.0,1993.0,0,0,0,0,1,0,1,0,0,0,0,1,1
33565,0033800002d2wt8AAA,0.0,0,0.0,6562.0,0,0,0,1,0,0,1,0,0,0,0,1,1
33568,0033800002d2xDZAAY,0.0,0,0.0,4779.0,0,1,0,0,0,1,0,0,0,0,0,1,0
33571,0033800002d2xRHAAY,0.0,0,0.0,7311.0,0,1,0,0,0,0,1,0,0,0,0,1,0
33576,0033800002d2xYrAAI,0.0,80,0.0,1460.0,0,0,0,1,0,0,1,0,0,0,1,0,1
33581,0033800002d2xkuAAA,0.0,0,0.0,8411.0,0,0,0,1,0,0,1,0,0,0,0,1,0
33585,0033800002d2y32AAA,0.0,0,0.0,4275.0,0,0,0,1,0,0,1,0,0,0,0,1,1
33588,0033800002d2yoVAAQ,0.0,0,0.0,3120.0,0,1,0,0,0,1,0,0,0,0,0,1,1
33589,0033800002d2yzIAAQ,0.0,0,0.0,7350.0,0,0,0,1,0,0,1,0,0,0,0,1,1
33591,0033800002d2zHMAAY,0.0,0,1598.0,1215.0,0,0,0,1,0,1,0,0,0,0,0,1,0
33592,0033800002d2zYgAAI,0.0,60,9334.0,1532.0,0,0,0,1,0,0,0,0,0,1,0,1,0
33593,0033800002d2zdbAAA,0.0,0,0.0,3913.0,0,1,0,0,0,0,1,0,0,0,0,1,1
33596,0033800002d2zn0AAA,0.0,0,0.0,3601.0,0,0,0,1,0,0,0,0,1,0,0,1,0
33599,0033800002d2zr7AAA,0.0,0,0.0,9798.0,1,0,0,0,0,0,0,0,0,1,0,1,0
33601,0033800002d306wAAA,0.0,0,0.0,2036.0,0,0,0,1,0,0,1,0,0,0,0,1,0
33602,0033800002d307GAAQ,0.0,30,360.0,1460.0,0,0,0,1,0,0,0,0,1,0,1,0,1
33605,0033800002d30CQAAY,0.0,0,0.0,7762.0,0,0,0,1,0,0,1,0,0,0,0,1,0
33608,0033800002d30TlAAI,0.0,0,63.0,3213.0,0,1,0,0,0,1,0,0,0,0,1,0,0
33610,0033800002d30XJAAY,0.0,0,62.0,2191.0,0,0,0,1,0,1,0,0,0,0,1,0,0
33611,0033800002d30cIAAQ,0.0,0,0.0,8797.0,1,0,0,0,0,1,0,0,0,0,0,1,1
33614,0033800002d30p1AAA,0.0,0,0.0,9863.0,0,1,0,0,0,0,1,0,0,0,0,1,1
33615,0033800002d30pBAAQ,0.0,0,1378.0,7308.0,1,0,0,0,0,0,1,0,0,0,0,1,1
33620,0033800002d32ilAAA,0.0,0,0.0,8227.0,0,0,0,1,0,0,1,0,0,0,0,1,1
33623,0033800002d33NPAAY,0.0,0,1804.0,2606.0,0,0,0,1,0,0,1,0,0,0,0,1,1
33629,0033800002d342IAAQ,0.0,0,6034.0,2777.0,0,0,0,1,0,0,1,0,0,0,0,1,1
33633,0033800002d35J9AAI,0.0,0,0.0,9519.0,0,0,0,0,1,0,1,0,0,0,0,1,1
33636,0033800002d35N1AAI,0.0,0,0.0,2358.0,0,0,0,1,0,0,1,0,0,0,0,1,1
33637,0033800002d35RwAAI,0.0,0,0.0,9664.0,0,0,0,1,0,0,1,0,0,0,0,1,0
33638,0033800002d35UgAAI,0.0,70,712.0,1227.0,0,0,0,1,0,0,1,0,0,0,0,1,0
33639,0033800002d35m3AAA,0.0,0,0.0,9710.0,0,0,0,0,1,1,0,0,0,0,0,1,0
33641,0033800002d35oiAAA,0.0,0,0.0,10468.0,1,0,0,0,0,0,1,0,0,0,0,1,1
33645,0033800002d36PiAAI,0.0,0,0.0,2363.0,0,0,0,1,0,0,1,0,0,0,0,1,1
33647,0033800002d36b0AAA,0.0,0,0.0,8498.0,1,0,0,0,0,1,0,0,0,0,0,1,0
33649,0033800002d36k7AAA,0.0,0,0.0,14017.0,0,0,1,0,0,0,0,0,0,1,1,0,0
33650,0033800002d36k8AAA,0.0,0,0.0,11695.0,0,0,0,0,1,0,0,0,0,1,1,0,0
33653,0033800002d36kBAAQ,0.0,0,0.0,9329.0,0,0,0,1,0,0,0,0,0,1,0,1,0
33654,0033800002d36kCAAQ,0.0,0,0.0,2191.0,0,0,0,1,0,0,0,0,0,1,0,1,0
33655,0033800002d36kDAAQ,0.0,0,0.0,1825.0,0,1,0,0,0,0,0,0,0,1,1,0,0
33659,0033800002d36kHAAQ,0.0,0,0.0,5563.0,0,1,0,0,0,0,0,0,1,0,0,1,0
33662,0033800002d36kKAAQ,0.0,0,0.0,7305.0,0,0,0,1,0,0,0,0,0,1,0,1,1
33665,0033800002d36kNAAQ,0.0,0,0.0,7603.0,0,0,0,1,0,0,0,0,0,1,1,0,1
33669,0033800002d36kRAAQ,0.0,0,0.0,2092.0,1,0,0,0,0,0,0,0,0,1,1,0,1
33672,0033800002d36riAAA,0.0,0,0.0,7312.0,0,1,0,0,0,0,1,0,0,0,0,1,1
33673,0033800002d36z2AAA,0.0,0,0.0,2348.0,0,0,0,1,0,0,1,0,0,0,0,1,0
33676,0033800002d372QAAQ,0.0,0,67.0,2556.0,0,1,0,0,0,0,1,0,0,0,0,1,1
33678,0033800002d37L4AAI,0.0,0,0.0,7636.0,0,0,0,1,0,1,0,0,0,0,0,1,1
33682,0033800002d37mVAAQ,0.0,0,190.0,9963.0,0,0,0,1,0,0,1,0,0,0,0,1,0
33685,0033800002d384DAAQ,0.0,0,0.0,2734.0,0,0,0,1,0,0,0,0,0,1,0,1,1
33687,0033800002d38BHAAY,0.0,0,0.0,2549.0,0,0,0,1,0,0,0,0,0,1,0,1,1
33695,0033800002d39YaAAI,0.0,0,0.0,8911.0,0,0,0,1,0,0,1,0,0,0,0,1,1
33697,0033800002d39lLAAQ,0.0,0,0.0,1268.0,0,1,0,0,0,0,1,0,0,0,0,1,1
33700,0033800002d39mGAAQ,0.0,0,63.0,2312.0,0,0,0,1,0,0,1,0,0,0,1,0,1
33701,0033800002d39mHAAQ,0.0,0,0.0,7312.0,0,0,0,1,0,0,1,0,0,0,0,1,0
33702,0033800002d39mIAAQ,0.0,0,0.0,8866.0,0,0,0,0,1,0,1,0,0,0,0,1,1
33704,0033800002d39mKAAQ,0.0,0,0.0,2191.0,0,1,0,0,0,0,1,0,0,0,0,1,0
33705,0033800002d39mLAAQ,0.0,0,0.0,2257.0,1,0,0,0,0,0,1,0,0,0,1,0,1
33706,0033800002d39mMAAQ,0.0,0,0.0,8913.0,0,1,0,0,0,0,1,0,0,0,0,1,1
33709,0033800002d39mPAAQ,0.0,0,0.0,14610.0,0,1,0,0,0,0,1,0,0,0,0,1,0
33710,0033800002d39mQAAQ,0.0,0,0.0,10327.0,0,1,0,0,0,0,1,0,0,0,1,0,0
33711,0033800002d39mlAAA,0.0,0,3157.0,1461.0,0,1,0,0,0,0,0,0,0,1,0,1,1
33712,0033800002d39nAAAQ,0.0,0,1741.0,1422.0,0,1,0,0,0,0,0,1,0,0,0,1,1
33713,0033800002d39t8AAA,0.0,0,0.0,3045.0,1,0,0,0,0,0,1,0,0,0,0,1,0
33714,0033800002d39xAAAQ,0.0,0,8991.0,1460.0,0,0,0,0,1,0,0,0,0,1,1,0,1
33722,0033800002d3AqFAAU,0.0,90,2054.0,8148.0,0,1,0,0,0,0,1,0,0,0,0,1,1
33725,0033800002d3B9HAAU,0.0,80,770.0,8068.0,0,0,0,0,1,0,1,0,0,0,0,1,1
33728,0033800002d3BZRAA2,0.0,60,1349.0,8058.0,0,1,0,0,0,1,0,0,0,0,0,1,1
33730,0033800002d3BiAAAU,0.0,80,407.0,3422.0,0,0,0,1,0,0,0,0,1,0,0,1,0
33731,0033800002d3BiZAAU,0.0,0,0.0,1405.0,0,0,0,1,0,0,1,0,0,0,0,1,1
33733,0033800002d3C2jAAE,0.0,0,0.0,7278.0,0,0,0,1,0,0,1,0,0,0,0,1,1
33734,0033800002d3CAJAA2,0.0,0,0.0,7831.0,0,0,0,1,0,0,0,0,1,0,0,1,0
33735,0033800002d3COuAAM,0.0,0,0.0,1420.0,0,0,0,1,0,0,1,0,0,0,0,1,0
33737,0033800002d3CXSAA2,0.0,0,0.0,10245.0,0,0,0,0,1,0,0,0,0,1,1,0,1
33738,0033800002d3Ce0AAE,0.0,0,0.0,5092.0,0,0,0,1,0,0,1,0,0,0,1,0,0
33739,0033800002d3Co6AAE,0.0,0,0.0,5608.0,0,1,0,0,0,0,1,0,0,0,0,1,1
33740,0033800002d3Cq1AAE,0.0,0,0.0,4383.0,0,0,0,1,0,0,1,0,0,0,0,1,1
33741,0033800002d3CuSAAU,0.0,0,0.0,2786.0,0,0,0,1,0,0,1,0,0,0,0,1,0
33742,0033800002d3CzHAAU,0.0,0,0.0,1460.0,0,1,0,0,0,0,1,0,0,0,0,1,1
33743,0033800002d3D3OAAU,0.0,0,0.0,7330.0,0,1,0,0,0,0,0,0,0,1,1,0,0
33745,0033800002d3D6cAAE,0.0,0,0.0,2698.0,0,0,0,1,0,0,1,0,0,0,0,1,1
33747,0033800002d3DEvAAM,0.0,0,732.0,5750.0,0,1,0,0,0,0,0,0,1,0,0,1,1
33748,0033800002d3DZPAA2,0.0,0,0.0,1788.0,0,1,0,0,0,0,1,0,0,0,1,0,1
33749,0033800002d3DghAAE,0.0,0,68.0,8276.0,1,0,0,0,0,1,0,0,0,0,0,1,1
33755,0033800002d3EeHAAU,0.0,0,345.0,8025.0,0,0,0,0,1,0,1,0,0,0,0,1,1
33756,0033800002d3EuxAAE,0.0,90,1389.0,1731.0,0,0,0,1,0,0,0,0,1,0,0,1,1
33759,0033800002d3F5dAAE,0.0,0,0.0,9526.0,0,1,0,0,0,0,1,0,0,0,0,1,1
33772,0033800002d3H8vAAE,0.0,0,0.0,7673.0,0,0,0,1,0,0,1,0,0,0,0,1,1
33773,0033800002d3HOPAA2,0.0,70,11727.0,355.0,0,1,0,0,0,1,0,0,0,0,1,0,0
33774,0033800002d3HRAAA2,0.0,0,14102.0,1461.0,0,0,0,1,0,0,0,0,0,1,0,1,1
33777,0033800002d3HoOAAU,0.0,0,0.0,6935.0,0,1,0,0,0,0,1,0,0,0,0,1,1
33779,0033800002d3I1DAAU,0.0,0,0.0,7477.0,0,0,0,1,0,0,0,0,1,0,1,0,1
33784,0033800002d3IkkAAE,0.0,0,0.0,5557.0,1,0,0,0,0,0,1,0,0,0,1,0,0
33791,0033800002d3Jj2AAE,0.0,60,2787.0,1856.0,0,1,0,0,0,0,0,0,0,1,0,1,0
33792,0033800002d3JyYAAU,0.0,0,0.0,1577.0,0,0,0,1,0,0,1,0,0,0,1,0,0
33796,0033800002d3KBcAAM,0.0,0,0.0,5582.0,0,1,0,0,0,0,1,0,0,0,1,0,1
33797,0033800002d3KJvAAM,0.0,0,0.0,7441.0,0,0,0,0,1,0,1,0,0,0,0,1,1
33800,0033800002d3KZyAAM,0.0,0,0.0,2526.0,0,0,0,1,0,0,1,0,0,0,0,1,1
33803,0033800002d3KuzAAE,0.0,0,9670.0,1460.0,0,0,0,0,1,1,0,0,0,0,1,0,0
33804,0033800002d3KyXAAU,0.0,100,0.0,8057.0,1,0,0,0,0,0,1,0,0,0,0,1,1
33809,0033800002d3LTPAA2,0.0,10,3141.0,275.0,0,1,0,0,0,0,0,0,1,0,0,1,1
33814,0033800002d3M1NAAU,0.0,0,0.0,8630.0,0,0,0,0,1,1,0,0,0,0,0,1,1
33815,0033800002d3MCgAAM,0.0,60,1423.0,4117.0,0,0,0,1,0,0,1,0,0,0,0,1,1
33816,0033800002d3MFaAAM,0.0,0,0.0,5539.0,0,1,0,0,0,0,1,0,0,0,0,1,1
33818,0033800002d3MNHAA2,0.0,100,892.0,8907.0,0,1,0,0,0,0,1,0,0,0,1,0,0
33821,0033800002d3MXJAA2,0.0,0,1418.0,1096.0,0,0,0,1,0,0,0,0,0,1,0,1,0
33824,0033800002d3Mq6AAE,0.0,0,0.0,4508.0,0,0,0,0,1,0,1,0,0,0,0,1,1
33825,0033800002d3MqBAAU,0.0,0,39.0,8410.0,0,0,0,1,0,0,0,0,1,0,0,1,1
33826,0033800002d3Mr4AAE,0.0,0,0.0,1570.0,0,0,0,1,0,0,1,0,0,0,0,1,1
33830,0033800002d3MwDAAU,0.0,0,0.0,8687.0,0,0,0,0,1,0,0,0,0,1,0,1,1
33831,0033800002d3N14AAE,0.0,0,0.0,4089.0,0,0,0,1,0,0,1,0,0,0,0,1,0
33832,0033800002d3N2OAAU,0.0,80,0.0,3969.0,0,1,0,0,0,0,1,0,0,0,1,0,1
33835,0033800002d3NexAAE,0.0,0,0.0,11348.0,0,0,0,1,0,0,1,0,0,0,0,1,0
33837,0033800002d3O17AAE,0.0,0,0.0,8874.0,0,0,0,1,0,0,1,0,0,0,0,1,1
33839,0033800002d3OaIAAU,0.0,0,0.0,12283.0,0,1,0,0,0,0,1,0,0,0,0,1,1
33840,0033800002d3OnFAAU,0.0,0,8068.0,1460.0,1,0,0,0,0,0,0,0,1,0,1,0,0
33842,0033800002d3PBsAAM,0.0,100,741.0,1921.0,0,0,0,1,0,0,0,0,1,0,0,1,1
33844,0033800002d3PJSAA2,0.0,0,0.0,7240.0,0,1,0,0,0,1,0,0,0,0,1,0,1
33845,0033800002d3PTSAA2,0.0,0,543.0,1556.0,0,0,0,1,0,0,1,0,0,0,0,1,1
33847,0033800002d3PfnAAE,0.0,0,0.0,9338.0,1,0,0,0,0,1,0,0,0,0,0,1,1
33849,0033800002d3PrUAAU,0.0,0,0.0,7315.0,0,0,0,0,1,1,0,0,0,0,1,0,1
33850,0033800002d3Q07AAE,0.0,0,129.0,3562.0,0,0,0,1,0,0,1,0,0,0,1,0,1
33853,0033800002d3QmLAAU,0.0,0,5185.0,1430.0,0,1,0,0,0,0,0,1,0,0,1,0,0
33855,0033800002d3QvDAAU,0.0,0,0.0,9672.0,1,0,0,0,0,0,1,0,0,0,0,1,0
33856,0033800002d3QvSAAU,0.0,0,0.0,7330.0,0,1,0,0,0,0,1,0,0,0,0,1,1
33859,0033800002d3QwaAAE,0.0,0,0.0,7685.0,0,1,0,0,0,0,1,0,0,0,0,1,1
33861,0033800002d3R2MAAU,0.0,0,0.0,7331.0,0,0,0,1,0,0,1,0,0,0,0,1,0
33864,0033800002d3RLzAAM,0.0,0,0.0,1341.0,0,1,0,0,0,0,1,0,0,0,0,1,1
33867,0033800002d3RrsAAE,0.0,80,1377.0,7577.0,0,1,0,0,0,1,0,0,0,0,0,1,1
33869,0033800002d3RvCAAU,0.0,0,0.0,7073.0,0,0,0,0,1,0,1,0,0,0,0,1,1
33870,0033800002d3RxSAAU,0.0,0,0.0,1069.0,0,1,0,0,0,0,1,0,0,0,0,1,1
33871,0033800002d3S4YAAU,0.0,0,0.0,7323.0,1,0,0,0,0,0,1,0,0,0,0,1,1
33873,0033800002d3SETAA2,0.0,40,572.0,2891.0,0,0,0,1,0,0,0,0,0,1,0,1,1
33880,0033800002d3SzbAAE,0.0,70,2913.0,2891.0,1,0,0,0,0,0,1,0,0,0,0,1,0
33885,0033800002d3TFnAAM,0.0,0,0.0,1827.0,1,0,0,0,0,0,1,0,0,0,0,1,0
33887,0033800002d3TR5AAM,0.0,0,0.0,11310.0,0,1,0,0,0,0,1,0,0,0,0,1,0
33888,0033800002d3TSAAA2,0.0,100,57.0,7893.0,0,1,0,0,0,0,1,0,0,0,0,1,1
33900,0033800002d3TyqAAE,0.0,0,0.0,7316.0,1,0,0,0,0,0,1,0,0,0,0,1,1
33901,0033800002d3TzUAAU,0.0,100,0.0,1737.0,0,0,0,1,0,0,1,0,0,0,0,1,1
33903,0033800002d3U8LAAU,0.0,0,2098.0,2922.0,0,1,0,0,0,0,0,0,0,1,0,1,0
33904,0033800002dah0hAAA,0.0,80,2425.0,7414.0,0,1,0,0,0,0,1,0,0,0,0,1,1
33911,0033800002dahorAAA,0.0,0,0.0,8084.0,0,0,0,0,1,1,0,0,0,0,0,1,1
33913,0033800002dahv4AAA,0.0,0,0.0,3330.0,0,1,0,0,0,0,1,0,0,0,0,1,1
33915,0033800002dai9eAAA,0.0,40,1956.0,2881.0,0,0,0,0,1,0,0,0,1,0,0,1,0
33916,0033800002daiANAAY,0.0,0,0.0,2789.0,1,0,0,0,0,0,0,0,0,1,0,1,1
33917,0033800002daiGLAAY,0.0,0,3155.0,1461.0,0,0,0,0,1,0,0,0,0,1,0,1,0
33921,0033800002daiRzAAI,0.0,0,0.0,9577.0,0,1,0,0,0,0,1,0,0,0,0,1,1
33923,0033800002daifGAAQ,0.0,0,0.0,6009.0,0,0,0,1,0,0,1,0,0,0,0,1,0
33924,0033800002daiwvAAA,0.0,0,0.0,7383.0,1,0,0,0,0,0,1,0,0,0,0,1,0
33925,0033800002daiy8AAA,0.0,0,0.0,2192.0,0,0,0,1,0,0,1,0,0,0,0,1,0
33926,0033800002daizLAAQ,0.0,0,0.0,8412.0,1,0,0,0,0,0,1,0,0,0,0,1,0
33927,0033800002daj2KAAQ,0.0,0,0.0,8293.0,0,0,0,0,1,1,0,0,0,0,0,1,1
33928,0033800002daj5xAAA,0.0,0,1453.0,9832.0,1,0,0,0,0,0,1,0,0,0,0,1,0
33930,0033800002dajDTAAY,0.0,0,1089.0,7332.0,0,0,0,1,0,0,1,0,0,0,0,1,1
33933,0033800002dajVaAAI,0.0,0,0.0,3180.0,0,0,0,1,0,0,0,0,1,0,0,1,0
33934,0033800002dajXHAAY,0.0,60,0.0,9523.0,0,0,0,0,1,0,1,0,0,0,0,1,0
33935,0033800002dajdpAAA,0.0,0,3636.0,1460.0,0,0,0,0,1,0,0,0,0,1,1,0,1
33936,0033800002dajgoAAA,0.0,0,0.0,731.0,0,1,0,0,0,0,1,0,0,0,0,1,0
33938,0033800002dajxyAAA,0.0,0,0.0,5609.0,0,0,0,1,0,0,1,0,0,0,0,1,0
33939,0033800002dak1CAAQ,0.0,0,0.0,6939.0,0,0,0,0,1,0,0,1,0,0,0,1,1
33943,0033800002dakUWAAY,0.0,0,292.0,7736.0,1,0,0,0,0,0,1,0,0,0,0,1,1
33947,0033800002dakwkAAA,0.0,0,0.0,8150.0,0,1,0,0,0,1,0,0,0,0,0,1,1
33949,0033800002dal79AAA,0.0,0,3568.0,2039.0,0,0,0,0,1,0,1,0,0,0,1,0,1
33950,0033800002dal8TAAQ,0.0,70,2191.0,4018.0,1,0,0,0,0,0,0,0,0,1,1,0,0
33951,0033800002dal9bAAA,0.0,100,2924.0,2882.0,0,0,0,0,1,0,1,0,0,0,0,1,1
33953,0033800002dalHkAAI,0.0,0,0.0,11032.0,0,0,0,1,0,0,0,0,0,1,0,1,1
33955,0033800002dalZtAAI,0.0,10,7756.0,3287.0,1,0,0,0,0,0,1,0,0,0,0,1,0
33956,0033800002daldgAAA,0.0,0,0.0,2685.0,0,0,0,1,0,0,1,0,0,0,0,1,1
33963,0033800002dam6WAAQ,0.0,0,9.0,1460.0,0,1,0,0,0,0,0,0,0,1,0,1,1
33965,0033800002dam96AAA,0.0,0,3.0,2909.0,0,1,0,0,0,0,1,0,0,0,0,1,1
33970,0033800002damRVAAY,0.0,0,0.0,4608.0,0,1,0,0,0,0,1,0,0,0,0,1,0
33979,0033800002daoNfAAI,0.0,30,205.0,9517.0,0,0,0,0,1,0,1,0,0,0,1,0,1
33983,0033800002daoWQAAY,0.0,30,13157.0,432.0,0,1,0,0,0,0,1,0,0,0,0,1,0
33985,0033800002daoYMAAY,0.0,0,11703.0,1683.0,0,0,0,1,0,1,0,0,0,0,0,1,1
33986,0033800002daoacAAA,0.0,0,14193.0,898.0,0,0,0,1,0,1,0,0,0,0,0,1,1
33989,0033800002daog1AAA,0.0,0,14626.0,1017.0,0,0,0,1,0,1,0,0,0,0,0,1,0
33990,0033800002daogVAAQ,0.0,0,12080.0,2062.0,0,0,0,1,0,0,1,0,0,0,0,1,0
33991,0033800002daooaAAA,0.0,0,621.0,2681.0,0,0,0,1,0,0,0,0,1,0,0,1,0
33992,0033800002daopYAAQ,0.0,0,5487.0,1460.0,0,1,0,0,0,0,1,0,0,0,1,0,1
33994,0033800002daoz4AAA,0.0,0,0.0,2366.0,0,0,0,1,0,0,1,0,0,0,0,1,1
33995,0033800002dap0hAAA,0.0,0,3941.0,1621.0,0,1,0,0,0,0,1,0,0,0,1,0,0
33997,0033800002dapH1AAI,0.0,0,0.0,6025.0,0,0,0,1,0,0,0,0,1,0,0,1,1
33998,0033800002dapMHAAY,0.0,0,0.0,7313.0,0,0,0,1,0,0,0,0,0,1,0,1,1
34000,0033800002dapXpAAI,0.0,80,894.0,6448.0,0,0,0,1,0,0,1,0,0,0,1,0,0
34001,0033800002dapfoAAA,0.0,0,2229.0,1228.0,1,0,0,0,0,0,1,0,0,0,0,1,0
34002,0033800002daphQAAQ,0.0,0,0.0,4701.0,0,0,0,1,0,0,1,0,0,0,0,1,0
34003,0033800002daptHAAQ,0.0,0,1887.0,911.0,0,1,0,0,0,0,1,0,0,0,0,1,1
34005,0033800002daq2zAAA,0.0,0,0.0,10269.0,0,0,0,1,0,0,1,0,0,0,0,1,0
34006,0033800002daqFFAAY,0.0,30,242.0,5532.0,1,0,0,0,0,0,1,0,0,0,0,1,1
34007,0033800002daqFyAAI,0.0,0,0.0,1607.0,0,0,0,1,0,0,1,0,0,0,0,1,0
34009,0033800002daqMoAAI,0.0,0,4327.0,3061.0,0,0,0,0,1,0,1,0,0,0,1,0,1
34011,0033800002daqZiAAI,0.0,100,1320.0,3867.0,0,0,0,1,0,0,1,0,0,0,0,1,0
34012,0033800002daqcgAAA,0.0,0,0.0,7837.0,0,0,0,1,0,0,0,0,1,0,0,1,1
34013,0033800002daqgEAAQ,0.0,0,510.0,7607.0,0,0,0,0,1,0,1,0,0,0,0,1,1
34014,0033800002daqh2AAA,0.0,0,995.0,7321.0,0,0,0,0,1,0,0,0,0,1,1,0,0
34015,0033800002daqxIAAQ,0.0,0,0.0,7335.0,1,0,0,0,0,1,0,0,0,0,1,0,1
34016,0033800002daqyLAAQ,0.0,0,0.0,2192.0,0,0,0,1,0,1,0,0,0,0,0,1,0
34020,0033800002darRWAAY,0.0,90,541.0,6108.0,1,0,0,0,0,0,1,0,0,0,1,0,0
34025,0033800002darnpAAA,0.0,0,8454.0,2921.0,0,1,0,0,0,0,0,0,0,1,0,1,0
34026,0033800002daryhAAA,0.0,0,0.0,1456.0,0,1,0,0,0,0,1,0,0,0,1,0,1
34031,0033800002dasMNAAY,0.0,0,0.0,11491.0,0,0,0,1,0,0,1,0,0,0,0,1,0
34033,0033800002dasQ1AAI,0.0,0,0.0,4054.0,1,0,0,0,0,0,1,0,0,0,0,1,1
34034,0033800002dasWKAAY,0.0,0,0.0,7325.0,0,0,0,0,1,1,0,0,0,0,0,1,1
34037,0033800002dathgAAA,0.0,0,0.0,4404.0,0,1,0,0,0,0,0,0,0,1,1,0,1
34043,0033800002dauDOAAY,0.0,0,77.0,1468.0,0,1,0,0,0,0,0,0,0,1,1,0,1
34047,0033800002dauIxAAI,0.0,0,0.0,7333.0,0,1,0,0,0,1,0,0,0,0,0,1,1
34052,0033800002davQsAAI,0.0,0,0.0,3461.0,0,0,0,1,0,0,1,0,0,0,0,1,1
34054,0033800002davXHAAY,0.0,0,0.0,8403.0,0,0,0,1,0,0,1,0,0,0,0,1,1
34058,0033800002daw7tAAA,0.0,30,662.0,11714.0,0,0,0,0,1,0,0,0,0,1,0,1,1
34060,0033800002dawPSAAY,0.0,0,0.0,7349.0,1,0,0,0,0,1,0,0,0,0,0,1,0
34061,0033800002dawcvAAA,0.0,0,30.0,3645.0,0,1,0,0,0,1,0,0,0,0,0,1,1
34063,0033800002dawiJAAQ,0.0,0,0.0,3007.0,0,0,0,1,0,0,0,0,0,1,1,0,1
34075,0033800002daxl3AAA,0.0,0,53.0,8234.0,0,1,0,0,0,1,0,0,0,0,1,0,0
34079,0033800002daxwBAAQ,0.0,60,600.0,7329.0,0,1,0,0,0,1,0,0,0,0,0,1,1
34083,0033800002day7gAAA,0.0,0,0.0,10232.0,0,0,0,0,1,0,0,0,0,1,0,1,1
34086,0033800002dayTBAAY,0.0,0,14543.0,1096.0,0,1,0,0,0,0,1,0,0,0,1,0,0
34087,0033800002dayZsAAI,0.0,0,5128.0,3181.0,0,0,0,1,0,0,1,0,0,0,0,1,0
34088,0033800002dayksAAA,0.0,0,51.0,7335.0,0,0,0,1,0,0,0,0,0,1,0,1,0
34090,0033800002daysIAAQ,0.0,0,0.0,4546.0,1,0,0,0,0,1,0,0,0,0,0,1,0
34099,0033800002dazUyAAI,0.0,0,2517.0,2556.0,0,0,0,0,1,0,1,0,0,0,1,0,1
34104,0033800002db0CdAAI,0.0,0,0.0,6248.0,0,0,0,1,0,0,1,0,0,0,0,1,1
34105,0033800002db0DuAAI,0.0,0,0.0,8935.0,0,1,0,0,0,1,0,0,0,0,0,1,1
34106,0033800002db0GBAAY,0.0,10,360.0,1274.0,0,0,0,1,0,0,0,0,0,1,1,0,0
34113,0033800002db0VaAAI,0.0,10,5081.0,10456.0,0,1,0,0,0,0,0,0,1,0,0,1,1
34114,0033800002db0XjAAI,0.0,90,391.0,1199.0,0,0,0,1,0,0,0,0,1,0,0,1,1
34121,0033800002db0yiAAA,0.0,0,0.0,8408.0,0,1,0,0,0,1,0,0,0,0,0,1,1
34128,0033800002db1TXAAY,0.0,0,0.0,8420.0,0,0,0,0,1,0,1,0,0,0,0,1,1
34129,0033800002db1U6AAI,0.0,90,56.0,3188.0,0,0,0,0,1,1,0,0,0,0,1,0,1
34130,0033800002db1jhAAA,0.0,0,0.0,7382.0,0,1,0,0,0,1,0,0,0,0,0,1,1
34132,0033800002db1kGAAQ,0.0,0,1522.0,2461.0,0,0,0,0,1,0,1,0,0,0,0,1,0
34133,0033800002db1kpAAA,0.0,0,53.0,5855.0,0,0,0,1,0,1,0,0,0,0,0,1,0
34134,0033800002db1nMAAQ,0.0,0,0.0,10579.0,0,0,0,0,1,0,1,0,0,0,0,1,1
34136,0033800002db1uaAAA,0.0,0,0.0,9552.0,1,0,0,0,0,0,1,0,0,0,0,1,0
34137,0033800002db1vJAAQ,0.0,0,240.0,10957.0,0,0,0,0,1,0,1,0,0,0,0,1,1
34138,0033800002db1vOAAQ,0.0,100,419.0,7553.0,0,1,0,0,0,0,1,0,0,0,0,1,1
34139,0033800002db1vdAAA,0.0,60,1427.0,3288.0,0,1,0,0,0,0,1,0,0,0,1,0,0
34140,0033800002db1vnAAA,0.0,0,4019.0,1066.0,1,0,0,0,0,0,1,0,0,0,0,1,1
34141,0033800002db1wHAAQ,0.0,0,0.0,7310.0,1,0,0,0,0,0,0,0,1,0,0,1,0
34142,0033800002db1wgAAA,0.0,0,1336.0,1827.0,0,1,0,0,0,0,0,0,1,0,0,1,0
34145,0033800002db2M0AAI,0.0,0,0.0,2854.0,0,1,0,0,0,0,1,0,0,0,0,1,1
34146,0033800002db2cdAAA,0.0,0,55.0,6083.0,0,0,0,1,0,0,0,0,1,0,0,1,0
34147,0033800002db2dqAAA,0.0,0,0.0,5114.0,0,0,0,1,0,0,0,0,0,1,0,1,1
34148,0033800002db2fhAAA,0.0,0,0.0,2857.0,0,0,0,1,0,0,0,0,0,1,0,1,0
34153,0033800002db2lZAAQ,0.0,0,2.0,7318.0,0,0,0,1,0,0,0,1,0,0,0,1,1
34156,0033800002db2lcAAA,0.0,50,12633.0,478.0,1,0,0,0,0,0,1,0,0,0,0,1,1
34162,0033800002db2liAAA,0.0,80,770.0,4138.0,0,0,0,1,0,1,0,0,0,0,1,0,0
34168,0033800002dndzfAAA,0.0,70,300.0,2525.0,0,0,0,1,0,0,1,0,0,0,0,1,1
34170,0033800002dne7OAAQ,0.0,0,0.0,1633.0,0,0,0,1,0,0,0,0,1,0,0,1,0
34171,0033800002dne95AAA,0.0,0,0.0,3098.0,0,0,0,1,0,0,1,0,0,0,0,1,0
34172,0033800002dnf24AAA,0.0,100,7.0,6636.0,0,0,0,1,0,0,1,0,0,0,0,1,1
34180,0033800002dng1hAAA,0.0,0,4342.0,2790.0,0,0,0,1,0,0,1,0,0,0,1,0,1
34182,0033800002dngO6AAI,0.0,0,0.0,9213.0,0,0,0,0,1,0,0,0,1,0,0,1,1
34188,0033800002dnhByAAI,0.0,0,0.0,9862.0,0,0,0,1,0,0,1,0,0,0,0,1,0
34191,0033800002dnhXDAAY,0.0,60,2037.0,1825.0,1,0,0,0,0,0,0,0,1,0,0,1,0
34192,0033800002dnhqRAAQ,0.0,0,7267.0,7342.0,0,1,0,0,0,0,0,0,0,1,0,1,0
34194,0033800002dnhtBAAQ,0.0,0,0.0,2761.0,0,1,0,0,0,0,1,0,0,0,0,1,1
34195,0033800002dnhtfAAA,0.0,0,0.0,7332.0,0,0,0,1,0,1,0,0,0,0,0,1,1
34199,0033800002dni4xAAA,0.0,0,0.0,7305.0,1,0,0,0,0,0,0,0,0,1,0,1,1
34200,0033800002dniP4AAI,0.0,20,202.0,847.0,0,0,0,1,0,0,1,0,0,0,0,1,0
34202,0033800002dnihXAAQ,0.0,0,0.0,7329.0,0,0,0,1,0,0,1,0,0,0,0,1,0
34204,0033800002dnizSAAQ,0.0,0,0.0,7305.0,0,1,0,0,0,1,0,0,0,0,0,1,0
34211,0033800002dnjdcAAA,0.0,0,79.0,2650.0,0,0,0,1,0,0,1,0,0,0,0,1,0
34213,0033800002dnjibAAA,0.0,0,0.0,2894.0,0,0,0,1,0,0,1,0,0,0,0,1,0
34214,0033800002dnjo0AAA,0.0,40,3943.0,1463.0,0,0,0,0,1,0,0,0,1,0,0,1,0
34217,0033800002dnk9hAAA,0.0,0,0.0,9110.0,0,1,0,0,0,0,1,0,0,0,1,0,1
34220,0033800002dnkVXAAY,0.0,20,2850.0,1917.0,0,0,0,0,1,0,1,0,0,0,0,1,1
34223,0033800002dnlzxAAA,0.0,0,0.0,1394.0,0,0,0,1,0,0,1,0,0,0,0,1,0
34224,0033800002dnm0MAAQ,0.0,0,0.0,7695.0,0,0,0,0,1,0,0,0,1,0,0,1,1
34225,0033800002dnm1aAAA,0.0,0,0.0,7859.0,0,0,0,0,1,0,0,0,0,1,0,1,0
34226,0033800002dnm2xAAA,0.0,0,6968.0,3714.0,0,0,0,1,0,0,1,0,0,0,0,1,0
34228,0033800002dnmFcAAI,0.0,50,955.0,1461.0,0,0,0,1,0,0,0,0,1,0,0,1,0
34230,0033800002dnmSiAAI,0.0,70,213.0,3439.0,0,0,0,1,0,1,0,0,0,0,1,0,0
34232,0033800002dnmZvAAI,0.0,0,0.0,6270.0,1,0,0,0,0,1,0,0,0,0,1,0,0
34233,0033800002dnmaoAAA,0.0,70,1361.0,1580.0,0,0,0,1,0,0,1,0,0,0,0,1,1
34234,0033800002dnn28AAA,0.0,0,0.0,3653.0,0,0,0,1,0,1,0,0,0,0,0,1,1
34240,0033800002dnnxNAAQ,0.0,0,847.0,6302.0,0,0,0,0,1,1,0,0,0,0,1,0,0
34241,0033800002dno62AAA,0.0,0,0.0,4506.0,0,0,0,1,0,0,1,0,0,0,0,1,0
34242,0033800002dnoS7AAI,0.0,0,0.0,1593.0,0,0,0,1,0,0,1,0,0,0,0,1,1
34245,0033800002dnoVVAAY,0.0,0,0.0,2132.0,0,0,0,1,0,1,0,0,0,0,0,1,1
34246,0033800002dnolJAAQ,0.0,0,0.0,3425.0,0,0,0,1,0,0,1,0,0,0,0,1,1
34247,0033800002dnolKAAQ,0.0,0,1819.0,1855.0,0,0,0,1,0,0,1,0,0,0,1,0,0
34249,0033800002dnolMAAQ,0.0,0,0.0,9679.0,0,0,0,0,1,1,0,0,0,0,0,1,0
34251,0033800002dnopGAAQ,0.0,0,0.0,9064.0,0,1,0,0,0,0,1,0,0,0,0,1,1
34256,0033800002dnp5lAAA,0.0,0,0.0,1921.0,0,1,0,0,0,0,1,0,0,0,0,1,1
34259,0033800002dnpIuAAI,0.0,0,0.0,7316.0,0,0,0,1,0,0,1,0,0,0,0,1,1
34266,0033800002dnq4rAAA,0.0,0,0.0,6088.0,0,0,0,1,0,0,0,0,0,1,0,1,1
34267,0033800002dnq8tAAA,0.0,0,0.0,7684.0,0,0,0,0,1,0,0,0,1,0,0,1,1
34269,0033800002dnrzWAAQ,0.0,0,0.0,7569.0,0,1,0,0,0,0,0,0,0,1,0,1,1
34275,0033800002dnsSxAAI,0.0,30,4805.0,7628.0,0,0,0,1,0,0,1,0,0,0,0,1,1
34276,0033800002dnsbuAAA,0.0,0,0.0,8210.0,1,0,0,0,0,1,0,0,0,0,0,1,0
34279,0033800002dnss2AAA,0.0,0,0.0,4827.0,0,1,0,0,0,1,0,0,0,0,0,1,1
34281,0033800002dnsy5AAA,0.0,0,3330.0,2555.0,0,1,0,0,0,1,0,0,0,0,0,1,0
34282,0033800002dnsyoAAA,0.0,0,0.0,1406.0,0,0,0,1,0,0,1,0,0,0,0,1,1
34285,0033800002dntFvAAI,0.0,0,0.0,4599.0,0,1,0,0,0,0,1,0,0,0,0,1,1
34287,0033800002dntIwAAI,0.0,0,0.0,8772.0,0,1,0,0,0,0,1,0,0,0,0,1,1
34289,0033800002dntTgAAI,0.0,0,0.0,1949.0,0,1,0,0,0,0,0,0,1,0,0,1,0
34296,0033800002dnuQBAAY,0.0,0,689.0,2608.0,0,1,0,0,0,1,0,0,0,0,0,1,1
34299,0033800002dnul6AAA,0.0,0,0.0,8598.0,1,0,0,0,0,0,1,0,0,0,0,1,1
34300,0033800002dnungAAA,0.0,0,0.0,1490.0,1,0,0,0,0,0,0,0,0,1,1,0,0
34305,0033800002dnvQiAAI,0.0,0,0.0,7879.0,1,0,0,0,0,1,0,0,0,0,0,1,0
34306,0033800002dnvT3AAI,0.0,0,0.0,1460.0,0,0,0,1,0,0,0,0,1,0,0,1,0
34311,0033800002dnvT8AAI,0.0,0,0.0,8858.0,0,0,0,0,1,0,0,0,1,0,0,1,1
34314,0033800002dnvfRAAQ,0.0,0,0.0,7831.0,0,0,0,1,0,0,1,0,0,0,0,1,0
34315,0033800002dnvnQAAQ,0.0,100,503.0,12292.0,0,0,0,0,1,0,1,0,0,0,0,1,0
34316,0033800002dnw53AAA,0.0,0,0.0,1461.0,0,0,0,1,0,0,1,0,0,0,0,1,1
34317,0033800002dnw7YAAQ,0.0,0,0.0,1864.0,1,0,0,0,0,0,1,0,0,0,1,0,0
34318,0033800002dnw9PAAQ,0.0,0,0.0,4814.0,0,0,0,1,0,0,1,0,0,0,0,1,1
34322,0033800002dnwJjAAI,0.0,0,0.0,7310.0,0,1,0,0,0,0,1,0,0,0,0,1,1
34324,0033800002dnwOtAAI,0.0,0,0.0,6671.0,0,0,0,0,1,0,1,0,0,0,1,0,1
34331,0033800002dnwoRAAQ,0.0,0,0.0,4833.0,1,0,0,0,0,0,1,0,0,0,0,1,0
34332,0033800002dnwqrAAA,0.0,70,324.0,7317.0,0,0,0,1,0,0,0,0,1,0,1,0,0
34333,0033800002dnwu5AAA,0.0,0,0.0,8183.0,1,0,0,0,0,0,1,0,0,0,0,1,1
34334,0033800002dnwwCAAQ,0.0,40,8609.0,2932.0,0,1,0,0,0,0,1,0,0,0,0,1,0
34338,0033800002dnx4aAAA,0.0,0,0.0,1647.0,0,1,0,0,0,0,1,0,0,0,0,1,1
34341,0033800002dnxUZAAY,0.0,0,385.0,3422.0,0,0,0,1,0,0,0,0,0,1,0,1,1
34345,0033800002dnxWGAAY,0.0,0,0.0,6118.0,0,0,0,1,0,0,1,0,0,0,0,1,1
34349,0033800002dnyJNAAY,0.0,0,0.0,7315.0,0,0,0,1,0,0,0,0,0,1,0,1,0
34350,0033800002dnySFAAY,0.0,0,0.0,1234.0,0,0,0,1,0,0,1,0,0,0,1,0,0
34357,0033800002dnz0JAAQ,0.0,0,0.0,9512.0,1,0,0,0,0,0,0,0,0,1,0,1,0
34361,0033800002dnz9SAAQ,0.0,0,0.0,1270.0,0,0,0,1,0,0,1,0,0,0,0,1,1
34363,0033800002dnzHoAAI,0.0,0,0.0,2746.0,0,0,0,1,0,0,1,0,0,0,0,1,1
34366,0033800002dnzN7AAI,0.0,0,0.0,10978.0,0,0,0,0,1,1,0,0,0,0,0,1,1
34369,0033800002dnzVCAAY,0.0,0,10612.0,2191.0,0,0,0,1,0,0,1,0,0,0,1,0,0
34370,0033800002dnzY7AAI,0.0,10,9493.0,3190.0,0,0,0,1,0,0,1,0,0,0,0,1,0
34371,0033800002dnzZuAAI,0.0,90,1094.0,7589.0,0,0,0,1,0,1,0,0,0,0,1,0,1
34372,0033800002dnzbCAAQ,0.0,0,0.0,9239.0,0,0,0,0,1,0,0,0,0,1,0,1,1
34376,0033800002do0jeAAA,0.0,0,0.0,5460.0,0,0,0,1,0,1,0,0,0,0,1,0,1
34378,0033800002do10lAAA,0.0,0,10620.0,3639.0,0,0,0,1,0,0,0,0,0,1,0,1,1
34381,0033800002do1HzAAI,0.0,0,10732.0,1826.0,0,1,0,0,0,0,0,0,0,1,0,1,0
34382,0033800002do1IEAAY,0.0,0,11062.0,1141.0,1,0,0,0,0,1,0,0,0,0,0,1,0
34383,0033800002do1IJAAY,0.0,0,0.0,7306.0,0,1,0,0,0,0,0,0,0,1,0,1,1
34384,0033800002do1KFAAY,0.0,0,12993.0,740.0,0,0,0,1,0,1,0,0,0,0,0,1,1
34388,0033800002do1b1AAA,0.0,0,0.0,7754.0,1,0,0,0,0,1,0,0,0,0,0,1,1
34389,0033800002do1buAAA,0.0,0,0.0,7914.0,0,1,0,0,0,1,0,0,0,0,0,1,1
34391,0033800002do1o5AAA,0.0,100,0.0,8766.0,0,1,0,0,0,0,1,0,0,0,0,1,0
34392,0033800002do1uIAAQ,0.0,0,7401.0,3263.0,0,0,0,1,0,0,0,0,0,1,1,0,0
34393,0033800002do23ZAAQ,0.0,0,0.0,4341.0,0,0,0,1,0,1,0,0,0,0,0,1,1
34394,0033800002do2BxAAI,0.0,0,0.0,6393.0,0,1,0,0,0,0,1,0,0,0,0,1,1
34396,0033800002do2GYAAY,0.0,0,0.0,10259.0,0,1,0,0,0,0,1,0,0,0,0,1,0
34397,0033800002do2J8AAI,0.0,0,12799.0,1948.0,0,0,0,1,0,0,1,0,0,0,0,1,0
34400,0033800002do2RHAAY,0.0,0,38.0,1207.0,0,0,0,1,0,0,1,0,0,0,0,1,0
34401,0033800002do2TIAAY,0.0,0,221.0,3228.0,0,0,0,1,0,0,1,0,0,0,0,1,1
34402,0033800002do2XoAAI,0.0,0,0.0,4196.0,0,0,0,1,0,0,0,0,0,1,0,1,0
34404,0033800002do2YDAAY,0.0,0,2738.0,8780.0,0,0,0,1,0,1,0,0,0,0,0,1,0
34409,0033800002do2knAAA,0.0,0,0.0,2198.0,0,0,0,1,0,0,1,0,0,0,0,1,0
34411,0033800002do2wjAAA,0.0,20,776.0,9079.0,1,0,0,0,0,1,0,0,0,0,0,1,1
34412,0033800002do33LAAQ,0.0,40,723.0,2931.0,0,0,0,1,0,0,0,0,1,0,0,1,0
34413,0033800002do399AAA,0.0,0,0.0,5480.0,0,0,0,1,0,1,0,0,0,0,1,0,1
34415,0033800002do3F2AAI,0.0,0,9572.0,2191.0,0,1,0,0,0,0,1,0,0,0,1,0,0
34418,0033800002do3OPAAY,0.0,0,0.0,7328.0,0,0,0,1,0,0,1,0,0,0,0,1,1
34422,0033800002do3S7AAI,0.0,0,0.0,2468.0,0,1,0,0,0,0,0,0,0,1,0,1,1
34423,0033800002do3XnAAI,0.0,0,0.0,2989.0,0,0,0,1,0,0,1,0,0,0,0,1,0
34424,0033800002do3oyAAA,0.0,0,728.0,11561.0,1,0,0,0,0,0,1,0,0,0,1,0,1
34428,0033800002do4b5AAA,0.0,0,0.0,1939.0,0,1,0,0,0,0,1,0,0,0,0,1,0
34430,0033800002do4ifAAA,0.0,0,0.0,1641.0,0,1,0,0,0,0,1,0,0,0,0,1,0
34435,0033800002do5BdAAI,0.0,0,0.0,7492.0,1,0,0,0,0,0,1,0,0,0,0,1,0
34438,0033800002do5HRAAY,0.0,0,280.0,2922.0,1,0,0,0,0,1,0,0,0,0,0,1,0
34441,0033800002do5UkAAI,0.0,0,0.0,7335.0,1,0,0,0,0,0,1,0,0,0,1,0,0
34442,0033800002do5XtAAI,0.0,0,0.0,7311.0,0,0,0,0,1,1,0,0,0,0,0,1,0
34444,0033800002do5duAAA,0.0,60,1616.0,4537.0,0,0,0,1,0,0,1,0,0,0,0,1,0
34448,0033800002do6SAAAY,0.0,0,5034.0,3075.0,0,0,0,0,1,0,1,0,0,0,0,1,1
34449,0033800002do6SKAAY,0.0,0,960.0,8565.0,0,0,1,0,0,0,1,0,0,0,0,1,0
34452,0033800002do6a9AAA,0.0,0,0.0,3215.0,1,0,0,0,0,0,0,0,0,1,0,1,0
34455,0033800002do6wbAAA,0.0,20,3496.0,1460.0,0,1,0,0,0,0,0,0,1,0,0,1,1
34459,0033800002do76VAAQ,0.0,0,0.0,3633.0,0,0,0,1,0,0,1,0,0,0,0,1,1
34464,0033800002do7AmAAI,0.0,0,0.0,2792.0,0,1,0,0,0,0,0,0,0,1,0,1,1
34468,0033800002do7H9AAI,0.0,0,9558.0,1096.0,0,0,0,0,1,0,1,0,0,0,0,1,1
34469,0033800002do7IpAAI,0.0,0,0.0,11715.0,0,0,0,0,1,0,1,0,0,0,0,1,1
34470,0033800002do7JdAAI,0.0,0,0.0,2283.0,0,0,0,1,0,0,0,0,1,0,0,1,1
34471,0033800002do7KgAAI,0.0,0,0.0,3068.0,0,0,0,1,0,0,1,0,0,0,0,1,1
34472,0033800002do7KhAAI,0.0,0,556.0,5365.0,0,0,0,1,0,1,0,0,0,0,0,1,1
34474,0033800002do7KjAAI,0.0,40,0.0,9711.0,0,1,0,0,0,0,1,0,0,0,1,0,1
34486,0033800002do7fLAAQ,0.0,0,0.0,2664.0,0,1,0,0,0,1,0,0,0,0,1,0,1
34487,0033800002do7mRAAQ,0.0,0,0.0,1461.0,0,0,0,1,0,0,1,0,0,0,0,1,1
34489,0033800002do7seAAA,0.0,80,613.0,6332.0,0,0,0,0,1,0,0,0,1,0,0,1,1
34498,0033800002do8IxAAI,0.0,0,14.0,2551.0,0,1,0,0,0,1,0,0,0,0,1,0,1
34499,0033800002do8KFAAY,0.0,0,0.0,2921.0,0,0,0,1,0,1,0,0,0,0,0,1,1
34500,0033800002do8KtAAI,0.0,0,0.0,7603.0,1,0,0,0,0,0,0,0,0,1,0,1,1
34501,0033800002do8LIAAY,0.0,0,1478.0,7305.0,0,0,0,0,1,0,1,0,0,0,1,0,1
34505,0033800002do8YqAAI,0.0,40,596.0,5691.0,0,0,0,0,1,1,0,0,0,0,0,1,0
34506,0033800002do8ePAAQ,0.0,70,1315.0,6551.0,0,0,0,0,1,0,1,0,0,0,0,1,1
34508,0033800002do8hYAAQ,0.0,0,0.0,9542.0,0,0,0,0,1,0,1,0,0,0,0,1,0
34511,0033800002do8ngAAA,0.0,40,2273.0,2444.0,1,0,0,0,0,0,1,0,0,0,0,1,1
34516,0033800002do9ItAAI,0.0,0,2023.0,1609.0,0,0,1,0,0,0,0,0,1,0,0,1,1
34517,0033800002do9JXAAY,0.0,0,0.0,10363.0,0,1,0,0,0,0,1,0,0,0,0,1,1
34518,0033800002do9L4AAI,0.0,0,0.0,8135.0,0,0,0,1,0,0,1,0,0,0,0,1,1
34519,0033800002do9LxAAI,0.0,0,0.0,9127.0,1,0,0,0,0,0,1,0,0,0,0,1,1
34520,0033800002do9RbAAI,0.0,0,0.0,1219.0,0,0,0,1,0,0,1,0,0,0,0,1,1
34521,0033800002do9Y3AAI,0.0,0,380.0,5862.0,0,1,0,0,0,1,0,0,0,0,1,0,1
34522,0033800002do9blAAA,0.0,0,0.0,7328.0,0,0,0,1,0,0,1,0,0,0,0,1,0
34523,0033800002do9eQAAQ,0.0,100,504.0,7321.0,1,0,0,0,0,1,0,0,0,0,0,1,0
34524,0033800002do9rPAAQ,0.0,0,1246.0,2923.0,0,0,0,1,0,0,1,0,0,0,0,1,1
34529,0033800002doA9TAAU,0.0,0,0.0,7867.0,0,1,0,0,0,1,0,0,0,0,0,1,1
34534,0033800002doAEnAAM,0.0,0,0.0,8904.0,0,1,0,0,0,0,1,0,0,0,1,0,1
34545,0033800002doB1dAAE,0.0,0,4766.0,3665.0,1,0,0,0,0,0,0,0,1,0,1,0,1
34547,0033800002doB2WAAU,0.0,0,131.0,2390.0,0,0,0,1,0,0,0,0,0,1,0,1,1
34548,0033800002doB2zAAE,0.0,0,288.0,6311.0,0,0,0,1,0,0,1,0,0,0,0,1,1
34549,0033800002doB79AAE,0.0,0,927.0,8473.0,0,0,0,1,0,1,0,0,0,0,0,1,1
34550,0033800002doB7nAAE,0.0,0,0.0,4748.0,0,1,0,0,0,1,0,0,0,0,0,1,0
34553,0033800002doBG3AAM,0.0,0,0.0,8524.0,0,0,0,1,0,0,0,0,1,0,0,1,0
34555,0033800002doBO9AAM,0.0,0,0.0,1461.0,0,0,0,0,1,0,1,0,0,0,0,1,1
34556,0033800002doBQ5AAM,0.0,10,112.0,2814.0,0,0,0,1,0,0,0,0,1,0,0,1,1
34557,0033800002doBTdAAM,0.0,0,0.0,7311.0,0,0,0,0,1,1,0,0,0,0,0,1,0
34559,0033800002doBVZAA2,0.0,0,1752.0,5202.0,1,0,0,0,0,0,0,0,0,1,0,1,1
34561,0033800002doBaFAAU,0.0,70,958.0,8883.0,1,0,0,0,0,0,1,0,0,0,0,1,1
34562,0033800002doBc8AAE,0.0,50,796.0,1920.0,0,0,0,1,0,0,1,0,0,0,0,1,0
34563,0033800002doBorAAE,0.0,0,0.0,7496.0,0,1,0,0,0,0,1,0,0,0,0,1,1
34565,0033800002doBuQAAU,0.0,0,0.0,7500.0,1,0,0,0,0,0,1,0,0,0,1,0,0
34566,0033800002doBuVAAU,0.0,0,0.0,5120.0,0,0,0,1,0,0,1,0,0,0,0,1,1
34567,0033800002doBv9AAE,0.0,0,305.0,1461.0,0,1,0,0,0,0,0,0,1,0,0,1,1
34569,0033800002doBvxAAE,0.0,0,1142.0,4443.0,0,0,0,0,1,0,0,1,0,0,0,1,1
34571,0033800002doC5lAAE,0.0,0,0.0,902.0,0,1,0,0,0,0,1,0,0,0,0,1,0
34575,0033800002doC8HAAU,0.0,50,1172.0,1826.0,0,1,0,0,0,0,0,0,1,0,0,1,1
34583,0033800002doCHuAAM,0.0,0,0.0,1461.0,0,1,0,0,0,1,0,0,0,0,0,1,1
34584,0033800002doCLgAAM,0.0,30,0.0,7197.0,0,0,0,1,0,0,1,0,0,0,0,1,1
34585,0033800002doCUwAAM,0.0,90,3396.0,7739.0,0,0,0,1,0,0,1,0,0,0,0,1,1
34587,0033800002doCxCAAU,0.0,0,74.0,7306.0,0,0,0,1,0,0,1,0,0,0,0,1,1
34589,0033800002doCxgAAE,0.0,0,0.0,4109.0,0,0,0,1,0,0,1,0,0,0,0,1,1
34590,0033800002doCxlAAE,0.0,0,1506.0,5175.0,0,1,0,0,0,0,0,0,1,0,0,1,1
34594,0033800002doDR7AAM,0.0,0,2940.0,2842.0,0,0,0,0,1,0,1,0,0,0,0,1,1
34595,0033800002doDTmAAM,0.0,0,0.0,2418.0,0,1,0,0,0,0,0,0,0,1,0,1,0
34596,0033800002doDb4AAE,0.0,0,0.0,7575.0,0,0,0,0,1,1,0,0,0,0,1,0,1
34597,0033800002doDcRAAU,0.0,0,0.0,7930.0,0,0,0,0,1,1,0,0,0,0,0,1,0
34600,0033800002doE32AAE,0.0,0,1005.0,2923.0,0,0,0,0,1,1,0,0,0,0,1,0,0
34608,0033800002doEKmAAM,0.0,70,412.0,7309.0,0,0,0,1,0,0,0,0,0,1,0,1,1
34609,0033800002doEQVAA2,0.0,0,0.0,9151.0,0,0,0,0,1,1,0,0,0,0,0,1,0
34614,0033800002doEWsAAM,0.0,0,0.0,10836.0,0,0,0,0,1,0,1,0,0,0,0,1,1
34616,0033800002doEXiAAM,0.0,80,4826.0,5238.0,0,0,0,1,0,0,1,0,0,0,0,1,0
34618,0033800002doEh9AAE,0.0,0,1424.0,10303.0,0,0,0,0,1,1,0,0,0,0,0,1,1
34619,0033800002doEjFAAU,0.0,0,0.0,2781.0,0,1,0,0,0,0,1,0,0,0,0,1,1
34620,0033800002doEqvAAE,0.0,0,0.0,7915.0,1,0,0,0,0,1,0,0,0,0,1,0,0
34622,0033800002doF3VAAU,0.0,0,0.0,1960.0,0,1,0,0,0,0,1,0,0,0,0,1,0
34623,0033800002doF9EAAU,0.0,0,0.0,8054.0,0,1,0,0,0,1,0,0,0,0,0,1,1
34624,0033800002doFFLAA2,0.0,0,0.0,240.0,0,1,0,0,0,0,1,0,0,0,1,0,1
34626,0033800002doFV9AAM,0.0,0,0.0,1491.0,1,0,0,0,0,0,0,0,1,0,0,1,1
34628,0033800002doFbRAAU,0.0,0,509.0,11256.0,0,0,0,1,0,0,1,0,0,0,0,1,0
34630,0033800002doFeLAAU,0.0,10,862.0,2191.0,1,0,0,0,0,1,0,0,0,0,0,1,0
34632,0033800002doFfEAAU,0.0,90,1300.0,5679.0,0,0,0,0,1,0,0,0,0,1,1,0,0
34634,0033800002doFmuAAE,0.0,60,1150.0,2236.0,0,0,0,1,0,0,1,0,0,0,0,1,0
34638,0033800002doFwUAAU,0.0,0,3123.0,3012.0,0,1,0,0,0,0,0,0,0,1,0,1,0
34641,0033800002doG6UAAU,0.0,80,9.0,5026.0,1,0,0,0,0,0,1,0,0,0,0,1,1
34647,0033800002doGOdAAM,0.0,0,4516.0,2029.0,0,0,0,1,0,0,0,0,0,1,0,1,1
34650,0033800002doGaQAAU,0.0,0,4253.0,7330.0,1,0,0,0,0,0,0,0,0,1,1,0,1
34652,0033800002doGomAAE,0.0,0,1195.0,2192.0,0,0,0,1,0,0,0,0,0,1,0,1,1
34653,0033800002doGrCAAU,0.0,0,0.0,9146.0,0,0,0,0,1,0,1,0,0,0,0,1,1
34654,0033800002doGtIAAU,0.0,0,0.0,9861.0,0,0,0,1,0,0,1,0,0,0,0,1,0
34657,0033800002doH0zAAE,0.0,0,0.0,2191.0,0,1,0,0,0,1,0,0,0,0,0,1,1
34658,0033800002doH5pAAE,0.0,30,732.0,2715.0,0,0,0,1,0,0,0,0,0,1,1,0,1
34660,0033800002doH8tAAE,0.0,0,0.0,859.0,0,0,0,1,0,0,0,0,0,1,1,0,0
34662,0033800002doHDWAA2,0.0,0,0.0,7678.0,0,1,0,0,0,0,0,0,0,1,0,1,1
34665,0033800002doHOeAAM,0.0,60,1789.0,2958.0,0,1,0,0,0,0,0,0,1,0,1,0,0
34666,0033800002doHOyAAM,0.0,0,618.0,1825.0,0,0,0,1,0,0,0,0,1,0,0,1,0
34667,0033800002doHSlAAM,0.0,100,791.0,6893.0,0,0,0,1,0,0,0,0,1,0,0,1,0
34669,0033800002doHUhAAM,0.0,0,0.0,2335.0,0,0,0,1,0,0,1,0,0,0,0,1,1
34671,0033800002doHVQAA2,0.0,0,0.0,7188.0,0,1,0,0,0,0,1,0,0,0,0,1,0
34673,0033800002doHaGAAU,0.0,0,0.0,5846.0,0,0,0,0,1,1,0,0,0,0,0,1,1
34675,0033800002doHfjAAE,0.0,0,0.0,3680.0,0,0,0,1,0,0,0,0,1,0,0,1,1
34676,0033800002doHjhAAE,0.0,60,4739.0,730.0,1,0,0,0,0,1,0,0,0,0,0,1,0
34678,0033800002doI5QAAU,0.0,0,0.0,3169.0,0,0,0,1,0,0,1,0,0,0,0,1,0
34679,0033800002doIGPAA2,0.0,90,970.0,4413.0,0,0,0,1,0,0,1,0,0,0,1,0,1
34681,0033800002doITuAAM,0.0,0,0.0,9243.0,0,0,0,0,1,0,0,0,0,1,0,1,1
34682,0033800002doIo8AAE,0.0,0,354.0,2941.0,0,1,0,0,0,1,0,0,0,0,1,0,0
34683,0033800002doIvEAAU,0.0,0,0.0,8788.0,0,0,0,1,0,0,0,0,0,1,0,1,1
34688,0033800002doJTPAA2,0.0,60,2668.0,1322.0,1,0,0,0,0,0,1,0,0,0,0,1,1
34689,0033800002doJVQAA2,0.0,0,2297.0,2635.0,0,0,0,1,0,1,0,0,0,0,0,1,1
34693,0033800002doJcCAAU,0.0,0,0.0,2921.0,0,0,0,1,0,1,0,0,0,0,0,1,1
34694,0033800002doJjrAAE,0.0,0,3507.0,3304.0,0,0,0,1,0,1,0,0,0,0,0,1,1
34696,0033800002doJyEAAU,0.0,0,0.0,10242.0,1,0,0,0,0,0,1,0,0,0,0,1,0
34697,0033800002doJzrAAE,0.0,70,1026.0,8810.0,0,0,0,0,1,1,0,0,0,0,0,1,1
34698,0033800002doK7qAAE,0.0,80,631.0,8878.0,0,1,0,0,0,0,1,0,0,0,0,1,1
34701,0033800002doKPGAA2,0.0,0,0.0,2441.0,0,0,0,1,0,0,1,0,0,0,1,0,0
34702,0033800002doKThAAM,0.0,0,4561.0,1522.0,0,1,0,0,0,0,0,0,1,0,0,1,1
34704,0033800002doKWWAA2,0.0,0,16663.0,1101.0,1,0,0,0,0,0,1,0,0,0,0,1,0
34706,0033800002doKYcAAM,0.0,30,0.0,2129.0,0,1,0,0,0,0,1,0,0,0,0,1,1
34712,0033800002doKrPAAU,0.0,0,0.0,2905.0,1,0,0,0,0,1,0,0,0,0,0,1,1
34716,0033800002doKwhAAE,0.0,0,53.0,7324.0,0,1,0,0,0,0,0,0,0,1,0,1,1
34724,0033800002doMPeAAM,0.0,60,2821.0,1613.0,0,1,0,0,0,0,0,0,1,0,1,0,1
34726,0033800002doOLpAAM,0.0,0,0.0,3525.0,0,1,0,0,0,0,1,0,0,0,0,1,1
34727,0033800002doOXHAA2,0.0,0,1063.0,953.0,0,1,0,0,0,0,1,0,0,0,1,0,1
34729,0033800002doOauAAE,0.0,0,0.0,1607.0,0,0,0,1,0,0,1,0,0,0,0,1,1
34732,0033800002doOmHAAU,0.0,0,389.0,8111.0,0,0,0,1,0,0,0,0,1,0,0,1,1
34738,0033800002doPR3AAM,0.0,0,0.0,2385.0,0,0,0,1,0,0,1,0,0,0,0,1,1
34742,0033800002doPq0AAE,0.0,60,1616.0,650.0,0,0,0,1,0,0,1,0,0,0,1,0,1
34750,0033800002doPykAAE,0.0,0,0.0,2994.0,0,1,0,0,0,0,1,0,0,0,0,1,0
34757,0033800002e09ZzAAI,0.0,0,0.0,2191.0,0,0,0,1,0,0,1,0,0,0,0,1,0
34760,0033800002e0A0qAAE,0.0,0,0.0,1758.0,1,0,0,0,0,0,0,0,1,0,1,0,0
34766,0033800002e0ALIAA2,0.0,0,0.0,8063.0,0,0,0,0,1,1,0,0,0,0,0,1,1
34767,0033800002e0ALcAAM,0.0,0,0.0,4815.0,0,0,0,1,0,0,1,0,0,0,0,1,0
34768,0033800002e0AUGAA2,0.0,0,0.0,8430.0,1,0,0,0,0,0,1,0,0,0,0,1,1
34771,0033800002e0AXjAAM,0.0,0,9696.0,1152.0,0,1,0,0,0,1,0,0,0,0,1,0,0
34777,0033800002e0AtjAAE,0.0,0,0.0,7322.0,0,0,0,0,1,1,0,0,0,0,0,1,1
34778,0033800002e0Ay0AAE,0.0,70,136.0,4962.0,0,1,0,0,0,0,1,0,0,0,0,1,0
34779,0033800002e0B0VAAU,0.0,0,0.0,7978.0,0,1,0,0,0,1,0,0,0,0,0,1,1
34780,0033800002e0B19AAE,0.0,0,0.0,5788.0,0,0,0,1,0,1,0,0,0,0,0,1,0
34781,0033800002e0BAkAAM,0.0,0,0.0,3357.0,0,0,0,1,0,0,1,0,0,0,0,1,1
34786,0033800002e0BSdAAM,0.0,0,0.0,1397.0,0,0,0,1,0,0,0,0,1,0,0,1,0
34788,0033800002e0Bi0AAE,0.0,0,0.0,5487.0,0,0,0,1,0,1,0,0,0,0,0,1,1
34791,0033800002e0Bq4AAE,0.0,0,0.0,4743.0,1,0,0,0,0,1,0,0,0,0,1,0,0
34795,0033800002e0C1CAAU,0.0,0,0.0,7375.0,0,0,0,1,0,0,0,0,1,0,0,1,1
34796,0033800002e0C1DAAU,0.0,0,0.0,2926.0,0,0,0,1,0,0,0,0,1,0,0,1,0
34798,0033800002e0C1FAAU,0.0,0,0.0,1460.0,0,0,0,1,0,0,0,0,1,0,1,0,1
34799,0033800002e0C1GAAU,0.0,0,0.0,5575.0,0,0,0,1,0,0,0,0,1,0,0,1,0
34800,0033800002e0C1HAAU,0.0,0,0.0,5905.0,0,0,0,1,0,0,0,0,1,0,0,1,1
34801,0033800002e0C1IAAU,0.0,0,0.0,1277.0,0,0,0,1,0,0,0,0,1,0,0,1,0
34802,0033800002e0C1JAAU,0.0,0,0.0,5792.0,0,0,0,1,0,0,0,0,1,0,0,1,1
34803,0033800002e0C1KAAU,0.0,0,0.0,1518.0,0,0,0,1,0,0,0,0,1,0,0,1,0
34804,0033800002e0C1LAAU,0.0,0,0.0,2943.0,0,0,0,1,0,0,0,0,1,0,0,1,1
34806,0033800002e0C1NAAU,0.0,0,0.0,1817.0,0,0,0,1,0,0,0,0,1,0,0,1,1
34808,0033800002e0C3FAAU,0.0,0,0.0,8735.0,0,0,0,0,1,0,0,0,0,1,0,1,1
34810,0033800002e0C48AAE,0.0,0,0.0,4018.0,0,1,0,0,0,0,1,0,0,0,0,1,1
34815,0033800002e0CEVAA2,0.0,0,0.0,5473.0,0,0,0,1,0,1,0,0,0,0,0,1,0
34817,0033800002e0CHPAA2,0.0,0,0.0,2530.0,1,0,0,0,0,1,0,0,0,0,1,0,1
34818,0033800002e0CIrAAM,0.0,0,0.0,6273.0,1,0,0,0,0,0,1,0,0,0,0,1,1
34819,0033800002e0CJfAAM,0.0,0,0.0,8537.0,1,0,0,0,0,0,1,0,0,0,0,1,1
34821,0033800002e0CR0AAM,0.0,0,3928.0,2192.0,1,0,0,0,0,0,1,0,0,0,0,1,0
34826,0033800002e0CYDAA2,0.0,0,0.0,3903.0,0,0,0,1,0,0,1,0,0,0,0,1,1
34827,0033800002e0CarAAE,0.0,0,0.0,10060.0,0,0,0,0,1,0,1,0,0,0,0,1,1
34829,0033800002e0Cm8AAE,0.0,50,907.0,837.0,0,0,0,1,0,0,1,0,0,0,1,0,0
34831,0033800002e0Cr3AAE,0.0,0,0.0,3743.0,0,1,0,0,0,0,1,0,0,0,0,1,0
34832,0033800002e0CrDAAU,0.0,0,0.0,2192.0,1,0,0,0,0,0,0,0,0,1,1,0,0
34836,0033800002e0CzDAAU,0.0,0,0.0,4661.0,0,0,0,1,0,0,1,0,0,0,1,0,1
34838,0033800002e0D0zAAE,0.0,90,19.0,7321.0,0,1,0,0,0,1,0,0,0,0,0,1,1
34840,0033800002e0D9cAAE,0.0,0,0.0,9416.0,0,1,0,0,0,0,1,0,0,0,0,1,0
34843,0033800002e0DI4AAM,0.0,0,8807.0,1460.0,0,0,0,1,0,1,0,0,0,0,0,1,1
34844,0033800002e0DI9AAM,0.0,0,0.0,3514.0,0,0,0,1,0,0,1,0,0,0,0,1,1
34846,0033800002e0DOqAAM,0.0,0,668.0,1482.0,0,1,0,0,0,0,1,0,0,0,0,1,1
34849,0033800002e0DnkAAE,0.0,0,2706.0,3440.0,0,1,0,0,0,1,0,0,0,0,0,1,1
34852,0033800002e0Du1AAE,0.0,0,0.0,7237.0,0,0,0,1,0,0,1,0,0,0,0,1,1
34858,0033800002e0EAuAAM,0.0,0,2122.0,2190.0,0,1,0,0,0,0,0,0,0,1,0,1,1
34864,0033800002eH1paAAC,0.0,0,0.0,559.0,0,0,0,1,0,0,1,0,0,0,1,0,0
34866,0033800002eH1zVAAS,0.0,0,0.0,7671.0,0,0,1,0,0,0,1,0,0,0,0,1,0
34867,0033800002eH262AAC,0.0,40,3676.0,1281.0,0,1,0,0,0,0,0,0,0,1,0,1,1
34869,0033800002eH37NAAS,0.0,0,12713.0,1553.0,0,0,0,1,0,0,1,0,0,0,0,1,0
34870,0033800002eH3JsAAK,0.0,0,3345.0,1641.0,0,1,0,0,0,0,0,0,0,1,0,1,1
34872,0033800002eH3ROAA0,0.0,0,0.0,2199.0,0,0,0,1,0,0,1,0,0,0,0,1,0
34873,0033800002eH3mEAAS,0.0,0,0.0,4744.0,0,0,0,0,1,0,1,0,0,0,0,1,1
34874,0033800002eH3mYAAS,0.0,70,2567.0,1098.0,0,0,0,1,0,0,1,0,0,0,0,1,0
34880,0033800002eH99aAAC,0.0,0,0.0,3162.0,0,1,0,0,0,0,0,0,1,0,0,1,1
34881,0033800002eH9AxAAK,0.0,0,0.0,10959.0,0,1,0,0,0,1,0,0,0,0,0,1,0
34884,0033800002eH9MTAA0,0.0,0,0.0,9823.0,1,0,0,0,0,0,1,0,0,0,0,1,1
34887,0033800002eH9W1AAK,0.0,0,0.0,7737.0,0,1,0,0,0,1,0,0,0,0,1,0,0
34888,0033800002eH9XJAA0,0.0,0,0.0,8790.0,0,0,0,1,0,0,1,0,0,0,0,1,1
34891,0033800002eH9j5AAC,0.0,70,1971.0,3475.0,0,1,0,0,0,0,1,0,0,0,0,1,1
34893,0033800002eH9pIAAS,0.0,0,4421.0,1460.0,0,0,0,0,1,0,0,0,1,0,0,1,1
34894,0033800002eH9v4AAC,0.0,0,0.0,7315.0,1,0,0,0,0,1,0,0,0,0,0,1,0
34896,0033800002eHA4BAAW,0.0,0,13028.0,1461.0,1,0,0,0,0,1,0,0,0,0,0,1,0
34899,0033800002eHAYtAAO,0.0,80,182.0,8248.0,0,0,0,0,1,1,0,0,0,0,0,1,1
34900,0033800002eHAbEAAW,0.0,0,14.0,961.0,1,0,0,0,0,0,1,0,0,0,0,1,1
34901,0033800002eHAe3AAG,0.0,90,790.0,9524.0,0,1,0,0,0,0,1,0,0,0,0,1,1
34907,0033800002eHAw4AAG,0.0,0,0.0,10246.0,0,1,0,0,0,0,1,0,0,0,0,1,0
34913,0033800002eHB5VAAW,0.0,60,4094.0,1247.0,0,0,0,0,1,0,1,0,0,0,0,1,0
34915,0033800002eHBDuAAO,0.0,0,0.0,7606.0,1,0,0,0,0,1,0,0,0,0,0,1,1
34917,0033800002eHBKrAAO,0.0,0,0.0,8145.0,0,0,0,0,1,0,0,0,0,1,1,0,1
34919,0033800002eHBSlAAO,0.0,0,0.0,3414.0,1,0,0,0,0,0,1,0,0,0,0,1,1
34921,0033800002eHBa6AAG,0.0,0,0.0,8039.0,0,1,0,0,0,0,1,0,0,0,0,1,0
34922,0033800002eHBc7AAG,0.0,0,0.0,8254.0,0,0,0,1,0,0,1,0,0,0,0,1,1
34925,0033800002eHBdoAAG,0.0,0,0.0,9877.0,0,1,0,0,0,0,1,0,0,0,0,1,1
34932,0033800002eHBrGAAW,0.0,0,0.0,2922.0,0,0,0,1,0,0,0,0,0,1,0,1,1
34933,0033800002eHBsYAAW,0.0,0,0.0,3917.0,0,1,0,0,0,0,1,0,0,0,1,0,0
34950,0033800002eHEEeAAO,0.0,0,0.0,9281.0,0,1,0,0,0,0,0,0,1,0,0,1,0
34951,0033800002eHEFXAA4,0.0,0,0.0,9168.0,0,1,0,0,0,0,0,0,0,1,0,1,1
34959,0033800002eHEuZAAW,0.0,0,0.0,7888.0,0,0,0,1,0,0,1,0,0,0,0,1,0
34960,0033800002eHEueAAG,0.0,0,0.0,1825.0,1,0,0,0,0,0,1,0,0,0,0,1,1
34961,0033800002eHF7OAAW,0.0,80,0.0,3566.0,0,0,0,1,0,0,1,0,0,0,0,1,1
34963,0033800002eHFWYAA4,0.0,0,0.0,7305.0,1,0,0,0,0,0,0,0,0,1,0,1,0
34964,0033800002eHFcHAAW,0.0,0,0.0,1825.0,0,0,0,1,0,0,0,0,1,0,0,1,1
34965,0033800002eHFjwAAG,0.0,0,0.0,7257.0,0,1,0,0,0,0,1,0,0,0,0,1,1
34968,0033800002eHFrCAAW,0.0,0,0.0,1460.0,1,0,0,0,0,0,1,0,0,0,1,0,1
34969,0033800002eHG1lAAG,0.0,0,0.0,7308.0,0,1,0,0,0,1,0,0,0,0,0,1,1
34979,0033800002eHHNeAAO,0.0,0,739.0,1462.0,0,0,0,1,0,0,0,0,1,0,1,0,0
34983,0033800002eHHaqAAG,0.0,0,84.0,3652.0,0,1,0,0,0,0,1,0,0,0,1,0,1
34984,0033800002eHHdpAAG,0.0,30,0.0,7336.0,0,0,0,1,0,0,1,0,0,0,0,1,1
34991,0033800002eHI3DAAW,0.0,0,0.0,1460.0,0,0,0,1,0,0,1,0,0,0,0,1,1
34994,0033800002eHIHcAAO,0.0,0,0.0,1947.0,0,1,0,0,0,0,1,0,0,0,1,0,1
34995,0033800002eHINXAA4,0.0,80,0.0,5466.0,1,0,0,0,0,1,0,0,0,0,0,1,0
34996,0033800002eHIU9AAO,0.0,0,0.0,4311.0,0,0,0,1,0,0,1,0,0,0,1,0,0
34998,0033800002eHImUAAW,0.0,0,0.0,6224.0,0,1,0,0,0,0,0,0,0,1,1,0,0
34999,0033800002eHIouAAG,0.0,0,0.0,7334.0,0,1,0,0,0,0,1,0,0,0,0,1,1
35002,0033800002eHIxYAAW,0.0,0,1808.0,1293.0,0,0,0,1,0,0,0,0,0,1,1,0,0
35004,0033800002eHJ1uAAG,0.0,0,0.0,7283.0,0,1,0,0,0,0,1,0,0,0,0,1,0
35006,0033800002eHJDWAA4,0.0,0,0.0,10655.0,0,1,0,0,0,0,0,0,0,1,0,1,1
35007,0033800002eHJMrAAO,0.0,0,0.0,7309.0,1,0,0,0,0,0,1,0,0,0,1,0,1
35009,0033800002eHJQZAA4,0.0,0,0.0,7598.0,0,1,0,0,0,0,1,0,0,0,0,1,1
35011,0033800002eHJT9AAO,0.0,0,0.0,4333.0,0,0,0,0,1,0,1,0,0,0,0,1,1
35014,0033800002eHJaNAAW,0.0,0,0.0,7496.0,0,0,0,1,0,0,1,0,0,0,0,1,1
35016,0033800002eHJgkAAG,0.0,0,0.0,10268.0,1,0,0,0,0,0,1,0,0,0,0,1,1
35018,0033800002eHJoCAAW,0.0,0,0.0,7283.0,0,0,0,1,0,0,1,0,0,0,0,1,0
35020,0033800002eHJr3AAG,0.0,0,487.0,10172.0,0,0,0,0,1,0,1,0,0,0,0,1,0
35021,0033800002eHJrIAAW,0.0,0,0.0,5114.0,0,1,0,0,0,0,1,0,0,0,1,0,1
35022,0033800002eHJyYAAW,0.0,0,0.0,12158.0,0,0,0,0,1,0,0,0,0,1,0,1,1
35023,0033800002eHJyiAAG,0.0,0,0.0,3797.0,0,0,0,1,0,0,1,0,0,0,0,1,1
35025,0033800002eHK1yAAG,0.0,20,9118.0,1516.0,0,1,0,0,0,0,0,0,0,1,0,1,1
35026,0033800002eHK3BAAW,0.0,0,0.0,1827.0,0,0,0,1,0,0,1,0,0,0,0,1,0
35027,0033800002eHKeHAAW,0.0,0,0.0,7329.0,0,1,0,0,0,0,0,0,0,1,0,1,1
35036,0033800002eHLBIAA4,0.0,0,0.0,7444.0,0,1,0,0,0,1,0,0,0,0,0,1,0
35057,0033800002eHLhGAAW,0.0,0,0.0,8192.0,0,0,0,1,0,0,0,0,0,1,0,1,1
35058,0033800002eHLjRAAW,0.0,0,0.0,3969.0,0,0,0,1,0,0,1,0,0,0,0,1,1
35059,0033800002eHLndAAG,0.0,0,0.0,7695.0,0,0,0,1,0,0,1,0,0,0,0,1,0
35061,0033800002eHMNlAAO,0.0,0,0.0,9255.0,0,0,0,1,0,0,1,0,0,0,0,1,0
35063,0033800002eHMSCAA4,0.0,20,7696.0,3287.0,1,0,0,0,0,0,1,0,0,0,0,1,1
35069,0033800002eHMdqAAG,0.0,0,0.0,4473.0,0,1,0,0,0,0,1,0,0,0,0,1,0
35072,0033800002eHMgGAAW,0.0,70,1915.0,1460.0,0,0,0,0,1,0,0,0,1,0,0,1,0
35075,0033800002eHMwIAAW,0.0,0,0.0,1460.0,0,0,0,1,0,0,0,0,1,0,1,0,1
35077,0033800002eHN4RAAW,0.0,0,0.0,7319.0,0,0,0,1,0,0,1,0,0,0,0,1,1
35080,0033800002eHN6DAAW,0.0,0,0.0,7309.0,0,0,0,1,0,1,0,0,0,0,0,1,0
35091,0033800002eHNT1AAO,0.0,0,0.0,8313.0,0,0,0,1,0,0,0,0,1,0,0,1,1
35094,0033800002eHNo8AAG,0.0,0,0.0,7309.0,0,1,0,0,0,0,0,0,0,1,0,1,1
35097,0033800002eHOFVAA4,0.0,0,0.0,8459.0,0,0,0,1,0,0,1,0,0,0,0,1,1
35100,0033800002eHOpPAAW,0.0,0,0.0,5095.0,1,0,0,0,0,0,1,0,0,0,1,0,0
35101,0033800002eHOz0AAG,0.0,0,0.0,3219.0,0,0,0,1,0,0,0,1,0,0,0,1,0
35102,0033800002eHP7YAAW,0.0,90,0.0,5875.0,0,0,0,1,0,0,1,0,0,0,1,0,0
35104,0033800002eHPFcAAO,0.0,0,0.0,1461.0,0,0,0,1,0,0,0,0,0,1,0,1,1
35105,0033800002eHPFwAAO,0.0,0,0.0,202.0,0,0,0,0,1,0,1,0,0,0,1,0,0
35106,0033800002eHPIlAAO,0.0,0,0.0,2192.0,0,0,0,1,0,1,0,0,0,0,0,1,1
35108,0033800002eHPQpAAO,0.0,0,2639.0,10935.0,0,0,0,0,1,0,1,0,0,0,1,0,0
35109,0033800002eHPRJAA4,0.0,90,0.0,4079.0,1,0,0,0,0,0,1,0,0,0,0,1,0
35112,0033800002eHPaHAAW,0.0,0,0.0,8293.0,0,1,0,0,0,1,0,0,0,0,0,1,1
35113,0033800002eHPeYAAW,0.0,0,0.0,849.0,0,0,0,1,0,0,1,0,0,0,0,1,0
35114,0033800002eHPlbAAG,0.0,100,430.0,5520.0,1,0,0,0,0,0,1,0,0,0,0,1,0
35116,0033800002eHQ3dAAG,0.0,70,1194.0,9502.0,0,0,0,1,0,0,0,0,0,1,0,1,1
35122,0033800002eHRsKAAW,0.0,0,0.0,7447.0,0,1,0,0,0,0,1,0,0,0,0,1,1
35124,0033800002eHS0TAAW,0.0,0,13058.0,155.0,1,0,0,0,0,0,0,0,1,0,0,1,0
35125,0033800002eHSE5AAO,0.0,0,0.0,5484.0,0,0,0,1,0,1,0,0,0,0,0,1,1
35127,0033800002eHSHJAA4,0.0,0,0.0,2639.0,0,0,0,0,1,0,0,1,0,0,0,1,1
35132,0033800002eHSnAAAW,0.0,0,74.0,1460.0,0,0,0,1,0,0,0,0,1,0,1,0,1
35137,0033800002eHSwgAAG,0.0,100,0.0,3672.0,0,0,0,1,0,1,0,0,0,0,0,1,0
35138,0033800002eHT6ZAAW,0.0,0,596.0,3279.0,0,0,0,0,1,0,1,0,0,0,1,0,1
35143,0033800002eHTTOAA4,0.0,0,0.0,8151.0,0,1,0,0,0,0,0,0,0,1,0,1,1
35145,0033800002eHTajAAG,0.0,0,0.0,4250.0,0,0,0,1,0,0,1,0,0,0,0,1,1
35147,0033800002eHTnnAAG,0.0,0,0.0,8794.0,0,1,0,0,0,0,0,0,0,1,0,1,1
35149,0033800002eHUPQAA4,0.0,0,0.0,10526.0,0,0,0,0,1,0,1,0,0,0,0,1,0
35151,0033800002eHUViAAO,0.0,0,0.0,4945.0,0,0,0,1,0,1,0,0,0,0,0,1,0
35154,0033800002eHUe6AAG,0.0,0,0.0,2638.0,0,0,0,1,0,0,1,0,0,0,0,1,1
35155,0033800002eHUfsAAG,0.0,0,520.0,2190.0,0,0,0,1,0,0,0,0,0,1,0,1,0
35156,0033800002eHUptAAG,0.0,0,314.0,3956.0,0,1,0,0,0,0,1,0,0,0,0,1,1
35159,0033800002eHV1NAAW,0.0,0,0.0,8793.0,1,0,0,0,0,1,0,0,0,0,0,1,1
35161,0033800002eHV6SAAW,0.0,0,0.0,7828.0,0,0,0,0,1,0,1,0,0,0,1,0,1
35170,0033800002eHVkwAAG,0.0,100,1921.0,7321.0,1,0,0,0,0,0,0,0,0,1,0,1,1
35171,0033800002eHVq1AAG,0.0,0,1651.0,8087.0,0,1,0,0,0,0,0,0,1,0,1,0,1
35172,0033800002eHVuGAAW,0.0,90,699.0,10414.0,1,0,0,0,0,0,1,0,0,0,0,1,1
35174,0033800002eHWMHAA4,0.0,0,0.0,7546.0,0,0,0,0,1,1,0,0,0,0,1,0,1
35176,0033800002eHWfsAAG,0.0,80,3910.0,9616.0,0,0,0,0,1,1,0,0,0,0,0,1,0
35181,0033800002eHXCkAAO,0.0,0,0.0,5014.0,0,0,0,0,1,0,1,0,0,0,1,0,0
35185,0033800002eHXDxAAO,0.0,0,496.0,2645.0,1,0,0,0,0,0,1,0,0,0,0,1,1
35186,0033800002eHXDyAAO,0.0,0,0.0,6909.0,0,1,0,0,0,0,0,0,0,1,1,0,1
35188,0033800002eHXE0AAO,0.0,0,0.0,7393.0,0,0,0,0,1,0,0,0,1,0,0,1,1
35189,0033800002eHXE1AAO,0.0,0,660.0,2191.0,0,1,0,0,0,0,1,0,0,0,1,0,1
35190,0033800002eHXE2AAO,0.0,50,8425.0,3653.0,0,1,0,0,0,1,0,0,0,0,0,1,1
35191,0033800002eHXE3AAO,0.0,0,0.0,8400.0,0,0,0,1,0,0,1,0,0,0,0,1,1
35192,0033800002eHXE4AAO,0.0,30,58.0,1460.0,0,0,0,1,0,0,0,0,1,0,0,1,1
35193,0033800002eHXE5AAO,0.0,0,0.0,4807.0,1,0,0,0,0,0,1,0,0,0,1,0,0
35194,0033800002eHXE6AAO,0.0,0,0.0,1126.0,1,0,0,0,0,0,1,0,0,0,0,1,1
35196,0033800002eHXE9AAO,0.0,0,0.0,6056.0,0,0,0,1,0,0,1,0,0,0,0,1,0
35200,0033800002eHXEEAA4,0.0,0,326.0,2374.0,0,0,0,1,0,0,1,0,0,0,0,1,1
35202,0033800002eHXEGAA4,0.0,30,213.0,1460.0,0,0,0,1,0,0,0,0,1,0,0,1,1
35204,0033800002eHXEIAA4,0.0,0,569.0,7314.0,1,0,0,0,0,0,0,0,1,0,0,1,1
35205,0033800002eHXEJAA4,0.0,0,508.0,1459.0,0,0,0,1,0,0,0,1,0,0,0,1,1
35207,0033800002eHXELAA4,0.0,50,1646.0,3163.0,1,0,0,0,0,0,0,0,1,0,1,0,1
35211,0033800002eHXR7AAO,0.0,0,0.0,3631.0,1,0,0,0,0,1,0,0,0,0,0,1,0
35217,0033800002eHXUqAAO,0.0,0,0.0,5668.0,0,1,0,0,0,0,0,0,1,0,0,1,0
35226,0033800002eHYYJAA4,0.0,0,0.0,5202.0,0,0,0,1,0,0,1,0,0,0,0,1,1
35228,0033800002eHYgNAAW,0.0,0,4176.0,1703.0,0,1,0,0,0,0,1,0,0,0,1,0,1
35230,0033800002eHYkYAAW,0.0,0,0.0,10724.0,0,0,0,0,1,1,0,0,0,0,0,1,0
35247,0033800002eHZPJAA4,0.0,0,0.0,1461.0,0,0,0,1,0,0,1,0,0,0,1,0,1
35250,0033800002eHZdhAAG,0.0,0,1588.0,3096.0,0,0,0,0,1,0,1,0,0,0,0,1,0
35251,0033800002eHZjuAAG,0.0,0,0.0,12644.0,0,0,0,1,0,0,1,0,0,0,0,1,1
35253,0033800002eHa2DAAS,0.0,0,714.0,2190.0,0,0,0,1,0,1,0,0,0,0,0,1,0
35255,0033800002eHa5CAAS,0.0,0,0.0,4513.0,1,0,0,0,0,1,0,0,0,0,1,0,1
35256,0033800002eHa60AAC,0.0,0,0.0,8413.0,0,0,0,1,0,0,1,0,0,0,0,1,1
35258,0033800002eHaJIAA0,0.0,0,0.0,1826.0,0,1,0,0,0,0,1,0,0,0,0,1,1
35262,0033800002eHaflAAC,0.0,0,0.0,7326.0,0,0,0,1,0,0,1,0,0,0,0,1,1
35266,0033800002eHbv2AAC,0.0,0,0.0,7310.0,1,0,0,0,0,1,0,0,0,0,0,1,1
35267,0033800002eHbwyAAC,0.0,0,0.0,2922.0,1,0,0,0,0,0,1,0,0,0,1,0,1
35274,0033800002eHcX0AAK,0.0,0,0.0,7487.0,0,1,0,0,0,0,1,0,0,0,0,1,1
35276,0033800002eHcg2AAC,0.0,0,1713.0,3101.0,0,1,0,0,0,0,1,0,0,0,0,1,1
35278,0033800002eHckvAAC,0.0,0,0.0,1240.0,0,0,0,1,0,0,1,0,0,0,0,1,0
35279,0033800002eHcl0AAC,0.0,0,0.0,10022.0,0,0,0,0,1,0,1,0,0,0,0,1,1
35280,0033800002eHcnhAAC,0.0,90,0.0,2785.0,0,0,0,0,1,0,1,0,0,0,0,1,1
35284,0033800002eHd2qAAC,0.0,0,0.0,7309.0,0,0,0,1,0,0,1,0,0,0,0,1,0
35285,0033800002eHd5LAAS,0.0,70,805.0,2148.0,0,0,0,1,0,0,1,0,0,0,0,1,1
35287,0033800002eHd6VAAS,0.0,0,0.0,8036.0,0,1,0,0,0,0,0,0,1,0,0,1,1
35294,0033800002eHdS8AAK,0.0,0,0.0,11688.0,1,0,0,0,0,0,1,0,0,0,0,1,0
35296,0033800002eHdTLAA0,0.0,0,0.0,2922.0,0,0,0,1,0,0,0,0,0,1,0,1,0
35297,0033800002eHdU9AAK,0.0,0,0.0,1919.0,0,0,0,1,0,1,0,0,0,0,0,1,0
35300,0033800002eHdZOAA0,0.0,10,5903.0,2967.0,0,0,0,0,1,0,1,0,0,0,1,0,0
35305,0033800002eHeFaAAK,0.0,0,0.0,7913.0,0,1,0,0,0,0,1,0,0,0,0,1,1
35306,0033800002eHeKRAA0,0.0,0,0.0,8044.0,0,0,0,1,0,0,1,0,0,0,0,1,1
35319,0033800002eHfLYAA0,0.0,0,0.0,8661.0,0,0,0,1,0,0,1,0,0,0,0,1,1
35322,0033800002eHfXFAA0,0.0,0,1392.0,2724.0,0,1,0,0,0,0,1,0,0,0,0,1,1
35330,0033800002eHjFFAA0,0.0,0,0.0,7659.0,0,1,0,0,0,1,0,0,0,0,0,1,1
35331,0033800002eHjGDAA0,0.0,0,0.0,8524.0,0,0,0,1,0,0,1,0,0,0,0,1,1
35332,0033800002eHjNxAAK,0.0,0,0.0,1461.0,0,0,0,1,0,0,0,0,0,1,1,0,0
35333,0033800002eHjPUAA0,0.0,70,786.0,5306.0,0,1,0,0,0,0,1,0,0,0,1,0,0
35335,0033800002eHlIfAAK,0.0,0,0.0,7674.0,0,0,0,1,0,0,1,0,0,0,0,1,0
35339,0033800002eHliTAAS,0.0,0,0.0,7321.0,1,0,0,0,0,0,0,0,0,1,0,1,0
35340,0033800002eHllXAAS,0.0,0,1979.0,2130.0,0,1,0,0,0,1,0,0,0,0,0,1,0
35345,0033800002eHmM5AAK,0.0,0,0.0,1514.0,0,1,0,0,0,0,1,0,0,0,1,0,0
35347,0033800002eHmVcAAK,0.0,0,0.0,11311.0,0,1,0,0,0,0,1,0,0,0,0,1,1
35355,0033800002eHn18AAC,0.0,0,0.0,7331.0,0,0,0,1,0,1,0,0,0,0,0,1,1
35357,0033800002eHn5ZAAS,0.0,0,0.0,1460.0,0,1,0,0,0,1,0,0,0,0,0,1,1
35359,0033800002eHnEPAA0,0.0,0,0.0,7318.0,0,0,0,1,0,1,0,0,0,0,0,1,0
35363,0033800002eHoBTAA0,0.0,100,2294.0,4870.0,0,1,0,0,0,0,1,0,0,0,0,1,0
35366,0033800002eHoDZAA0,0.0,0,0.0,5159.0,0,0,0,1,0,0,1,0,0,0,0,1,1
35368,0033800002eHoI7AAK,0.0,0,6656.0,1463.0,0,1,0,0,0,0,1,0,0,0,1,0,0
35369,0033800002eHoMJAA0,0.0,0,431.0,5198.0,1,0,0,0,0,0,0,0,1,0,0,1,0
35370,0033800002eHoX9AAK,0.0,0,0.0,7313.0,0,0,1,0,0,0,0,0,0,1,0,1,1
35371,0033800002eHoZKAA0,0.0,0,0.0,8516.0,1,0,0,0,0,0,1,0,0,0,0,1,0
35374,0033800002eHokQAAS,0.0,0,0.0,8807.0,0,0,0,0,1,0,1,0,0,0,1,0,0
35377,0033800002eHoq4AAC,0.0,0,1556.0,1674.0,0,0,0,0,1,0,0,0,1,0,0,1,1
35378,0033800002eHos1AAC,0.0,0,866.0,4280.0,0,0,0,1,0,0,1,0,0,0,0,1,1
35379,0033800002eHoxCAAS,0.0,0,122.0,2961.0,0,0,0,1,0,0,1,0,0,0,0,1,1
35385,0033800002eHpmmAAC,0.0,0,68.0,4474.0,1,0,0,0,0,0,0,0,0,1,0,1,1
35387,0033800002eHpxAAAS,0.0,0,0.0,2916.0,0,0,0,1,0,0,0,0,0,1,0,1,1
35390,0033800002eHq6RAAS,0.0,0,3294.0,2922.0,0,1,0,0,0,0,0,0,0,1,1,0,1
35394,0033800002eHqvvAAC,0.0,0,0.0,7408.0,0,0,0,1,0,0,1,0,0,0,0,1,0
35400,0033800002eHrEBAA0,0.0,0,0.0,2913.0,0,0,0,1,0,0,0,0,1,0,0,1,1
35401,0033800002eHrECAA0,0.0,0,0.0,8613.0,0,0,0,1,0,0,0,0,1,0,0,1,1
35403,0033800002eHrEEAA0,0.0,0,0.0,3066.0,0,0,0,0,1,0,0,0,1,0,1,0,0
35405,0033800002eHrUPAA0,0.0,0,0.0,7514.0,1,0,0,0,0,0,0,0,0,1,0,1,1
35407,0033800002eHryAAAS,0.0,0,0.0,7784.0,1,0,0,0,0,0,0,0,0,1,0,1,1
35408,0033800002eHs48AAC,0.0,0,0.0,4485.0,0,0,0,1,0,0,1,0,0,0,0,1,1
35417,0033800002eHsa1AAC,0.0,100,2152.0,1507.0,0,0,0,1,0,0,1,0,0,0,0,1,0
35421,0033800002eHtALAA0,0.0,0,0.0,7306.0,0,0,0,0,1,0,1,0,0,0,1,0,0
35427,0033800002eHtZCAA0,0.0,0,0.0,3740.0,0,0,0,1,0,0,1,0,0,0,0,1,1
35428,0033800002eHtatAAC,0.0,0,2729.0,5260.0,1,0,0,0,0,0,0,0,0,1,1,0,1
35429,0033800002eHtcpAAC,0.0,0,0.0,8687.0,1,0,0,0,0,0,1,0,0,0,0,1,1
35431,0033800002eHtuPAAS,0.0,0,136.0,5479.0,0,0,0,1,0,1,0,0,0,0,0,1,0
35433,0033800002eHu3RAAS,0.0,0,0.0,1826.0,0,0,0,1,0,0,1,0,0,0,0,1,0
35435,0033800002eHuEBAA0,0.0,0,0.0,5479.0,1,0,0,0,0,1,0,0,0,0,0,1,0
35438,0033800002eHuYLAA0,0.0,0,0.0,730.0,0,0,0,1,0,0,1,0,0,0,1,0,0
35439,0033800002eHua9AAC,0.0,0,0.0,6344.0,0,0,0,0,1,0,1,0,0,0,0,1,1
35448,0033800002eHv8SAAS,0.0,0,0.0,4552.0,0,0,0,1,0,0,1,0,0,0,0,1,0
35449,0033800002eHvE1AAK,0.0,0,1.0,7311.0,1,0,0,0,0,0,0,0,0,1,0,1,0
35451,0033800002eHvH5AAK,0.0,0,3364.0,2868.0,0,0,0,1,0,0,1,0,0,0,0,1,0
35453,0033800002eHvXNAA0,0.0,30,1377.0,1543.0,0,1,0,0,0,0,0,0,1,0,0,1,1
35454,0033800002eHvcJAAS,0.0,0,816.0,2650.0,0,0,0,1,0,0,1,0,0,0,0,1,1
35462,0033800002eHx7KAAS,0.0,0,7941.0,2251.0,0,0,0,0,1,0,1,0,0,0,1,0,0
35463,0033800002eHx7eAAC,0.0,0,0.0,1460.0,0,0,0,1,0,0,0,0,0,1,1,0,0
35464,0033800002eHxI7AAK,0.0,0,0.0,5867.0,1,0,0,0,0,0,1,0,0,0,0,1,0
35469,0033800002eHxqNAAS,0.0,0,20.0,1751.0,0,0,0,1,0,0,1,0,0,0,1,0,0
35472,0033800002eHxwGAAS,0.0,0,0.0,1460.0,0,0,0,1,0,0,0,0,0,1,0,1,0
35473,0033800002eHy6LAAS,0.0,0,0.0,8692.0,0,1,0,0,0,1,0,0,0,0,0,1,0
35475,0033800002eHyD7AAK,0.0,0,0.0,8912.0,0,0,0,1,0,0,1,0,0,0,0,1,1
35477,0033800002eHyLKAA0,0.0,0,1924.0,1800.0,0,0,0,1,0,1,0,0,0,0,0,1,1
35483,0033800002eHygrAAC,0.0,0,0.0,4852.0,0,0,0,1,0,0,1,0,0,0,0,1,0
35484,0033800002eHyieAAC,0.0,0,170.0,2922.0,1,0,0,0,0,0,0,0,0,1,1,0,0
35486,0033800002eHywHAAS,0.0,0,0.0,8544.0,0,0,0,0,1,0,0,0,1,0,0,1,1
35487,0033800002eHyzBAAS,0.0,0,0.0,19072.0,1,0,0,0,0,0,1,0,0,0,1,0,1
35489,0033800002eHzPgAAK,0.0,0,0.0,1460.0,0,0,0,1,0,0,0,0,1,0,0,1,1
35494,0033800002eHznWAAS,0.0,0,0.0,2997.0,0,0,0,1,0,0,1,0,0,0,1,0,0
35497,0033800002eHzxRAAS,0.0,0,0.0,2069.0,0,1,0,0,0,0,1,0,0,0,1,0,1
35500,0033800002eI08qAAC,0.0,0,0.0,7315.0,0,0,0,1,0,0,0,0,1,0,0,1,0
35502,0033800002eI0XRAA0,0.0,0,0.0,18.0,1,0,0,0,0,0,1,0,0,0,0,1,0
35510,0033800002eI10LAAS,0.0,0,0.0,14257.0,0,0,0,1,0,0,0,0,0,1,0,1,0
35517,0033800002eI1PlAAK,0.0,0,0.0,7329.0,0,0,0,1,0,0,0,0,0,1,0,1,0
35518,0033800002eI1RrAAK,0.0,0,1699.0,1432.0,1,0,0,0,0,0,0,0,1,0,1,0,1
35521,0033800002eI1V2AAK,0.0,0,8741.0,2538.0,0,0,0,1,0,0,1,0,0,0,0,1,1
35522,0033800002eI1XcAAK,0.0,0,890.0,10827.0,1,0,0,0,0,0,1,0,0,0,0,1,1
35523,0033800002eI1byAAC,0.0,0,0.0,7284.0,0,0,0,0,1,0,1,0,0,0,0,1,0
35528,0033800002eI23rAAC,0.0,0,0.0,10984.0,1,0,0,0,0,1,0,0,0,0,0,1,0
35532,0033800002eI2GkAAK,0.0,0,0.0,8172.0,0,1,0,0,0,1,0,0,0,0,0,1,1
35538,0033800002eI3dpAAC,0.0,0,0.0,7859.0,0,1,0,0,0,0,1,0,0,0,0,1,1
35541,0033800002eI3syAAC,0.0,0,0.0,9498.0,0,0,0,1,0,0,0,0,1,0,0,1,1
35542,0033800002eI3xzAAC,0.0,0,0.0,2545.0,0,1,0,0,0,0,1,0,0,0,0,1,0
35543,0033800002eI4MsAAK,0.0,0,0.0,2750.0,0,0,0,1,0,0,1,0,0,0,1,0,1
35544,0033800002eI4N7AAK,0.0,0,0.0,1207.0,0,0,0,1,0,0,1,0,0,0,0,1,1
35549,0033800002eI4tuAAC,0.0,30,592.0,4748.0,0,0,0,1,0,0,1,0,0,0,0,1,0
35550,0033800002eI4u4AAC,0.0,0,158.0,4238.0,0,0,0,1,0,0,1,0,0,0,0,1,1
35556,0033800002eI5cVAAS,0.0,0,0.0,3301.0,0,0,0,1,0,0,1,0,0,0,0,1,1
35559,0033800002eI5xWAAS,0.0,0,0.0,7306.0,0,0,0,1,0,0,1,0,0,0,0,1,1
35560,0033800002eI5yoAAC,0.0,0,0.0,7324.0,1,0,0,0,0,1,0,0,0,0,0,1,1
35561,0033800002eI68wAAC,0.0,0,623.0,7316.0,1,0,0,0,0,1,0,0,0,0,0,1,1
35562,0033800002eI6GhAAK,0.0,0,3908.0,2191.0,0,0,0,1,0,0,0,0,0,1,1,0,0
35563,0033800002eI6HpAAK,0.0,0,8285.0,0.0,0,0,0,1,0,1,0,0,0,0,1,0,0
35566,0033800002eI6JbAAK,0.0,20,160.0,1339.0,0,0,0,1,0,0,1,0,0,0,1,0,1
35573,0033800002eI6oVAAS,0.0,100,2119.0,7989.0,0,0,0,0,1,0,1,0,0,0,0,1,1
35574,0033800002eI6rAAAS,0.0,0,530.0,3881.0,0,1,0,0,0,0,1,0,0,0,0,1,1
35579,0033800002eI7HUAA0,0.0,0,0.0,7312.0,0,0,0,1,0,0,1,0,0,0,0,1,1
35581,0033800002eI7OUAA0,0.0,0,452.0,4636.0,0,0,0,1,0,0,1,0,0,0,0,1,0
35585,0033800002eI7gOAAS,0.0,0,168.0,1523.0,0,1,0,0,0,0,1,0,0,0,1,0,1
35589,0033800002eI7pQAAS,0.0,0,0.0,1460.0,0,0,0,0,1,0,0,0,0,1,1,0,1
35590,0033800002eI81LAAS,0.0,100,224.0,6175.0,0,1,0,0,0,1,0,0,0,0,1,0,0
35596,0033800002eIb20AAC,0.0,60,283.0,7306.0,0,1,0,0,0,1,0,0,0,0,0,1,1
35598,0033800002eIbDcAAK,0.0,0,0.0,2651.0,0,1,0,0,0,0,0,0,0,1,1,0,1
35599,0033800002eIbFOAA0,0.0,0,0.0,5875.0,1,0,0,0,0,0,1,0,0,0,0,1,1
35600,0033800002eIbbjAAC,0.0,0,0.0,6966.0,0,0,0,1,0,0,1,0,0,0,0,1,0
35601,0033800002eIbfiAAC,0.0,0,0.0,3653.0,0,1,0,0,0,0,1,0,0,0,0,1,0
35604,0033800002eIbfnAAC,0.0,0,0.0,1704.0,0,0,0,1,0,0,1,0,0,0,0,1,0
35609,0033800002eIbfuAAC,0.0,0,0.0,4662.0,0,0,0,1,0,0,1,0,0,0,0,1,0
35610,0033800002eIbfvAAC,0.0,0,0.0,1206.0,0,0,0,1,0,0,1,0,0,0,0,1,0
35611,0033800002eIbfwAAC,0.0,0,0.0,1219.0,0,0,0,1,0,0,1,0,0,0,0,1,1
35614,0033800002eIbfzAAC,0.0,0,0.0,3151.0,0,0,0,1,0,0,1,0,0,0,0,1,1
35615,0033800002eIbg0AAC,0.0,0,0.0,4440.0,0,0,0,1,0,0,1,0,0,0,0,1,1
35617,0033800002eIbg3AAC,0.0,0,0.0,7174.0,0,0,0,1,0,0,1,0,0,0,0,1,1
35618,0033800002eIbg4AAC,0.0,0,0.0,7307.0,0,0,0,0,1,0,1,0,0,0,0,1,0
35619,0033800002eIbpgAAC,0.0,0,0.0,1108.0,0,1,0,0,0,0,1,0,0,0,0,1,1
35621,0033800002eIbrNAAS,0.0,0,0.0,2011.0,0,0,0,1,0,0,0,0,1,0,0,1,1
35625,0033800002eIcHBAA0,0.0,0,0.0,18845.0,1,0,0,0,0,0,1,0,0,0,0,1,1
35627,0033800002eIcM9AAK,0.0,0,3511.0,1460.0,0,0,0,1,0,0,0,0,1,0,1,0,1
35629,0033800002eIcSbAAK,0.0,0,2372.0,3619.0,0,1,0,0,0,0,1,0,0,0,1,0,1
35630,0033800002eIcUDAA0,0.0,0,0.0,2590.0,0,0,0,1,0,0,1,0,0,0,0,1,0
35635,0033800002eIceWAAS,0.0,70,811.0,4859.0,0,0,0,1,0,0,0,0,1,0,0,1,0
35636,0033800002eId2TAAS,0.0,0,0.0,7238.0,0,1,0,0,0,0,1,0,0,0,0,1,1
35639,0033800002eIeFPAA0,0.0,0,141.0,1827.0,0,0,0,1,0,0,0,0,0,1,0,1,0
35644,0033800002eIfNYAA0,0.0,0,0.0,9251.0,0,1,0,0,0,0,1,0,0,0,0,1,0
35645,0033800002eIfPWAA0,0.0,100,37.0,7921.0,0,0,0,1,0,0,1,0,0,0,0,1,1
35648,0033800002eIfdWAAS,0.0,0,0.0,7987.0,1,0,0,0,0,0,1,0,0,0,0,1,1
35649,0033800002eIfetAAC,0.0,20,1338.0,3649.0,0,0,0,0,1,1,0,0,0,0,0,1,1
35650,0033800002eIfivAAC,0.0,0,0.0,7323.0,1,0,0,0,0,0,1,0,0,0,1,0,1
35651,0033800002eIfjPAAS,0.0,0,0.0,5670.0,1,0,0,0,0,0,1,0,0,0,1,0,0
35652,0033800002eIfl7AAC,0.0,0,0.0,1408.0,0,1,0,0,0,0,1,0,0,0,0,1,1
35653,0033800002eIflbAAC,0.0,0,0.0,8267.0,0,1,0,0,0,0,1,0,0,0,0,1,1
35658,0033800002eIfnvAAC,0.0,0,1388.0,2192.0,1,0,0,0,0,0,0,0,0,1,0,1,1
35659,0033800002eIfr6AAC,0.0,0,37.0,9505.0,0,0,0,0,1,0,0,0,0,1,0,1,1
35660,0033800002eIfwOAAS,0.0,0,4898.0,436.0,0,0,0,1,0,0,0,0,1,0,0,1,1
35661,0033800002eIfx7AAC,0.0,0,0.0,2098.0,0,0,0,1,0,0,0,0,0,1,1,0,0
35662,0033800002eIg6fAAC,0.0,0,0.0,5054.0,0,0,0,0,1,0,0,0,0,1,1,0,0
35663,0033800002eIgCfAAK,0.0,0,0.0,5926.0,0,0,0,1,0,0,0,0,1,0,0,1,0
35664,0033800002eIgFGAA0,0.0,0,0.0,1462.0,0,0,0,1,0,0,0,0,0,1,0,1,0
35666,0033800002eIgLBAA0,0.0,0,0.0,1827.0,0,0,0,0,1,0,1,0,0,0,0,1,0
35671,0033800002eIh5FAAS,0.0,0,0.0,4333.0,0,0,0,0,1,0,0,0,1,0,0,1,1
35672,0033800002eIhZbAAK,0.0,0,0.0,2881.0,1,0,0,0,0,1,0,0,0,0,0,1,1
35675,0033800002eIiI1AAK,0.0,0,0.0,8102.0,0,1,0,0,0,0,0,1,0,0,0,1,1
35680,0033800002eIiSzAAK,0.0,0,0.0,2228.0,0,1,0,0,0,1,0,0,0,0,0,1,0
35684,0033800002eIicXAAS,0.0,0,135.0,8303.0,0,1,0,0,0,0,1,0,0,0,0,1,1
35685,0033800002eIidBAAS,0.0,50,2660.0,2557.0,1,0,0,0,0,0,0,0,1,0,0,1,1
35686,0033800002eIidQAAS,0.0,0,3613.0,2344.0,0,0,0,1,0,0,1,0,0,0,1,0,0
35687,0033800002eIidVAAS,0.0,0,574.0,1958.0,1,0,0,0,0,0,1,0,0,0,1,0,0
35689,0033800002eIifcAAC,0.0,0,2113.0,4423.0,0,1,0,0,0,0,1,0,0,0,0,1,1
35690,0033800002eIigzAAC,0.0,100,590.0,10651.0,0,1,0,0,0,0,1,0,0,0,0,1,0
35695,0033800002eIilyAAC,0.0,0,0.0,1825.0,0,0,0,1,0,0,0,0,1,0,0,1,1
35705,0033800002eIjtFAAS,0.0,0,3907.0,2192.0,1,0,0,0,0,0,0,0,0,1,0,1,1
35706,0033800002eIjvBAAS,0.0,0,0.0,4867.0,0,0,0,1,0,0,1,0,0,0,0,1,0
35710,0033800002eIk2gAAC,0.0,0,0.0,8424.0,0,1,0,0,0,0,1,0,0,0,0,1,1
35711,0033800002eIkBMAA0,0.0,0,0.0,2250.0,0,0,0,1,0,1,0,0,0,0,0,1,1
35713,0033800002eIkGWAA0,0.0,0,0.0,7305.0,0,0,0,0,1,1,0,0,0,0,0,1,1
35714,0033800002eIkMKAA0,0.0,80,0.0,7702.0,1,0,0,0,0,1,0,0,0,0,0,1,1
35715,0033800002eIkRCAA0,0.0,40,10.0,1643.0,0,0,0,0,1,0,1,0,0,0,0,1,0
35716,0033800002eIkSeAAK,0.0,0,0.0,7305.0,0,0,0,1,0,0,1,0,0,0,0,1,1
35717,0033800002eIkctAAC,0.0,0,1105.0,2929.0,0,0,0,1,0,0,1,0,0,0,0,1,0
35718,0033800002eIkdSAAS,0.0,0,662.0,2922.0,1,0,0,0,0,0,1,0,0,0,1,0,0
35723,0033800002eIks4AAC,0.0,0,0.0,2124.0,1,0,0,0,0,0,1,0,0,0,1,0,1
35724,0033800002eIkx4AAC,0.0,60,560.0,2868.0,0,0,0,1,0,0,1,0,0,0,0,1,0
35726,0033800002eIkzhAAC,0.0,0,0.0,4694.0,0,0,0,1,0,0,1,0,0,0,0,1,0
35728,0033800002eIkzjAAC,0.0,0,0.0,7915.0,1,0,0,0,0,0,0,0,0,1,1,0,0
35731,0033800002eIkznAAC,0.0,0,76.0,9536.0,0,0,0,0,1,0,0,0,0,1,0,1,1
35733,0033800002eIkzpAAC,0.0,0,159.0,4326.0,0,0,0,0,1,0,0,0,0,1,0,1,1
35736,0033800002eIl1UAAS,0.0,0,0.0,7453.0,0,0,0,1,0,0,1,0,0,0,0,1,1
35737,0033800002eIl3aAAC,0.0,0,0.0,2227.0,0,0,0,1,0,0,1,0,0,0,0,1,0
35738,0033800002eIlHSAA0,0.0,0,0.0,9374.0,0,1,0,0,0,0,1,0,0,0,0,1,1
35740,0033800002eIlPvAAK,0.0,0,472.0,6087.0,0,1,0,0,0,1,0,0,0,0,1,0,0
35741,0033800002eIlS6AAK,0.0,0,0.0,4410.0,0,0,0,1,0,0,1,0,0,0,0,1,0
35744,0033800002eIli4AAC,0.0,0,0.0,6367.0,0,0,0,1,0,1,0,0,0,0,0,1,0
35746,0033800002eIltgAAC,0.0,0,0.0,3760.0,0,0,0,1,0,0,1,0,0,0,1,0,0
35747,0033800002eIlxOAAS,0.0,0,0.0,7366.0,0,0,0,0,1,0,1,0,0,0,1,0,1
35750,0033800002eImB9AAK,0.0,0,1533.0,2947.0,0,0,0,1,0,0,0,0,1,0,0,1,0
35753,0033800002eImbwAAC,0.0,40,8810.0,3346.0,1,0,0,0,0,0,0,0,0,1,0,1,1
35754,0033800002eImjrAAC,0.0,0,444.0,1095.0,0,1,0,0,0,1,0,0,0,0,0,1,1
35757,0033800002eImrCAAS,0.0,0,0.0,1461.0,0,0,0,1,0,0,1,0,0,0,1,0,1
35758,0033800002eImrqAAC,0.0,0,4356.0,1096.0,0,0,0,0,1,0,1,0,0,0,0,1,0
35762,0033800002eInWEAA0,0.0,0,1773.0,1600.0,0,0,0,1,0,0,1,0,0,0,1,0,0
35764,0033800002eIntmAAC,0.0,0,0.0,7433.0,0,1,0,0,0,0,1,0,0,0,0,1,1
35770,0033800002eIoSNAA0,0.0,30,0.0,5451.0,1,0,0,0,0,1,0,0,0,0,1,0,0
35780,0033800002eIoibAAC,0.0,90,0.0,6080.0,1,0,0,0,0,0,1,0,0,0,0,1,1
35782,0033800002eIonHAAS,0.0,0,0.0,3211.0,0,0,0,1,0,0,1,0,0,0,0,1,0
35783,0033800002eIovxAAC,0.0,0,0.0,8781.0,0,1,0,0,0,0,0,0,1,0,0,1,1
35785,0033800002eIpL2AAK,0.0,0,0.0,5223.0,0,0,0,1,0,0,1,0,0,0,0,1,0
35786,0033800002eIpZHAA0,0.0,90,0.0,2700.0,0,1,0,0,0,0,1,0,0,0,0,1,1
35787,0033800002eIpaFAAS,0.0,0,0.0,3287.0,0,0,0,1,0,0,1,0,0,0,1,0,0
35788,0033800002eIpaKAAS,0.0,40,0.0,1337.0,0,0,0,1,0,0,1,0,0,0,0,1,1
35791,0033800002eIpyVAAS,0.0,0,0.0,4204.0,0,1,0,0,0,0,1,0,0,0,0,1,0
35792,0033800002eIq33AAC,0.0,0,0.0,7212.0,0,1,0,0,0,0,1,0,0,0,1,0,0
35797,0033800002eIqjOAAS,0.0,0,0.0,1456.0,0,0,0,1,0,0,0,0,1,0,0,1,0
35799,0033800002eIqtTAAS,0.0,0,0.0,3270.0,1,0,0,0,0,1,0,0,0,0,1,0,0
35800,0033800002eIqv5AAC,0.0,0,0.0,3768.0,0,0,0,1,0,0,1,0,0,0,0,1,1
35804,0033800002eIrQ1AAK,0.0,0,0.0,3650.0,0,1,0,0,0,1,0,0,0,0,1,0,0
35806,0033800002eIrtIAAS,0.0,0,0.0,3108.0,0,1,0,0,0,0,0,0,0,1,1,0,1
35807,0033800002eIrtSAAS,0.0,0,347.0,4525.0,1,0,0,0,0,0,0,0,0,1,0,1,1
35810,0033800002eIsEbAAK,0.0,0,44.0,7494.0,0,1,0,0,0,1,0,0,0,0,1,0,0
35811,0033800002eIsEgAAK,0.0,50,1686.0,1737.0,0,1,0,0,0,0,0,0,1,0,1,0,1
35812,0033800002eIsGIAA0,0.0,0,1232.0,3653.0,0,1,0,0,0,0,0,0,0,1,0,1,1
35814,0033800002eIsHyAAK,0.0,0,0.0,1095.0,0,0,0,1,0,0,0,0,0,1,0,1,1
35815,0033800002eIsSIAA0,0.0,50,0.0,10600.0,1,0,0,0,0,0,0,0,1,0,0,1,1
35831,0033800002eItz1AAC,0.0,0,2561.0,5189.0,0,1,0,0,0,0,0,0,1,0,0,1,0
35836,0033800002eIua0AAC,0.0,0,7739.0,3654.0,0,0,0,1,0,0,0,0,0,1,0,1,1
35837,0033800002eIuddAAC,0.0,0,0.0,1342.0,0,0,0,1,0,0,1,0,0,0,0,1,0
35839,0033800002eIulVAAS,0.0,0,0.0,10960.0,0,0,0,0,1,1,0,0,0,0,1,0,0
35840,0033800002eIusIAAS,0.0,0,9.0,1826.0,0,0,0,1,0,0,0,0,1,0,0,1,0
35846,0033800002eIvJSAA0,0.0,60,1963.0,7458.0,0,0,0,1,0,0,1,0,0,0,0,1,1
35847,0033800002eIvhQAAS,0.0,0,0.0,7413.0,0,0,0,1,0,0,1,0,0,0,0,1,1
35851,0033800002eIwRqAAK,0.0,0,11.0,1380.0,0,0,0,1,0,0,0,0,0,1,1,0,1
35854,0033800002eIweeAAC,0.0,0,0.0,8164.0,0,0,0,0,1,0,1,0,0,0,1,0,0
35855,0033800002eIwefAAC,0.0,0,0.0,7734.0,0,0,0,1,0,0,1,0,0,0,0,1,0
35856,0033800002eIwegAAC,0.0,0,0.0,8217.0,0,0,0,0,1,1,0,0,0,0,0,1,1
35857,0033800002eIwehAAC,0.0,0,0.0,7709.0,0,1,0,0,0,0,1,0,0,0,0,1,1
35858,0033800002eIwejAAC,0.0,0,0.0,11015.0,0,1,0,0,0,0,0,1,0,0,0,1,1
35864,0033800002eIwepAAC,0.0,0,0.0,6971.0,0,0,0,1,0,0,1,0,0,0,0,1,0
35865,0033800002eIweqAAC,0.0,0,0.0,7349.0,0,0,0,0,1,1,0,0,0,0,0,1,0
35867,0033800002eIwetAAC,0.0,0,0.0,4920.0,0,1,0,0,0,0,1,0,0,0,1,0,0
35868,0033800002eIwglAAC,0.0,0,0.0,8766.0,0,1,0,0,0,0,0,0,0,1,0,1,1
35870,0033800002eIwjVAAS,0.0,0,0.0,2860.0,0,1,0,0,0,0,1,0,0,0,0,1,1
35871,0033800002eIwjWAAS,0.0,0,0.0,5055.0,0,1,0,0,0,0,1,0,0,0,1,0,0
35874,0033800002eIwjZAAS,0.0,0,0.0,1461.0,0,1,0,0,0,0,1,0,0,0,0,1,1
35876,0033800002eIwjbAAC,0.0,0,104.0,92.0,0,0,0,1,0,0,1,0,0,0,0,1,1
35878,0033800002eIwjdAAC,0.0,0,0.0,5959.0,0,0,0,1,0,0,1,0,0,0,0,1,1
35879,0033800002eIwjeAAC,0.0,0,0.0,7760.0,0,0,0,1,0,0,1,0,0,0,0,1,0
35880,0033800002eIwjfAAC,0.0,0,0.0,9820.0,1,0,0,0,0,0,1,0,0,0,0,1,1
35881,0033800002eIwjgAAC,0.0,0,0.0,4194.0,0,1,0,0,0,0,1,0,0,0,0,1,1
35882,0033800002eIwjhAAC,0.0,0,0.0,8766.0,0,0,0,0,1,0,1,0,0,0,0,1,1
35885,0033800002eIxJgAAK,0.0,40,0.0,2910.0,0,0,0,1,0,0,0,0,1,0,0,1,0
35887,0033800002eIxOWAA0,0.0,0,0.0,7742.0,1,0,0,0,0,0,0,0,0,1,0,1,1
35888,0033800002eIxOXAA0,0.0,0,0.0,7001.0,1,0,0,0,0,0,0,0,0,1,0,1,1
35889,0033800002eIxOYAA0,0.0,0,0.0,8796.0,0,0,0,0,1,0,0,0,0,1,0,1,1
35890,0033800002eIxOZAA0,0.0,0,0.0,7566.0,0,0,0,1,0,0,0,0,0,1,0,1,1
35891,0033800002eIxOaAAK,0.0,0,6458.0,4018.0,1,0,0,0,0,0,0,0,0,1,1,0,0
35893,0033800002eIxOcAAK,0.0,0,0.0,1491.0,0,0,0,1,0,0,0,0,0,1,1,0,0
35894,0033800002eIxOdAAK,0.0,0,0.0,7330.0,0,0,0,1,0,0,0,0,0,1,0,1,0
35895,0033800002eIxOeAAK,0.0,0,0.0,7329.0,0,0,0,1,0,0,0,0,0,1,1,0,1
35896,0033800002eIxOfAAK,0.0,0,0.0,2549.0,0,0,0,1,0,0,0,0,0,1,0,1,0
35897,0033800002eIxOgAAK,0.0,0,0.0,7305.0,0,0,0,1,0,0,0,0,0,1,1,0,0
35898,0033800002eIxOhAAK,0.0,0,0.0,9539.0,0,0,0,0,1,0,0,0,0,1,0,1,1
35899,0033800002eIxOiAAK,0.0,0,0.0,8097.0,1,0,0,0,0,0,0,0,0,1,1,0,1
35900,0033800002eIxOjAAK,0.0,0,0.0,8091.0,1,0,0,0,0,0,0,0,0,1,0,1,1
35904,0033800002eIxOoAAK,0.0,0,0.0,10909.0,0,0,0,0,1,0,0,0,0,1,0,1,1
35905,0033800002eIxOpAAK,0.0,0,0.0,7277.0,0,1,0,0,0,0,0,0,0,1,0,1,1
35907,0033800002eIxOrAAK,0.0,0,0.0,731.0,0,1,0,0,0,0,0,0,0,1,1,0,1
35910,0033800002eIxOwAAK,0.0,0,0.0,7988.0,0,0,0,0,1,0,0,0,0,1,1,0,1
35912,0033800002eIxOyAAK,0.0,0,0.0,10990.0,0,1,0,0,0,0,0,0,0,1,0,1,1
35914,0033800002eIxRuAAK,0.0,0,0.0,8835.0,0,1,0,0,0,0,1,0,0,0,0,1,1
35918,0033800002eIxZUAA0,0.0,0,1870.0,3287.0,0,0,0,1,0,0,0,0,0,1,0,1,0
35920,0033800002eIy69AAC,0.0,0,59.0,1674.0,0,1,0,0,0,0,1,0,0,0,0,1,0
35921,0033800002eIyBJAA0,0.0,0,13.0,7142.0,1,0,0,0,0,0,0,0,1,0,0,1,1
35923,0033800002eIyN2AAK,0.0,0,0.0,4061.0,0,0,0,1,0,0,0,0,1,0,0,1,0
35926,0033800002eIyQfAAK,0.0,0,0.0,2953.0,0,0,0,1,0,0,1,0,0,0,0,1,0
35929,0033800002eIytLAAS,0.0,70,0.0,2613.0,0,0,0,1,0,0,1,0,0,0,1,0,0
35934,0033800002eIzqAAAS,0.0,50,8577.0,8339.0,0,0,0,0,1,0,0,0,0,1,0,1,0
35938,0033800002eIzzcAAC,0.0,0,4731.0,8455.0,0,0,1,0,0,0,0,1,0,0,0,1,1
35941,0033800002eJ0hTAAS,0.0,0,0.0,7310.0,0,1,0,0,0,0,1,0,0,0,0,1,1
35943,0033800002eJ0rTAAS,0.0,0,0.0,2671.0,0,1,0,0,0,0,1,0,0,0,0,1,1
35945,0033800002eJ1KuAAK,0.0,0,1857.0,3548.0,0,0,0,1,0,1,0,0,0,0,0,1,0
35948,0033800002eJ2IgAAK,0.0,0,105.0,6301.0,0,1,0,0,0,0,0,0,1,0,0,1,1
35950,0033800002eJ2h6AAC,0.0,0,109.0,1507.0,0,0,0,1,0,0,1,0,0,0,0,1,0
35954,0033800002eJ2s4AAC,0.0,0,0.0,2930.0,1,0,0,0,0,0,1,0,0,0,0,1,1
35955,0033800002eJ32FAAS,0.0,70,6530.0,3515.0,0,1,0,0,0,0,0,0,1,0,0,1,1
35956,0033800002eJ3C5AAK,0.0,70,1513.0,1559.0,0,1,0,0,0,0,1,0,0,0,0,1,0
35957,0033800002eJ3EHAA0,0.0,0,0.0,944.0,0,0,0,1,0,0,1,0,0,0,0,1,1
35959,0033800002eJ5GJAA0,0.0,0,4047.0,1217.0,1,0,0,0,0,0,1,0,0,0,1,0,0
35960,0033800002eJ5GTAA0,0.0,0,4031.0,1256.0,1,0,0,0,0,0,1,0,0,0,1,0,0
35961,0033800002eJ6aeAAC,0.0,0,0.0,2192.0,1,0,0,0,0,1,0,0,0,0,0,1,1
35966,0033800002eJ73hAAC,0.0,0,0.0,7318.0,1,0,0,0,0,1,0,0,0,0,1,0,1
35967,0033800002eJ7QLAA0,0.0,0,0.0,10980.0,1,0,0,0,0,1,0,0,0,0,1,0,0
35977,0033800002eJ8prAAC,0.0,0,0.0,1827.0,1,0,0,0,0,0,0,0,0,1,1,0,1
35978,0033800002eJ8tdAAC,0.0,0,0.0,7333.0,1,0,0,0,0,0,1,0,0,0,1,0,1
35979,0033800002eJ8vwAAC,0.0,0,0.0,7330.0,0,1,0,0,0,1,0,0,0,0,0,1,1
35981,0033800002eJ91uAAC,0.0,0,0.0,7328.0,0,1,0,0,0,1,0,0,0,0,1,0,1
35984,0033800002eJ9ArAAK,0.0,0,0.0,2922.0,0,0,0,1,0,1,0,0,0,0,0,1,0
35986,0033800002eJ9GzAAK,0.0,0,0.0,7583.0,1,0,0,0,0,0,1,0,0,0,0,1,1
35987,0033800002eJ9JoAAK,0.0,0,0.0,8901.0,0,1,0,0,0,0,1,0,0,0,1,0,0
35990,0033800002eJ9pnAAC,0.0,90,197.0,7322.0,1,0,0,0,0,0,0,0,0,1,1,0,0
35992,0033800002eJAKVAA4,0.0,0,0.0,1205.0,0,0,0,1,0,0,1,0,0,0,1,0,1
35995,0033800002eJAipAAG,0.0,0,0.0,1769.0,1,0,0,0,0,1,0,0,0,0,0,1,1
35997,0033800002eJAlKAAW,0.0,70,710.0,1974.0,0,0,0,0,1,0,0,0,1,0,0,1,1
35998,0033800002eJBpkAAG,0.0,0,0.0,5233.0,1,0,0,0,0,0,1,0,0,0,1,0,0
36001,0033800002eJCJeAAO,0.0,0,0.0,2684.0,0,0,0,1,0,0,1,0,0,0,0,1,1
36003,0033800002eJCSpAAO,0.0,0,0.0,1081.0,1,0,0,0,0,0,1,0,0,0,1,0,0
36004,0033800002eJCaBAAW,0.0,0,0.0,7371.0,0,0,0,0,1,0,1,0,0,0,1,0,1
36005,0033800002eJCb4AAG,0.0,50,4287.0,10530.0,0,0,0,1,0,0,1,0,0,0,0,1,0
36007,0033800002eJCo3AAG,0.0,0,659.0,8782.0,0,0,0,1,0,1,0,0,0,0,0,1,1
36009,0033800002eJCppAAG,0.0,30,547.0,1534.0,0,0,0,1,0,0,1,0,0,0,0,1,1
36010,0033800002eJCqiAAG,0.0,0,0.0,4815.0,0,0,0,1,0,0,0,0,0,1,0,1,0
36011,0033800002eJDDsAAO,0.0,0,12835.0,1096.0,0,0,0,1,0,0,0,0,0,1,0,1,1
36015,0033800002eJDSoAAO,0.0,60,0.0,8682.0,0,0,0,0,1,0,1,0,0,0,1,0,1
36020,0033800002eJDkaAAG,0.0,0,6165.0,3832.0,0,1,0,0,0,0,1,0,0,0,0,1,1
36021,0033800002eJDoyAAG,0.0,0,0.0,3491.0,0,0,0,1,0,0,0,0,0,1,0,1,0
36022,0033800002eJE7cAAG,0.0,0,0.0,11436.0,0,0,0,1,0,0,1,0,0,0,0,1,1
36023,0033800002eJEAGAA4,0.0,0,0.0,7461.0,0,0,0,0,1,0,1,0,0,0,0,1,1
36024,0033800002eJEAQAA4,0.0,40,113.0,1441.0,0,0,0,0,1,0,1,0,0,0,1,0,1
36028,0033800002eJEXbAAO,0.0,50,7347.0,7311.0,0,0,0,1,0,0,0,0,1,0,0,1,1
36029,0033800002eJEaMAAW,0.0,0,513.0,1826.0,0,0,0,1,0,0,0,0,0,1,0,1,1
36031,0033800002eJEktAAG,0.0,40,1231.0,7335.0,0,1,0,0,0,0,1,0,0,0,0,1,0
36034,0033800002eJEraAAG,0.0,0,0.0,5579.0,0,1,0,0,0,0,1,0,0,0,0,1,1
36037,0033800002eJEwyAAG,0.0,0,350.0,2555.0,0,0,0,0,1,0,1,0,0,0,0,1,0
36041,0033800002eJF2JAAW,0.0,0,0.0,7190.0,0,0,0,0,1,0,1,0,0,0,0,1,1
36042,0033800002eJF5BAAW,0.0,0,0.0,4204.0,1,0,0,0,0,0,1,0,0,0,1,0,1
36043,0033800002eJFGYAA4,0.0,0,12.0,5113.0,0,1,0,0,0,0,0,0,0,1,1,0,1
36045,0033800002eJFVRAA4,0.0,0,2175.0,3900.0,0,0,0,0,1,0,0,0,0,1,0,1,1
36047,0033800002eJFjzAAG,0.0,0,238.0,914.0,0,1,0,0,0,0,0,0,0,1,0,1,1
36049,0033800002eJFkTAAW,0.0,50,262.0,9861.0,0,0,0,1,0,0,0,0,0,1,0,1,1
36050,0033800002eJFkiAAG,0.0,0,5740.0,1461.0,1,0,0,0,0,0,0,0,0,1,0,1,1
36051,0033800002eJFl2AAG,0.0,80,2698.0,5783.0,0,1,0,0,0,0,1,0,0,0,0,1,1
36052,0033800002eJFlRAAW,0.0,20,0.0,7083.0,1,0,0,0,0,0,1,0,0,0,0,1,0
36053,0033800002eJFmoAAG,0.0,0,0.0,1551.0,0,1,0,0,0,0,1,0,0,0,1,0,1
36054,0033800002eJFq1AAG,0.0,0,1023.0,2632.0,0,1,0,0,0,0,0,0,1,0,0,1,1
36057,0033800002eJFvGAAW,0.0,0,0.0,1460.0,0,0,0,1,0,0,0,0,1,0,0,1,0
36060,0033800002eJFvJAAW,0.0,0,0.0,1805.0,0,0,0,1,0,0,0,0,1,0,0,1,1
36070,0033800002eJFvUAAW,0.0,0,0.0,2891.0,0,0,0,1,0,0,0,0,0,1,0,1,0
36075,0033800002eJFvaAAG,0.0,0,0.0,2995.0,0,0,0,1,0,0,0,0,1,0,0,1,0
36076,0033800002eJFvbAAG,0.0,0,0.0,1461.0,0,0,0,1,0,0,0,0,1,0,0,1,1
36083,0033800002eJGAmAAO,0.0,0,0.0,2405.0,1,0,0,0,0,1,0,0,0,0,0,1,1
36085,0033800002eJGIiAAO,0.0,100,1136.0,5259.0,0,0,0,1,0,0,1,0,0,0,0,1,0
36087,0033800002eJGPPAA4,0.0,0,8.0,7515.0,0,0,0,0,1,1,0,0,0,0,0,1,1
36092,0033800002eJGqxAAG,0.0,0,0.0,1207.0,0,0,0,1,0,0,1,0,0,0,0,1,0
36094,0033800002eJH7PAAW,0.0,0,0.0,4713.0,1,0,0,0,0,0,1,0,0,0,0,1,1
36096,0033800002eJHAiAAO,0.0,0,0.0,1023.0,0,0,0,1,0,0,1,0,0,0,0,1,1
36104,0033800002eJIIKAA4,0.0,0,0.0,5211.0,1,0,0,0,0,0,1,0,0,0,0,1,1
36105,0033800002eJIILAA4,0.0,0,0.0,2430.0,1,0,0,0,0,0,1,0,0,0,0,1,1
36109,0033800002eJIIPAA4,0.0,0,0.0,5134.0,0,0,0,1,0,0,1,0,0,0,0,1,0
36111,0033800002eJIIRAA4,0.0,0,0.0,7556.0,0,1,0,0,0,1,0,0,0,0,1,0,0
36112,0033800002eJIISAA4,0.0,0,0.0,8855.0,0,0,0,1,0,0,1,0,0,0,0,1,1
36114,0033800002eJIIUAA4,0.0,0,0.0,8122.0,0,0,0,0,1,1,0,0,0,0,0,1,0
36115,0033800002eJIIVAA4,0.0,0,0.0,8113.0,0,1,0,0,0,1,0,0,0,0,0,1,1
36116,0033800002eJILGAA4,0.0,90,1965.0,1523.0,0,0,0,1,0,0,0,0,1,0,0,1,1
36117,0033800002eJIQ6AAO,0.0,0,0.0,2191.0,0,0,0,1,0,0,1,0,0,0,0,1,0
36121,0033800002eJIwhAAG,0.0,100,706.0,5702.0,0,0,0,1,0,0,1,0,0,0,0,1,0
36122,0033800002eJJA0AAO,0.0,0,33.0,2649.0,0,0,0,1,0,0,0,0,1,0,0,1,0
36127,0033800002eJJRGAA4,0.0,0,0.0,1460.0,0,0,0,1,0,0,1,0,0,0,0,1,1
36130,0033800002eJJZFAA4,0.0,10,243.0,1458.0,1,0,0,0,0,0,0,0,0,1,0,1,1
36133,0033800002eJZEvAAO,0.0,90,1119.0,10133.0,0,1,0,0,0,0,1,0,0,0,0,1,0
36134,0033800002eJZO8AAO,0.0,0,0.0,7330.0,1,0,0,0,0,0,0,0,1,0,1,0,0
36135,0033800002eJZOSAA4,0.0,0,0.0,2861.0,0,1,0,0,0,0,0,0,0,1,0,1,1
36137,0033800002eJZS1AAO,0.0,0,0.0,7339.0,1,0,0,0,0,0,1,0,0,0,0,1,1
36138,0033800002eJZZ4AAO,0.0,0,0.0,2970.0,0,1,0,0,0,1,0,0,0,0,0,1,1
36139,0033800002eJaXnAAK,0.0,0,0.0,1446.0,0,0,0,1,0,0,0,0,1,0,0,1,1
36142,0033800002eJaiTAAS,0.0,0,3682.0,3862.0,0,1,0,0,0,0,0,0,1,0,0,1,1
36143,0033800002eJalwAAC,0.0,0,0.0,9915.0,0,0,0,0,1,0,1,0,0,0,0,1,1
36149,0033800002eJbgkAAC,0.0,0,0.0,3061.0,0,1,0,0,0,0,0,0,0,1,1,0,0
36150,0033800002eJbvFAAS,0.0,0,0.0,8592.0,0,0,0,0,1,0,1,0,0,0,0,1,1
36152,0033800002eJcbOAAS,0.0,0,0.0,9149.0,0,1,0,0,0,0,0,0,0,1,0,1,1
36154,0033800002eJcuUAAS,0.0,0,0.0,1460.0,0,0,0,1,0,0,0,0,1,0,0,1,1
36159,0033800002eJcwoAAC,0.0,0,3971.0,1826.0,0,0,0,0,1,1,0,0,0,0,1,0,1
36177,0033800002eJdHoAAK,0.0,50,137.0,1942.0,0,0,0,1,0,0,1,0,0,0,0,1,1
36186,0033800002eJduSAAS,0.0,0,0.0,5113.0,0,0,0,1,0,0,0,0,0,1,0,1,0
36197,0033800002eJe7BAAS,0.0,0,0.0,7253.0,1,0,0,0,0,0,1,0,0,0,1,0,0
36200,0033800002eJeXnAAK,0.0,40,1220.0,6476.0,0,0,0,1,0,0,1,0,0,0,0,1,1
36204,0033800002eJeluAAC,0.0,100,612.0,1814.0,0,0,0,1,0,0,1,0,0,0,1,0,1
36206,0033800002eJezSAAS,0.0,0,0.0,2381.0,0,0,0,1,0,0,1,0,0,0,0,1,0
36208,0033800002eJfF6AAK,0.0,0,0.0,1460.0,0,0,0,1,0,0,1,0,0,0,0,1,1
36214,0033800002eJfZ7AAK,0.0,0,0.0,8788.0,0,0,0,1,0,0,0,0,0,1,0,1,0
36215,0033800002eJfaUAAS,0.0,0,0.0,8846.0,1,0,0,0,0,0,1,0,0,0,0,1,1
36217,0033800002eJfczAAC,0.0,0,0.0,16410.0,0,0,0,1,0,0,1,0,0,0,0,1,1
36219,0033800002eJfhuAAC,0.0,0,0.0,7709.0,0,1,0,0,0,0,0,0,1,0,0,1,0
36220,0033800002eJfr6AAC,0.0,0,0.0,10968.0,0,1,0,0,0,0,0,0,0,1,0,1,1
36222,0033800002eJfsdAAC,0.0,100,867.0,8848.0,0,1,0,0,0,0,1,0,0,0,1,0,1
36223,0033800002eJfwLAAS,0.0,0,0.0,7469.0,0,0,0,1,0,0,1,0,0,0,0,1,0
36225,0033800002eJfwzAAC,0.0,0,0.0,5216.0,0,0,0,1,0,0,1,0,0,0,0,1,1
36227,0033800002eJgGkAAK,0.0,50,0.0,8675.0,0,1,0,0,0,0,1,0,0,0,0,1,1
36230,0033800002eJgdAAAS,0.0,10,110.0,3790.0,0,1,0,0,0,0,1,0,0,0,0,1,1
36231,0033800002eJgfaAAC,0.0,0,8145.0,3494.0,0,0,0,1,0,0,0,0,0,1,0,1,1
36233,0033800002eJgnjAAC,0.0,0,0.0,2826.0,0,0,0,1,0,0,0,0,1,0,0,1,1
36235,0033800002eJh6aAAC,0.0,0,0.0,7324.0,1,0,0,0,0,1,0,0,0,0,0,1,0
36240,0033800002eJhiiAAC,0.0,0,0.0,5037.0,0,0,0,1,0,0,0,0,0,1,0,1,1
36246,0033800002eJiNBAA0,0.0,0,0.0,2850.0,0,0,0,1,0,0,0,0,1,0,0,1,1
36248,0033800002eJiTyAAK,0.0,20,172.0,59.0,0,0,0,1,0,0,0,0,0,1,0,1,1
36259,0033800002ewyp6AAA,0.0,0,0.0,2951.0,1,0,0,0,0,0,0,0,0,1,0,1,0
36260,0033800002ewyuBAAQ,0.0,0,0.0,1689.0,0,0,0,1,0,0,1,0,0,0,0,1,1
36267,0033800002ewzdMAAQ,0.0,0,0.0,7312.0,0,1,0,0,0,0,1,0,0,0,0,1,0
36269,0033800002ewzedAAA,0.0,0,0.0,5464.0,0,1,0,0,0,1,0,0,0,0,0,1,0
36270,0033800002ewzeeAAA,0.0,0,0.0,7523.0,0,1,0,0,0,1,0,0,0,0,0,1,1
36271,0033800002ewzefAAA,0.0,0,0.0,9258.0,0,0,0,0,1,0,1,0,0,0,0,1,1
36272,0033800002ewzegAAA,0.0,0,0.0,9197.0,0,0,0,0,1,1,0,0,0,0,0,1,0
36277,0033800002ewzi4AAA,0.0,0,0.0,7331.0,0,0,0,1,0,0,1,0,0,0,0,1,1
36280,0033800002ewzlNAAQ,0.0,0,0.0,3922.0,0,0,0,1,0,0,1,0,0,0,0,1,1
36281,0033800002ewzlXAAQ,0.0,0,0.0,3080.0,0,0,0,1,0,0,0,0,1,0,0,1,0
36284,0033800002ewzolAAA,0.0,0,0.0,8174.0,0,0,0,1,0,0,1,0,0,0,0,1,1
36285,0033800002ewzrBAAQ,0.0,0,0.0,7225.0,0,1,0,0,0,0,0,0,1,0,0,1,1
36286,0033800002ewzwGAAQ,0.0,0,0.0,3072.0,0,0,0,1,0,0,1,0,0,0,0,1,1
36287,0033800002ewzzUAAQ,0.0,0,12835.0,2766.0,0,0,0,1,0,0,1,0,0,0,0,1,0
36288,0033800002ex04RAAQ,0.0,0,0.0,9605.0,0,1,0,0,0,1,0,0,0,0,1,0,1
36289,0033800002ex04WAAQ,0.0,0,6171.0,4744.0,0,0,0,1,0,0,1,0,0,0,1,0,0
36291,0033800002ex07UAAQ,0.0,0,13513.0,1359.0,0,0,0,1,0,0,1,0,0,0,0,1,0
36294,0033800002ex0EfAAI,0.0,0,0.0,9234.0,0,1,0,0,0,1,0,0,0,0,1,0,1
36301,0033800002ex0PYAAY,0.0,0,8288.0,1982.0,0,0,0,1,0,0,1,0,0,0,0,1,0
36302,0033800002ex0S8AAI,0.0,0,0.0,2191.0,0,0,0,1,0,0,1,0,0,0,0,1,1
36304,0033800002ex0XCAAY,0.0,0,0.0,4462.0,0,1,0,0,0,1,0,0,0,0,0,1,1
36305,0033800002ex0Z8AAI,0.0,0,0.0,7670.0,0,0,0,1,0,0,1,0,0,0,0,1,0
36306,0033800002ex0a6AAA,0.0,0,0.0,2462.0,0,0,0,1,0,0,1,0,0,0,1,0,1
36314,0033800002ex1I6AAI,0.0,0,0.0,1308.0,0,0,0,1,0,0,1,0,0,0,0,1,1
36317,0033800002ex1W2AAI,0.0,0,0.0,6333.0,0,0,0,0,1,0,1,0,0,0,0,1,0
36321,0033800002ex1tzAAA,0.0,0,336.0,2922.0,0,1,0,0,0,0,1,0,0,0,0,1,1
36322,0033800002ex1wKAAQ,0.0,0,0.0,1451.0,0,0,0,1,0,0,1,0,0,0,0,1,1
36325,0033800002ex27zAAA,0.0,0,0.0,10032.0,0,0,0,1,0,0,1,0,0,0,0,1,0
36326,0033800002ex28EAAQ,0.0,0,0.0,2037.0,0,1,0,0,0,0,0,0,0,1,1,0,1
36327,0033800002ex29WAAQ,0.0,0,0.0,2344.0,0,0,0,0,1,0,1,0,0,0,0,1,1
36328,0033800002ex2AVAAY,0.0,0,0.0,8039.0,1,0,0,0,0,1,0,0,0,0,0,1,1
36332,0033800002ex2U6AAI,0.0,0,0.0,7310.0,0,1,0,0,0,0,1,0,0,0,0,1,1
36335,0033800002ex2cKAAQ,0.0,0,13762.0,1371.0,1,0,0,0,0,1,0,0,0,0,0,1,0
36340,0033800002ex3A9AAI,0.0,0,0.0,3134.0,0,1,0,0,0,0,1,0,0,0,0,1,1
36342,0033800002ex3BbAAI,0.0,0,1001.0,2345.0,0,0,0,1,0,0,1,0,0,0,0,1,0
36343,0033800002ex3IpAAI,0.0,0,0.0,95.0,0,0,0,1,0,0,1,0,0,0,0,1,1
36344,0033800002ex3U2AAI,0.0,0,0.0,6091.0,0,0,0,1,0,0,1,0,0,0,0,1,1
36346,0033800002ex3kSAAQ,0.0,0,0.0,10975.0,0,1,0,0,0,0,1,0,0,0,0,1,0
36349,0033800002ex3wVAAQ,0.0,20,2263.0,1826.0,0,0,0,1,0,0,1,0,0,0,0,1,1
36353,0033800002ex4IXAAY,0.0,80,337.0,2044.0,0,1,0,0,0,0,1,0,0,0,1,0,0
36356,0033800002ex5fcAAA,0.0,0,0.0,7319.0,0,0,0,1,0,0,1,0,0,0,0,1,1
36357,0033800002ex5hsAAA,0.0,0,394.0,3302.0,0,0,0,1,0,0,1,0,0,0,0,1,1
36358,0033800002ex5iRAAQ,0.0,0,0.0,9522.0,0,1,0,0,0,1,0,0,0,0,0,1,1
36359,0033800002ex5kZAAQ,0.0,0,0.0,10502.0,0,1,0,0,0,0,1,0,0,0,0,1,0
36362,0033800002ex60mAAA,0.0,0,0.0,11566.0,0,0,0,0,1,0,0,0,0,1,0,1,0
36363,0033800002ex62RAAQ,0.0,0,0.0,4666.0,0,0,0,1,0,0,1,0,0,0,0,1,1
36364,0033800002ex62WAAQ,0.0,0,4542.0,4307.0,0,1,0,0,0,0,1,0,0,0,1,0,0
36371,0033800002ex6p2AAA,0.0,0,0.0,639.0,1,0,0,0,0,0,1,0,0,0,1,0,0
36373,0033800002ex6u7AAA,0.0,0,0.0,1467.0,0,0,0,1,0,0,0,0,1,0,1,0,1
36374,0033800002ex6xPAAQ,0.0,0,0.0,2403.0,0,1,0,0,0,1,0,0,0,0,1,0,1
36375,0033800002ex75JAAQ,0.0,0,0.0,6433.0,0,0,0,0,1,0,1,0,0,0,0,1,1
36395,0033800002ex8AQAAY,0.0,0,0.0,2502.0,0,0,0,0,1,0,1,0,0,0,0,1,0
36396,0033800002ex8F1AAI,0.0,0,0.0,867.0,0,0,0,1,0,0,1,0,0,0,1,0,0
36404,0033800002ex9dHAAQ,0.0,100,1065.0,2212.0,0,0,0,1,0,0,1,0,0,0,0,1,0
36407,0033800002exAABAA2,0.0,0,3164.0,1165.0,0,0,0,1,0,0,1,0,0,0,0,1,0
36411,0033800002exAX9AAM,0.0,80,26.0,5979.0,1,0,0,0,0,0,1,0,0,0,1,0,0
36413,0033800002exAYuAAM,0.0,0,0.0,7396.0,1,0,0,0,0,1,0,0,0,0,0,1,1
36421,0033800002exBDeAAM,0.0,0,0.0,9866.0,1,0,0,0,0,0,1,0,0,0,0,1,0
36425,0033800002exBNxAAM,0.0,60,204.0,8788.0,1,0,0,0,0,1,0,0,0,0,0,1,1
36429,0033800002exBd9AAE,0.0,0,29.0,466.0,0,1,0,0,0,0,1,0,0,0,1,0,1
36435,0033800002exDj9AAE,0.0,0,10681.0,2708.0,0,0,0,0,1,0,0,0,0,1,0,1,0
36436,0033800002exDoiAAE,0.0,0,0.0,2922.0,0,0,0,1,0,1,0,0,0,0,0,1,0
36438,0033800002exDwNAAU,0.0,0,9838.0,1095.0,0,0,0,1,0,0,1,0,0,0,0,1,0
36442,0033800002exEivAAE,0.0,0,965.0,1456.0,0,1,0,0,0,0,1,0,0,0,0,1,1
36445,0033800002exFnQAAU,0.0,0,0.0,7313.0,0,1,0,0,0,0,1,0,0,0,0,1,1
36448,0033800002exGH8AAM,0.0,0,2607.0,2796.0,1,0,0,0,0,1,0,0,0,0,1,0,0
36452,0033800002exGaZAAU,0.0,0,0.0,1206.0,0,0,0,1,0,0,1,0,0,0,0,1,1
36453,0033800002exGgvAAE,0.0,0,0.0,7636.0,0,0,0,1,0,0,1,0,0,0,0,1,1
36454,0033800002exGknAAE,0.0,0,87.0,2728.0,0,0,0,1,0,0,1,0,0,0,0,1,1
36456,0033800002exGmoAAE,0.0,10,19.0,6283.0,0,0,0,1,0,0,1,0,0,0,0,1,1
36460,0033800002exH31AAE,0.0,0,516.0,3203.0,0,0,0,1,0,0,0,0,1,0,0,1,1
36461,0033800002exHBjAAM,0.0,0,0.0,7381.0,0,0,0,1,0,0,1,0,0,0,0,1,1
36466,0033800002exHVtAAM,0.0,0,0.0,2922.0,0,0,0,1,0,0,1,0,0,0,0,1,0
36467,0033800002exHZvAAM,0.0,40,2938.0,2192.0,0,0,0,1,0,1,0,0,0,0,0,1,0
36469,0033800002exHczAAE,0.0,90,66.0,3286.0,0,0,0,1,0,0,1,0,0,0,1,0,0
36472,0033800002exI7pAAE,0.0,0,0.0,6210.0,0,0,0,0,1,0,1,0,0,0,0,1,1
36477,0033800002exIL2AAM,0.0,0,0.0,7333.0,0,0,0,0,1,1,0,0,0,0,1,0,1
36480,0033800002exIWkAAM,0.0,40,8354.0,1460.0,0,1,0,0,0,0,0,0,1,0,0,1,1
36482,0033800002exIYmAAM,0.0,0,3184.0,2191.0,0,0,0,0,1,0,0,0,0,1,1,0,1
36486,0033800002exIYqAAM,0.0,0,2241.0,4373.0,0,0,0,1,0,0,0,0,0,1,1,0,0
36490,0033800002exIpwAAE,0.0,90,3462.0,1460.0,0,1,0,0,0,0,0,0,1,0,0,1,1
36500,0033800002exJwoAAE,0.0,0,0.0,11387.0,0,1,0,0,0,1,0,0,0,0,0,1,1
36502,0033800002exKTYAA2,0.0,0,0.0,10423.0,0,1,0,0,0,0,0,0,0,1,0,1,1
36503,0033800002exKbxAAE,0.0,30,2100.0,1644.0,0,0,0,0,1,0,1,0,0,0,0,1,1
36505,0033800002exKxbAAE,0.0,0,0.0,8778.0,0,0,0,0,1,1,0,0,0,0,0,1,1
36508,0033800002exL4mAAE,0.0,0,0.0,7322.0,0,0,0,1,0,0,0,0,1,0,0,1,1
36511,0033800002exLORAA2,0.0,0,2770.0,1323.0,0,1,0,0,0,0,0,0,0,1,0,1,1
36515,0033800002exNBvAAM,0.0,90,384.0,3016.0,0,0,0,1,0,0,1,0,0,0,0,1,0
36519,0033800002exNq9AAE,0.0,0,0.0,7669.0,0,0,0,1,0,0,1,0,0,0,0,1,0
36521,0033800002exOTqAAM,0.0,100,0.0,6260.0,0,0,0,1,0,0,1,0,0,0,0,1,0
36528,0033800002exOsRAAU,0.0,0,0.0,7278.0,0,0,0,0,1,0,1,0,0,0,1,0,0
36533,0033800002exP8DAAU,0.0,0,155.0,2273.0,0,0,0,1,0,0,1,0,0,0,0,1,0
36534,0033800002exP8EAAU,0.0,0,0.0,3297.0,0,0,0,1,0,0,1,0,0,0,1,0,1
36538,0033800002exP91AAE,0.0,0,0.0,1825.0,0,0,0,1,0,0,1,0,0,0,0,1,1
36542,0033800002exPIeAAM,0.0,0,0.0,3003.0,0,1,0,0,0,0,1,0,0,0,0,1,1
36549,0033800002exPytAAE,0.0,0,0.0,3926.0,0,1,0,0,0,0,1,0,0,0,1,0,1
36551,0033800002exQ4PAAU,0.0,0,7.0,5265.0,0,1,0,0,0,0,0,0,0,1,0,1,0
36552,0033800002exQ5IAAU,0.0,0,942.0,10532.0,0,1,0,0,0,0,1,0,0,0,0,1,1
36554,0033800002exQF8AAM,0.0,0,0.0,9862.0,0,1,0,0,0,0,1,0,0,0,1,0,1
36556,0033800002exQFAAA2,0.0,0,0.0,6279.0,0,0,0,1,0,0,1,0,0,0,1,0,0
36558,0033800002exQFCAA2,0.0,0,0.0,2921.0,0,1,0,0,0,0,1,0,0,0,1,0,0
36560,0033800002exQFFAA2,0.0,0,0.0,2376.0,0,0,0,1,0,0,1,0,0,0,1,0,0
36561,0033800002exQFGAA2,0.0,0,0.0,6179.0,0,0,0,1,0,0,1,0,0,0,0,1,0
36562,0033800002exQFHAA2,0.0,0,0.0,3869.0,0,1,0,0,0,0,1,0,0,0,0,1,1
36565,0033800002exQLuAAM,0.0,0,7295.0,6458.0,0,0,0,1,0,0,1,0,0,0,0,1,0
36567,0033800002exQLwAAM,0.0,0,112.0,11156.0,0,1,0,0,0,0,1,0,0,0,0,1,1
36570,0033800002exQSsAAM,0.0,0,1366.0,2557.0,0,0,0,1,0,0,0,0,1,0,0,1,1
36571,0033800002exQW1AAM,0.0,80,1852.0,2619.0,0,1,0,0,0,0,1,0,0,0,1,0,0
36572,0033800002exQXTAA2,0.0,100,1518.0,3166.0,0,1,0,0,0,0,0,0,1,0,0,1,0
36576,0033800002exQkIAAU,0.0,0,0.0,10227.0,0,0,0,1,0,0,1,0,0,0,0,1,0
36577,0033800002exQlBAAU,0.0,0,0.0,1207.0,0,0,0,1,0,0,1,0,0,0,0,1,1
36580,0033800002exQxCAAU,0.0,90,1147.0,4653.0,0,0,0,1,0,0,1,0,0,0,0,1,0
36583,0033800002exRARAA2,0.0,0,0.0,2962.0,0,0,0,1,0,0,1,0,0,0,0,1,1
36584,0033800002exRKCAA2,0.0,0,0.0,8766.0,0,0,0,1,0,0,1,0,0,0,0,1,1
36585,0033800002exRnVAAU,0.0,30,2384.0,1733.0,1,0,0,0,0,0,1,0,0,0,0,1,1
36586,0033800002exRxVAAU,0.0,90,735.0,5705.0,0,1,0,0,0,0,1,0,0,0,0,1,0
36587,0033800002exS1hAAE,0.0,0,0.0,4008.0,0,0,0,1,0,0,1,0,0,0,0,1,1
36589,0033800002exS9hAAE,0.0,0,0.0,1397.0,0,0,0,1,0,0,1,0,0,0,0,1,0
36590,0033800002exSGpAAM,0.0,0,0.0,2513.0,0,0,0,1,0,0,1,0,0,0,0,1,1
36593,0033800002exSQ1AAM,0.0,0,3070.0,7707.0,1,0,0,0,0,0,1,0,0,0,0,1,1
36594,0033800002exSa9AAE,0.0,0,0.0,2860.0,0,0,0,1,0,1,0,0,0,0,0,1,1
36595,0033800002exSdIAAU,0.0,0,0.0,3950.0,0,0,0,1,0,1,0,0,0,0,0,1,0
36596,0033800002exSeLAAU,0.0,0,0.0,2328.0,0,1,0,0,0,0,1,0,0,0,0,1,1
36597,0033800002exSpGAAU,0.0,0,1269.0,1460.0,0,1,0,0,0,1,0,0,0,0,1,0,0
36598,0033800002exSq9AAE,0.0,0,0.0,1191.0,0,0,0,1,0,0,1,0,0,0,0,1,0
36601,0033800002exTxyAAE,0.0,0,0.0,12069.0,0,1,0,0,0,0,1,0,0,0,0,1,1
36607,0033800002exUE9AAM,0.0,0,0.0,1463.0,0,0,0,1,0,0,1,0,0,0,0,1,0
36611,0033800002exUu7AAE,0.0,50,592.0,648.0,0,0,0,1,0,0,1,0,0,0,0,1,0
36612,0033800002exVfMAAU,0.0,0,0.0,7856.0,0,0,0,0,1,0,0,0,0,1,1,0,0
36613,0033800002exVseAAE,0.0,0,211.0,7328.0,0,0,0,1,0,0,0,0,0,1,1,0,1
36622,0033800002exVxRAAU,0.0,0,0.0,2921.0,0,0,0,1,0,1,0,0,0,0,0,1,0
36625,0033800002exWFKAA2,0.0,0,328.0,2697.0,0,0,0,1,0,0,0,0,1,0,0,1,1
36628,0033800002exWmuAAE,0.0,0,10019.0,1095.0,1,0,0,0,0,0,1,0,0,0,1,0,0
36631,0033800002exX18AAE,0.0,70,0.0,3450.0,0,0,0,0,1,0,1,0,0,0,1,0,1
36632,0033800002exXEgAAM,0.0,0,0.0,884.0,0,0,0,1,0,0,1,0,0,0,0,1,0
36634,0033800002exXUfAAM,0.0,0,36.0,3151.0,0,0,0,1,0,0,0,0,0,1,0,1,0
36637,0033800002exXirAAE,0.0,0,0.0,1460.0,1,0,0,0,0,0,1,0,0,0,0,1,1
36639,0033800002exXkxAAE,0.0,0,81.0,7751.0,0,1,0,0,0,0,1,0,0,0,0,1,0
36640,0033800002exXo6AAE,0.0,0,0.0,2809.0,1,0,0,0,0,0,1,0,0,0,0,1,1
36641,0033800002exXrKAAU,0.0,0,0.0,11499.0,0,1,0,0,0,0,1,0,0,0,0,1,0
36643,0033800002exXy6AAE,0.0,0,638.0,2352.0,0,0,0,0,1,1,0,0,0,0,1,0,1
36644,0033800002exXyVAAU,0.0,0,0.0,2678.0,0,0,0,0,1,0,1,0,0,0,0,1,0
36646,0033800002exYR4AAM,0.0,0,0.0,7324.0,1,0,0,0,0,1,0,0,0,0,0,1,1
36647,0033800002exYREAA2,0.0,0,0.0,7587.0,1,0,0,0,0,0,1,0,0,0,0,1,1
36648,0033800002exYWiAAM,0.0,0,0.0,7427.0,0,0,0,0,1,0,0,0,1,0,0,1,1
36650,0033800002exYcHAAU,0.0,0,0.0,9315.0,0,0,0,0,1,0,1,0,0,0,0,1,1
36653,0033800002exYqhAAE,0.0,0,0.0,8512.0,0,0,0,1,0,0,1,0,0,0,0,1,1
36657,0033800002exaQEAAY,0.0,0,0.0,7274.0,0,1,0,0,0,0,0,0,0,1,0,1,0
36658,0033800002exaU1AAI,0.0,0,0.0,1826.0,0,1,0,0,0,0,1,0,0,0,0,1,1
36659,0033800002exbOqAAI,0.0,0,0.0,7309.0,0,0,0,1,0,0,0,0,0,1,0,1,1
36661,0033800002exbSJAAY,0.0,80,342.0,3697.0,0,0,0,1,0,0,1,0,0,0,0,1,0
36662,0033800002exbV8AAI,0.0,0,5162.0,1460.0,0,1,0,0,0,0,0,0,1,0,0,1,1
36665,0033800002exbpmAAA,0.0,90,1294.0,455.0,0,0,0,1,0,0,0,0,1,0,0,1,1
36668,0033800002exc4LAAQ,0.0,0,0.0,3718.0,0,0,0,1,0,0,1,0,0,0,0,1,0
36669,0033800002exc8EAAQ,0.0,0,0.0,10979.0,0,1,0,0,0,1,0,0,0,0,0,1,1
36671,0033800002excM2AAI,0.0,0,315.0,3457.0,0,0,0,1,0,0,0,0,0,1,0,1,0
36672,0033800002excTeAAI,0.0,80,1124.0,7564.0,0,0,0,0,1,0,0,0,1,0,0,1,0
36675,0033800002exdQEAAY,0.0,0,0.0,10958.0,0,0,0,0,1,0,0,0,0,1,0,1,1
36679,0033800002exdqpAAA,0.0,0,0.0,7377.0,1,0,0,0,0,0,1,0,0,0,0,1,1
36680,0033800002exdrTAAQ,0.0,0,0.0,7316.0,0,0,0,1,0,0,0,0,0,1,0,1,0
36681,0033800002exdrUAAQ,0.0,0,0.0,8781.0,1,0,0,0,0,0,0,0,0,1,0,1,0
36682,0033800002exdrVAAQ,0.0,0,0.0,1825.0,0,0,0,1,0,0,0,0,0,1,0,1,1
36685,0033800002exdrYAAQ,0.0,80,0.0,9457.0,0,1,0,0,0,0,0,0,0,1,1,0,1
36686,0033800002exdrZAAQ,0.0,0,0.0,7852.0,0,0,0,0,1,0,0,0,0,1,0,1,1
36687,0033800002exdraAAA,0.0,0,0.0,7532.0,1,0,0,0,0,0,0,0,0,1,0,1,1
36688,0033800002exdrbAAA,0.0,0,450.0,7323.0,0,1,0,0,0,0,0,0,0,1,0,1,0
36690,0033800002exeFYAAY,0.0,0,4276.0,1644.0,1,0,0,0,0,0,1,0,0,0,1,0,1
36693,0033800002exeYBAAY,0.0,0,0.0,1795.0,0,0,0,1,0,0,0,0,0,1,0,1,0
36696,0033800002exen4AAA,0.0,0,0.0,5609.0,0,0,0,1,0,0,0,0,1,0,0,1,1
36697,0033800002exeqwAAA,0.0,0,7030.0,1460.0,0,0,0,0,1,0,0,0,0,1,0,1,1
36698,0033800002exey2AAA,0.0,100,555.0,2515.0,0,0,0,1,0,0,0,0,1,0,0,1,0
36701,0033800002exf2nAAA,0.0,0,0.0,5504.0,1,0,0,0,0,1,0,0,0,0,1,0,1
36702,0033800002exf79AAA,0.0,0,0.0,7878.0,0,0,0,1,0,0,1,0,0,0,0,1,0
36704,0033800002exfMMAAY,0.0,0,1801.0,7314.0,0,1,0,0,0,1,0,0,0,0,0,1,1
36705,0033800002exfV4AAI,0.0,60,2799.0,2086.0,0,0,0,1,0,0,1,0,0,0,0,1,1
36706,0033800002exfXUAAY,0.0,0,16314.0,954.0,1,0,0,0,0,0,1,0,0,0,0,1,0
36707,0033800002exfYIAAY,0.0,0,0.0,9556.0,0,0,0,0,1,1,0,0,0,0,0,1,0
36712,0033800002exh4lAAA,0.0,0,0.0,7336.0,0,1,0,0,0,0,1,0,0,0,0,1,1
36713,0033800002exh71AAA,0.0,0,0.0,7636.0,0,0,0,0,1,0,0,0,0,1,0,1,1
36716,0033800002exhPZAAY,0.0,0,0.0,6684.0,0,0,0,1,0,0,1,0,0,0,1,0,1
36718,0033800002exhbEAAQ,0.0,0,0.0,2364.0,0,1,0,0,0,0,1,0,0,0,1,0,1
36757,0033800002exhxyAAA,0.0,0,0.0,2587.0,1,0,0,0,0,0,1,0,0,0,0,1,0
36764,0033800002exhy5AAA,0.0,0,0.0,5422.0,0,1,0,0,0,0,1,0,0,0,1,0,1
36765,0033800002exhy6AAA,0.0,10,9065.0,3842.0,0,0,0,1,0,1,0,0,0,0,0,1,0
36770,0033800002exhyBAAQ,0.0,0,0.0,2375.0,0,1,0,0,0,1,0,0,0,0,0,1,1
36771,0033800002exhzqAAA,0.0,0,0.0,7313.0,0,0,0,1,0,0,1,0,0,0,0,1,1
36772,0033800002exi2pAAA,0.0,0,0.0,7914.0,0,1,0,0,0,0,0,0,1,0,0,1,1
36773,0033800002exi3iAAA,0.0,0,0.0,2759.0,0,0,0,1,0,0,1,0,0,0,0,1,1
36775,0033800002exiHbAAI,0.0,90,0.0,5663.0,0,0,0,1,0,0,1,0,0,0,0,1,1
36781,0033800002exiw4AAA,0.0,0,2489.0,1276.0,0,1,0,0,0,0,1,0,0,0,1,0,1
36788,0033800002exjXMAAY,0.0,0,0.0,7329.0,1,0,0,0,0,1,0,0,0,0,1,0,1
36795,0033800002exkCMAAY,0.0,90,408.0,6248.0,0,0,0,1,0,0,1,0,0,0,0,1,1
36802,0033800002exmXLAAY,0.0,0,0.0,9634.0,0,1,0,0,0,0,0,0,0,1,0,1,0
36803,0033800002exmkXAAQ,0.0,0,808.0,5357.0,0,0,0,1,0,0,1,0,0,0,0,1,0
36807,0033800002exntTAAQ,0.0,0,0.0,5692.0,0,1,0,0,0,0,1,0,0,0,0,1,1
36810,0033800002exoCmAAI,0.0,0,0.0,9121.0,0,1,0,0,0,0,1,0,0,0,0,1,0
36812,0033800002exoGUAAY,0.0,0,111.0,2922.0,0,0,0,0,1,0,0,0,0,1,0,1,0
36814,0033800002exoYMAAY,0.0,0,0.0,5508.0,1,0,0,0,0,0,1,0,0,0,0,1,0
36816,0033800002exoz8AAA,0.0,0,0.0,3150.0,0,0,0,0,1,0,0,0,0,1,0,1,1
36818,0033800002exp7MAAQ,0.0,0,0.0,8326.0,0,0,0,1,0,0,1,0,0,0,0,1,0
36819,0033800002exp7qAAA,0.0,100,0.0,1461.0,0,0,0,1,0,0,0,0,1,0,1,0,0
36826,0033800002exqoJAAQ,0.0,0,0.0,2099.0,1,0,0,0,0,1,0,0,0,0,0,1,1
36840,0033800002exsBlAAI,0.0,0,0.0,2931.0,0,0,0,1,0,0,1,0,0,0,0,1,0
36841,0033800002exsbQAAQ,0.0,10,4144.0,3295.0,0,0,0,0,1,0,0,0,0,1,0,1,0
36851,0033800002extwSAAQ,0.0,60,746.0,2190.0,0,0,0,1,0,0,1,0,0,0,1,0,1
36856,0033800002exvoIAAQ,0.0,0,0.0,3065.0,0,1,0,0,0,0,1,0,0,0,0,1,1
36862,0033800002exwWSAAY,0.0,0,3437.0,2221.0,1,0,0,0,0,0,1,0,0,0,1,0,0
36865,0033800002exxesAAA,0.0,100,0.0,6229.0,0,0,0,1,0,0,1,0,0,0,0,1,0
36870,0033800002ey3v6AAA,0.0,50,8008.0,2793.0,0,0,0,1,0,0,1,0,0,0,0,1,1
36875,0033800002ey4QNAAY,0.0,0,0.0,10618.0,0,0,0,0,1,0,1,0,0,0,0,1,0
36878,0033800002ey54oAAA,0.0,0,12542.0,1009.0,0,0,0,1,0,0,1,0,0,0,1,0,0
36879,0033800002ey5OtAAI,0.0,0,278.0,4242.0,0,0,0,1,0,0,1,0,0,0,0,1,0
36881,0033800002ey5yPAAQ,0.0,90,0.0,7306.0,0,0,0,1,0,0,1,0,0,0,0,1,1
36883,0033800002ey692AAA,0.0,0,0.0,1845.0,0,1,0,0,0,0,1,0,0,0,0,1,1
36884,0033800002ey6EWAAY,0.0,100,2358.0,2303.0,0,1,0,0,0,0,1,0,0,0,0,1,1
36886,0033800002ey6T2AAI,0.0,0,0.0,10671.0,0,0,0,0,1,0,1,0,0,0,0,1,1
36887,0033800002ey6cpAAA,0.0,80,490.0,8475.0,0,0,0,0,1,0,1,0,0,0,1,0,1
36890,0033800002ey6wsAAA,0.0,0,13.0,3100.0,1,0,0,0,0,0,1,0,0,0,0,1,1
36891,0033800002ey6xMAAQ,0.0,0,3181.0,4655.0,0,1,0,0,0,0,1,0,0,0,0,1,1
36892,0033800002ey6yyAAA,0.0,0,0.0,10320.0,0,0,0,1,0,0,0,0,1,0,0,1,1
36898,0033800002ey7mvAAA,0.0,80,348.0,5239.0,1,0,0,0,0,0,1,0,0,0,0,1,0
36899,0033800002ey7qiAAA,0.0,0,0.0,8777.0,1,0,0,0,0,1,0,0,0,0,1,0,1
36900,0033800002ey7qxAAA,0.0,0,0.0,7320.0,1,0,0,0,0,0,1,0,0,0,0,1,1
36902,0033800002ey7xyAAA,0.0,0,4919.0,1446.0,0,0,0,0,1,0,1,0,0,0,1,0,0
36905,0033800002ey8BHAAY,0.0,0,0.0,3309.0,0,0,0,1,0,0,1,0,0,0,0,1,0
36908,0033800002ey8Q2AAI,0.0,0,0.0,7334.0,0,0,0,1,0,0,0,0,0,1,0,1,1
36910,0033800002ey8TeAAI,0.0,0,0.0,2834.0,0,0,0,1,0,0,1,0,0,0,0,1,1
36911,0033800002ey8TtAAI,0.0,0,0.0,3927.0,0,1,0,0,0,0,1,0,0,0,1,0,0
36913,0033800002ey8krAAA,0.0,80,13.0,3608.0,0,0,0,1,0,0,1,0,0,0,0,1,1
36915,0033800002ey8seAAA,0.0,0,865.0,4492.0,0,1,0,0,0,0,1,0,0,0,0,1,0
36917,0033800002ey8xHAAQ,0.0,60,3164.0,8466.0,0,1,0,0,0,1,0,0,0,0,0,1,1
36919,0033800002ey92lAAA,0.0,0,0.0,3812.0,0,0,0,1,0,0,1,0,0,0,0,1,1
36925,0033800002ey977AAA,0.0,0,384.0,5473.0,0,1,0,0,0,1,0,0,0,0,0,1,1
36929,0033800002ey9BnAAI,0.0,30,113.0,1581.0,0,0,0,1,0,0,0,0,1,0,1,0,1
36936,0033800002ey9sGAAQ,0.0,0,0.0,9143.0,0,1,0,0,0,0,1,0,0,0,0,1,0
36937,0033800002ey9vtAAA,0.0,80,966.0,13033.0,0,0,1,0,0,1,0,0,0,0,0,1,0
36938,0033800002ey9xIAAQ,0.0,0,0.0,1452.0,0,1,0,0,0,1,0,0,0,0,1,0,1
36945,0033800002eyAu3AAE,0.0,0,234.0,9158.0,0,0,0,1,0,0,1,0,0,0,0,1,0
36952,0033800002eyBfUAAU,0.0,0,0.0,7333.0,1,0,0,0,0,1,0,0,0,0,0,1,0
36954,0033800002eyBhGAAU,0.0,90,763.0,7316.0,0,0,0,0,1,0,0,0,0,1,0,1,1
36957,0033800002eyBrZAAU,0.0,0,1538.0,15037.0,0,0,0,0,1,0,1,0,0,0,0,1,0
36960,0033800002eyCM2AAM,0.0,0,0.0,649.0,0,0,0,1,0,0,1,0,0,0,1,0,1
36965,0033800002eyCrGAAU,0.0,0,0.0,9933.0,0,1,0,0,0,0,1,0,0,0,0,1,0
36971,0033800002eyDGkAAM,0.0,0,0.0,4339.0,0,1,0,0,0,0,1,0,0,0,0,1,0
36972,0033800002eyDHOAA2,0.0,0,0.0,7669.0,0,0,0,1,0,0,1,0,0,0,0,1,0
36976,0033800002eyDMrAAM,0.0,0,0.0,7677.0,1,0,0,0,0,1,0,0,0,0,0,1,1
36978,0033800002eyDW8AAM,0.0,0,0.0,7372.0,0,1,0,0,0,0,1,0,0,0,0,1,0
36980,0033800002eyDaoAAE,0.0,0,0.0,1826.0,0,0,0,1,0,0,1,0,0,0,1,0,0
36984,0033800002eyDocAAE,0.0,0,8069.0,2221.0,0,0,0,1,0,0,0,0,1,0,0,1,0
36985,0033800002eyDpzAAE,0.0,0,0.0,7325.0,1,0,0,0,0,0,1,0,0,0,0,1,0
36987,0033800002eyE2OAAU,0.0,20,3251.0,1460.0,0,0,0,1,0,0,0,0,1,0,0,1,1
36988,0033800002eyE4KAAU,0.0,30,3046.0,2191.0,0,0,0,0,1,1,0,0,0,0,0,1,1
36989,0033800002eyE7OAAU,0.0,0,233.0,9086.0,1,0,0,0,0,1,0,0,0,0,0,1,0
36990,0033800002eyE8RAAU,0.0,90,904.0,1751.0,1,0,0,0,0,1,0,0,0,0,1,0,1
36998,0033800002eyEgEAAU,0.0,50,440.0,5786.0,0,0,0,1,0,0,1,0,0,0,0,1,1
36999,0033800002eyEhCAAU,0.0,0,9002.0,2715.0,0,0,0,1,0,0,1,0,0,0,0,1,0
37000,0033800002eyEjhAAE,0.0,0,0.0,8614.0,1,0,0,0,0,0,1,0,0,0,0,1,1
37005,0033800002eyF0xAAE,0.0,0,0.0,8102.0,1,0,0,0,0,0,1,0,0,0,0,1,0
37006,0033800002eyF0yAAE,0.0,100,0.0,4979.0,0,0,0,1,0,0,1,0,0,0,0,1,0
37008,0033800002eyF10AAE,0.0,0,0.0,1289.0,0,0,0,1,0,0,1,0,0,0,0,1,0
37010,0033800002eyF12AAE,0.0,0,0.0,2161.0,0,0,0,1,0,0,1,0,0,0,0,1,0
37013,0033800002eyF15AAE,0.0,0,0.0,1461.0,0,0,0,1,0,0,0,0,0,1,0,1,1
37016,0033800002eyF19AAE,0.0,0,0.0,1284.0,0,0,0,1,0,0,1,0,0,0,0,1,1
37017,0033800002eyF1AAAU,0.0,0,0.0,6276.0,0,0,0,1,0,0,1,0,0,0,0,1,0
37022,0033800002eyF1FAAU,0.0,0,0.0,6027.0,0,0,0,1,0,0,1,0,0,0,0,1,0
37023,0033800002eyF6SAAU,0.0,0,0.0,3221.0,0,1,0,0,0,0,0,0,1,0,0,1,1
37024,0033800002eyFAbAAM,0.0,0,0.0,1462.0,0,0,0,1,0,0,1,0,0,0,1,0,1
37025,0033800002eyFBnAAM,0.0,0,0.0,7903.0,0,0,0,1,0,0,0,0,1,0,0,1,1
37026,0033800002eyFENAA2,0.0,40,10501.0,2192.0,0,0,0,1,0,0,0,0,0,1,0,1,1
37028,0033800002eyFJZAA2,0.0,0,0.0,658.0,0,1,0,0,0,0,1,0,0,0,0,1,1
37029,0033800002eyFMxAAM,0.0,0,9916.0,1522.0,0,0,0,0,1,0,0,0,1,0,0,1,1
37030,0033800002eyFOeAAM,0.0,100,400.0,5278.0,0,0,0,1,0,0,0,0,1,0,0,1,1
37032,0033800002eyFdjAAE,0.0,0,124.0,7751.0,0,0,0,1,0,0,1,0,0,0,0,1,1
37034,0033800002eyFlxAAE,0.0,0,3960.0,3662.0,0,1,0,0,0,1,0,0,0,0,0,1,1
37037,0033800002eyGKnAAM,0.0,0,0.0,10852.0,0,1,0,0,0,0,1,0,0,0,0,1,1
37042,0033800002eyGXsAAM,0.0,0,0.0,3437.0,0,1,0,0,0,0,0,0,1,0,0,1,1
37045,0033800002eyGmzAAE,0.0,0,0.0,7529.0,0,0,0,1,0,0,0,0,1,0,0,1,0
37046,0033800002eyGn4AAE,0.0,0,0.0,8043.0,0,1,0,0,0,0,1,0,0,0,0,1,1
37047,0033800002eyGpKAAU,0.0,0,0.0,5120.0,0,0,0,0,1,0,1,0,0,0,0,1,1
37049,0033800002eyGt1AAE,0.0,0,0.0,12705.0,0,1,0,0,0,0,1,0,0,0,0,1,0
37055,0033800002eyHzvAAE,0.0,0,0.0,2303.0,0,1,0,0,0,0,1,0,0,0,1,0,1
37056,0033800002eyI18AAE,0.0,0,0.0,13819.0,0,1,0,0,0,0,1,0,0,0,0,1,1
37061,0033800002eyIEkAAM,0.0,0,0.0,9550.0,1,0,0,0,0,0,1,0,0,0,0,1,1
37062,0033800002eyIEpAAM,0.0,0,0.0,2900.0,0,0,0,1,0,1,0,0,0,0,0,1,0
37063,0033800002eyIH0AAM,0.0,0,0.0,8074.0,1,0,0,0,0,0,1,0,0,0,0,1,1
37064,0033800002eyIJVAA2,0.0,50,0.0,7449.0,0,1,0,0,0,0,1,0,0,0,0,1,1
37066,0033800002eyIUDAA2,0.0,90,562.0,3082.0,0,0,0,1,0,0,0,0,1,0,0,1,1
37070,0033800002eyJ42AAE,0.0,0,0.0,7328.0,0,1,0,0,0,0,1,0,0,0,0,1,0
37074,0033800002eyJ46AAE,0.0,0,0.0,4382.0,0,0,0,1,0,0,1,0,0,0,0,1,0
37080,0033800002eyJ4CAAU,0.0,0,0.0,1237.0,0,0,0,1,0,0,1,0,0,0,0,1,0
37081,0033800002eyJ4DAAU,0.0,0,0.0,3651.0,0,0,0,1,0,0,1,0,0,0,0,1,1
37082,0033800002eyJ4EAAU,0.0,0,146.0,3746.0,0,0,0,1,0,0,1,0,0,0,0,1,1
37083,0033800002eyJ4FAAU,0.0,0,0.0,10087.0,0,1,0,0,0,0,1,0,0,0,0,1,0
37085,0033800002eyJ4HAAU,0.0,0,0.0,7322.0,0,0,0,1,0,0,1,0,0,0,0,1,1
37088,0033800002eyJ4KAAU,0.0,0,0.0,3591.0,0,0,0,1,0,0,1,0,0,0,0,1,1
37100,0033800002eyJNiAAM,0.0,0,0.0,2942.0,0,0,0,1,0,0,1,0,0,0,1,0,0
37101,0033800002eyJQwAAM,0.0,0,0.0,2842.0,0,0,0,1,0,0,1,0,0,0,0,1,0
37103,0033800002eyJkMAAU,0.0,0,0.0,5863.0,1,0,0,0,0,0,1,0,0,0,0,1,0
37105,0033800002eyJqFAAU,0.0,0,0.0,3572.0,0,0,0,1,0,0,1,0,0,0,0,1,0
37107,0033800002eyK5KAAU,0.0,0,0.0,1705.0,0,1,0,0,0,0,1,0,0,0,0,1,1
37108,0033800002eyK76AAE,0.0,0,0.0,4178.0,0,0,0,1,0,0,1,0,0,0,0,1,0
37110,0033800002eyKgVAAU,0.0,0,4097.0,2637.0,0,0,0,0,1,0,0,0,0,1,0,1,1
37112,0033800002eyKvOAAU,0.0,0,1923.0,8015.0,0,1,0,0,0,1,0,0,0,0,0,1,0
37115,0033800002eyLC0AAM,0.0,60,136.0,3581.0,0,1,0,0,0,0,0,0,1,0,0,1,1
37116,0033800002eyLCjAAM,0.0,30,0.0,6414.0,0,0,0,1,0,0,1,0,0,0,0,1,1
37117,0033800002eyLGxAAM,0.0,0,0.0,1593.0,0,0,0,1,0,0,1,0,0,0,0,1,0
37121,0033800002eyLJmAAM,0.0,0,0.0,10561.0,0,0,0,1,0,0,1,0,0,0,0,1,0
37124,0033800002eyLWbAAM,0.0,0,0.0,3427.0,0,0,0,1,0,0,0,0,0,1,1,0,1
37125,0033800002eyLbEAAU,0.0,0,0.0,7312.0,0,0,0,1,0,0,1,0,0,0,0,1,1
37129,0033800002eyLuGAAU,0.0,0,0.0,8920.0,0,0,0,0,1,0,1,0,0,0,0,1,0
37132,0033800002eyM09AAE,0.0,0,0.0,5652.0,0,0,0,1,0,0,0,0,0,1,0,1,1
37133,0033800002eyM33AAE,0.0,0,0.0,10961.0,1,0,0,0,0,0,1,0,0,0,0,1,1
37134,0033800002eyM5dAAE,0.0,0,0.0,9768.0,0,1,0,0,0,0,1,0,0,0,0,1,1
37136,0033800002eyMCjAAM,0.0,0,0.0,8995.0,0,1,0,0,0,0,1,0,0,0,0,1,1
37142,0033800002eyMpWAAU,0.0,0,0.0,3000.0,1,0,0,0,0,0,1,0,0,0,0,1,1
37145,0033800002eyMyyAAE,0.0,0,0.0,1460.0,0,0,0,1,0,0,1,0,0,0,0,1,0
37149,0033800002eyNZhAAM,0.0,90,0.0,7956.0,0,0,0,1,0,0,1,0,0,0,0,1,1
37150,0033800002eyNdeAAE,0.0,0,0.0,4610.0,0,0,0,0,1,0,1,0,0,0,1,0,1
37151,0033800002eyNgwAAE,0.0,0,338.0,5837.0,0,0,1,0,0,1,0,0,0,0,1,0,1
37153,0033800002eyNpUAAU,0.0,0,0.0,7396.0,0,1,0,0,0,0,0,0,0,1,0,1,1
37156,0033800002eyO1OAAU,0.0,70,155.0,7676.0,0,0,0,0,1,1,0,0,0,0,0,1,1
37157,0033800002eyO2vAAE,0.0,0,0.0,9312.0,0,0,0,0,1,0,0,0,0,1,1,0,1
37158,0033800002eyO7cAAE,0.0,0,0.0,2940.0,0,0,0,1,0,0,0,0,1,0,1,0,0
37159,0033800002eyOBUAA2,0.0,60,769.0,3324.0,0,0,0,1,0,0,1,0,0,0,1,0,0
37169,0033800002eyPWyAAM,0.0,0,0.0,7564.0,0,1,0,0,0,0,1,0,0,0,0,1,1
37172,0033800002eyPXUAA2,0.0,0,0.0,7327.0,0,0,0,0,1,0,1,0,0,0,0,1,1
37175,0033800002eyPXXAA2,0.0,0,0.0,3332.0,0,0,0,1,0,0,1,0,0,0,0,1,1
37176,0033800002eyPXYAA2,0.0,0,0.0,1156.0,0,0,0,1,0,0,1,0,0,0,0,1,0
37177,0033800002eyPXZAA2,0.0,0,0.0,1126.0,0,0,0,1,0,0,1,0,0,0,1,0,0
37178,0033800002eyPXaAAM,0.0,0,0.0,7761.0,0,0,0,1,0,0,1,0,0,0,0,1,0
37179,0033800002eyPXbAAM,0.0,0,1888.0,7898.0,0,1,0,0,0,1,0,0,0,0,0,1,1
37182,0033800002eyPXeAAM,0.0,0,0.0,2900.0,0,0,0,0,1,0,1,0,0,0,0,1,0
37190,0033800002eyQ6TAAU,0.0,0,657.0,2933.0,0,0,0,1,0,0,1,0,0,0,0,1,1
37191,0033800002eyQ8tAAE,0.0,0,0.0,7305.0,0,0,0,1,0,0,1,0,0,0,0,1,1
37192,0033800002eyQaHAAU,0.0,0,10858.0,1460.0,0,0,0,1,0,0,0,0,0,1,0,1,0
37193,0033800002eyQiBAAU,0.0,0,16225.0,368.0,1,0,0,0,0,0,0,0,0,1,0,1,0
37195,0033800002eyQkCAAU,0.0,90,128.0,9541.0,0,1,0,0,0,0,1,0,0,0,0,1,0
37196,0033800002eyQmcAAE,0.0,10,3958.0,855.0,1,0,0,0,0,0,0,0,0,1,1,0,0
37197,0033800002eyQnLAAU,0.0,0,3356.0,1461.0,0,0,0,1,0,0,0,0,0,1,0,1,0
37198,0033800002eyRH7AAM,0.0,0,0.0,7249.0,0,0,0,0,1,0,1,0,0,0,0,1,1
37201,0033800002eyRwZAAU,0.0,0,0.0,9088.0,0,1,0,0,0,0,1,0,0,0,0,1,1
37204,0033800002eyS3kAAE,0.0,0,0.0,12098.0,0,0,1,0,0,0,1,0,0,0,0,1,1
37210,0033800002eySMeAAM,0.0,0,1255.0,1367.0,0,1,0,0,0,0,1,0,0,0,0,1,0
37212,0033800002eySQHAA2,0.0,0,4.0,7318.0,0,0,0,1,0,0,0,0,1,0,0,1,1
37219,0033800002eyTEAAA2,0.0,0,0.0,7316.0,0,0,0,1,0,0,1,0,0,0,0,1,1
37220,0033800002eyTEyAAM,0.0,60,340.0,7313.0,1,0,0,0,0,0,0,0,0,1,1,0,0
37221,0033800002eyTFcAAM,0.0,0,0.0,4192.0,0,0,0,1,0,0,0,0,1,0,0,1,0
37223,0033800002eyTVGAA2,0.0,0,2857.0,2863.0,0,0,0,0,1,1,0,0,0,0,1,0,1
37224,0033800002eyTWJAA2,0.0,0,2857.0,7550.0,0,1,0,0,0,1,0,0,0,0,0,1,1
37225,0033800002eyTboAAE,0.0,0,0.0,4828.0,0,0,0,0,1,1,0,0,0,0,0,1,1
37228,0033800002eyTljAAE,0.0,0,0.0,1508.0,0,0,0,1,0,0,1,0,0,0,0,1,1
37230,0033800002eyTs1AAE,0.0,0,0.0,8675.0,0,1,0,0,0,0,1,0,0,0,0,1,1
37232,0033800002eyU00AAE,0.0,0,0.0,2252.0,0,1,0,0,0,0,1,0,0,0,0,1,1
37234,0033800002eyU9vAAE,0.0,0,0.0,7305.0,1,0,0,0,0,0,1,0,0,0,0,1,0
37236,0033800002eyUCpAAM,0.0,0,156.0,9343.0,0,1,0,0,0,0,0,0,0,1,0,1,0
37237,0033800002eyUFKAA2,0.0,0,0.0,2528.0,0,0,0,1,0,0,1,0,0,0,0,1,1
37243,0033800002eyUiMAAU,0.0,0,0.0,1639.0,0,0,0,1,0,0,0,0,1,0,0,1,1
37249,0033800002eyVEWAA2,0.0,0,0.0,10414.0,1,0,0,0,0,0,1,0,0,0,0,1,0
37254,0033800002eyVcJAAU,0.0,0,0.0,9308.0,0,1,0,0,0,0,1,0,0,0,0,1,0
37255,0033800002eyVeiAAE,0.0,100,71.0,5067.0,0,0,0,1,0,0,0,0,1,0,0,1,0
37258,0033800002eyVuhAAE,0.0,0,1422.0,4292.0,1,0,0,0,0,0,0,0,1,0,0,1,0
37261,0033800002eyWQJAA2,0.0,0,0.0,7330.0,1,0,0,0,0,0,1,0,0,0,0,1,1
37263,0033800002eyWp5AAE,0.0,0,0.0,8634.0,0,1,0,0,0,0,0,0,1,0,0,1,0
37265,0033800002eyX1kAAE,0.0,0,0.0,7682.0,0,0,0,1,0,0,1,0,0,0,0,1,1
37276,0033800002eyYK2AAM,0.0,0,155.0,9398.0,0,0,0,1,0,0,0,0,0,1,0,1,1
37281,0033800002eyYPrAAM,0.0,0,0.0,2556.0,0,1,0,0,0,1,0,0,0,0,1,0,1
37285,0033800002eyYcsAAE,0.0,0,6.0,8794.0,0,1,0,0,0,1,0,0,0,0,0,1,1
37286,0033800002eyYdgAAE,0.0,0,0.0,3460.0,0,0,0,1,0,0,1,0,0,0,1,0,0
37287,0033800002eyYoKAAU,0.0,0,0.0,5430.0,0,1,0,0,0,0,1,0,0,0,0,1,1
37293,0033800002eyZM2AAM,0.0,0,0.0,8725.0,0,1,0,0,0,1,0,0,0,0,0,1,1
37294,0033800002eyZM3AAM,0.0,0,0.0,11688.0,0,1,0,0,0,0,1,0,0,0,1,0,0
37298,0033800002eyZM8AAM,0.0,10,0.0,8564.0,0,0,0,0,1,0,1,0,0,0,0,1,1
37301,0033800002eyZPYAA2,0.0,0,0.0,9314.0,0,1,0,0,0,0,1,0,0,0,0,1,1
37302,0033800002eyZPZAA2,0.0,0,0.0,10966.0,0,0,0,0,1,0,0,0,0,1,0,1,1
37303,0033800002eyZPaAAM,0.0,0,0.0,9283.0,0,1,0,0,0,0,1,0,0,0,0,1,1
37305,0033800002eyZPcAAM,0.0,80,614.0,7642.0,0,1,0,0,0,1,0,0,0,0,0,1,1
37306,0033800002eyZPdAAM,0.0,0,0.0,1551.0,0,1,0,0,0,0,1,0,0,0,0,1,0
37307,0033800002eyZPeAAM,0.0,60,340.0,8538.0,0,1,0,0,0,0,0,0,0,1,0,1,1
37308,0033800002eyZPfAAM,0.0,0,0.0,8303.0,0,0,0,0,1,0,1,0,0,0,0,1,1
37309,0033800002eyZPgAAM,0.0,50,0.0,10244.0,0,1,0,0,0,1,0,0,0,0,0,1,1
37310,0033800002eyZPhAAM,0.0,0,0.0,8748.0,0,1,0,0,0,1,0,0,0,0,0,1,1
37313,0033800002eyZPkAAM,0.0,0,0.0,10159.0,0,1,0,0,0,0,0,0,0,1,0,1,1
37314,0033800002eyZPlAAM,0.0,0,4.0,8281.0,0,0,0,0,1,0,1,0,0,0,0,1,1
37318,0033800002eya2mAAA,0.0,50,348.0,8186.0,0,0,0,0,1,1,0,0,0,0,0,1,1
37320,0033800002eyaU5AAI,0.0,0,308.0,5062.0,0,1,0,0,0,0,0,0,1,0,0,1,1
37321,0033800002eyaguAAA,0.0,0,0.0,9868.0,1,0,0,0,0,0,1,0,0,0,0,1,1
37325,0033800002eyetCAAQ,0.0,0,0.0,9692.0,1,0,0,0,0,0,0,0,1,0,0,1,1
37326,0033800002eyf8AAAQ,0.0,0,464.0,7320.0,0,1,0,0,0,0,0,0,0,1,0,1,1
37329,0033800002eygOLAAY,0.0,0,736.0,7546.0,0,0,0,0,1,1,0,0,0,0,0,1,1
37330,0033800002eygR0AAI,0.0,0,0.0,8797.0,0,0,0,1,0,0,1,0,0,0,0,1,0
37332,0033800002eygSVAAY,0.0,0,0.0,10215.0,0,0,0,0,1,0,1,0,0,0,1,0,0
37333,0033800002eygTEAAY,0.0,0,3982.0,2469.0,1,0,0,0,0,0,0,0,0,1,0,1,1
37343,0033800002eyggUAAQ,0.0,50,1073.0,4010.0,1,0,0,0,0,0,0,0,0,1,0,1,1
37344,0033800002eygk0AAA,0.0,10,933.0,1371.0,0,0,0,1,0,0,0,0,1,0,0,1,1
37345,0033800002eygkPAAQ,0.0,0,4402.0,14383.0,0,0,0,1,0,0,1,0,0,0,0,1,0
37347,0033800002eygm1AAA,0.0,0,0.0,7324.0,0,1,0,0,0,0,0,0,0,1,0,1,1
37356,0033800002eyhKOAAY,0.0,0,0.0,580.0,0,0,0,1,0,0,0,0,0,1,0,1,1
37357,0033800002eyhMnAAI,0.0,60,1334.0,1806.0,1,0,0,0,0,0,1,0,0,0,0,1,1
37359,0033800002eyhPrAAI,0.0,0,0.0,7851.0,1,0,0,0,0,0,1,0,0,0,0,1,1
37360,0033800002eyhQ6AAI,0.0,0,0.0,8047.0,1,0,0,0,0,0,1,0,0,0,1,0,1
37361,0033800002eyhWrAAI,0.0,0,0.0,2047.0,0,1,0,0,0,0,0,0,0,1,1,0,1
37362,0033800002eyheIAAQ,0.0,80,1002.0,1938.0,1,0,0,0,0,0,1,0,0,0,0,1,1
37367,0033800002eyhlgAAA,0.0,40,3451.0,2294.0,0,0,0,0,1,0,1,0,0,0,0,1,0
37369,0033800002eyhnhAAA,0.0,40,908.0,3206.0,1,0,0,0,0,0,0,0,0,1,0,1,1
37373,0033800002eyiTfAAI,0.0,0,137.0,1463.0,0,1,0,0,0,0,1,0,0,0,0,1,0
37375,0033800002eyiZYAAY,0.0,0,8479.0,2515.0,0,1,0,0,0,0,1,0,0,0,0,1,1
37376,0033800002eyiaHAAQ,0.0,0,8513.0,1461.0,0,0,0,1,0,0,0,0,1,0,0,1,0
37377,0033800002eyiaWAAQ,0.0,0,474.0,4599.0,0,1,0,0,0,0,1,0,0,0,0,1,1
37378,0033800002eyiavAAA,0.0,20,8855.0,1791.0,0,1,0,0,0,0,0,0,0,1,0,1,1
37380,0033800002eyidQAAQ,0.0,0,8313.0,1826.0,0,0,0,1,0,0,0,0,0,1,0,1,0
37381,0033800002eyimSAAQ,0.0,0,0.0,7555.0,1,0,0,0,0,0,1,0,0,0,0,1,0
37383,0033800002eyjHfAAI,0.0,0,3.0,5642.0,0,1,0,0,0,0,1,0,0,0,1,0,1
37385,0033800002eyjMVAAY,0.0,0,0.0,10975.0,1,0,0,0,0,1,0,0,0,0,0,1,1
37386,0033800002eyjOXAAY,0.0,0,436.0,5466.0,0,0,0,1,0,0,1,0,0,0,0,1,0
37387,0033800002eyje8AAA,0.0,0,0.0,1645.0,0,0,0,1,0,0,1,0,0,0,0,1,0
37388,0033800002eyjogAAA,0.0,0,0.0,4068.0,0,0,0,1,0,0,1,0,0,0,0,1,0
37390,0033800002eyl11AAA,0.0,0,0.0,4950.0,0,0,0,1,0,0,1,0,0,0,0,1,0
37396,0033800002eylFgAAI,0.0,100,74.0,6723.0,1,0,0,0,0,0,1,0,0,0,0,1,0
37402,0033800002eylOgAAI,0.0,50,120.0,2209.0,0,1,0,0,0,1,0,0,0,0,0,1,1
37403,0033800002eylVhAAI,0.0,0,0.0,4436.0,1,0,0,0,0,0,1,0,0,0,0,1,0
37406,0033800002eylyPAAQ,0.0,0,0.0,8120.0,0,0,0,0,1,1,0,0,0,0,0,1,0
37409,0033800002eymD7AAI,0.0,0,0.0,9030.0,0,0,0,1,0,0,1,0,0,0,0,1,0
37410,0033800002eymFtAAI,0.0,0,0.0,2945.0,0,1,0,0,0,0,1,0,0,0,0,1,1
37412,0033800002eymrwAAA,0.0,0,0.0,5479.0,0,0,0,1,0,1,0,0,0,0,0,1,1
37414,0033800002eymtPAAQ,0.0,0,0.0,5802.0,0,1,0,0,0,0,1,0,0,0,1,0,0
37415,0033800002eymyjAAA,0.0,0,0.0,2191.0,0,0,0,1,0,1,0,0,0,0,0,1,0
37419,0033800002eyoIQAAY,0.0,0,0.0,1430.0,0,0,0,1,0,0,1,0,0,0,0,1,0
37424,0033800002eypKvAAI,0.0,90,1627.0,1137.0,0,1,0,0,0,1,0,0,0,0,1,0,0
37426,0033800002eypQPAAY,0.0,100,0.0,2113.0,0,0,0,1,0,0,1,0,0,0,1,0,0
37428,0033800002eypfAAAQ,0.0,0,0.0,7247.0,0,0,0,1,0,0,0,0,1,0,0,1,1
37429,0033800002eypoMAAQ,0.0,0,5215.0,1322.0,0,1,0,0,0,1,0,0,0,0,1,0,1
37430,0033800002eypogAAA,0.0,0,589.0,4168.0,0,0,0,1,0,0,1,0,0,0,0,1,1
37432,0033800002eyq8cAAA,0.0,0,0.0,1221.0,0,0,0,1,0,0,1,0,0,0,0,1,0
37435,0033800002eyqYVAAY,0.0,0,149.0,1815.0,0,1,0,0,0,0,0,0,1,0,1,0,1
37436,0033800002eyqYpAAI,0.0,0,833.0,1117.0,0,0,0,0,1,1,0,0,0,0,0,1,1
37437,0033800002eyqZdAAI,0.0,0,0.0,1461.0,0,0,0,0,1,0,1,0,0,0,0,1,1
37439,0033800002eyqbFAAQ,0.0,0,1936.0,2404.0,0,0,0,1,0,0,1,0,0,0,0,1,0
37446,0033800002eyqmeAAA,0.0,0,0.0,7260.0,0,1,0,0,0,0,1,0,0,0,0,1,1
37450,0033800002eyr66AAA,0.0,0,30.0,6169.0,0,0,0,1,0,0,1,0,0,0,1,0,0
37455,0033800002eysZTAAY,0.0,0,0.0,8840.0,0,0,0,1,0,0,1,0,0,0,0,1,1
37457,0033800002eysoWAAQ,0.0,10,0.0,1773.0,0,1,0,0,0,0,0,0,0,1,1,0,1
37460,0033800002eyssJAAQ,0.0,0,0.0,2908.0,0,0,0,1,0,0,0,0,1,0,0,1,0
37461,0033800002eyst7AAA,0.0,0,0.0,3271.0,0,0,0,0,1,0,0,0,0,1,0,1,0
37474,0033800002eywj6AAA,0.0,0,1829.0,1227.0,1,0,0,0,0,0,1,0,0,0,0,1,0
37475,0033800002eywmFAAQ,0.0,0,17.0,4260.0,0,1,0,0,0,0,1,0,0,0,0,1,0
37477,0033800002eywouAAA,0.0,0,0.0,2509.0,0,0,0,1,0,0,1,0,0,0,0,1,1
37479,0033800002eyxgHAAQ,0.0,0,0.0,1460.0,0,1,0,0,0,0,1,0,0,0,0,1,0
37480,0033800002eyxjaAAA,0.0,0,0.0,1460.0,1,0,0,0,0,0,0,0,1,0,1,0,0
37481,0033800002eyxkYAAQ,0.0,0,0.0,7312.0,0,0,0,1,0,0,0,0,0,1,0,1,0
37483,0033800002eyxwGAAQ,0.0,0,0.0,2957.0,0,0,0,1,0,0,0,0,1,0,0,1,0
37488,0033800002eyyEAAAY,0.0,0,9.0,7944.0,0,1,0,0,0,0,1,0,0,0,1,0,0
37491,0033800002eyyKmAAI,0.0,0,0.0,8085.0,0,0,0,1,0,0,0,0,1,0,0,1,0
37492,0033800002eyyPFAAY,0.0,0,0.0,3370.0,0,1,0,0,0,0,0,0,0,1,0,1,1
37495,0033800002eyz77AAA,0.0,0,0.0,1364.0,0,1,0,0,0,1,0,0,0,0,0,1,1
37496,0033800002ez04nAAA,0.0,0,0.0,3568.0,0,0,0,1,0,0,0,0,0,1,0,1,1
37499,0033800002ez0peAAA,0.0,10,2708.0,2160.0,0,1,0,0,0,0,1,0,0,0,0,1,1
37501,0033800002ez18MAAQ,0.0,30,4489.0,1460.0,0,0,0,1,0,0,0,0,1,0,0,1,1
37502,0033800002ez1WTAAY,0.0,100,0.0,10158.0,0,1,0,0,0,0,1,0,0,0,0,1,0
37504,0033800002ez29zAAA,0.0,0,0.0,1440.0,1,0,0,0,0,1,0,0,0,0,0,1,0
37509,0033800002ez3OMAAY,0.0,0,0.0,1992.0,1,0,0,0,0,0,1,0,0,0,0,1,1
37510,0033800002ez3WBAAY,0.0,0,132.0,3743.0,1,0,0,0,0,0,1,0,0,0,1,0,1
37512,0033800002ez3baAAA,0.0,0,0.0,8402.0,0,0,0,0,1,0,1,0,0,0,1,0,0
37514,0033800002ez4JcAAI,0.0,0,12.0,3404.0,0,0,0,1,0,0,1,0,0,0,0,1,1
37516,0033800002ez4MWAAY,0.0,0,0.0,2584.0,0,0,0,1,0,1,0,0,0,0,0,1,1
37518,0033800002ez4RqAAI,0.0,0,0.0,7713.0,0,0,0,1,0,0,1,0,0,0,0,1,1
37519,0033800002ez4UzAAI,0.0,0,0.0,8804.0,0,1,0,0,0,0,1,0,0,0,0,1,1
37522,0033800002ez5LOAAY,0.0,0,0.0,2484.0,0,0,0,1,0,0,1,0,0,0,0,1,0
37524,0033800002ez5VoAAI,0.0,0,13370.0,3256.0,0,1,0,0,0,1,0,0,0,0,0,1,1
37527,0033800002ez6ENAAY,0.0,100,0.0,10856.0,0,1,0,0,0,0,0,0,0,1,1,0,1
37529,0033800002ez6SoAAI,0.0,60,283.0,8676.0,0,0,0,1,0,1,0,0,0,0,0,1,1
37534,0033800002ez6ijAAA,0.0,0,0.0,7329.0,0,0,0,1,0,0,0,0,0,1,0,1,0
37536,0033800002ez6nAAAQ,0.0,0,742.0,3970.0,0,1,0,0,0,0,1,0,0,0,0,1,1
37537,0033800002ez6rOAAQ,0.0,0,0.0,1460.0,0,0,0,1,0,0,1,0,0,0,0,1,0
37539,0033800002ez7VwAAI,0.0,0,0.0,8128.0,0,0,0,1,0,0,1,0,0,0,0,1,1
37543,0033800002ezE3lAAE,0.0,50,5217.0,7809.0,0,0,0,0,1,0,1,0,0,0,0,1,1
37545,0033800002ezFBmAAM,0.0,0,0.0,4240.0,0,0,0,1,0,0,1,0,0,0,0,1,1
37548,0033800002ezFERAA2,0.0,0,8000.0,2658.0,0,1,0,0,0,0,0,0,1,0,0,1,1
37549,0033800002ezFFPAA2,0.0,0,0.0,7329.0,0,1,0,0,0,1,0,0,0,0,0,1,1
37550,0033800002ezFN0AAM,0.0,0,4168.0,3203.0,0,0,0,0,1,0,0,0,1,0,0,1,1
37556,0033800002ezFz9AAE,0.0,0,446.0,5727.0,0,0,0,1,0,0,1,0,0,0,1,0,0
37558,0033800002ezI6iAAE,0.0,0,0.0,7669.0,0,1,0,0,0,0,1,0,0,0,0,1,1
37561,0033800002ezIGqAAM,0.0,0,0.0,11584.0,0,0,0,0,1,0,1,0,0,0,0,1,0
37563,0033800002ezIuyAAE,0.0,0,0.0,1826.0,0,1,0,0,0,0,1,0,0,0,0,1,1
37564,0033800002ezJCOAA2,0.0,0,0.0,2926.0,0,0,0,1,0,0,0,0,1,0,0,1,1
37566,0033800002ezJXlAAM,0.0,0,0.0,7456.0,1,0,0,0,0,0,0,0,1,0,0,1,0
37568,0033800002ezJdPAAU,0.0,0,0.0,7321.0,0,0,0,1,0,0,0,0,0,1,0,1,1
37569,0033800002ezJfpAAE,0.0,0,0.0,1263.0,0,0,0,1,0,0,1,0,0,0,0,1,0
37571,0033800002ezJhCAAU,0.0,0,0.0,3014.0,0,0,0,0,1,0,1,0,0,0,0,1,1
37572,0033800002ezJhgAAE,0.0,0,1138.0,2557.0,0,0,0,1,0,0,1,0,0,0,0,1,1
37574,0033800002ezJjIAAU,0.0,0,0.0,1461.0,0,0,0,1,0,0,1,0,0,0,1,0,0
37575,0033800002ezJpaAAE,0.0,0,0.0,9131.0,1,0,0,0,0,0,1,0,0,0,0,1,1
37578,0033800002ezJt3AAE,0.0,0,0.0,2192.0,0,0,0,1,0,1,0,0,0,0,0,1,1
37584,0033800002ezKSPAA2,0.0,60,0.0,1255.0,0,0,0,1,0,0,0,0,1,0,0,1,0
37585,0033800002ezKagAAE,0.0,0,0.0,7834.0,0,0,0,1,0,0,1,0,0,0,0,1,1
37586,0033800002ezKvjAAE,0.0,0,942.0,1460.0,0,0,0,1,0,0,0,0,0,1,1,0,1
37587,0033800002ezLF5AAM,0.0,0,0.0,3974.0,0,0,0,0,1,0,0,0,0,1,0,1,1
37588,0033800002ezLHQAA2,0.0,0,0.0,1460.0,0,1,0,0,0,0,1,0,0,0,0,1,0
37589,0033800002ezLLmAAM,0.0,0,0.0,7329.0,0,1,0,0,0,0,1,0,0,0,0,1,1
37591,0033800002ezLMuAAM,0.0,0,0.0,7723.0,0,0,0,1,0,0,1,0,0,0,0,1,1
37592,0033800002ezLWGAA2,0.0,0,0.0,7316.0,0,0,0,0,1,1,0,0,0,0,0,1,1
37596,0033800002ezLatAAE,0.0,0,1942.0,1825.0,0,0,0,1,0,0,0,0,1,0,0,1,1
37598,0033800002ezLlpAAE,0.0,0,6.0,8449.0,0,1,0,0,0,0,1,0,0,0,0,1,0
37599,0033800002ezLmdAAE,0.0,0,8553.0,1727.0,0,1,0,0,0,0,1,0,0,0,0,1,1
37600,0033800002ezLoPAAU,0.0,0,0.0,8036.0,0,0,0,0,1,0,1,0,0,0,0,1,0
37601,0033800002ezMjCAAU,0.0,0,0.0,7776.0,0,0,0,1,0,0,1,0,0,0,0,1,1
37602,0033800002ezMnEAAU,0.0,100,499.0,5997.0,0,0,0,1,0,0,0,0,1,0,0,1,0
37604,0033800002ezMs9AAE,0.0,0,70.0,7343.0,0,1,0,0,0,1,0,0,0,0,0,1,0
37605,0033800002ezNKoAAM,0.0,0,0.0,7674.0,0,1,0,0,0,0,1,0,0,0,0,1,1
37612,0033800002ezPKFAA2,0.0,0,0.0,6728.0,1,0,0,0,0,0,1,0,0,0,0,1,0
37613,0033800002ezPQ6AAM,0.0,0,3552.0,1461.0,0,0,0,0,1,0,0,0,1,0,0,1,1
37615,0033800002ezPbzAAE,0.0,0,0.0,4993.0,1,0,0,0,0,1,0,0,0,0,0,1,1
37618,0033800002ezQe3AAE,0.0,0,0.0,7339.0,0,1,0,0,0,1,0,0,0,0,0,1,0
37621,0033800002ezS3jAAE,0.0,0,75.0,2191.0,0,0,0,1,0,1,0,0,0,0,1,0,0
37622,0033800002ezS9bAAE,0.0,40,3546.0,7334.0,0,0,0,0,1,0,0,0,0,1,0,1,0
37623,0033800002ezSO4AAM,0.0,0,60.0,3574.0,0,0,0,1,0,1,0,0,0,0,0,1,1
37630,0033800002ezT5lAAE,0.0,0,0.0,8882.0,0,0,0,1,0,0,1,0,0,0,1,0,0
37631,0033800002ezT9LAAU,0.0,50,0.0,2191.0,0,0,0,1,0,0,1,0,0,0,0,1,0
37633,0033800002ezTBPAA2,0.0,0,0.0,10004.0,0,1,0,0,0,0,1,0,0,0,0,1,0
37635,0033800002ezTEYAA2,0.0,0,0.0,9476.0,0,0,0,0,1,0,1,0,0,0,0,1,1
37637,0033800002ezTHVAA2,0.0,0,0.0,7927.0,0,0,0,1,0,0,1,0,0,0,0,1,1
37639,0033800002ezTIdAAM,0.0,0,0.0,7748.0,0,0,0,1,0,0,1,0,0,0,0,1,1
37641,0033800002ezTL3AAM,0.0,0,0.0,9391.0,1,0,0,0,0,0,1,0,0,0,1,0,0
37646,0033800002ezTUUAA2,0.0,0,0.0,8210.0,0,1,0,0,0,0,1,0,0,0,0,1,0
37647,0033800002ezTW1AAM,0.0,0,0.0,2866.0,0,0,0,1,0,0,1,0,0,0,0,1,1
37650,0033800002ezTWVAA2,0.0,0,0.0,2013.0,0,0,0,1,0,0,1,0,0,0,0,1,0
37651,0033800002ezTYgAAM,0.0,0,0.0,1226.0,0,0,0,1,0,0,1,0,0,0,0,1,0
37656,0033800002ezTeAAAU,0.0,0,0.0,2393.0,0,1,0,0,0,0,1,0,0,0,0,1,1
37657,0033800002ezTeyAAE,0.0,0,0.0,4844.0,0,0,0,1,0,0,1,0,0,0,0,1,0
37664,0033800002ezUHpAAM,0.0,0,0.0,4399.0,0,0,0,1,0,0,0,0,0,1,0,1,1
37666,0033800002ezURGAA2,0.0,0,0.0,3818.0,0,0,0,1,0,0,1,0,0,0,0,1,1
37668,0033800002ezUSsAAM,0.0,0,0.0,3635.0,0,0,0,1,0,0,0,0,0,1,0,1,0
37679,0033800002ezUUJAA2,0.0,0,0.0,5881.0,0,0,0,1,0,0,0,0,1,0,0,1,1
37683,0033800002ezUUOAA2,0.0,0,0.0,1820.0,0,0,0,1,0,0,0,0,1,0,0,1,1
37686,0033800002ezUfjAAE,0.0,0,0.0,1593.0,0,0,0,0,1,0,1,0,0,0,0,1,1
37688,0033800002ezV3hAAE,0.0,0,0.0,6054.0,1,0,0,0,0,1,0,0,0,0,0,1,1
37689,0033800002ezVG0AAM,0.0,0,0.0,8987.0,0,0,0,1,0,0,1,0,0,0,0,1,0
37690,0033800002ezVGeAAM,0.0,0,326.0,1984.0,0,0,0,1,0,0,1,0,0,0,0,1,1
37691,0033800002ezVHrAAM,0.0,0,0.0,7306.0,1,0,0,0,0,0,0,0,0,1,0,1,1
37697,0033800002ezVrAAAU,0.0,0,0.0,1207.0,0,0,0,1,0,0,1,0,0,0,0,1,1
37699,0033800002ezW5nAAE,0.0,0,0.0,9130.0,1,0,0,0,0,0,1,0,0,0,1,0,0
37710,0033800002ezXzuAAE,0.0,0,0.0,9099.0,0,0,0,1,0,0,1,0,0,0,0,1,0
37711,0033800002ezY0xAAE,0.0,0,9.0,6363.0,0,1,0,0,0,0,1,0,0,0,1,0,1
37713,0033800002ezYhBAAU,0.0,0,0.0,8781.0,0,0,0,1,0,0,1,0,0,0,0,1,1
37714,0033800002ezYkZAAU,0.0,0,0.0,10244.0,0,0,0,1,0,0,1,0,0,0,0,1,1
37716,0033800002ezYsYAAU,0.0,0,0.0,9435.0,0,1,0,0,0,0,1,0,0,0,0,1,0
37717,0033800002ezYvmAAE,0.0,0,15645.0,731.0,0,0,0,1,0,0,0,0,1,0,0,1,0
37718,0033800002ezZ00AAE,0.0,0,63.0,2800.0,0,0,0,1,0,0,1,0,0,0,0,1,1
37720,0033800002ezZ63AAE,0.0,0,6638.0,1514.0,0,1,0,0,0,0,1,0,0,0,1,0,1
37721,0033800002ezZC6AAM,0.0,0,1612.0,1370.0,0,0,0,1,0,0,0,0,1,0,0,1,1
37723,0033800002ezZCqAAM,0.0,0,0.0,1826.0,0,0,0,1,0,0,1,0,0,0,0,1,1
37725,0033800002ezZMaAAM,0.0,0,0.0,1879.0,0,0,0,1,0,0,1,0,0,0,1,0,0
37727,0033800002ezZbBAAU,0.0,0,528.0,7625.0,0,0,0,1,0,0,1,0,0,0,0,1,0
37729,0033800002ezZiWAAU,0.0,0,0.0,1219.0,0,0,0,1,0,0,1,0,0,0,0,1,0
37732,0033800002ezZsvAAE,0.0,0,0.0,7392.0,0,0,0,1,0,0,1,0,0,0,0,1,1
37734,0033800002ezZzhAAE,0.0,0,0.0,7885.0,1,0,0,0,0,1,0,0,0,0,0,1,1
37735,0033800002eza14AAA,0.0,0,4392.0,8052.0,0,1,0,0,0,0,0,0,0,1,1,0,0
37736,0033800002eza2MAAQ,0.0,0,0.0,8548.0,1,0,0,0,0,0,1,0,0,0,0,1,1
37737,0033800002eza6YAAQ,0.0,0,1074.0,1629.0,0,0,0,0,1,0,1,0,0,0,0,1,1
37738,0033800002ezaNrAAI,0.0,0,0.0,8979.0,0,0,0,0,1,1,0,0,0,0,1,0,1
37739,0033800002ezaSwAAI,0.0,0,0.0,1198.0,0,0,0,1,0,0,1,0,0,0,0,1,0
37740,0033800002ezaX0AAI,0.0,0,0.0,13012.0,1,0,0,0,0,0,1,0,0,0,0,1,1
37743,0033800002ezbIAAAY,0.0,0,0.0,7315.0,0,0,0,1,0,0,1,0,0,0,0,1,1
37744,0033800002ezbNZAAY,0.0,0,0.0,3634.0,1,0,0,0,0,1,0,0,0,0,1,0,0
37746,0033800002ezezLAAQ,0.0,0,625.0,3070.0,1,0,0,0,0,0,1,0,0,0,0,1,1
37750,0033800002ezf7jAAA,0.0,0,0.0,1496.0,0,1,0,0,0,0,1,0,0,0,0,1,1
37753,0033800002ezffjAAA,0.0,0,72.0,4181.0,0,1,0,0,0,1,0,0,0,0,1,0,0
37754,0033800002ezfkvAAA,0.0,50,3796.0,2826.0,0,1,0,0,0,0,1,0,0,0,1,0,1
37756,0033800002ezfnwAAA,0.0,0,6114.0,1826.0,0,0,0,1,0,0,0,1,0,0,0,1,1
37759,0033800002ezg0NAAQ,0.0,0,157.0,1460.0,0,0,0,1,0,0,0,0,1,0,0,1,0
37761,0033800002ezg4bAAA,0.0,0,0.0,5891.0,0,0,0,0,1,0,1,0,0,0,0,1,1
37763,0033800002ezg8sAAA,0.0,70,833.0,1780.0,0,0,0,0,1,0,0,0,0,1,0,1,0
37770,0033800002ezgeOAAQ,0.0,0,0.0,8238.0,0,0,0,1,0,0,1,0,0,0,0,1,0
37771,0033800002ezgf2AAA,0.0,0,0.0,9788.0,0,1,0,0,0,0,1,0,0,0,0,1,0
37775,0033800002ezgpSAAQ,0.0,0,140.0,2891.0,0,0,0,1,0,0,1,0,0,0,0,1,1
37781,0033800002ezh2BAAQ,0.0,50,420.0,1838.0,1,0,0,0,0,0,1,0,0,0,0,1,1
37784,0033800002ezhGUAAY,0.0,80,2115.0,2633.0,0,0,0,1,0,0,1,0,0,0,0,1,1
37785,0033800002ezhR6AAI,0.0,0,195.0,8754.0,0,0,0,1,0,0,1,0,0,0,0,1,1
37788,0033800002ezhVlAAI,0.0,0,1209.0,5401.0,1,0,0,0,0,0,1,0,0,0,1,0,0
37790,0033800002ezhXoAAI,0.0,0,247.0,1461.0,0,0,0,1,0,0,0,0,1,0,0,1,1
37791,0033800002ezhXyAAI,0.0,0,9721.0,1109.0,0,1,0,0,0,0,1,0,0,0,1,0,1
37792,0033800002ezhZOAAY,0.0,100,508.0,1460.0,0,0,0,1,0,0,0,0,1,0,0,1,1
37793,0033800002ezhcQAAQ,0.0,0,133.0,4607.0,0,1,0,0,0,0,1,0,0,0,0,1,1
37797,0033800002ezi7MAAQ,0.0,0,0.0,3145.0,0,1,0,0,0,0,0,0,0,1,0,1,1
37800,0033800002eziOYAAY,0.0,0,39.0,9521.0,0,0,0,0,1,0,1,0,0,0,0,1,0
37801,0033800002eziTsAAI,0.0,0,1627.0,1031.0,0,0,0,1,0,0,1,0,0,0,0,1,0
37804,0033800002eziZ7AAI,0.0,0,0.0,2684.0,0,0,0,0,1,0,1,0,0,0,1,0,0
37809,0033800002ezjE2AAI,0.0,0,112.0,7319.0,0,0,0,1,0,0,0,0,1,0,0,1,0
37810,0033800002ezjEMAAY,0.0,0,465.0,1461.0,0,1,0,0,0,0,0,0,1,0,1,0,1
37811,0033800002ezjXNAAY,0.0,40,2589.0,2525.0,1,0,0,0,0,1,0,0,0,0,0,1,1
37812,0033800002ezjcXAAQ,0.0,0,790.0,1790.0,0,0,0,1,0,0,1,0,0,0,0,1,1
37821,0033800002ezkrwAAA,0.0,90,1470.0,1461.0,0,0,0,1,0,0,0,0,1,0,0,1,0
37822,0033800002ezl3OAAQ,0.0,0,62.0,2921.0,0,0,0,0,1,0,1,0,0,0,0,1,1
37824,0033800002ezlqlAAA,0.0,0,0.0,2612.0,0,1,0,0,0,0,1,0,0,0,0,1,1
37827,0033800002ezm1MAAQ,0.0,80,176.0,3187.0,1,0,0,0,0,0,1,0,0,0,1,0,0
37832,0033800002ezma0AAA,0.0,0,3523.0,1823.0,0,0,0,1,0,0,0,0,0,1,0,1,1
37839,0033800002eznLIAAY,0.0,70,2727.0,2769.0,0,0,1,0,0,0,0,0,1,0,0,1,1
37841,0033800002eznThAAI,0.0,20,11783.0,731.0,0,1,0,0,0,0,1,0,0,0,0,1,0
37843,0033800002eznsOAAQ,0.0,0,0.0,8092.0,0,0,0,0,1,1,0,0,0,0,1,0,1
37849,0033800002ezp6TAAQ,0.0,0,0.0,7328.0,0,0,0,1,0,1,0,0,0,0,1,0,0
37856,0033800002ezpXpAAI,0.0,0,0.0,9521.0,0,1,0,0,0,0,1,0,0,0,0,1,1
37858,0033800002ezpsZAAQ,0.0,90,0.0,3863.0,0,1,0,0,0,0,1,0,0,0,0,1,0
37862,0033800002ezq1RAAQ,0.0,0,0.0,7321.0,1,0,0,0,0,0,1,0,0,0,0,1,1
37864,0033800002ezq9FAAQ,0.0,0,0.0,2556.0,0,0,0,1,0,0,1,0,0,0,0,1,0
37867,0033800002ezqMYAAY,0.0,0,0.0,2191.0,0,0,0,0,1,0,1,0,0,0,0,1,1
37869,0033800002ezqVfAAI,0.0,0,0.0,1971.0,0,0,0,1,0,0,1,0,0,0,0,1,0
37870,0033800002ezqgCAAQ,0.0,0,13478.0,1754.0,0,0,0,0,1,1,0,0,0,0,1,0,0
37872,0033800002ezqypAAA,0.0,0,805.0,2191.0,0,0,0,1,0,1,0,0,0,0,0,1,0
37875,0033800002ezrNeAAI,0.0,0,1159.0,4351.0,1,0,0,0,0,0,0,0,0,1,0,1,0
37877,0033800002ezrUQAAY,0.0,0,0.0,7308.0,0,1,0,0,0,1,0,0,0,0,1,0,1
37879,0033800002ezrd6AAA,0.0,0,0.0,3870.0,0,0,0,0,1,0,0,0,0,1,0,1,1
37885,0033800002ezrrFAAQ,0.0,0,0.0,3989.0,0,1,0,0,0,0,1,0,0,0,0,1,0
37886,0033800002ezrsDAAQ,0.0,0,0.0,7322.0,1,0,0,0,0,0,1,0,0,0,0,1,0
37887,0033800002ezrtuAAA,0.0,0,0.0,1443.0,0,0,0,1,0,1,0,0,0,0,1,0,1
37895,0033800002ezserAAA,0.0,0,0.0,9853.0,0,1,0,0,0,0,1,0,0,0,0,1,0
37897,0033800002ezsm2AAA,0.0,0,0.0,10970.0,0,0,0,0,1,0,0,0,0,1,0,1,1
37899,0033800002ezspVAAQ,0.0,0,0.0,7325.0,0,0,0,0,1,0,1,0,0,0,0,1,1
37901,0033800002ezsuLAAQ,0.0,0,894.0,4493.0,0,0,0,1,0,0,1,0,0,0,0,1,1
37903,0033800002eztIzAAI,0.0,0,0.0,7318.0,0,1,0,0,0,0,1,0,0,0,1,0,1
37904,0033800002eztJnAAI,0.0,0,0.0,1460.0,1,0,0,0,0,1,0,0,0,0,0,1,1
37907,0033800002eztPaAAI,0.0,0,0.0,7313.0,0,1,0,0,0,0,0,0,1,0,0,1,1
37908,0033800002eztS5AAI,0.0,0,0.0,11006.0,0,0,0,0,1,0,1,0,0,0,0,1,1
37909,0033800002eztTuAAI,0.0,100,9528.0,2912.0,0,1,0,0,0,0,1,0,0,0,0,1,0
37910,0033800002eztabAAA,0.0,0,0.0,1734.0,0,1,0,0,0,0,1,0,0,0,1,0,0
37911,0033800002eztbAAAQ,0.0,0,0.0,2233.0,0,0,0,1,0,0,1,0,0,0,1,0,0
37912,0033800002eztdVAAQ,0.0,0,0.0,1462.0,0,0,0,1,0,0,0,0,1,0,0,1,1
37913,0033800002eztdfAAA,0.0,0,128.0,3618.0,0,1,0,0,0,0,0,0,0,1,0,1,1
37915,0033800002eztgyAAA,0.0,0,9.0,2611.0,0,0,0,1,0,0,1,0,0,0,1,0,1
37916,0033800002eztpoAAA,0.0,0,0.0,1305.0,0,0,0,1,0,0,1,0,0,0,0,1,0
37920,0033800002ezuenAAA,0.0,0,4307.0,1461.0,0,1,0,0,0,0,0,0,1,0,0,1,1
37922,0033800002ezv0GAAQ,0.0,0,0.0,8772.0,0,0,0,1,0,0,0,0,0,1,0,1,1
37924,0033800002ezvF6AAI,0.0,0,113.0,1896.0,0,0,0,1,0,0,1,0,0,0,0,1,0
37926,0033800002ezvnZAAQ,0.0,0,0.0,9135.0,0,1,0,0,0,0,1,0,0,0,0,1,0
37928,0033800002ezvpuAAA,0.0,0,0.0,4782.0,0,0,0,1,0,0,1,0,0,0,0,1,1
37931,0033800002ezw3IAAQ,0.0,70,7099.0,3484.0,0,0,0,0,1,0,1,0,0,0,1,0,0
37933,0033800002ezwFaAAI,0.0,0,0.0,1423.0,0,0,0,1,0,0,1,0,0,0,1,0,0
37936,0033800002ezwZLAAY,0.0,0,0.0,7672.0,1,0,0,0,0,0,1,0,0,0,0,1,1
37937,0033800002ezwkHAAQ,0.0,0,0.0,5097.0,0,0,0,1,0,0,0,0,0,1,0,1,0
37938,0033800002ezwlAAAQ,0.0,0,0.0,7452.0,1,0,0,0,0,0,0,0,0,1,0,1,1
37940,0033800002ezwtsAAA,0.0,0,0.0,8638.0,0,0,0,0,1,1,0,0,0,0,0,1,1
37942,0033800002ezx0tAAA,0.0,90,505.0,2161.0,0,0,0,1,0,0,0,0,1,0,0,1,1
37943,0033800002ezx1NAAQ,0.0,0,0.0,8645.0,0,1,0,0,0,1,0,0,0,0,1,0,0
37944,0033800002ezx3OAAQ,0.0,0,0.0,7890.0,0,1,0,0,0,0,1,0,0,0,0,1,1
37947,0033800002ezxCkAAI,0.0,100,567.0,9659.0,0,1,0,0,0,0,0,0,1,0,0,1,1
37948,0033800002ezxH1AAI,0.0,0,0.0,7324.0,0,0,0,0,1,0,1,0,0,0,0,1,1
37950,0033800002ezxS6AAI,0.0,0,0.0,2840.0,0,0,0,1,0,0,0,0,0,1,0,1,1
37954,0033800002ezxjrAAA,0.0,0,0.0,4018.0,0,0,0,1,0,0,1,0,0,0,0,1,0
37956,0033800002ezyENAAY,0.0,0,0.0,9134.0,1,0,0,0,0,0,1,0,0,0,0,1,0
37959,0033800002ezyiRAAQ,0.0,0,0.0,8042.0,1,0,0,0,0,0,0,0,0,1,0,1,1
37961,0033800002ezzCgAAI,0.0,0,0.0,9527.0,0,0,0,1,0,0,1,0,0,0,0,1,0
37964,0033800002f00NxAAI,0.0,0,0.0,10963.0,0,1,0,0,0,0,1,0,0,0,0,1,0
37965,0033800002f00U9AAI,0.0,0,0.0,1824.0,0,0,0,1,0,0,1,0,0,0,0,1,1
37966,0033800002f00ZYAAY,0.0,50,3702.0,3772.0,0,0,0,0,1,0,0,0,1,0,0,1,0
37969,0033800002f00dGAAQ,0.0,100,0.0,7939.0,1,0,0,0,0,0,1,0,0,0,0,1,0
37971,0033800002f00duAAA,0.0,0,0.0,7376.0,0,0,0,1,0,0,0,0,0,1,0,1,1
37976,0033800002f00yuAAA,0.0,0,0.0,6810.0,0,0,0,0,1,0,1,0,0,0,0,1,1
37978,0033800002f0123AAA,0.0,0,0.0,9432.0,1,0,0,0,0,0,1,0,0,0,0,1,0
37979,0033800002f01AVAAY,0.0,0,112.0,2696.0,0,0,0,1,0,0,1,0,0,0,0,1,0
37980,0033800002f01AuAAI,0.0,0,0.0,2675.0,0,0,0,1,0,0,1,0,0,0,0,1,1
37982,0033800002f01FgAAI,0.0,0,0.0,7753.0,0,0,0,1,0,0,0,0,0,1,0,1,0
37983,0033800002f01SHAAY,0.0,0,0.0,4102.0,0,0,0,1,0,0,1,0,0,0,1,0,1
37985,0033800002f01efAAA,0.0,70,734.0,5053.0,0,0,0,0,1,0,1,0,0,0,0,1,0
37992,0033800002f02J2AAI,0.0,0,1540.0,5993.0,0,0,0,1,0,0,0,0,0,1,0,1,0
37993,0033800002f02KPAAY,0.0,0,0.0,7305.0,1,0,0,0,0,0,0,0,0,1,0,1,0
37994,0033800002f02KQAAY,0.0,0,263.0,1960.0,0,0,0,1,0,0,1,0,0,0,0,1,1
37996,0033800002f02KSAAY,0.0,0,0.0,7330.0,0,0,0,1,0,0,1,0,0,0,0,1,1
37997,0033800002f02KTAAY,0.0,0,0.0,9138.0,0,0,0,1,0,0,1,0,0,0,0,1,0
37998,0033800002f02KUAAY,0.0,0,0.0,7317.0,0,1,0,0,0,0,0,0,0,1,1,0,1
38001,0033800002f02KXAAY,0.0,0,0.0,8000.0,0,1,0,0,0,0,1,0,0,0,0,1,1
38002,0033800002f02KYAAY,0.0,0,0.0,9505.0,0,1,0,0,0,0,1,0,0,0,1,0,0
38004,0033800002f02KaAAI,0.0,0,0.0,2103.0,0,0,0,1,0,0,0,0,0,1,1,0,1
38006,0033800002f02KhAAI,0.0,0,0.0,7325.0,0,0,0,1,0,0,1,0,0,0,1,0,0
38007,0033800002f02KiAAI,0.0,0,0.0,7897.0,1,0,0,0,0,0,0,0,0,1,0,1,1
38009,0033800002f02RDAAY,0.0,90,734.0,3282.0,0,1,0,0,0,0,1,0,0,0,0,1,1
38013,0033800002f02UiAAI,0.0,0,1858.0,1460.0,0,0,0,1,0,0,0,0,1,0,0,1,1
38017,0033800002f02jnAAA,0.0,100,207.0,4749.0,0,1,0,0,0,0,1,0,0,0,0,1,0
38019,0033800002f02tDAAQ,0.0,0,470.0,6227.0,1,0,0,0,0,0,1,0,0,0,1,0,1
38020,0033800002f038DAAQ,0.0,0,0.0,5114.0,0,1,0,0,0,0,0,0,0,1,1,0,1
38022,0033800002f038FAAQ,0.0,0,0.0,7331.0,0,0,0,1,0,0,0,0,0,1,0,1,1
38024,0033800002f038HAAQ,0.0,0,0.0,5051.0,0,0,0,1,0,0,0,0,0,1,0,1,0
38027,0033800002f038KAAQ,0.0,0,0.0,7309.0,0,1,0,0,0,0,0,0,0,1,1,0,1
38032,0033800002f038SAAQ,0.0,0,0.0,7701.0,0,0,0,0,1,0,0,0,0,1,0,1,0
38033,0033800002f038TAAQ,0.0,0,0.0,3520.0,0,1,0,0,0,1,0,0,0,0,0,1,1
38037,0033800002f038XAAQ,0.0,0,0.0,1584.0,0,0,0,1,0,0,0,0,0,1,0,1,1
38038,0033800002f038YAAQ,0.0,0,0.0,1076.0,0,0,0,1,0,0,0,0,0,1,0,1,0
38041,0033800002f038dAAA,0.0,0,0.0,2191.0,0,0,0,1,0,0,0,0,0,1,0,1,0
38043,0033800002f038fAAA,0.0,0,0.0,2192.0,0,0,0,1,0,0,0,0,0,1,0,1,0
38044,0033800002f038gAAA,0.0,0,0.0,4752.0,0,0,0,1,0,0,0,0,0,1,0,1,1
38046,0033800002f03B2AAI,0.0,0,0.0,9511.0,0,0,0,1,0,0,0,0,0,1,0,1,1
38047,0033800002f03B7AAI,0.0,0,0.0,11617.0,0,0,0,1,0,1,0,0,0,0,0,1,1
38049,0033800002f03LcAAI,0.0,0,337.0,3059.0,1,0,0,0,0,0,1,0,0,0,0,1,1
38050,0033800002f03NTAAY,0.0,0,0.0,3074.0,1,0,0,0,0,1,0,0,0,0,0,1,1
38052,0033800002f03Y9AAI,0.0,10,45.0,3877.0,0,1,0,0,0,0,1,0,0,0,0,1,1
38053,0033800002f03bIAAQ,0.0,0,0.0,1826.0,0,1,0,0,0,0,1,0,0,0,0,1,1
38056,0033800002f03fuAAA,0.0,0,0.0,1453.0,0,0,0,1,0,0,1,0,0,0,0,1,0
38058,0033800002f049OAAQ,0.0,0,0.0,3560.0,0,0,0,1,0,0,1,0,0,0,0,1,1
38059,0033800002f04JiAAI,0.0,0,0.0,7316.0,0,0,0,1,0,0,1,0,0,0,0,1,0
38064,0033800002f04Z7AAI,0.0,90,2920.0,754.0,0,0,0,1,0,0,1,0,0,0,0,1,1
38069,0033800002f04feAAA,0.0,0,0.0,8705.0,1,0,0,0,0,0,0,0,0,1,0,1,1
38070,0033800002f04mBAAQ,0.0,0,638.0,3652.0,0,0,0,1,0,0,0,0,0,1,0,1,1
38072,0033800002f04rAAAQ,0.0,0,0.0,5179.0,0,1,0,0,0,0,1,0,0,0,0,1,0
38073,0033800002f058jAAA,0.0,10,4256.0,1314.0,0,0,0,1,0,0,0,0,0,1,0,1,1
38075,0033800002f058lAAA,0.0,0,798.0,2191.0,0,1,0,0,0,0,1,0,0,0,0,1,1
38076,0033800002f058mAAA,0.0,50,5206.0,1461.0,0,1,0,0,0,0,0,0,1,0,0,1,1
38078,0033800002f058oAAA,0.0,100,123.0,962.0,0,1,0,0,0,0,1,0,0,0,0,1,1
38082,0033800002f058sAAA,0.0,0,4076.0,1461.0,1,0,0,0,0,0,0,0,1,0,0,1,0
38083,0033800002f05CsAAI,0.0,0,67.0,1076.0,0,1,0,0,0,0,1,0,0,0,0,1,1
38086,0033800002f05P8AAI,0.0,0,5161.0,8019.0,1,0,0,0,0,1,0,0,0,0,0,1,0
38087,0033800002f05QaAAI,0.0,0,0.0,2866.0,0,0,0,1,0,0,0,0,1,0,0,1,1
38089,0033800002f05iKAAQ,0.0,0,0.0,7397.0,0,0,0,1,0,0,1,0,0,0,0,1,1
38090,0033800002f05wqAAA,0.0,0,0.0,1553.0,0,1,0,0,0,0,1,0,0,0,0,1,1
38094,0033800002f0649AAA,0.0,0,420.0,822.0,0,1,0,0,0,0,0,0,0,1,0,1,1
38095,0033800002f064AAAQ,0.0,0,0.0,7468.0,0,1,0,0,0,0,1,0,0,0,0,1,0
38096,0033800002f064BAAQ,0.0,0,56.0,8495.0,0,0,0,0,1,0,1,0,0,0,0,1,0
38097,0033800002f064CAAQ,0.0,0,0.0,1278.0,0,1,0,0,0,0,1,0,0,0,0,1,0
38098,0033800002f064DAAQ,0.0,0,0.0,2800.0,0,1,0,0,0,0,0,0,0,1,0,1,1
38099,0033800002f064EAAQ,0.0,90,3701.0,7731.0,0,1,0,0,0,0,1,0,0,0,1,0,1
38102,0033800002f064HAAQ,0.0,0,135.0,12446.0,0,0,1,0,0,0,1,0,0,0,0,1,0
38103,0033800002f064IAAQ,0.0,0,0.0,8910.0,0,1,0,0,0,0,1,0,0,0,0,1,1
38111,0033800002f064QAAQ,0.0,100,1020.0,1461.0,0,1,0,0,0,0,1,0,0,0,0,1,1
38114,0033800002f064TAAQ,0.0,0,0.0,8585.0,0,1,0,0,0,0,1,0,0,0,0,1,0
38119,0033800002f064aAAA,0.0,0,0.0,2922.0,0,1,0,0,0,1,0,0,0,0,1,0,1
38122,0033800002f064dAAA,0.0,0,0.0,7580.0,0,1,0,0,0,0,0,0,1,0,0,1,1
38123,0033800002f064eAAA,0.0,90,4532.0,5996.0,0,1,0,0,0,0,1,0,0,0,1,0,0
38124,0033800002f064fAAA,0.0,0,686.0,7305.0,1,0,0,0,0,0,0,0,0,1,1,0,0
38125,0033800002f064gAAA,0.0,0,815.0,2922.0,1,0,0,0,0,0,1,0,0,0,0,1,1
38126,0033800002f064hAAA,0.0,0,0.0,8599.0,0,1,0,0,0,0,1,0,0,0,1,0,1
38129,0033800002f064lAAA,0.0,50,1627.0,4810.0,0,1,0,0,0,0,1,0,0,0,1,0,0
38130,0033800002f064nAAA,0.0,0,0.0,7960.0,0,0,0,0,1,1,0,0,0,0,0,1,1
38134,0033800002f064rAAA,0.0,60,4702.0,2051.0,0,1,0,0,0,0,1,0,0,0,0,1,0
38135,0033800002f064sAAA,0.0,0,0.0,7314.0,0,1,0,0,0,0,0,0,0,1,0,1,1
38137,0033800002f064uAAA,0.0,0,1362.0,1461.0,0,1,0,0,0,0,0,0,1,0,0,1,1
38143,0033800002f0650AAA,0.0,80,2417.0,8035.0,0,0,0,0,1,0,0,0,0,1,0,1,0
38144,0033800002f0651AAA,0.0,30,1775.0,9465.0,0,0,0,0,1,1,0,0,0,0,0,1,1
38149,0033800002f066kAAA,0.0,0,0.0,1428.0,0,0,0,1,0,0,0,0,1,0,1,0,1
38150,0033800002f066lAAA,0.0,0,0.0,3068.0,0,0,0,1,0,0,0,0,1,0,0,1,0
38152,0033800002f066nAAA,0.0,0,0.0,7517.0,0,0,0,0,1,0,0,0,1,0,0,1,1
38158,0033800002f066tAAA,0.0,60,2003.0,7425.0,0,0,0,0,1,0,0,0,0,1,1,0,1
38163,0033800002f0670AAA,0.0,0,0.0,2618.0,0,0,0,1,0,0,0,0,1,0,0,1,1
38165,0033800002f0673AAA,0.0,0,238.0,1096.0,0,0,0,1,0,0,0,0,1,0,0,1,0
38166,0033800002f0674AAA,0.0,0,0.0,7244.0,0,0,0,1,0,0,0,0,1,0,0,1,0
38173,0033800002f067DAAQ,0.0,0,0.0,3823.0,0,1,0,0,0,0,0,0,1,0,0,1,1
38175,0033800002f067FAAQ,0.0,0,17.0,7312.0,0,0,0,0,1,0,0,0,1,0,1,0,0
38178,0033800002f067JAAQ,0.0,50,0.0,9848.0,0,1,0,0,0,0,0,0,1,0,0,1,1
38182,0033800002f067OAAQ,0.0,0,0.0,1826.0,0,1,0,0,0,0,0,0,1,0,0,1,1
38185,0033800002f06IeAAI,0.0,0,2903.0,2921.0,1,0,0,0,0,0,0,0,0,1,0,1,1
38188,0033800002f06fqAAA,0.0,100,656.0,11612.0,0,0,0,0,1,0,1,0,0,0,1,0,1
38190,0033800002f07OEAAY,0.0,0,0.0,2253.0,0,0,0,1,0,1,0,0,0,0,1,0,0
38192,0033800002f07gIAAQ,0.0,10,14091.0,1095.0,0,0,0,1,0,0,1,0,0,0,0,1,1
38195,0033800002f07jHAAQ,0.0,0,0.0,6584.0,0,0,0,1,0,0,1,0,0,0,0,1,1
38196,0033800002f07tMAAQ,0.0,0,0.0,7296.0,0,1,0,0,0,0,1,0,0,0,0,1,0
38198,0033800002f08HKAAY,0.0,20,1973.0,1825.0,0,1,0,0,0,0,1,0,0,0,0,1,0
38202,0033800002f08LWAAY,0.0,0,0.0,5843.0,1,0,0,0,0,1,0,0,0,0,0,1,1
38205,0033800002f08MjAAI,0.0,0,0.0,9866.0,1,0,0,0,0,0,1,0,0,0,0,1,0
38206,0033800002f08ScAAI,0.0,20,0.0,8401.0,1,0,0,0,0,0,1,0,0,0,1,0,1
38213,0033800002f08icAAA,0.0,0,0.0,6287.0,0,1,0,0,0,0,1,0,0,0,0,1,1
38218,0033800002f0A2lAAE,0.0,0,0.0,9508.0,0,0,0,1,0,0,1,0,0,0,0,1,1
38219,0033800002f0A6dAAE,0.0,0,2306.0,8104.0,0,1,0,0,0,0,1,0,0,0,0,1,0
38220,0033800002f0AhIAAU,0.0,0,3953.0,1036.0,1,0,0,0,0,0,0,0,0,1,1,0,1
38221,0033800002f0AzxAAE,0.0,0,5056.0,2455.0,1,0,0,0,0,0,1,0,0,0,0,1,1
38225,0033800002f0BgDAAU,0.0,0,0.0,7319.0,0,0,0,1,0,0,0,0,0,1,0,1,1
38231,0033800002f0CQvAAM,0.0,0,0.0,1825.0,0,0,0,1,0,0,0,0,0,1,0,1,1
38232,0033800002f0CWZAA2,0.0,0,0.0,7323.0,1,0,0,0,0,0,1,0,0,0,0,1,0
38233,0033800002f0CXwAAM,0.0,0,0.0,4119.0,0,0,0,1,0,0,1,0,0,0,1,0,0
38234,0033800002f0CdtAAE,0.0,0,0.0,7343.0,0,0,0,1,0,0,1,0,0,0,0,1,0
38237,0033800002f0CltAAE,0.0,0,258.0,1449.0,0,0,0,1,0,0,1,0,0,0,0,1,1
38241,0033800002f0D39AAE,0.0,0,0.0,7265.0,0,0,0,0,1,0,1,0,0,0,1,0,0
38242,0033800002f0D6cAAE,0.0,0,0.0,1461.0,0,1,0,0,0,0,1,0,0,0,0,1,1
38246,0033800002f0F0tAAE,0.0,70,1205.0,7671.0,0,1,0,0,0,1,0,0,0,0,0,1,1
38247,0033800002f0F1SAAU,0.0,0,0.0,9472.0,0,1,0,0,0,0,1,0,0,0,0,1,0
38251,0033800002f0FP4AAM,0.0,0,0.0,7621.0,1,0,0,0,0,0,1,0,0,0,0,1,1
38256,0033800002f0FrMAAU,0.0,20,6999.0,2543.0,0,1,0,0,0,1,0,0,0,0,0,1,1
38257,0033800002f0FvEAAU,0.0,0,773.0,1271.0,0,0,0,1,0,0,1,0,0,0,0,1,1
38259,0033800002f0G8zAAE,0.0,30,47.0,7323.0,0,1,0,0,0,0,1,0,0,0,0,1,1
38260,0033800002f0GGkAAM,0.0,0,0.0,2949.0,0,0,0,1,0,0,1,0,0,0,0,1,0
38262,0033800002f0GQGAA2,0.0,0,0.0,15239.0,0,0,0,1,0,0,1,0,0,0,0,1,0
38264,0033800002f0GksAAE,0.0,0,0.0,1539.0,0,0,0,0,1,0,1,0,0,0,0,1,1
38268,0033800002f0GzYAAU,0.0,0,0.0,7322.0,1,0,0,0,0,0,1,0,0,0,0,1,0
38269,0033800002f0GzsAAE,0.0,0,52.0,1460.0,0,0,0,1,0,0,0,0,1,0,0,1,1
38272,0033800002f0H4QAAU,0.0,90,1827.0,7307.0,1,0,0,0,0,0,1,0,0,0,0,1,0
38277,0033800002f0H8mAAE,0.0,0,0.0,2759.0,0,0,0,1,0,0,0,0,0,1,0,1,1
38279,0033800002f0HGRAA2,0.0,0,0.0,2618.0,0,0,0,1,0,0,0,0,0,1,1,0,1
38280,0033800002f0HHXAA2,0.0,0,0.0,2557.0,0,0,0,1,0,0,1,0,0,0,0,1,0
38282,0033800002f0HMaAAM,0.0,30,140.0,7332.0,0,0,0,0,1,0,1,0,0,0,0,1,1
38285,0033800002f0HX6AAM,0.0,0,0.0,2427.0,0,0,0,1,0,0,1,0,0,0,0,1,0
38287,0033800002f0HZHAA2,0.0,0,11032.0,2190.0,0,1,0,0,0,1,0,0,0,0,0,1,1
38289,0033800002f0HeqAAE,0.0,0,0.0,4034.0,0,1,0,0,0,0,0,0,1,0,0,1,1
38291,0033800002f0HhLAAU,0.0,0,0.0,9331.0,0,0,0,1,0,0,1,0,0,0,0,1,1
38292,0033800002f0HkmAAE,0.0,0,7079.0,3014.0,0,0,0,1,0,0,1,0,0,0,0,1,0
38294,0033800002f0HnlAAE,0.0,0,0.0,9400.0,0,1,0,0,0,0,1,0,0,0,0,1,1
38297,0033800002f0I0uAAE,0.0,0,0.0,2313.0,0,0,0,1,0,0,1,0,0,0,0,1,1
38302,0033800002f0IpVAAU,0.0,0,0.0,1826.0,0,0,0,1,0,0,0,0,1,0,0,1,1
38303,0033800002f0IwCAAU,0.0,70,585.0,7323.0,0,1,0,0,0,0,1,0,0,0,0,1,0
38305,0033800002f0J8DAAU,0.0,0,1369.0,1460.0,0,1,0,0,0,0,0,0,1,0,0,1,0
38307,0033800002f0JBMAA2,0.0,0,3012.0,8005.0,0,0,0,0,1,1,0,0,0,0,0,1,0
38309,0033800002f0JHUAA2,0.0,0,0.0,3638.0,0,0,0,1,0,0,0,0,1,0,0,1,0
38311,0033800002f0JS3AAM,0.0,50,1904.0,1460.0,1,0,0,0,0,0,1,0,0,0,0,1,1
38314,0033800002f0Jk2AAE,0.0,0,0.0,2097.0,0,1,0,0,0,0,1,0,0,0,1,0,1
38317,0033800002f0K0tAAE,0.0,0,0.0,8693.0,0,1,0,0,0,0,1,0,0,0,0,1,1
38320,0033800002f0KiZAAU,0.0,0,0.0,8856.0,1,0,0,0,0,0,1,0,0,0,1,0,1
38328,0033800002f0LUOAA2,0.0,0,0.0,9479.0,0,1,0,0,0,0,1,0,0,0,0,1,1
38335,0033800002f0NAqAAM,0.0,0,0.0,10267.0,0,0,0,1,0,0,0,0,1,0,0,1,1
38340,0033800002f0NcyAAE,0.0,0,0.0,2021.0,0,0,0,1,0,0,1,0,0,0,0,1,1
38343,0033800002f0NniAAE,0.0,0,0.0,9521.0,0,1,0,0,0,0,0,0,0,1,0,1,0
38344,0033800002f0NobAAE,0.0,0,0.0,5313.0,0,0,0,1,0,0,1,0,0,0,0,1,1
38347,0033800002f0NsdAAE,0.0,0,877.0,3637.0,1,0,0,0,0,1,0,0,0,0,0,1,1
38348,0033800002f0Nu0AAE,0.0,0,0.0,1242.0,0,0,0,1,0,0,1,0,0,0,0,1,0
38356,0033800002f0PAdAAM,0.0,0,0.0,7491.0,0,1,0,0,0,0,0,0,1,0,0,1,1
38358,0033800002f0PLWAA2,0.0,0,0.0,9110.0,0,0,0,0,1,0,1,0,0,0,0,1,1
38360,0033800002f0PPJAA2,0.0,0,2308.0,7331.0,0,1,0,0,0,0,0,0,0,1,0,1,1
38361,0033800002f0PQlAAM,0.0,0,1329.0,1461.0,1,0,0,0,0,0,0,0,0,1,0,1,1
38364,0033800002f0PWtAAM,0.0,0,33.0,2850.0,0,0,0,1,0,0,0,0,1,0,0,1,0
38365,0033800002f0PXcAAM,0.0,0,148.0,10092.0,0,1,0,0,0,1,0,0,0,0,0,1,0
38367,0033800002f0PiGAAU,0.0,70,0.0,7305.0,0,0,0,0,1,0,0,0,0,1,0,1,1
38368,0033800002f0Pj8AAE,0.0,0,4643.0,942.0,0,1,0,0,0,0,1,0,0,0,0,1,0
38380,0033800002f0QQXAA2,0.0,0,0.0,10763.0,0,1,0,0,0,0,0,0,1,0,0,1,1
38383,0033800002f0RGjAAM,0.0,0,0.0,3975.0,0,1,0,0,0,0,1,0,0,0,0,1,1
38387,0033800002f0RYiAAM,0.0,0,18.0,1284.0,0,0,0,1,0,0,1,0,0,0,0,1,1
38389,0033800002f0RdsAAE,0.0,0,0.0,4611.0,0,0,0,0,1,0,1,0,0,0,0,1,1
38391,0033800002f0RhaAAE,0.0,0,3966.0,2909.0,1,0,0,0,0,0,0,0,0,1,1,0,0
38392,0033800002f0S2YAAU,0.0,0,2615.0,735.0,0,0,0,1,0,0,1,0,0,0,0,1,0
38395,0033800002f0S8qAAE,0.0,0,0.0,8220.0,0,1,0,0,0,0,1,0,0,0,0,1,1
38399,0033800002f0STyAAM,0.0,0,5833.0,1460.0,1,0,0,0,0,0,0,0,1,0,1,0,0
38400,0033800002f0SZ3AAM,0.0,0,1434.0,2922.0,0,1,0,0,0,1,0,0,0,0,0,1,1
38403,0033800002f0So3AAE,0.0,100,0.0,3435.0,0,0,0,0,1,0,1,0,0,0,1,0,1
38406,0033800002f0T9zAAE,0.0,0,0.0,3840.0,1,0,0,0,0,0,1,0,0,0,1,0,1
38407,0033800002f0TWaAAM,0.0,0,0.0,2648.0,0,1,0,0,0,0,1,0,0,0,0,1,0
38409,0033800002f0Tr6AAE,0.0,0,0.0,6956.0,0,0,0,0,1,0,0,0,1,0,0,1,1
38418,0033800002f0UaPAAU,0.0,0,0.0,11325.0,1,0,0,0,0,0,1,0,0,0,0,1,1
38422,0033800002f0UlgAAE,0.0,10,1150.0,2191.0,0,0,0,1,0,1,0,0,0,0,0,1,0
38424,0033800002f0UzYAAU,0.0,0,0.0,7333.0,1,0,0,0,0,0,0,0,0,1,0,1,1
38425,0033800002f0V0vAAE,0.0,0,0.0,7354.0,0,1,0,0,0,1,0,0,0,0,0,1,1
38426,0033800002f0V3iAAE,0.0,0,0.0,7308.0,0,0,0,1,0,0,1,0,0,0,0,1,0
38428,0033800002f0VZ7AAM,0.0,70,0.0,4777.0,0,0,0,1,0,1,0,0,0,0,0,1,1
38429,0033800002f0VZrAAM,0.0,0,0.0,8172.0,0,0,0,1,0,0,1,0,0,0,0,1,1
38434,0033800002f0W70AAE,0.0,70,56.0,2578.0,0,0,0,1,0,0,0,0,1,0,1,0,1
38435,0033800002f0WEQAA2,0.0,0,0.0,7321.0,1,0,0,0,0,0,1,0,0,0,0,1,0
38436,0033800002f0WKmAAM,0.0,0,0.0,1460.0,0,1,0,0,0,0,0,0,1,0,0,1,0
38437,0033800002f0WPRAA2,0.0,0,2987.0,2219.0,1,0,0,0,0,0,1,0,0,0,0,1,1
38446,0033800002f0XHuAAM,0.0,0,0.0,11706.0,0,1,0,0,0,0,1,0,0,0,0,1,0
38448,0033800002f0XNEAA2,0.0,0,0.0,4796.0,0,0,0,1,0,0,1,0,0,0,0,1,1
38449,0033800002f0XvLAAU,0.0,0,23.0,3037.0,0,0,0,1,0,0,1,0,0,0,0,1,1
38450,0033800002f0YNdAAM,0.0,0,0.0,8486.0,0,0,0,1,0,0,1,0,0,0,0,1,1
38452,0033800002f0YVpAAM,0.0,0,0.0,3695.0,1,0,0,0,0,0,1,0,0,0,0,1,0
38454,0033800002f0YesAAE,0.0,0,0.0,8533.0,0,0,0,0,1,1,0,0,0,0,1,0,1
38459,0033800002f0Yq5AAE,0.0,0,3633.0,2557.0,1,0,0,0,0,0,0,0,0,1,0,1,0
38466,0033800002f0ZB3AAM,0.0,0,41.0,3704.0,0,0,0,1,0,1,0,0,0,0,0,1,0
38472,0033800002f0b7EAAQ,0.0,0,0.0,7340.0,0,1,0,0,0,0,1,0,0,0,1,0,0
38473,0033800002f0b9eAAA,0.0,80,293.0,3496.0,0,0,0,1,0,0,1,0,0,0,1,0,0
38479,0033800002f0bJUAAY,0.0,80,0.0,6055.0,0,0,0,1,0,0,1,0,0,0,0,1,1
38480,0033800002f0bQBAAY,0.0,70,4956.0,7670.0,0,1,0,0,0,0,1,0,0,0,0,1,1
38484,0033800002f0bWnAAI,0.0,0,0.0,10219.0,1,0,0,0,0,0,1,0,0,0,0,1,1
38488,0033800002f0bq0AAA,0.0,0,0.0,8044.0,0,1,0,0,0,0,0,0,1,0,0,1,0
38489,0033800002f0bs6AAA,0.0,0,0.0,8782.0,1,0,0,0,0,0,0,0,0,1,0,1,1
38490,0033800002f0bsGAAQ,0.0,0,30.0,1775.0,0,0,0,1,0,0,1,0,0,0,1,0,0
38491,0033800002f0buMAAQ,0.0,0,0.0,7683.0,1,0,0,0,0,0,1,0,0,0,0,1,1
38492,0033800002f0bwEAAQ,0.0,0,0.0,7311.0,0,1,0,0,0,0,0,0,0,1,0,1,1
38494,0033800002f0byQAAQ,0.0,0,0.0,7333.0,1,0,0,0,0,0,0,0,0,1,0,1,0
38501,0033800002f0cYzAAI,0.0,0,0.0,7278.0,0,0,0,0,1,0,1,0,0,0,0,1,1
38502,0033800002f0caHAAQ,0.0,0,0.0,2926.0,0,0,0,1,0,0,1,0,0,0,0,1,0
38503,0033800002f0cnhAAA,0.0,0,605.0,2922.0,0,0,0,1,0,0,1,0,0,0,0,1,1
38505,0033800002f0d79AAA,0.0,0,0.0,8501.0,0,0,0,1,0,0,1,0,0,0,0,1,1
38506,0033800002f0dANAAY,0.0,70,2715.0,1402.0,0,0,0,0,1,0,1,0,0,0,1,0,0
38507,0033800002f0dCKAAY,0.0,0,0.0,7332.0,0,0,0,1,0,1,0,0,0,0,0,1,0
38509,0033800002f0dDcAAI,0.0,0,0.0,5740.0,0,1,0,0,0,0,1,0,0,0,0,1,1
38510,0033800002f0dT7AAI,0.0,0,4865.0,3932.0,0,0,0,1,0,0,1,0,0,0,0,1,1
38511,0033800002f0dWLAAY,0.0,0,7.0,1826.0,1,0,0,0,0,1,0,0,0,0,1,0,1
38514,0033800002f0df4AAA,0.0,50,972.0,7723.0,0,1,0,0,0,1,0,0,0,0,0,1,1
38518,0033800002f0dkPAAQ,0.0,0,0.0,9515.0,0,0,0,1,0,0,1,0,0,0,0,1,1
38521,0033800002f0drmAAA,0.0,50,0.0,7925.0,0,1,0,0,0,0,0,0,0,1,0,1,1
38523,0033800002f0du2AAA,0.0,0,0.0,9183.0,0,1,0,0,0,0,1,0,0,0,0,1,0
38524,0033800002f0e34AAA,0.0,0,0.0,7326.0,0,1,0,0,0,0,1,0,0,0,0,1,1
38528,0033800002f0eTTAAY,0.0,0,0.0,2376.0,0,0,0,1,0,0,0,0,0,1,0,1,0
38530,0033800002f0eWIAAY,0.0,0,4028.0,2009.0,1,0,0,0,0,0,0,0,0,1,0,1,1
38532,0033800002f0eZqAAI,0.0,0,0.0,1095.0,0,0,0,1,0,0,0,0,1,0,1,0,1
38535,0033800002f0fO2AAI,0.0,0,0.0,8466.0,0,0,0,1,0,0,0,0,1,0,0,1,1
38542,0033800002f0g5tAAA,0.0,0,0.0,5020.0,0,0,0,1,0,0,1,0,0,0,0,1,1
38544,0033800002f0gL8AAI,0.0,80,3314.0,2040.0,0,0,0,0,1,0,1,0,0,0,0,1,1
38545,0033800002f0gLIAAY,0.0,0,0.0,4203.0,0,0,0,1,0,0,1,0,0,0,0,1,0
38547,0033800002f0gVrAAI,0.0,0,156.0,4382.0,0,1,0,0,0,1,0,0,0,0,0,1,0
38549,0033800002f0gbfAAA,0.0,40,13446.0,730.0,0,1,0,0,0,0,1,0,0,0,0,1,0
38551,0033800002f0gbzAAA,0.0,0,1761.0,1159.0,0,1,0,0,0,1,0,0,0,0,0,1,0
38552,0033800002f0gc9AAA,0.0,90,7236.0,2192.0,0,0,0,1,0,0,1,0,0,0,0,1,0
38553,0033800002f0gcTAAQ,0.0,0,5119.0,1847.0,0,1,0,0,0,0,0,0,1,0,0,1,1
38554,0033800002f0gciAAA,0.0,0,3671.0,2891.0,0,1,0,0,0,0,0,0,0,1,0,1,1
38555,0033800002f0gklAAA,0.0,0,836.0,2557.0,1,0,0,0,0,0,0,0,1,0,0,1,0
38556,0033800002f0gl0AAA,0.0,0,0.0,7841.0,0,0,0,1,0,0,0,0,1,0,0,1,1
38557,0033800002f0grZAAQ,0.0,0,2398.0,3326.0,0,0,0,1,0,0,1,0,0,0,1,0,0
38559,0033800002f0i9TAAQ,0.0,0,0.0,3843.0,0,1,0,0,0,1,0,0,0,0,0,1,1
38561,0033800002f0iR1AAI,0.0,0,0.0,3076.0,0,0,0,1,0,0,1,0,0,0,0,1,0
38564,0033800002f0iR4AAI,0.0,0,0.0,8034.0,0,0,0,1,0,0,1,0,0,0,0,1,0
38566,0033800002f0iR6AAI,0.0,0,0.0,8790.0,1,0,0,0,0,0,1,0,0,0,0,1,1
38568,0033800002f0iR8AAI,0.0,0,0.0,7304.0,0,0,0,1,0,0,0,0,0,1,0,1,0
38569,0033800002f0iR9AAI,0.0,0,0.0,9841.0,0,0,0,0,1,0,1,0,0,0,0,1,1
38570,0033800002f0iRAAAY,0.0,0,0.0,9862.0,1,0,0,0,0,0,1,0,0,0,0,1,0
38574,0033800002f0iWRAAY,0.0,0,1392.0,1341.0,0,1,0,0,0,0,0,0,1,0,0,1,1
38576,0033800002f0iblAAA,0.0,0,0.0,5456.0,1,0,0,0,0,0,1,0,0,0,0,1,0
38579,0033800002f0ih0AAA,0.0,0,0.0,7315.0,1,0,0,0,0,0,1,0,0,0,0,1,1
38584,0033800002f0ihdAAA,0.0,0,0.0,7504.0,0,1,0,0,0,0,1,0,0,0,0,1,1
38585,0033800002f0iheAAA,0.0,0,0.0,7447.0,1,0,0,0,0,0,1,0,0,0,1,0,1
38586,0033800002f0ihgAAA,0.0,0,0.0,8150.0,0,1,0,0,0,0,1,0,0,0,1,0,0
38587,0033800002f0ihhAAA,0.0,0,0.0,8067.0,0,0,0,0,1,0,1,0,0,0,0,1,1
38596,0033800002f0it4AAA,0.0,0,3980.0,2192.0,0,0,0,1,0,1,0,0,0,0,1,0,0
38597,0033800002f0itnAAA,0.0,0,0.0,1247.0,1,0,0,0,0,0,1,0,0,0,0,1,1
38599,0033800002f0iwDAAQ,0.0,70,565.0,4017.0,0,1,0,0,0,0,1,0,0,0,0,1,1
38606,0033800002f0j5oAAA,0.0,100,902.0,1615.0,1,0,0,0,0,0,1,0,0,0,0,1,1
38610,0033800002f0jKFAAY,0.0,0,8366.0,1491.0,0,0,0,1,0,0,0,0,0,1,1,0,1
38612,0033800002f0jKtAAI,0.0,0,0.0,5244.0,0,0,0,1,0,0,1,0,0,0,0,1,0
38613,0033800002f0jNEAAY,0.0,0,12472.0,1492.0,0,0,0,1,0,0,0,0,0,1,0,1,0
38614,0033800002f0jNsAAI,0.0,0,0.0,2461.0,0,0,0,0,1,0,1,0,0,0,1,0,0
38621,0033800002f0jZAAAY,0.0,0,0.0,1737.0,0,0,0,1,0,0,1,0,0,0,0,1,1
38622,0033800002f0jawAAA,0.0,0,8907.0,3896.0,0,0,0,1,0,0,1,0,0,0,1,0,0
38627,0033800002f0jigAAA,0.0,0,0.0,1259.0,0,0,0,1,0,0,1,0,0,0,1,0,0
38628,0033800002f0jmiAAA,0.0,0,0.0,5624.0,0,0,0,1,0,1,0,0,0,0,1,0,1
38630,0033800002f0jn2AAA,0.0,0,9224.0,1461.0,0,0,0,1,0,0,1,0,0,0,0,1,0
38632,0033800002f0jvHAAQ,0.0,0,12350.0,1461.0,0,0,0,1,0,0,0,1,0,0,1,0,0
38633,0033800002f0jvQAAQ,0.0,0,4574.0,2192.0,0,1,0,0,0,0,1,0,0,0,0,1,0
38636,0033800002f0k85AAA,0.0,0,0.0,3322.0,0,0,0,1,0,0,1,0,0,0,0,1,1
38637,0033800002f0kAVAAY,0.0,0,14091.0,1108.0,1,0,0,0,0,0,1,0,0,0,0,1,0
38641,0033800002f0kFWAAY,0.0,0,3557.0,3413.0,0,0,0,1,0,0,1,0,0,0,0,1,1
38643,0033800002f0kFYAAY,0.0,0,0.0,1401.0,0,1,0,0,0,0,1,0,0,0,0,1,1
38646,0033800002f0kFcAAI,0.0,0,1949.0,1461.0,0,1,0,0,0,0,1,0,0,0,0,1,1
38647,0033800002f0kFdAAI,0.0,0,61.0,8091.0,0,1,0,0,0,0,0,0,0,1,0,1,0
38648,0033800002f0kFeAAI,0.0,60,7002.0,1827.0,0,0,0,0,1,0,1,0,0,0,0,1,0
38652,0033800002f0kJaAAI,0.0,0,0.0,1612.0,0,1,0,0,0,0,1,0,0,0,0,1,1
38653,0033800002f0kQ7AAI,0.0,0,6168.0,1461.0,0,0,0,1,0,0,0,0,1,0,0,1,0
38655,0033800002f0kgjAAA,0.0,0,0.0,9861.0,0,1,0,0,0,0,1,0,0,0,0,1,1
38656,0033800002f0kiaAAA,0.0,0,6209.0,1205.0,0,1,0,0,0,0,0,0,1,0,0,1,0
38659,0033800002f0kqyAAA,0.0,0,0.0,2556.0,0,0,0,1,0,0,1,0,0,0,0,1,0
38663,0033800002f0kz7AAA,0.0,0,0.0,6164.0,0,0,0,1,0,0,1,0,0,0,0,1,1
38665,0033800002f0l69AAA,0.0,0,3341.0,1461.0,0,1,0,0,0,1,0,0,0,0,0,1,1
38668,0033800002f0lTgAAI,0.0,0,0.0,1795.0,0,0,0,1,0,0,0,0,1,0,0,1,1
38671,0033800002f0lbhAAA,0.0,0,0.0,7692.0,1,0,0,0,0,0,1,0,0,0,0,1,1
38672,0033800002f0lcNAAQ,0.0,0,0.0,8198.0,1,0,0,0,0,0,0,0,1,0,1,0,1
38675,0033800002f0ls6AAA,0.0,0,0.0,3165.0,0,0,0,0,1,0,1,0,0,0,1,0,1
38676,0033800002f0m0hAAA,0.0,0,0.0,1461.0,0,0,0,1,0,0,1,0,0,0,1,0,1
38681,0033800002f0mNbAAI,0.0,0,545.0,7894.0,0,0,0,1,0,0,1,0,0,0,0,1,1
38682,0033800002f0mOVAAY,0.0,0,0.0,8761.0,0,1,0,0,0,0,1,0,0,0,1,0,1
38683,0033800002f0mQzAAI,0.0,0,693.0,1214.0,0,0,0,1,0,0,1,0,0,0,0,1,1
38687,0033800002f0meSAAQ,0.0,0,0.0,11008.0,0,1,0,0,0,0,0,0,0,1,0,1,0
38691,0033800002f0mvTAAQ,0.0,0,0.0,8391.0,1,0,0,0,0,0,1,0,0,0,1,0,0
38694,0033800002f0n3rAAA,0.0,0,0.0,7286.0,0,0,0,0,1,1,0,0,0,0,0,1,1
38695,0033800002f0nEKAAY,0.0,0,0.0,7675.0,0,1,0,0,0,1,0,0,0,0,0,1,1
38696,0033800002f0nEoAAI,0.0,0,2489.0,2922.0,0,0,0,1,0,0,0,0,0,1,0,1,1
38698,0033800002f0nGQAAY,0.0,0,298.0,1461.0,0,1,0,0,0,0,1,0,0,0,0,1,0
38699,0033800002f0nNKAAY,0.0,0,0.0,10033.0,0,0,0,0,1,0,1,0,0,0,0,1,0
38703,0033800002f0nXmAAI,0.0,0,0.0,1228.0,1,0,0,0,0,0,1,0,0,0,0,1,0
38706,0033800002f0nr5AAA,0.0,0,0.0,8014.0,0,1,0,0,0,0,1,0,0,0,0,1,1
38709,0033800002f0ohAAAQ,0.0,0,23.0,8858.0,0,1,0,0,0,0,0,0,0,1,0,1,1
38710,0033800002f0oheAAA,0.0,0,2398.0,7395.0,0,0,0,1,0,0,0,0,0,1,0,1,1
38712,0033800002f0oj1AAA,0.0,0,0.0,7041.0,0,0,0,0,1,0,1,0,0,0,0,1,0
38718,0033800002f0pJ9AAI,0.0,40,4681.0,2524.0,0,0,0,1,0,0,0,0,1,0,0,1,1
38719,0033800002f0pLUAAY,0.0,0,0.0,3797.0,1,0,0,0,0,1,0,0,0,0,1,0,1
38722,0033800002f0pXzAAI,0.0,80,24.0,6205.0,1,0,0,0,0,0,0,0,0,1,1,0,0
38723,0033800002f0pajAAA,0.0,100,115.0,5813.0,1,0,0,0,0,1,0,0,0,0,1,0,1
38724,0033800002f0pgXAAQ,0.0,0,0.0,3011.0,1,0,0,0,0,0,1,0,0,0,1,0,0
38730,0033800002f0qQ9AAI,0.0,0,266.0,3989.0,0,0,1,0,0,0,0,0,1,0,0,1,1
38731,0033800002f0qRHAAY,0.0,0,0.0,9267.0,0,0,0,0,1,1,0,0,0,0,0,1,1
38736,0033800002f0r6ZAAQ,0.0,0,0.0,7323.0,0,1,0,0,0,1,0,0,0,0,1,0,0
38738,0033800002f0r8aAAA,0.0,0,0.0,5006.0,1,0,0,0,0,0,1,0,0,0,1,0,0
38740,0033800002f0rDQAAY,0.0,10,5764.0,3543.0,1,0,0,0,0,0,1,0,0,0,1,0,1
38745,0033800002f0s82AAA,0.0,0,0.0,7332.0,1,0,0,0,0,0,1,0,0,0,1,0,1
38760,0033800002f0tHAAAY,0.0,30,1276.0,1622.0,0,0,0,1,0,0,1,0,0,0,0,1,0
38761,0033800002f0tHFAAY,0.0,0,0.0,8422.0,0,1,0,0,0,0,1,0,0,0,1,0,1
38765,0033800002f0tJZAAY,0.0,30,4138.0,2192.0,0,1,0,0,0,0,0,0,0,1,0,1,1
38767,0033800002f0uScAAI,0.0,0,1790.0,10886.0,0,0,0,0,1,0,0,1,0,0,0,1,1
38768,0033800002f0v26AAA,0.0,0,0.0,3408.0,1,0,0,0,0,0,1,0,0,0,0,1,0
38772,0033800002f0v9CAAQ,0.0,0,5779.0,2557.0,0,0,0,1,0,0,0,0,0,1,0,1,0
38780,0033800002f0zV7AAI,0.0,0,0.0,6211.0,0,1,0,0,0,0,1,0,0,0,1,0,0
38781,0033800002f0zcpAAA,0.0,60,2111.0,1586.0,0,0,0,1,0,0,0,0,1,0,0,1,1
38783,0033800002f0zg8AAA,0.0,0,0.0,2915.0,1,0,0,0,0,1,0,0,0,0,1,0,1
38784,0033800002f0zhuAAA,0.0,0,0.0,8705.0,0,1,0,0,0,1,0,0,0,0,0,1,1
38786,0033800002f0ztCAAQ,0.0,0,0.0,7921.0,0,1,0,0,0,0,1,0,0,0,0,1,1
38788,0033800002f0zuAAAQ,0.0,0,0.0,772.0,0,1,0,0,0,0,1,0,0,0,1,0,0
38789,0033800002f0zv8AAA,0.0,0,0.0,3821.0,0,0,0,1,0,0,1,0,0,0,1,0,0
38791,0033800002f0zxYAAQ,0.0,0,0.0,2839.0,0,1,0,0,0,0,1,0,0,0,0,1,1
38793,0033800002f10B4AAI,0.0,0,0.0,2383.0,0,0,0,0,1,0,0,0,0,1,1,0,1
38796,0033800002f10XGAAY,0.0,0,144.0,10619.0,0,1,0,0,0,0,1,0,0,0,0,1,0
38802,0033800002f10isAAA,0.0,0,0.0,1827.0,0,0,0,1,0,0,0,0,1,0,0,1,0
38804,0033800002f11hJAAQ,0.0,100,3833.0,667.0,0,0,0,1,0,0,1,0,0,0,0,1,0
38805,0033800002f11nlAAA,0.0,0,9244.0,998.0,0,1,0,0,0,0,1,0,0,0,0,1,1
38806,0033800002f11qzAAA,0.0,0,0.0,8884.0,0,1,0,0,0,1,0,0,0,0,0,1,0
38808,0033800002f11vLAAQ,0.0,0,0.0,3442.0,1,0,0,0,0,0,1,0,0,0,1,0,0
38810,0033800002f122MAAQ,0.0,0,0.0,7970.0,0,0,0,0,1,0,1,0,0,0,0,1,1
38814,0033800002f12aGAAQ,0.0,0,0.0,2733.0,0,0,0,1,0,0,0,0,1,0,1,0,1
38821,0033800002f12tmAAA,0.0,100,0.0,9264.0,0,1,0,0,0,1,0,0,0,0,0,1,1
38822,0033800002f12tnAAA,0.0,40,306.0,7336.0,0,1,0,0,0,1,0,0,0,0,0,1,1
38824,0033800002f12u3AAA,0.0,70,0.0,4636.0,0,1,0,0,0,0,1,0,0,0,0,1,1
38842,0033800002f13C0AAI,0.0,0,0.0,1455.0,0,0,0,1,0,0,1,0,0,0,1,0,1
38852,0033800002f13CGAAY,0.0,0,0.0,7442.0,0,0,0,0,1,0,1,0,0,0,0,1,1
38862,0033800002f13CUAAY,0.0,0,0.0,1789.0,0,0,0,0,1,0,1,0,0,0,0,1,1
38863,0033800002f13CVAAY,0.0,0,0.0,2623.0,0,1,0,0,0,0,1,0,0,0,1,0,0
38869,0033800002f13CeAAI,0.0,0,0.0,7213.0,0,0,0,0,1,0,1,0,0,0,0,1,1
38874,0033800002f13aNAAQ,0.0,0,0.0,8877.0,1,0,0,0,0,1,0,0,0,0,0,1,1
38875,0033800002f13cJAAQ,0.0,0,0.0,4335.0,0,1,0,0,0,1,0,0,0,0,0,1,1
38878,0033800002f13oXAAQ,0.0,0,0.0,5994.0,0,1,0,0,0,0,1,0,0,0,0,1,1
38881,0033800002f14BiAAI,0.0,0,0.0,1640.0,0,1,0,0,0,0,1,0,0,0,0,1,1
38884,0033800002f14LhAAI,0.0,50,961.0,5091.0,0,0,0,1,0,0,0,0,1,0,0,1,0
38886,0033800002f14aIAAQ,0.0,60,1699.0,2009.0,0,0,0,1,0,0,1,0,0,0,0,1,0
38888,0033800002f14dvAAA,0.0,90,586.0,2361.0,0,0,0,1,0,0,1,0,0,0,0,1,0
38889,0033800002f14frAAA,0.0,0,0.0,7306.0,0,1,0,0,0,0,1,0,0,0,0,1,1
38890,0033800002f14gBAAQ,0.0,70,0.0,2781.0,1,0,0,0,0,0,1,0,0,0,1,0,0
38891,0033800002f14jUAAQ,0.0,0,0.0,8778.0,0,0,0,1,0,0,1,0,0,0,0,1,0
38895,0033800002f152RAAQ,0.0,0,0.0,2700.0,0,0,0,1,0,0,1,0,0,0,0,1,0
38897,0033800002f153KAAQ,0.0,0,0.0,2911.0,0,1,0,0,0,0,1,0,0,0,0,1,1
38899,0033800002f15JuAAI,0.0,90,415.0,4502.0,0,0,0,0,1,0,1,0,0,0,1,0,0
38900,0033800002f15bQAAQ,0.0,0,0.0,2744.0,0,0,0,1,0,0,1,0,0,0,0,1,0
38901,0033800002f15jyAAA,0.0,0,0.0,1461.0,0,0,0,1,0,0,1,0,0,0,1,0,0
38903,0033800002f15qBAAQ,0.0,0,1540.0,1756.0,0,1,0,0,0,0,1,0,0,0,0,1,1
38905,0033800002f16DFAAY,0.0,0,0.0,2190.0,0,0,0,1,0,0,0,0,0,1,0,1,1
38906,0033800002f16K1AAI,0.0,80,3227.0,7305.0,0,1,0,0,0,0,0,0,0,1,1,0,1
38908,0033800002f16TmAAI,0.0,0,0.0,8172.0,0,1,0,0,0,0,0,1,0,0,0,1,1
38909,0033800002f16d3AAA,0.0,0,763.0,4339.0,1,0,0,0,0,1,0,0,0,0,1,0,1
38916,0033800002f16nSAAQ,0.0,0,1856.0,1945.0,0,1,0,0,0,0,1,0,0,0,0,1,1
38919,0033800002f174KAAQ,0.0,0,0.0,7334.0,0,1,0,0,0,0,1,0,0,0,0,1,1
38921,0033800002f17JxAAI,0.0,0,0.0,7536.0,0,0,0,1,0,0,1,0,0,0,0,1,0
38926,0033800002f182yAAA,0.0,0,620.0,2444.0,0,0,0,1,0,0,1,0,0,0,0,1,1
38931,0033800002f18bAAAQ,0.0,40,186.0,5160.0,0,0,0,1,0,0,1,0,0,0,0,1,0
38932,0033800002f18lAAAQ,0.0,0,3071.0,1566.0,0,1,0,0,0,1,0,0,0,0,1,0,1
38941,0033800002f19EnAAI,0.0,100,213.0,2560.0,0,0,0,1,0,0,0,0,1,0,0,1,0
38946,0033800002f19WgAAI,0.0,0,0.0,10968.0,0,1,0,0,0,0,1,0,0,0,1,0,0
38950,0033800002f19oKAAQ,0.0,20,9415.0,1461.0,1,0,0,0,0,1,0,0,0,0,0,1,1
38953,0033800002f19vJAAQ,0.0,0,8356.0,2601.0,0,0,0,1,0,0,1,0,0,0,1,0,1
38954,0033800002f1A0iAAE,0.0,0,419.0,7630.0,0,0,0,1,0,0,1,0,0,0,0,1,0
38955,0033800002f1A41AAE,0.0,0,12755.0,731.0,0,0,0,1,0,0,0,0,1,0,0,1,0
38956,0033800002f1A6WAAU,0.0,0,15654.0,776.0,0,0,0,1,0,0,1,0,0,0,0,1,0
38958,0033800002f1A9QAAU,0.0,80,496.0,602.0,0,0,0,1,0,0,1,0,0,0,1,0,0
38961,0033800002f1AGjAAM,0.0,50,1954.0,895.0,0,0,0,1,0,0,1,0,0,0,0,1,0
38962,0033800002g26kqAAA,0.0,20,8899.0,3022.0,0,1,0,0,0,0,1,0,0,0,0,1,0
38964,0033800002g26ovAAA,0.0,0,23.0,2084.0,0,1,0,0,0,0,1,0,0,0,0,1,1
38968,0033800002g2793AAA,0.0,30,377.0,3586.0,1,0,0,0,0,0,1,0,0,0,0,1,0
38970,0033800002g27OkAAI,0.0,0,1270.0,4483.0,1,0,0,0,0,1,0,0,0,0,1,0,1
38976,0033800002g282yAAA,0.0,0,0.0,2092.0,0,0,0,0,1,0,1,0,0,0,0,1,1
38980,0033800002g28ehAAA,0.0,0,0.0,1383.0,0,1,0,0,0,0,1,0,0,0,0,1,1
38981,0033800002g28fkAAA,0.0,0,0.0,2775.0,0,0,0,1,0,0,1,0,0,0,0,1,0
38982,0033800002g28gtAAA,0.0,0,1091.0,1836.0,1,0,0,0,0,0,1,0,0,0,1,0,0
38983,0033800002g28kuAAA,0.0,0,618.0,1460.0,0,1,0,0,0,0,0,0,0,1,1,0,1
38989,0033800002g29B0AAI,0.0,0,0.0,8041.0,0,1,0,0,0,1,0,0,0,0,0,1,1
38991,0033800002g29LAAAY,0.0,0,0.0,5128.0,1,0,0,0,0,0,0,0,0,1,0,1,1
38998,0033800002g29yBAAQ,0.0,0,2894.0,4103.0,0,0,1,0,0,0,1,0,0,0,1,0,1
38999,0033800002g2A0bAAE,0.0,80,861.0,4648.0,0,1,0,0,0,0,1,0,0,0,1,0,1
39001,0033800002g2A63AAE,0.0,0,0.0,2413.0,0,1,0,0,0,0,1,0,0,0,0,1,1
39003,0033800002g2B0GAAU,0.0,0,0.0,7321.0,1,0,0,0,0,0,1,0,0,0,0,1,1
39005,0033800002g2B5PAAU,0.0,0,0.0,3798.0,0,0,0,1,0,0,0,0,0,1,1,0,0
39006,0033800002g2B8hAAE,0.0,60,762.0,8792.0,0,1,0,0,0,0,0,0,0,1,0,1,0
39011,0033800002g2BVQAA2,0.0,0,0.0,8768.0,0,0,0,1,0,0,0,0,0,1,0,1,0
39017,0033800002g2BbnAAE,0.0,0,0.0,3022.0,0,1,0,0,0,0,1,0,0,0,0,1,1
39018,0033800002g2BgTAAU,0.0,0,8760.0,874.0,0,1,0,0,0,0,1,0,0,0,0,1,0
39019,0033800002g2BgUAAU,0.0,0,0.0,7442.0,0,0,0,1,0,0,1,0,0,0,0,1,1
39020,0033800002g2BgVAAU,0.0,0,0.0,7314.0,0,0,0,1,0,0,1,0,0,0,0,1,1
39021,0033800002g2BgWAAU,0.0,0,9035.0,716.0,1,0,0,0,0,0,1,0,0,0,0,1,1
39022,0033800002g2BgYAAU,0.0,0,15758.0,448.0,0,0,0,1,0,0,1,0,0,0,0,1,0
39023,0033800002g2BgZAAU,0.0,0,0.0,7422.0,0,0,0,0,1,0,1,0,0,0,1,0,0
39025,0033800002g2BgcAAE,0.0,0,11246.0,3604.0,1,0,0,0,0,1,0,0,0,0,1,0,0
39026,0033800002g2BgdAAE,0.0,0,6323.0,2611.0,0,0,0,1,0,1,0,0,0,0,0,1,0
39028,0033800002g2BgfAAE,0.0,0,2737.0,7647.0,0,0,0,0,1,0,0,0,0,1,0,1,0
39029,0033800002g2BggAAE,0.0,0,0.0,1226.0,0,1,0,0,0,0,1,0,0,0,0,1,1
39034,0033800002g2C0TAAU,0.0,0,0.0,5915.0,0,0,0,1,0,0,1,0,0,0,1,0,0
39035,0033800002g2C5tAAE,0.0,0,0.0,7349.0,0,1,0,0,0,1,0,0,0,0,0,1,1
39038,0033800002g2C9BAAU,0.0,0,0.0,2094.0,1,0,0,0,0,0,1,0,0,0,0,1,1
39040,0033800002g2CCFAA2,0.0,0,0.0,8030.0,1,0,0,0,0,0,0,0,0,1,0,1,0
39041,0033800002g2CDNAA2,0.0,0,0.0,7937.0,0,0,0,0,1,0,1,0,0,0,0,1,1
39042,0033800002g2CGbAAM,0.0,0,0.0,6589.0,0,0,0,1,0,0,1,0,0,0,0,1,0
39043,0033800002g2CJLAA2,0.0,0,0.0,9878.0,0,0,0,1,0,0,1,0,0,0,0,1,0
39044,0033800002g2CU5AAM,0.0,0,0.0,2854.0,0,0,0,1,0,0,1,0,0,0,0,1,0
39049,0033800002g2CvNAAU,0.0,0,0.0,7317.0,0,0,0,1,0,0,0,0,0,1,0,1,0
39051,0033800002g2D9yAAE,0.0,0,0.0,6196.0,1,0,0,0,0,0,1,0,0,0,1,0,0
39052,0033800002g2DQMAA2,0.0,0,0.0,7610.0,0,0,0,1,0,0,1,0,0,0,0,1,1
39054,0033800002g2DXrAAM,0.0,0,0.0,1236.0,0,0,0,1,0,0,1,0,0,0,0,1,0
39057,0033800002g2DaHAAU,0.0,0,0.0,2933.0,0,0,0,1,0,0,1,0,0,0,0,1,0
39058,0033800002g2DhOAAU,0.0,0,0.0,2375.0,0,0,0,1,0,0,0,0,0,1,0,1,1
39061,0033800002g2E4TAAU,0.0,0,0.0,1204.0,0,0,0,1,0,0,1,0,0,0,1,0,0
39064,0033800002g2EZTAA2,0.0,0,0.0,7309.0,1,0,0,0,0,0,1,0,0,0,0,1,1
39068,0033800002g2F6bAAE,0.0,0,0.0,7166.0,0,0,0,0,1,0,1,0,0,0,0,1,1
39070,0033800002g2FCTAA2,0.0,0,0.0,8793.0,0,0,0,1,0,0,1,0,0,0,0,1,1
39073,0033800002g2FUmAAM,0.0,0,0.0,7315.0,0,0,0,1,0,0,1,0,0,0,0,1,0
39079,0033800002g2GA4AAM,0.0,0,0.0,2385.0,0,0,0,1,0,0,1,0,0,0,0,1,1
39081,0033800002g2GI4AAM,0.0,0,0.0,9530.0,0,1,0,0,0,0,1,0,0,0,0,1,0
39082,0033800002g2GMBAA2,0.0,0,0.0,1826.0,0,0,0,1,0,0,0,0,1,0,0,1,1
39083,0033800002g2GNxAAM,0.0,0,5212.0,1460.0,0,0,0,0,1,0,0,0,0,1,1,0,1
39084,0033800002g2GRpAAM,0.0,100,277.0,7083.0,1,0,0,0,0,1,0,0,0,0,0,1,0
39085,0033800002g2GTgAAM,0.0,70,1297.0,957.0,0,1,0,0,0,0,1,0,0,0,0,1,1
39086,0033800002g2GVhAAM,0.0,0,1496.0,7416.0,0,0,0,0,1,0,0,0,1,0,0,1,1
39088,0033800002g2GY7AAM,0.0,90,0.0,3154.0,0,1,0,0,0,0,1,0,0,0,0,1,1
39089,0033800002g2GdqAAE,0.0,10,3167.0,7325.0,0,1,0,0,0,1,0,0,0,0,0,1,1
39091,0033800002g2Gg6AAE,0.0,0,1172.0,1826.0,1,0,0,0,0,0,0,0,1,0,0,1,0
39094,0033800002g2GprAAE,0.0,0,2937.0,2819.0,1,0,0,0,0,0,0,0,0,1,0,1,0
39095,0033800002g2GqVAAU,0.0,0,0.0,5748.0,0,0,0,0,1,0,1,0,0,0,1,0,1
39100,0033800002g2HSeAAM,0.0,0,0.0,1354.0,0,1,0,0,0,0,1,0,0,0,0,1,1
39101,0033800002g2HYnAAM,0.0,0,0.0,10463.0,1,0,0,0,0,0,1,0,0,0,0,1,1
39102,0033800002g2HxLAAU,0.0,0,0.0,7336.0,0,0,0,0,1,1,0,0,0,0,0,1,1
39105,0033800002g2NcQAAU,0.0,0,0.0,3832.0,0,0,0,1,0,0,0,0,0,1,0,1,1
39107,0033800002g2NhGAAU,0.0,0,8174.0,2191.0,0,0,0,1,0,0,0,0,0,1,0,1,0
39108,0033800002g2NjMAAU,0.0,0,6941.0,8039.0,1,0,0,0,0,0,1,0,0,0,0,1,0
39109,0033800002g2Nl3AAE,0.0,0,0.0,8358.0,0,0,0,1,0,0,0,0,0,1,0,1,1
39112,0033800002g2NwQAAU,0.0,0,0.0,13413.0,0,1,0,0,0,0,1,0,0,0,0,1,1
39114,0033800002g2OD2AAM,0.0,0,0.0,7399.0,0,0,0,1,0,0,1,0,0,0,0,1,1
39122,0033800002g2OmWAAU,0.0,0,9215.0,638.0,0,0,1,0,0,0,1,0,0,0,1,0,0
39124,0033800002g2OthAAE,0.0,0,0.0,4722.0,0,0,0,1,0,0,1,0,0,0,0,1,1
39128,0033800002g2P3wAAE,0.0,0,0.0,1767.0,0,0,0,0,1,0,1,0,0,0,0,1,1
39131,0033800002g2PLhAAM,0.0,0,695.0,5756.0,1,0,0,0,0,0,1,0,0,0,0,1,1
39134,0033800002g2PyfAAE,0.0,0,1489.0,2425.0,0,0,0,0,1,0,1,0,0,0,1,0,1
39139,0033800002g2QG6AAM,0.0,0,0.0,4648.0,1,0,0,0,0,0,1,0,0,0,0,1,1
39140,0033800002g2QXaAAM,0.0,80,4181.0,6477.0,1,0,0,0,0,0,1,0,0,0,1,0,0
39142,0033800002g2QZRAA2,0.0,0,0.0,8165.0,0,1,0,0,0,0,1,0,0,0,0,1,1
39143,0033800002g2QcqAAE,0.0,100,0.0,7558.0,0,0,0,1,0,0,1,0,0,0,0,1,0
39144,0033800002g2QcvAAE,0.0,0,0.0,4375.0,1,0,0,0,0,0,1,0,0,0,0,1,1
39149,0033800002g2R0JAAU,0.0,0,0.0,1938.0,0,0,0,1,0,0,1,0,0,0,0,1,0
39152,0033800002g2RTVAA2,0.0,0,0.0,7512.0,1,0,0,0,0,0,1,0,0,0,0,1,0
39153,0033800002g2RWUAA2,0.0,0,0.0,8671.0,0,0,0,1,0,0,1,0,0,0,0,1,1
39154,0033800002g2RXwAAM,0.0,0,4616.0,1096.0,0,1,0,0,0,0,1,0,0,0,1,0,1
39157,0033800002g2RxzAAE,0.0,0,62.0,1274.0,0,0,0,1,0,0,1,0,0,0,0,1,1
39159,0033800002g2SEDAA2,0.0,0,0.0,2847.0,0,1,0,0,0,0,1,0,0,0,0,1,1
39161,0033800002g2SUtAAM,0.0,0,0.0,2113.0,1,0,0,0,0,0,1,0,0,0,0,1,0
39163,0033800002g2SbBAAU,0.0,0,0.0,8545.0,0,1,0,0,0,0,0,0,0,1,0,1,1
39164,0033800002g2TMiAAM,0.0,0,0.0,1827.0,0,0,0,1,0,0,0,0,1,0,0,1,0
39168,0033800002g2TQLAA2,0.0,0,13918.0,2784.0,0,1,0,0,0,1,0,0,0,0,0,1,1
39170,0033800002g2U2yAAE,0.0,0,12169.0,2201.0,0,0,0,1,0,0,0,0,1,0,0,1,1
39175,0033800002g2WFVAA2,0.0,0,0.0,8766.0,0,0,0,1,0,0,1,0,0,0,0,1,0
39182,0033800002g2WXYAA2,0.0,0,0.0,2664.0,0,0,0,1,0,0,1,0,0,0,0,1,0
39184,0033800002g2WeVAAU,0.0,0,0.0,3259.0,1,0,0,0,0,0,1,0,0,0,0,1,1
39185,0033800002g2WnmAAE,0.0,0,0.0,9559.0,0,0,0,0,1,0,1,0,0,0,0,1,0
39186,0033800002g2XQ5AAM,0.0,0,0.0,10599.0,0,0,0,0,1,0,0,0,0,1,0,1,1
39189,0033800002g2Y9xAAE,0.0,0,4413.0,7213.0,0,1,0,0,0,0,1,0,0,0,0,1,1
39190,0033800002g2YBUAA2,0.0,0,5113.0,3075.0,0,1,0,0,0,0,0,0,0,1,0,1,1
39198,0033800002g2YYiAAM,0.0,0,1841.0,7359.0,0,1,0,0,0,0,1,0,0,0,0,1,0
39214,0033800002g2YnEAAU,0.0,0,2710.0,2696.0,0,0,0,0,1,0,0,0,0,1,0,1,1
39217,0033800002g2YseAAE,0.0,30,3652.0,1528.0,0,0,0,1,0,0,0,0,1,0,0,1,1
39221,0033800002g2Z4CAAU,0.0,0,0.0,8812.0,1,0,0,0,0,0,1,0,0,0,0,1,0
39222,0033800002g2ZD2AAM,0.0,0,0.0,5682.0,0,0,0,1,0,0,0,0,1,0,0,1,0
39223,0033800002g2ZMYAA2,0.0,100,2842.0,2544.0,0,0,0,0,1,0,1,0,0,0,0,1,0
39228,0033800002g2ZkAAAU,0.0,0,0.0,8620.0,0,0,0,1,0,0,0,0,0,1,0,1,1
39230,0033800002g2ZkUAAU,0.0,60,124.0,10964.0,0,0,0,0,1,0,0,0,0,1,0,1,1
39233,0033800002g2ZreAAE,0.0,0,2344.0,3652.0,0,1,0,0,0,0,0,0,0,1,1,0,0
39236,0033800002g2aNuAAI,0.0,0,0.0,5139.0,0,1,0,0,0,0,1,0,0,0,0,1,1
39240,0033800002g2apvAAA,0.0,0,0.0,8248.0,0,0,0,1,0,0,1,0,0,0,0,1,1
39242,0033800002g2bKFAAY,0.0,0,21.0,3402.0,0,0,0,1,0,0,0,0,1,0,0,1,0
39244,0033800002g2bWzAAI,0.0,0,93.0,7409.0,1,0,0,0,0,1,0,0,0,0,0,1,1
39246,0033800002g2bt0AAA,0.0,0,0.0,10985.0,0,0,0,0,1,1,0,0,0,0,0,1,1
39248,0033800002g2cWyAAI,0.0,0,0.0,9588.0,0,0,0,0,1,1,0,0,0,0,0,1,0
39254,0033800002g2i0eAAA,0.0,0,92.0,8117.0,0,0,0,0,1,0,1,0,0,0,0,1,1
39255,0033800002g2j43AAA,0.0,90,1676.0,7313.0,0,0,0,1,0,0,0,0,0,1,0,1,0
39262,0033800002g2jpcAAA,0.0,0,0.0,9013.0,0,0,1,0,0,0,0,0,0,1,1,0,1
39267,0033800002g2k7MAAQ,0.0,0,0.0,3765.0,0,0,0,1,0,0,1,0,0,0,0,1,1
39271,0033800002g2kGYAAY,0.0,0,9025.0,3958.0,0,0,0,1,0,0,0,0,0,1,0,1,0
39272,0033800002g2kRTAAY,0.0,50,1850.0,2028.0,0,1,0,0,0,0,1,0,0,0,0,1,1
39273,0033800002g2kX2AAI,0.0,0,864.0,2688.0,0,0,0,1,0,0,1,0,0,0,0,1,0
39282,0033800002g2lLIAAY,0.0,0,1791.0,5228.0,0,0,0,1,0,0,1,0,0,0,0,1,1
39284,0033800002g2lOWAAY,0.0,0,526.0,1490.0,0,0,0,1,0,0,0,0,1,0,0,1,1
39287,0033800002g2miMAAQ,0.0,0,2516.0,2009.0,0,0,0,1,0,0,0,0,1,0,0,1,0
39289,0033800002g2mlQAAQ,0.0,0,0.0,1139.0,0,0,0,1,0,0,1,0,0,0,0,1,0
39292,0033800002g2mqpAAA,0.0,0,0.0,10984.0,0,0,0,0,1,0,0,0,0,1,0,1,1
39293,0033800002g2msaAAA,0.0,0,0.0,9548.0,0,0,0,0,1,0,1,0,0,0,0,1,1
39295,0033800002g2mz7AAA,0.0,0,1253.0,2191.0,0,1,0,0,0,0,0,0,1,0,0,1,1
39296,0033800002g2n1wAAA,0.0,0,1427.0,6164.0,0,1,0,0,0,0,0,1,0,0,1,0,0
39301,0033800002g2nlgAAA,0.0,0,66.0,11964.0,0,1,0,0,0,0,1,0,0,0,1,0,0
39303,0033800002g2nykAAA,0.0,0,0.0,7323.0,0,1,0,0,0,0,1,0,0,0,0,1,0
39307,0033800002g2oSVAAY,0.0,0,0.0,5096.0,0,1,0,0,0,0,1,0,0,0,0,1,0
39309,0033800002g2ol3AAA,0.0,0,0.0,8775.0,0,0,0,1,0,0,0,0,0,1,0,1,1
39317,0033800002g2pq9AAA,0.0,0,0.0,4615.0,1,0,0,0,0,0,1,0,0,0,0,1,1
39322,0033800002g2qCXAAY,0.0,0,0.0,6452.0,0,0,0,0,1,1,0,0,0,0,0,1,0
39325,0033800002g2qPHAAY,0.0,0,3.0,2814.0,0,0,0,1,0,0,1,0,0,0,0,1,1
39334,0033800002g2rWKAAY,0.0,90,5213.0,7898.0,0,1,0,0,0,1,0,0,0,0,1,0,1
39336,0033800002g2rtWAAQ,0.0,0,0.0,7324.0,1,0,0,0,0,1,0,0,0,0,0,1,1
39339,0033800002g2tPFAAY,0.0,0,0.0,9359.0,0,0,0,0,1,0,1,0,0,0,0,1,0
39340,0033800002g2tR3AAI,0.0,0,0.0,2312.0,0,0,0,1,0,0,1,0,0,0,0,1,1
39342,0033800002g2tkLAAQ,0.0,0,0.0,4680.0,0,0,0,0,1,1,0,0,0,0,0,1,1
39344,0033800002g2tvPAAQ,0.0,0,0.0,1825.0,0,0,0,1,0,0,0,0,1,0,0,1,1
39345,0033800002g2twhAAA,0.0,0,0.0,3542.0,0,0,0,1,0,0,1,0,0,0,0,1,0
39348,0033800002g2uOEAAY,0.0,0,4429.0,7672.0,0,0,0,0,1,0,1,0,0,0,0,1,0
39359,0033800002g2v8PAAQ,0.0,0,298.0,6939.0,0,0,0,1,0,0,1,0,0,0,1,0,1
39360,0033800002g2v8QAAQ,0.0,0,0.0,11987.0,0,1,0,0,0,0,1,0,0,0,0,1,0
39362,0033800002g2v8TAAQ,0.0,0,0.0,3103.0,1,0,0,0,0,0,1,0,0,0,1,0,0
39363,0033800002g2v8UAAQ,0.0,0,0.0,8340.0,0,1,0,0,0,0,1,0,0,0,0,1,1
39370,0033800002g2vHNAAY,0.0,0,2259.0,1826.0,0,0,0,1,0,0,0,0,0,1,0,1,1
39372,0033800002g2voPAAQ,0.0,0,4207.0,1760.0,0,1,0,0,0,0,1,0,0,0,0,1,0
39375,0033800002g2vutAAA,0.0,0,0.0,10669.0,1,0,0,0,0,0,1,0,0,0,1,0,0
39376,0033800002g2vuuAAA,0.0,0,245.0,7281.0,0,0,0,1,0,0,0,0,0,1,1,0,0
39384,0033800002g2vv2AAA,0.0,0,184.0,9923.0,0,0,0,1,0,0,1,0,0,0,1,0,0
39385,0033800002g2vv3AAA,0.0,0,0.0,1217.0,0,0,0,1,0,0,0,0,0,1,0,1,0
39393,0033800002g2vvaAAA,0.0,0,0.0,8779.0,0,0,0,1,0,0,0,0,0,1,0,1,0
39394,0033800002g2vz8AAA,0.0,0,1595.0,2191.0,0,0,0,1,0,1,0,0,0,0,1,0,0
39397,0033800002g2w7HAAQ,0.0,0,0.0,7289.0,0,0,0,0,1,0,0,0,0,1,0,1,1
39398,0033800002g2w8PAAQ,0.0,0,5451.0,2758.0,0,1,0,0,0,0,1,0,0,0,1,0,1
39400,0033800002g2wDoAAI,0.0,0,1234.0,8868.0,0,0,0,0,1,0,1,0,0,0,0,1,1
39403,0033800002g2wJaAAI,0.0,0,0.0,2603.0,0,1,0,0,0,0,0,0,1,0,0,1,1
39416,0033800002g2wVCAAY,0.0,0,645.0,10785.0,0,1,0,0,0,0,0,0,0,1,0,1,0
39417,0033800002g2wWyAAI,0.0,0,0.0,1961.0,0,0,0,1,0,0,1,0,0,0,0,1,1
39419,0033800002g2wfRAAQ,0.0,0,130.0,7807.0,0,0,0,0,1,1,0,0,0,0,0,1,1
39420,0033800002g2whcAAA,0.0,0,0.0,1987.0,0,0,0,1,0,0,1,0,0,0,0,1,0
39421,0033800002g2whhAAA,0.0,0,0.0,7390.0,0,0,0,1,0,0,1,0,0,0,0,1,1
39424,0033800002g2wltAAA,0.0,60,13592.0,1461.0,0,0,0,1,0,0,0,0,1,0,0,1,1
39427,0033800002g2wyWAAQ,0.0,0,0.0,3480.0,0,0,0,1,0,0,1,0,0,0,1,0,1
39428,0033800002g2wzUAAQ,0.0,0,3484.0,1388.0,0,0,0,1,0,0,0,0,0,1,1,0,1
39430,0033800002g2x5xAAA,0.0,100,2936.0,11688.0,0,0,0,1,0,0,0,0,0,1,0,1,0
39433,0033800002g2xFSAAY,0.0,0,0.0,9295.0,0,1,0,0,0,0,0,0,1,0,0,1,1
39435,0033800002g2xRsAAI,0.0,0,0.0,2970.0,0,1,0,0,0,0,1,0,0,0,1,0,0
39436,0033800002g2xahAAA,0.0,0,0.0,7828.0,0,0,0,0,1,0,0,0,0,1,0,1,1
39437,0033800002g2xnHAAQ,0.0,0,0.0,3270.0,0,0,0,1,0,1,0,0,0,0,0,1,1
39440,0033800002g2y6sAAA,0.0,0,0.0,7321.0,1,0,0,0,0,0,0,0,0,1,0,1,1
39443,0033800002g2yaOAAQ,0.0,60,374.0,7434.0,0,1,0,0,0,0,1,0,0,0,0,1,1
39444,0033800002g2yiNAAQ,0.0,60,1614.0,2415.0,0,0,0,0,1,0,1,0,0,0,0,1,1
39448,0033800002g30pZAAQ,0.0,0,0.0,7857.0,0,0,0,1,0,0,1,0,0,0,0,1,1
39451,0033800002g31S3AAI,0.0,70,1762.0,3410.0,0,1,0,0,0,0,1,0,0,0,1,0,0
39453,0033800002g31X8AAI,0.0,0,0.0,7464.0,1,0,0,0,0,0,1,0,0,0,0,1,1
39454,0033800002g31XrAAI,0.0,80,378.0,1436.0,0,1,0,0,0,0,1,0,0,0,1,0,1
39457,0033800002g31dOAAQ,0.0,0,0.0,7341.0,1,0,0,0,0,0,1,0,0,0,0,1,0
39462,0033800002g31yVAAQ,0.0,0,2922.0,4142.0,0,1,0,0,0,0,0,0,1,0,0,1,0
39467,0033800002g32orAAA,0.0,0,0.0,7569.0,0,0,0,1,0,0,1,0,0,0,0,1,1
39468,0033800002g32t8AAA,0.0,90,4197.0,2749.0,1,0,0,0,0,0,1,0,0,0,1,0,0
39471,0033800002g32xtAAA,0.0,0,0.0,1104.0,0,0,0,1,0,0,1,0,0,0,0,1,0
39474,0033800002g32xwAAA,0.0,0,0.0,7683.0,0,0,0,1,0,0,1,0,0,0,0,1,1
39475,0033800002g32xxAAA,0.0,0,0.0,1100.0,0,0,0,1,0,0,1,0,0,0,0,1,1
39480,0033800002g32y2AAA,0.0,0,0.0,2721.0,0,0,0,1,0,0,1,0,0,0,0,1,0
39482,0033800002g32y4AAA,0.0,100,0.0,7333.0,1,0,0,0,0,0,1,0,0,0,0,1,1
39485,0033800002g32y8AAA,0.0,0,0.0,1576.0,1,0,0,0,0,0,1,0,0,0,0,1,1
39486,0033800002g32y9AAA,0.0,0,0.0,8485.0,1,0,0,0,0,0,1,0,0,0,0,1,1
39489,0033800002g32yCAAQ,0.0,0,0.0,2350.0,0,0,0,1,0,0,1,0,0,0,0,1,1
39490,0033800002g32yDAAQ,0.0,0,0.0,4166.0,0,0,0,1,0,0,1,0,0,0,0,1,1
39493,0033800002g32yGAAQ,0.0,0,7786.0,1180.0,0,0,0,1,0,0,1,0,0,0,0,1,1
39510,0033800002g33ebAAA,0.0,0,0.0,8391.0,0,0,0,1,0,0,0,0,0,1,0,1,0
39511,0033800002g33fPAAQ,0.0,0,0.0,2192.0,0,0,0,1,0,1,0,0,0,0,0,1,1
39517,0033800002g349AAAQ,0.0,0,0.0,1928.0,0,0,0,1,0,1,0,0,0,0,0,1,0
39518,0033800002g34CbAAI,0.0,0,0.0,8794.0,1,0,0,0,0,0,1,0,0,0,0,1,1
39523,0033800002g34oTAAQ,0.0,0,132.0,1029.0,0,0,0,1,0,0,1,0,0,0,0,1,0
39524,0033800002g35FkAAI,0.0,0,53.0,4495.0,0,0,0,1,0,1,0,0,0,0,0,1,0
39532,0033800002g365NAAQ,0.0,0,0.0,1825.0,0,0,0,1,0,0,0,0,1,0,0,1,1
39537,0033800002g36JtAAI,0.0,0,0.0,7323.0,1,0,0,0,0,1,0,0,0,0,0,1,1
39544,0033800002g36VwAAI,0.0,0,6.0,2001.0,0,0,0,1,0,1,0,0,0,0,1,0,0
39545,0033800002g36q1AAA,0.0,0,0.0,1969.0,0,0,0,1,0,0,1,0,0,0,0,1,1
39547,0033800002g37AvAAI,0.0,0,4365.0,1461.0,0,0,1,0,0,1,0,0,0,0,0,1,0
39548,0033800002g37ByAAI,0.0,0,337.0,3156.0,0,0,0,1,0,0,1,0,0,0,0,1,1
39550,0033800002g37HmAAI,0.0,0,0.0,1577.0,0,0,0,0,1,0,1,0,0,0,0,1,0
39552,0033800002g37O9AAI,0.0,0,0.0,7325.0,0,0,0,1,0,0,1,0,0,0,0,1,1
39554,0033800002g37dJAAQ,0.0,0,0.0,12933.0,0,0,0,1,0,0,1,0,0,0,0,1,0
39557,0033800002g37mBAAQ,0.0,0,0.0,3681.0,0,0,0,1,0,0,1,0,0,0,0,1,1
39559,0033800002g37wmAAA,0.0,0,9077.0,1452.0,0,0,0,1,0,0,0,0,0,1,0,1,0
39562,0033800002g380sAAA,0.0,0,0.0,4557.0,1,0,0,0,0,0,1,0,0,0,0,1,0
39563,0033800002g385xAAA,0.0,0,174.0,39.0,0,0,0,1,0,0,0,0,1,0,0,1,1
39565,0033800002g388cAAA,0.0,0,0.0,8290.0,0,1,0,0,0,0,1,0,0,0,0,1,1
39570,0033800002g38HZAAY,0.0,0,498.0,9300.0,0,0,0,1,0,1,0,0,0,0,0,1,1
39575,0033800002g38wTAAQ,0.0,0,0.0,8765.0,0,1,0,0,0,0,1,0,0,0,0,1,0
39579,0033800002g39gnAAA,0.0,70,0.0,6496.0,0,0,0,0,1,0,1,0,0,0,0,1,1
39581,0033800002g39gpAAA,0.0,0,0.0,2223.0,1,0,0,0,0,1,0,0,0,0,0,1,0
39582,0033800002g39gqAAA,0.0,0,0.0,6834.0,0,1,0,0,0,0,1,0,0,0,1,0,0
39590,0033800002g39gzAAA,0.0,0,0.0,8248.0,0,1,0,0,0,1,0,0,0,0,0,1,0
39594,0033800002g39h3AAA,0.0,0,0.0,1717.0,0,1,0,0,0,1,0,0,0,0,0,1,1
39597,0033800002g39qGAAQ,0.0,30,781.0,1826.0,1,0,0,0,0,0,0,0,1,0,0,1,1
39598,0033800002g39qkAAA,0.0,0,0.0,4544.0,0,0,0,1,0,1,0,0,0,0,0,1,1
39599,0033800002g39r9AAA,0.0,0,1543.0,1827.0,0,1,0,0,0,0,0,0,1,0,1,0,1
39601,0033800002g3AFaAAM,0.0,0,0.0,1652.0,0,0,0,1,0,0,0,0,1,0,0,1,0
39603,0033800002g3AFcAAM,0.0,100,0.0,8018.0,0,1,0,0,0,0,1,0,0,0,1,0,1
39604,0033800002g3AFdAAM,0.0,0,0.0,3316.0,0,0,0,1,0,0,0,0,1,0,0,1,1
39611,0033800002g3AFkAAM,0.0,0,0.0,1461.0,0,0,0,1,0,0,0,0,1,0,0,1,1
39613,0033800002g3AFmAAM,0.0,0,0.0,1705.0,0,0,0,1,0,0,0,0,1,0,0,1,0
39614,0033800002g3AFnAAM,0.0,0,0.0,1826.0,0,0,0,1,0,0,0,0,1,0,0,1,1
39616,0033800002g3AFpAAM,0.0,0,0.0,1461.0,0,0,0,1,0,0,0,0,1,0,0,1,0
39617,0033800002g3AJUAA2,0.0,0,0.0,2664.0,0,1,0,0,0,0,1,0,0,0,1,0,0
39624,0033800002g3AbmAAE,0.0,0,13187.0,1461.0,0,0,0,1,0,1,0,0,0,0,0,1,0
39625,0033800002g3AcbAAE,0.0,0,0.0,4931.0,1,0,0,0,0,0,1,0,0,0,0,1,1
39626,0033800002g3AcpAAE,0.0,0,9834.0,2215.0,0,0,0,1,0,0,1,0,0,0,0,1,1
39628,0033800002g3AeRAAU,0.0,0,11667.0,1095.0,0,0,0,1,0,0,1,0,0,0,0,1,0
39630,0033800002g3AmkAAE,0.0,0,8517.0,1430.0,0,0,0,1,0,0,0,0,0,1,0,1,0
39634,0033800002g3B3SAAU,0.0,30,14798.0,30.0,0,0,0,1,0,0,1,0,0,0,0,1,1
39637,0033800002g3B5xAAE,0.0,0,13482.0,1075.0,0,0,0,1,0,0,1,0,0,0,0,1,0
39638,0033800002g3BBRAA2,0.0,70,8713.0,2922.0,0,0,0,1,0,0,1,0,0,0,1,0,0
39650,0033800002g3CGIAA2,0.0,0,0.0,1207.0,0,0,0,1,0,0,1,0,0,0,0,1,0
39653,0033800002g3CawAAE,0.0,0,29.0,8064.0,0,1,0,0,0,0,1,0,0,0,0,1,1
39657,0033800002g3CsHAAU,0.0,0,342.0,9496.0,0,0,0,0,1,1,0,0,0,0,0,1,1
39663,0033800002g3DBjAAM,0.0,10,1538.0,7096.0,0,1,0,0,0,0,0,0,0,1,0,1,0
39664,0033800002g3DBsAAM,0.0,0,0.0,11313.0,0,1,0,0,0,0,1,0,0,0,0,1,1
39665,0033800002g3DCCAA2,0.0,0,0.0,1299.0,0,0,0,1,0,0,1,0,0,0,0,1,1
39672,0033800002g3DR9AAM,0.0,0,0.0,10093.0,0,0,0,1,0,0,1,0,0,0,0,1,1
39673,0033800002g3DbiAAE,0.0,0,9960.0,2191.0,0,0,0,1,0,0,1,0,0,0,0,1,1
39674,0033800002g3DrXAAU,0.0,40,7716.0,8061.0,0,0,0,1,0,0,0,0,1,0,0,1,0
39676,0033800002g3E13AAE,0.0,0,0.0,7984.0,0,0,0,0,1,1,0,0,0,0,0,1,1
39678,0033800002g3EM0AAM,0.0,0,0.0,7689.0,0,0,0,0,1,0,1,0,0,0,1,0,0
39679,0033800002g3EUJAA2,0.0,0,0.0,8308.0,0,0,0,1,0,0,1,0,0,0,0,1,1
39682,0033800002g3EzgAAE,0.0,0,2396.0,1462.0,0,0,0,1,0,0,0,0,0,1,0,1,1
39683,0033800002g3F68AAE,0.0,0,1871.0,8840.0,0,1,0,0,0,0,1,0,0,0,0,1,0
39684,0033800002g3F7LAAU,0.0,90,0.0,3027.0,0,1,0,0,0,0,0,0,1,0,0,1,1
39687,0033800002g3FLcAAM,0.0,0,1321.0,3235.0,0,0,0,1,0,0,1,0,0,0,1,0,0
39694,0033800002g3GjWAAU,0.0,0,0.0,2922.0,0,0,0,0,1,0,0,0,0,1,0,1,1
39695,0033800002g3GjXAAU,0.0,0,0.0,8075.0,0,0,0,0,1,0,1,0,0,0,0,1,1
39700,0033800002g3GjcAAE,0.0,0,0.0,10999.0,0,0,0,1,0,0,0,0,0,1,0,1,1
39702,0033800002g3GjfAAE,0.0,0,0.0,4749.0,0,1,0,0,0,0,1,0,0,0,0,1,0
39706,0033800002g3GjjAAE,0.0,0,0.0,8782.0,0,1,0,0,0,0,1,0,0,0,0,1,1
39708,0033800002g3GkyAAE,0.0,60,13461.0,365.0,0,1,0,0,0,1,0,0,0,0,0,1,1
39710,0033800002g3GmuAAE,0.0,60,6581.0,7366.0,1,0,0,0,0,0,0,0,0,1,0,1,1
39711,0033800002g3GpyAAE,0.0,50,2628.0,3619.0,0,0,0,1,0,0,1,0,0,0,1,0,0
39720,0033800002g3HjSAAU,0.0,0,0.0,1605.0,0,0,0,1,0,0,0,0,1,0,0,1,1
39728,0033800002g3I6bAAE,0.0,0,0.0,5453.0,1,0,0,0,0,0,0,0,1,0,0,1,0
39734,0033800002g3IFjAAM,0.0,0,3660.0,1661.0,0,1,0,0,0,1,0,0,0,0,0,1,1
39735,0033800002g3IFkAAM,0.0,40,2018.0,7735.0,0,1,0,0,0,0,1,0,0,0,0,1,1
39736,0033800002g3IFlAAM,0.0,0,1207.0,1288.0,0,1,0,0,0,0,1,0,0,0,0,1,0
39737,0033800002g3IFmAAM,0.0,0,3547.0,5107.0,0,1,0,0,0,0,1,0,0,0,1,0,0
39739,0033800002g3IFoAAM,0.0,40,155.0,1461.0,0,1,0,0,0,0,1,0,0,0,1,0,1
39740,0033800002g3IFpAAM,0.0,0,100.0,8278.0,0,1,0,0,0,0,0,0,1,0,0,1,1
39744,0033800002g3IFtAAM,0.0,0,502.0,9039.0,0,0,0,0,1,1,0,0,0,0,0,1,0
39746,0033800002g3IFvAAM,0.0,0,1907.0,5034.0,0,0,0,0,1,0,1,0,0,0,0,1,1
39747,0033800002g3IFwAAM,0.0,0,0.0,7305.0,0,1,0,0,0,0,0,0,1,0,0,1,1
39754,0033800002g3IG3AAM,0.0,0,37.0,7717.0,0,1,0,0,0,0,1,0,0,0,0,1,0
39756,0033800002g3IG5AAM,0.0,0,0.0,7800.0,0,1,0,0,0,0,0,0,0,1,0,1,1
39761,0033800002g3IGAAA2,0.0,0,0.0,7688.0,0,1,0,0,0,0,0,0,0,1,1,0,1
39762,0033800002g3IGBAA2,0.0,0,3582.0,3711.0,0,0,0,0,1,0,0,0,1,0,0,1,0
39769,0033800002g3IGIAA2,0.0,0,1438.0,7305.0,0,0,0,0,1,1,0,0,0,0,0,1,1
39770,0033800002g3IGJAA2,0.0,0,0.0,9982.0,0,1,0,0,0,0,0,0,0,1,1,0,0
39771,0033800002g3IGKAA2,0.0,0,0.0,9695.0,0,1,0,0,0,0,1,0,0,0,0,1,1
39777,0033800002g3IGRAA2,0.0,100,4605.0,2647.0,0,1,0,0,0,0,1,0,0,0,0,1,0
39778,0033800002g3IGSAA2,0.0,70,2231.0,1884.0,0,1,0,0,0,0,1,0,0,0,0,1,0
39782,0033800002g3IGWAA2,0.0,0,1562.0,4475.0,0,1,0,0,0,1,0,0,0,0,0,1,1
39791,0033800002g3IGfAAM,0.0,0,2078.0,273.0,0,1,0,0,0,0,1,0,0,0,0,1,0
39792,0033800002g3IGgAAM,0.0,90,465.0,7782.0,0,1,0,0,0,0,1,0,0,0,0,1,1
39795,0033800002g3IHDAA2,0.0,0,6.0,4863.0,0,0,0,0,1,0,1,0,0,0,0,1,1
39797,0033800002g3IK1AAM,0.0,0,2625.0,2953.0,0,0,0,0,1,0,1,0,0,0,1,0,1
39801,0033800002g3ISPAA2,0.0,0,0.0,1163.0,0,0,0,1,0,1,0,0,0,0,1,0,1
39804,0033800002g3IgbAAE,0.0,90,131.0,9516.0,1,0,0,0,0,0,1,0,0,0,0,1,0
39805,0033800002g3IiDAAU,0.0,0,0.0,3141.0,0,0,0,1,0,0,1,0,0,0,0,1,1
39811,0033800002g3JDGAA2,0.0,0,134.0,1827.0,0,0,0,1,0,0,0,0,1,0,0,1,0
39812,0033800002g3JG5AAM,0.0,0,995.0,6575.0,0,1,0,0,0,0,1,0,0,0,0,1,0
39815,0033800002g3JQUAA2,0.0,0,0.0,4604.0,0,1,0,0,0,0,1,0,0,0,0,1,0
39818,0033800002g3KGNAA2,0.0,0,0.0,10253.0,1,0,0,0,0,0,1,0,0,0,1,0,1
39821,0033800002g3KRQAA2,0.0,0,0.0,8005.0,1,0,0,0,0,0,1,0,0,0,0,1,1
39829,0033800002g3L5tAAE,0.0,0,1909.0,8140.0,1,0,0,0,0,0,1,0,0,0,1,0,0
39830,0033800002g3L63AAE,0.0,80,0.0,4897.0,1,0,0,0,0,1,0,0,0,0,0,1,1
39835,0033800002g3LJhAAM,0.0,0,69.0,7768.0,1,0,0,0,0,0,1,0,0,0,0,1,1
39840,0033800002g3LbfAAE,0.0,0,686.0,5466.0,0,0,0,0,1,0,1,0,0,0,0,1,0
39847,0033800002g3LnRAAU,0.0,0,0.0,9836.0,1,0,0,0,0,0,0,0,1,0,0,1,1
39849,0033800002g3LqzAAE,0.0,0,4158.0,1875.0,0,1,0,0,0,0,1,0,0,0,1,0,1
39865,0033800002g3MGXAA2,0.0,0,0.0,8035.0,0,1,0,0,0,0,1,0,0,0,0,1,0
39870,0033800002g3MIJAA2,0.0,0,0.0,7308.0,0,1,0,0,0,0,0,0,0,1,0,1,1
39871,0033800002g3MLwAAM,0.0,0,6.0,2193.0,0,0,0,1,0,0,0,0,1,0,0,1,0
39872,0033800002g3MMVAA2,0.0,0,41.0,2192.0,0,0,0,1,0,1,0,0,0,0,0,1,1
39873,0033800002g3MOMAA2,0.0,0,725.0,3844.0,1,0,0,0,0,0,1,0,0,0,0,1,1
39878,0033800002g3MZUAA2,0.0,0,223.0,7316.0,1,0,0,0,0,1,0,0,0,0,0,1,0
39880,0033800002g3Mf3AAE,0.0,80,1428.0,4141.0,0,0,0,1,0,0,1,0,0,0,0,1,0
39885,0033800002g3NG9AAM,0.0,0,0.0,2898.0,0,0,0,1,0,0,0,0,0,1,0,1,1
39887,0033800002g3NJIAA2,0.0,0,37.0,995.0,0,0,0,1,0,0,1,0,0,0,1,0,1
39891,0033800002g3NXXAA2,0.0,0,0.0,9871.0,0,0,0,1,0,0,1,0,0,0,0,1,1
39895,0033800002g3NiGAAU,0.0,0,0.0,3583.0,0,0,0,1,0,1,0,0,0,0,1,0,1
39899,0033800002g3NsaAAE,0.0,50,1420.0,2264.0,0,1,0,0,0,1,0,0,0,0,1,0,1
39902,0033800002g3OV5AAM,0.0,0,0.0,2191.0,1,0,0,0,0,1,0,0,0,0,0,1,0
39904,0033800002g3OtKAAU,0.0,0,0.0,8449.0,0,1,0,0,0,1,0,0,0,0,0,1,1
39905,0033800002g3OwlAAE,0.0,50,2145.0,1916.0,0,1,0,0,0,0,0,0,0,1,0,1,1
39906,0033800002g3OzFAAU,0.0,0,0.0,9985.0,0,0,0,0,1,1,0,0,0,0,0,1,0
39914,0033800002g3OzNAAU,0.0,0,0.0,2829.0,0,0,0,1,0,1,0,0,0,0,0,1,0
39917,0033800002g3OzQAAU,0.0,0,0.0,3944.0,1,0,0,0,0,1,0,0,0,0,0,1,1
39919,0033800002g3OzSAAU,0.0,0,0.0,5805.0,1,0,0,0,0,0,0,0,1,0,0,1,1
39920,0033800002g3P29AAE,0.0,0,290.0,2641.0,0,1,0,0,0,1,0,0,0,0,0,1,0
39921,0033800002g3P6pAAE,0.0,0,0.0,958.0,0,0,0,1,0,1,0,0,0,0,0,1,0
39922,0033800002g3PO5AAM,0.0,0,0.0,8630.0,0,0,0,0,1,1,0,0,0,0,0,1,1
39923,0033800002g3PVBAA2,0.0,0,5159.0,8770.0,0,1,0,0,0,0,1,0,0,0,0,1,0
39926,0033800002g3Pu6AAE,0.0,0,0.0,7310.0,0,1,0,0,0,0,1,0,0,0,1,0,0
39931,0033800002g3PzQAAU,0.0,70,0.0,8904.0,0,1,0,0,0,0,1,0,0,0,0,1,1
39932,0033800002g3Q2eAAE,0.0,0,0.0,3776.0,0,0,0,1,0,0,1,0,0,0,0,1,1
39937,0033800002g3QFsAAM,0.0,0,0.0,8499.0,0,0,0,1,0,0,1,0,0,0,0,1,1
39941,0033800002g3QLCAA2,0.0,0,0.0,10249.0,0,1,0,0,0,0,1,0,0,0,0,1,0
39945,0033800002g3QZEAA2,0.0,0,0.0,2634.0,0,0,0,1,0,0,1,0,0,0,0,1,1
39950,0033800002g3Qj9AAE,0.0,0,0.0,2664.0,0,0,0,1,0,0,1,0,0,0,0,1,1
39951,0033800002g3QtLAAU,0.0,0,0.0,3041.0,0,0,0,1,0,0,1,0,0,0,0,1,1
39952,0033800002g3QwKAAU,0.0,100,75.0,8043.0,0,1,0,0,0,1,0,0,0,0,1,0,1
39953,0033800002g3R0RAAU,0.0,0,1781.0,4849.0,0,0,0,1,0,0,0,0,1,0,0,1,0
39956,0033800002g3R7DAAU,0.0,0,0.0,7725.0,0,0,0,1,0,0,1,0,0,0,0,1,1
39957,0033800002g3R7mAAE,0.0,0,0.0,7335.0,0,1,0,0,0,1,0,0,0,0,0,1,1
39961,0033800002g3RYYAA2,0.0,0,0.0,7319.0,0,0,0,0,1,0,1,0,0,0,0,1,1
39962,0033800002g3RhlAAE,0.0,0,97.0,800.0,0,0,0,1,0,0,0,0,1,0,0,1,1
39964,0033800002g3RnKAAU,0.0,100,21.0,638.0,0,0,0,0,1,0,1,0,0,0,1,0,1
39967,0033800002g3RybAAE,0.0,0,0.0,10965.0,1,0,0,0,0,0,0,0,1,0,0,1,0
39970,0033800002g3SBLAA2,0.0,0,0.0,2372.0,0,0,0,1,0,0,0,1,0,0,1,0,1
39976,0033800002g3SFmAAM,0.0,0,0.0,9240.0,0,0,0,1,0,0,1,0,0,0,0,1,1
39980,0033800002g3SKwAAM,0.0,0,0.0,2191.0,0,0,0,1,0,1,0,0,0,0,1,0,0
39981,0033800002g3SP8AAM,0.0,0,564.0,1179.0,0,0,0,1,0,0,1,0,0,0,0,1,0
39983,0033800002g3StqAAE,0.0,0,0.0,5219.0,0,0,0,1,0,0,1,0,0,0,0,1,1
39985,0033800002g3TLyAAM,0.0,0,4124.0,7317.0,1,0,0,0,0,0,0,0,1,0,0,1,1
39994,0033800002g3TPPAA2,0.0,0,7.0,6506.0,0,0,0,0,1,0,1,0,0,0,1,0,1
39999,0033800002g3TPUAA2,0.0,0,0.0,6951.0,1,0,0,0,0,0,1,0,0,0,1,0,1
40000,0033800002g3TPVAA2,0.0,90,0.0,5573.0,0,0,0,1,0,0,1,0,0,0,1,0,1
40002,0033800002g3TTOAA2,0.0,0,0.0,9503.0,1,0,0,0,0,0,1,0,0,0,0,1,1
40008,0033800002g3UHjAAM,0.0,0,0.0,8274.0,0,0,0,1,0,0,0,1,0,0,0,1,1
40009,0033800002g3UJ0AAM,0.0,0,0.0,8077.0,0,1,0,0,0,0,0,0,1,0,0,1,0
40010,0033800002g3UOeAAM,0.0,0,655.0,8311.0,1,0,0,0,0,1,0,0,0,0,0,1,1
40011,0033800002g3URdAAM,0.0,0,0.0,1461.0,0,0,0,1,0,0,0,0,1,0,0,1,0
40016,0033800002g3UjcAAE,0.0,80,2980.0,4274.0,0,0,0,1,0,0,0,0,1,0,0,1,0
40019,0033800002g3V87AAE,0.0,0,929.0,3635.0,1,0,0,0,0,1,0,0,0,0,0,1,0
40022,0033800002g3VEZAA2,0.0,0,945.0,4667.0,1,0,0,0,0,0,1,0,0,0,0,1,0
40023,0033800002g3VGGAA2,0.0,0,0.0,7344.0,1,0,0,0,0,0,1,0,0,0,0,1,0
40025,0033800002g3VNgAAM,0.0,0,13.0,6566.0,0,0,0,1,0,0,1,0,0,0,0,1,1
40026,0033800002g3VNvAAM,0.0,0,0.0,1848.0,0,0,0,1,0,0,1,0,0,0,0,1,1
40028,0033800002g3VOyAAM,0.0,0,0.0,7034.0,1,0,0,0,0,0,1,0,0,0,0,1,1
40037,0033800002g3W2RAAU,0.0,0,22.0,3757.0,0,0,0,1,0,0,1,0,0,0,0,1,1
40041,0033800002g3WJVAA2,0.0,0,0.0,7754.0,0,0,0,1,0,0,1,0,0,0,0,1,0
40043,0033800002g3WdQAAU,0.0,0,0.0,1826.0,0,1,0,0,0,0,0,0,1,0,0,1,0
40046,0033800002g3WxyAAE,0.0,0,0.0,5180.0,0,1,0,0,0,0,1,0,0,0,0,1,1
40051,0033800002g3XQqAAM,0.0,0,161.0,2808.0,0,0,0,1,0,0,1,0,0,0,0,1,0
40053,0033800002g3Xg0AAE,0.0,0,0.0,8710.0,0,0,0,0,1,1,0,0,0,0,1,0,0
40056,0033800002g3XwLAAU,0.0,0,0.0,2241.0,0,1,0,0,0,0,1,0,0,0,0,1,1
40057,0033800002g3XyyAAE,0.0,0,1732.0,2423.0,0,0,0,1,0,0,0,0,0,1,0,1,0
40058,0033800002g3YmfAAE,0.0,0,0.0,9501.0,0,1,0,0,0,1,0,0,0,0,0,1,1
40062,0033800002g3Z8lAAE,0.0,0,286.0,876.0,0,0,0,1,0,0,1,0,0,0,0,1,1
40064,0033800002g3Z8nAAE,0.0,0,0.0,1271.0,1,0,0,0,0,0,1,0,0,0,1,0,1
40081,0033800002g3Z95AAE,0.0,0,100.0,6704.0,0,0,0,1,0,0,1,0,0,0,0,1,0
40082,0033800002g3Z96AAE,0.0,0,252.0,4789.0,0,0,0,1,0,0,1,0,0,0,0,1,1
40087,0033800002g3Z9BAAU,0.0,0,0.0,5136.0,0,0,0,1,0,0,1,0,0,0,1,0,1
40089,0033800002g3ZZ5AAM,0.0,0,0.0,8308.0,0,0,0,1,0,0,1,0,0,0,0,1,1
40091,0033800002g3ZqQAAU,0.0,0,0.0,8064.0,0,0,0,1,0,0,0,0,0,1,0,1,1
40093,0033800002g3a2kAAA,0.0,0,3025.0,3337.0,1,0,0,0,0,0,0,0,0,1,0,1,1
40094,0033800002g3a85AAA,0.0,0,0.0,1926.0,0,0,0,0,1,1,0,0,0,0,1,0,1
40096,0033800002g3aLDAAY,0.0,0,0.0,6220.0,0,0,0,0,1,0,0,0,1,0,0,1,0
40098,0033800002g3aVEAAY,0.0,100,0.0,9523.0,0,0,0,1,0,0,1,0,0,0,1,0,0
40100,0033800002g3agpAAA,0.0,0,0.0,9087.0,0,0,0,1,0,0,1,0,0,0,0,1,0
40102,0033800002g3al6AAA,0.0,0,0.0,6557.0,1,0,0,0,0,0,1,0,0,0,0,1,0
40103,0033800002g3appAAA,0.0,0,0.0,1479.0,0,0,0,1,0,0,1,0,0,0,0,1,0
40106,0033800002g3ar7AAA,0.0,0,6296.0,1460.0,0,0,0,0,1,1,0,0,0,0,0,1,1
40107,0033800002g3b9GAAQ,0.0,80,2579.0,2921.0,0,0,0,0,1,0,0,0,0,1,1,0,0
40108,0033800002g3bCIAAY,0.0,0,507.0,2922.0,0,0,0,1,0,0,0,0,0,1,0,1,1
40109,0033800002g3bDkAAI,0.0,0,0.0,8728.0,1,0,0,0,0,0,0,0,0,1,0,1,1
40110,0033800002g3bZMAAY,0.0,0,46.0,7309.0,0,1,0,0,0,0,1,0,0,0,0,1,0
40114,0033800002g3dbtAAA,0.0,0,78.0,1461.0,0,0,0,1,0,1,0,0,0,0,1,0,1
40116,0033800002g3dmUAAQ,0.0,0,0.0,8676.0,0,1,0,0,0,0,1,0,0,0,1,0,0
40117,0033800002g3dnvAAA,0.0,0,0.0,10307.0,0,0,0,1,0,0,1,0,0,0,0,1,0
40119,0033800002g3dxCAAQ,0.0,0,0.0,1509.0,0,0,0,1,0,0,1,0,0,0,0,1,1
40123,0033800002g3eBUAAY,0.0,0,0.0,6108.0,0,0,0,1,0,0,1,0,0,0,0,1,1
40124,0033800002g3eM2AAI,0.0,20,345.0,10722.0,0,1,0,0,0,0,1,0,0,0,0,1,0
40125,0033800002g3eQxAAI,0.0,0,0.0,7567.0,0,0,0,0,1,0,0,0,0,1,0,1,1
40126,0033800002g3eeIAAQ,0.0,0,0.0,11699.0,0,1,0,0,0,0,1,0,0,0,0,1,1
40128,0033800002g3eupAAA,0.0,0,0.0,7718.0,0,1,0,0,0,0,1,0,0,0,0,1,1
40129,0033800002g3f54AAA,0.0,0,0.0,5804.0,0,0,0,1,0,1,0,0,0,0,0,1,0
40133,0033800002g3fipAAA,0.0,0,7657.0,2165.0,0,0,0,1,0,0,1,0,0,0,0,1,0
40135,0033800002g3fq0AAA,0.0,0,10830.0,1159.0,0,0,0,0,1,0,0,0,1,0,0,1,0
40136,0033800002g3fqAAAQ,0.0,0,3622.0,3647.0,0,1,0,0,0,0,1,0,0,0,1,0,1
40138,0033800002g3fsGAAQ,0.0,0,0.0,7558.0,0,1,0,0,0,1,0,0,0,0,1,0,0
40139,0033800002g3fsQAAQ,0.0,0,6.0,267.0,0,0,0,1,0,0,1,0,0,0,0,1,1
40140,0033800002g3fszAAA,0.0,0,109.0,3382.0,0,0,0,0,1,0,1,0,0,0,0,1,1
40145,0033800002g3g9SAAQ,0.0,60,783.0,4340.0,0,0,0,1,0,0,0,0,1,0,0,1,0
40150,0033800002g3gxTAAQ,0.0,0,0.0,8110.0,0,0,0,1,0,0,1,0,0,0,0,1,1
40152,0033800002g3h8fAAA,0.0,0,0.0,1572.0,0,1,0,0,0,0,1,0,0,0,1,0,0
40153,0033800002g3h8gAAA,0.0,0,68.0,8786.0,0,1,0,0,0,0,1,0,0,0,0,1,1
40155,0033800002g3h9qAAA,0.0,0,0.0,8055.0,0,0,0,1,0,0,1,0,0,0,0,1,1
40165,0033800002g3hC0AAI,0.0,0,846.0,1471.0,0,0,0,1,0,0,1,0,0,0,0,1,0
40167,0033800002g3hC2AAI,0.0,0,1214.0,1852.0,0,0,0,1,0,0,0,0,0,1,0,1,1
40169,0033800002g3hC4AAI,0.0,0,2512.0,1826.0,0,0,0,0,1,0,0,0,0,1,0,1,1
40174,0033800002g3hC9AAI,0.0,0,1052.0,2192.0,1,0,0,0,0,1,0,0,0,0,0,1,1
40176,0033800002g3hCBAAY,0.0,0,2509.0,1826.0,0,0,0,1,0,0,0,0,1,0,0,1,1
40179,0033800002g3hCEAAY,0.0,0,2144.0,1461.0,0,0,0,1,0,0,0,0,1,0,0,1,1
40181,0033800002g3hCGAAY,0.0,0,347.0,2191.0,0,1,0,0,0,0,1,0,0,0,0,1,0
40185,0033800002g3hCKAAY,0.0,0,2731.0,959.0,0,0,0,1,0,1,0,0,0,0,0,1,1
40186,0033800002g3hDYAAY,0.0,0,1413.0,1461.0,0,0,0,1,0,0,0,0,0,1,0,1,1
40194,0033800002g3htKAAQ,0.0,0,10411.0,585.0,1,0,0,0,0,0,1,0,0,0,0,1,1
40195,0033800002g3hyPAAQ,0.0,0,0.0,1461.0,0,0,0,1,0,0,1,0,0,0,0,1,0
40196,0033800002g3i5pAAA,0.0,10,4715.0,2192.0,0,1,0,0,0,1,0,0,0,0,1,0,0
40197,0033800002g3iBwAAI,0.0,0,5796.0,1461.0,0,0,0,1,0,0,1,0,0,0,0,1,1
40198,0033800002g3iD9AAI,0.0,0,0.0,5279.0,0,0,0,1,0,0,0,0,1,0,1,0,0
40200,0033800002g3iFyAAI,0.0,0,168.0,7702.0,0,0,0,1,0,0,1,0,0,0,0,1,1
40201,0033800002g3iI4AAI,0.0,0,1360.0,2458.0,0,1,0,0,0,0,1,0,0,0,0,1,1
40222,0033800002g3kjeAAA,0.0,100,1248.0,3669.0,0,0,0,1,0,0,0,0,0,1,0,1,1
40225,0033800002g3l48AAA,0.0,0,0.0,9502.0,0,1,0,0,0,1,0,0,0,0,1,0,1
40226,0033800002g3lA6AAI,0.0,0,885.0,1827.0,1,0,0,0,0,0,0,0,1,0,0,1,0
40227,0033800002g3lETAAY,0.0,0,291.0,2893.0,0,1,0,0,0,1,0,0,0,0,1,0,1
40229,0033800002g3lLsAAI,0.0,0,119.0,2984.0,0,0,0,0,1,1,0,0,0,0,1,0,1
40230,0033800002g3lP6AAI,0.0,0,1343.0,4222.0,0,1,0,0,0,0,1,0,0,0,0,1,0
40233,0033800002g3lV9AAI,0.0,0,965.0,2191.0,0,1,0,0,0,0,1,0,0,0,0,1,1
40236,0033800002g3lZ1AAI,0.0,0,0.0,8800.0,0,1,0,0,0,0,1,0,0,0,0,1,1
40241,0033800002g3lggAAA,0.0,0,0.0,2236.0,0,0,0,1,0,0,1,0,0,0,1,0,1
40242,0033800002g3lhZAAQ,0.0,100,1581.0,2206.0,0,1,0,0,0,0,0,0,1,0,0,1,1
40243,0033800002g3limAAA,0.0,0,9207.0,1584.0,0,1,0,0,0,0,0,0,0,1,0,1,1
40244,0033800002g3ljuAAA,0.0,0,3582.0,7317.0,0,1,0,0,0,0,1,0,0,0,0,1,1
40247,0033800002g3lofAAA,0.0,70,1786.0,7305.0,0,0,0,0,1,0,0,0,0,1,0,1,1
40249,0033800002g3m0bAAA,0.0,0,0.0,3994.0,0,0,0,1,0,1,0,0,0,0,0,1,0
40254,0033800002g3mNaAAI,0.0,0,0.0,1983.0,0,0,0,1,0,0,1,0,0,0,0,1,0
40257,0033800002g3mTnAAI,0.0,80,0.0,5494.0,0,0,0,1,0,0,1,0,0,0,0,1,1
40258,0033800002g3mc6AAA,0.0,0,189.0,2038.0,0,0,0,1,0,0,1,0,0,0,0,1,1
40260,0033800002g3merAAA,0.0,0,33.0,1255.0,0,1,0,0,0,0,1,0,0,0,0,1,0
40263,0033800002g3noPAAQ,0.0,0,0.0,10091.0,0,0,0,0,1,1,0,0,0,0,0,1,1
40267,0033800002g3o73AAA,0.0,0,23.0,8588.0,0,0,0,0,1,0,1,0,0,0,1,0,0
40268,0033800002g3oDDAAY,0.0,30,565.0,2858.0,0,0,0,1,0,0,0,0,1,0,0,1,1
40270,0033800002g3oGgAAI,0.0,0,0.0,7370.0,1,0,0,0,0,0,1,0,0,0,0,1,0
40273,0033800002g3ocIAAQ,0.0,0,2339.0,2192.0,0,1,0,0,0,0,1,0,0,0,0,1,1
40285,0033800002g3qy0AAA,0.0,0,2336.0,1045.0,1,0,0,0,0,1,0,0,0,0,0,1,0
40287,0033800002g3r6OAAQ,0.0,100,1520.0,8041.0,1,0,0,0,0,1,0,0,0,0,0,1,0
40296,0033800002g3ryMAAQ,0.0,0,10707.0,1460.0,0,0,0,1,0,0,0,0,1,0,0,1,1
40299,0033800002g3sDpAAI,0.0,0,2355.0,1923.0,0,1,0,0,0,0,1,0,0,0,0,1,0
40308,0033800002g3sk5AAA,0.0,0,0.0,1461.0,0,0,0,1,0,0,0,0,1,0,0,1,0
40309,0033800002g3skKAAQ,0.0,0,0.0,5029.0,0,0,0,1,0,0,1,0,0,0,0,1,1
40314,0033800002g3smzAAA,0.0,0,0.0,10992.0,0,0,0,0,1,0,0,1,0,0,0,1,1
40325,0033800002g3tcGAAQ,0.0,0,0.0,11472.0,0,0,0,0,1,0,0,0,0,1,0,1,0
40327,0033800002g3td4AAA,0.0,0,1903.0,1911.0,0,0,0,1,0,0,1,0,0,0,0,1,1
40329,0033800002g3tgDAAQ,0.0,0,0.0,1410.0,0,0,0,1,0,0,0,0,1,0,0,1,1
40334,0033800002g3tqLAAQ,0.0,0,3136.0,3808.0,1,0,0,0,0,1,0,0,0,0,0,1,1
40338,0033800002g3txCAAQ,0.0,0,267.0,8805.0,0,1,0,0,0,0,1,0,0,0,0,1,0
40339,0033800002g3tyAAAQ,0.0,0,0.0,3707.0,0,1,0,0,0,0,1,0,0,0,0,1,1
40341,0033800002g3u3PAAQ,0.0,0,5591.0,7322.0,0,0,0,1,0,0,0,0,1,0,0,1,1
40342,0033800002g3u48AAA,0.0,0,7465.0,3019.0,0,1,0,0,0,0,1,0,0,0,1,0,0
40343,0033800002g3u6wAAA,0.0,0,0.0,5133.0,0,1,0,0,0,0,0,0,1,0,0,1,0
40345,0033800002g3uMoAAI,0.0,0,4914.0,4522.0,0,0,0,1,0,0,0,0,0,1,0,1,1
40347,0033800002g3uQqAAI,0.0,0,0.0,2092.0,0,1,0,0,0,0,1,0,0,0,0,1,1
40356,0033800002g3ue1AAA,0.0,0,0.0,7307.0,1,0,0,0,0,1,0,0,0,0,0,1,1
40359,0033800002g3ujLAAQ,0.0,0,0.0,7803.0,0,0,0,0,1,0,0,0,0,1,0,1,1
40365,0033800002g41xLAAQ,0.0,0,0.0,8900.0,1,0,0,0,0,1,0,0,0,0,0,1,1
40368,0033800002g4nV0AAI,0.0,0,0.0,3045.0,1,0,0,0,0,0,1,0,0,0,0,1,0
40374,0033800002g4nxwAAA,0.0,70,1557.0,7671.0,0,1,0,0,0,0,1,0,0,0,0,1,0
40375,0033800002g4o2rAAA,0.0,0,0.0,12038.0,0,0,0,0,1,0,0,0,0,1,0,1,1
40376,0033800002g4o8QAAQ,0.0,90,802.0,3861.0,0,0,0,1,0,0,0,0,1,0,0,1,1
40378,0033800002g4oBKAAY,0.0,0,69.0,1044.0,0,0,0,1,0,0,1,0,0,0,1,0,0
40380,0033800002g4oIaAAI,0.0,50,564.0,821.0,0,0,0,1,0,0,1,0,0,0,1,0,1
40383,0033800002g4oOpAAI,0.0,0,44.0,10227.0,0,1,0,0,0,0,0,0,0,1,0,1,1
40386,0033800002g4oOtAAI,0.0,0,0.0,1487.0,0,0,0,1,0,0,0,0,0,1,1,0,0
40389,0033800002g4oOxAAI,0.0,0,0.0,7290.0,1,0,0,0,0,0,0,0,0,1,0,1,1
40393,0033800002g4oPZAAY,0.0,30,5626.0,8036.0,0,1,0,0,0,0,0,0,0,1,0,1,0
40394,0033800002g4oPaAAI,0.0,0,0.0,1448.0,0,1,0,0,0,0,1,0,0,0,0,1,1
40395,0033800002g4oPbAAI,0.0,100,3794.0,6153.0,0,1,0,0,0,0,1,0,0,0,0,1,1
40407,0033800002g4pQnAAI,0.0,0,185.0,2557.0,0,0,0,1,0,0,1,0,0,0,0,1,0
40408,0033800002g4pRCAAY,0.0,0,2826.0,2758.0,0,0,0,1,0,0,1,0,0,0,0,1,1
40409,0033800002g4pTXAAY,0.0,0,0.0,7314.0,0,0,0,1,0,0,1,0,0,0,0,1,1
40411,0033800002g4pWmAAI,0.0,0,0.0,3963.0,0,1,0,0,0,0,0,0,0,1,0,1,0
40412,0033800002g4pXKAAY,0.0,40,1573.0,10008.0,0,0,0,1,0,0,1,0,0,0,0,1,1
40413,0033800002g4pY8AAI,0.0,0,4044.0,2066.0,0,1,0,0,0,1,0,0,0,0,1,0,0
40417,0033800002g4qJ4AAI,0.0,0,0.0,9721.0,0,0,0,1,0,0,1,0,0,0,0,1,1
40419,0033800002g4r5IAAQ,0.0,0,0.0,9996.0,0,1,0,0,0,0,1,0,0,0,0,1,0
40420,0033800002g4r5JAAQ,0.0,0,0.0,2162.0,0,0,0,0,1,0,0,0,0,1,0,1,1
40421,0033800002g4r5KAAQ,0.0,0,0.0,8076.0,0,0,0,0,1,0,0,1,0,0,0,1,0
40422,0033800002g4r5LAAQ,0.0,40,0.0,7522.0,0,0,0,1,0,0,0,0,0,1,0,1,1
40425,0033800002g4r5OAAQ,0.0,0,0.0,8844.0,0,1,0,0,0,0,0,0,0,1,0,1,1
40426,0033800002g4r5PAAQ,0.0,0,0.0,2868.0,0,0,0,1,0,0,0,0,0,1,1,0,0
40427,0033800002g4r5QAAQ,0.0,0,3240.0,7305.0,0,0,0,1,0,1,0,0,0,0,0,1,1
40428,0033800002g4r5RAAQ,0.0,0,0.0,9068.0,0,1,0,0,0,1,0,0,0,0,1,0,1
40429,0033800002g4r5SAAQ,0.0,60,0.0,8426.0,0,0,0,1,0,0,1,0,0,0,0,1,0
40430,0033800002g4r5TAAQ,0.0,0,0.0,9841.0,0,0,0,0,1,0,0,0,0,1,0,1,1
40431,0033800002g4r5UAAQ,0.0,0,1901.0,9922.0,1,0,0,0,0,0,0,1,0,0,0,1,0
40439,0033800002g4tiVAAQ,0.0,100,0.0,6287.0,1,0,0,0,0,0,1,0,0,0,0,1,1
40443,0033800002g4uSPAAY,0.0,30,3538.0,1460.0,0,0,0,0,1,0,0,0,1,0,0,1,1
40453,0033800002g4wiPAAQ,0.0,40,2274.0,8566.0,0,0,0,0,1,0,0,0,0,1,0,1,0
40454,0033800002g4wjXAAQ,0.0,0,0.0,8055.0,0,1,0,0,0,0,1,0,0,0,0,1,1
40458,0033800002g4wtPAAQ,0.0,0,0.0,7769.0,1,0,0,0,0,0,0,0,0,1,0,1,1
40471,0033800002g4zEAAAY,0.0,100,122.0,4048.0,0,1,0,0,0,1,0,0,0,0,0,1,1
40473,0033800002g4zcqAAA,0.0,0,0.0,2682.0,0,0,0,1,0,0,0,0,1,0,1,0,0
40478,0033800002g51AiAAI,0.0,0,0.0,7336.0,0,0,0,1,0,0,1,0,0,0,0,1,1
40479,0033800002g51D3AAI,0.0,0,5046.0,828.0,0,1,0,0,0,0,0,0,0,1,0,1,1
40486,0033800002g51Z5AAI,0.0,0,0.0,2121.0,0,0,0,1,0,0,1,0,0,0,0,1,0
40490,0033800002g51ruAAA,0.0,0,0.0,4081.0,0,0,0,1,0,0,1,0,0,0,0,1,1
40496,0033800002g52w0AAA,0.0,0,0.0,8818.0,1,0,0,0,0,0,1,0,0,0,0,1,1
40504,0033800002g53tRAAQ,0.0,0,0.0,8779.0,0,0,0,1,0,0,1,0,0,0,0,1,0
40506,0033800002g541aAAA,0.0,0,2428.0,869.0,0,0,0,1,0,0,1,0,0,0,1,0,0
40508,0033800002g544eAAA,0.0,10,3229.0,1825.0,0,1,0,0,0,0,0,0,0,1,0,1,0
40513,0033800002g55dLAAQ,0.0,0,2713.0,1644.0,0,0,0,1,0,0,0,0,1,0,0,1,0
40515,0033800002g562VAAQ,0.0,0,0.0,6333.0,1,0,0,0,0,0,1,0,0,0,1,0,1
40517,0033800002g56NnAAI,0.0,0,22.0,7319.0,0,1,0,0,0,0,1,0,0,0,0,1,1
40521,0033800002g56otAAA,0.0,0,0.0,5296.0,0,0,0,1,0,0,0,0,0,1,0,1,1
40523,0033800002g578AAAQ,0.0,0,0.0,4718.0,0,0,0,1,0,1,0,0,0,0,0,1,0
40524,0033800002g57oLAAQ,0.0,0,0.0,1534.0,0,1,0,0,0,0,1,0,0,0,1,0,0
40526,0033800002g57tBAAQ,0.0,90,1369.0,6678.0,0,0,0,0,1,0,1,0,0,0,0,1,1
40530,0033800002g586UAAQ,0.0,0,0.0,2921.0,1,0,0,0,0,1,0,0,0,0,0,1,1
40531,0033800002g587SAAQ,0.0,0,0.0,15363.0,0,0,0,1,0,0,1,0,0,0,0,1,0
40533,0033800002g587UAAQ,0.0,100,0.0,8105.0,0,0,0,1,0,0,1,0,0,0,0,1,0
40538,0033800002g58DEAAY,0.0,0,1965.0,2190.0,0,1,0,0,0,0,0,0,0,1,0,1,1
40540,0033800002g58DGAAY,0.0,0,1845.0,1289.0,0,0,0,1,0,0,1,0,0,0,1,0,1
40543,0033800002g58DJAAY,0.0,0,704.0,1336.0,0,0,0,1,0,0,1,0,0,0,0,1,0
40544,0033800002g58DKAAY,0.0,80,2912.0,1399.0,0,1,0,0,0,0,0,0,0,1,0,1,1
40550,0033800002g58DQAAY,0.0,0,2464.0,3073.0,0,1,0,0,0,0,0,0,0,1,0,1,0
40554,0033800002g58L7AAI,0.0,0,5311.0,2310.0,1,0,0,0,0,0,1,0,0,0,0,1,0
40555,0033800002g58LCAAY,0.0,0,0.0,9301.0,1,0,0,0,0,0,0,0,1,0,1,0,0
40573,0033800002g58r1AAA,0.0,0,0.0,1297.0,0,0,0,1,0,0,1,0,0,0,0,1,0
40575,0033800002g58upAAA,0.0,0,0.0,7335.0,0,0,0,1,0,0,1,0,0,0,0,1,0
40577,0033800002g599LAAQ,0.0,0,443.0,7322.0,0,0,0,1,0,0,0,0,0,1,1,0,1
40579,0033800002g59S3AAI,0.0,0,3718.0,2239.0,0,1,0,0,0,0,1,0,0,0,1,0,0
40580,0033800002g59b5AAA,0.0,0,21.0,10525.0,0,0,0,0,1,0,1,0,0,0,0,1,1
40582,0033800002g59sKAAQ,0.0,0,0.0,7318.0,1,0,0,0,0,0,1,0,0,0,0,1,1
40583,0033800002g59ssAAA,0.0,0,0.0,4969.0,0,0,0,1,0,1,0,0,0,0,0,1,1
40584,0033800002g59tHAAQ,0.0,0,0.0,8772.0,1,0,0,0,0,1,0,0,0,0,0,1,1
40595,0033800002g5AdzAAE,0.0,0,546.0,10968.0,0,0,0,0,1,0,0,0,0,1,1,0,0
40596,0033800002g5AiBAAU,0.0,0,57.0,4239.0,0,0,0,0,1,0,1,0,0,0,0,1,1
40598,0033800002g5AzgAAE,0.0,0,3875.0,1534.0,0,1,0,0,0,0,0,0,1,0,0,1,0
40604,0033800002g5Bu5AAE,0.0,0,12211.0,1460.0,0,1,0,0,0,0,1,0,0,0,1,0,0
40606,0033800002g5C9KAAU,0.0,0,0.0,7326.0,0,0,0,1,0,0,1,0,0,0,0,1,0
40608,0033800002g5CFSAA2,0.0,0,0.0,8159.0,0,1,0,0,0,0,1,0,0,0,1,0,0
40609,0033800002g5CGaAAM,0.0,0,3357.0,3601.0,0,0,0,0,1,0,1,0,0,0,1,0,0
40610,0033800002g5CIgAAM,0.0,0,0.0,9572.0,0,0,0,0,1,0,0,0,0,1,0,1,1
40611,0033800002g5CJyAAM,0.0,0,0.0,11687.0,0,0,0,1,0,0,1,0,0,0,0,1,0
40612,0033800002g5COeAAM,0.0,0,0.0,7304.0,0,1,0,0,0,0,1,0,0,0,1,0,1
40622,0033800002g5DM5AAM,0.0,70,0.0,3537.0,1,0,0,0,0,0,0,0,1,0,0,1,1
40628,0033800002g5DxkAAE,0.0,0,0.0,3683.0,0,1,0,0,0,0,0,0,1,0,0,1,0
40632,0033800002g5EBmAAM,0.0,0,0.0,10094.0,1,0,0,0,0,0,1,0,0,0,0,1,1
40637,0033800002g5EKyAAM,0.0,0,4002.0,2193.0,0,0,0,0,1,0,0,0,1,0,0,1,0
40641,0033800002g5Ek8AAE,0.0,0,2813.0,5071.0,0,1,0,0,0,1,0,0,0,0,0,1,1
40642,0033800002g5EnCAAU,0.0,0,0.0,2898.0,0,1,0,0,0,1,0,0,0,0,0,1,0
40646,0033800002g5F3uAAE,0.0,0,0.0,3296.0,0,0,0,1,0,0,0,0,0,1,0,1,1
40647,0033800002g5F9YAAU,0.0,0,1797.0,564.0,0,1,0,0,0,0,1,0,0,0,1,0,0
40651,0033800002g5FRlAAM,0.0,90,816.0,2291.0,0,1,0,0,0,1,0,0,0,0,1,0,0
40652,0033800002g5GHIAA2,0.0,0,603.0,2191.0,0,0,0,1,0,1,0,0,0,0,0,1,1
40654,0033800002g5GQVAA2,0.0,0,17.0,1789.0,0,0,0,1,0,0,0,0,1,0,0,1,1
40655,0033800002g5GSqAAM,0.0,80,3680.0,1922.0,0,0,0,1,0,0,1,0,0,0,0,1,1
40656,0033800002g5GT5AAM,0.0,0,0.0,2192.0,1,0,0,0,0,1,0,0,0,0,0,1,1
40663,0033800002g5HTEAA2,0.0,0,0.0,9648.0,1,0,0,0,0,0,1,0,0,0,0,1,0
40667,0033800002g5HcqAAE,0.0,0,0.0,4070.0,0,0,0,1,0,0,1,0,0,0,0,1,1
40672,0033800002g5I3RAAU,0.0,0,0.0,17363.0,1,0,0,0,0,0,1,0,0,0,0,1,1
40673,0033800002g5I4AAAU,0.0,0,0.0,1461.0,0,0,0,1,0,0,0,0,0,1,1,0,1
40675,0033800002g5IC1AAM,0.0,40,2497.0,3021.0,0,1,0,0,0,0,0,0,0,1,0,1,1
40676,0033800002g5IFZAA2,0.0,0,3630.0,9323.0,0,0,0,1,0,0,1,0,0,0,0,1,0
40677,0033800002g5IHzAAM,0.0,0,15531.0,1081.0,1,0,0,0,0,1,0,0,0,0,0,1,0
40681,0033800002g5J7XAAU,0.0,0,0.0,7949.0,1,0,0,0,0,1,0,0,0,0,0,1,1
40682,0033800002g5JaAAAU,0.0,0,0.0,7717.0,0,0,0,1,0,0,1,0,0,0,1,0,1
40689,0033800002g5KLuAAM,0.0,80,4821.0,1765.0,1,0,0,0,0,0,0,0,1,0,1,0,0
40690,0033800002g5KNlAAM,0.0,0,12105.0,2191.0,0,0,0,1,0,0,1,0,0,0,0,1,0
40691,0033800002g5KUIAA2,0.0,90,304.0,5344.0,1,0,0,0,0,0,1,0,0,0,0,1,1
40692,0033800002g5KUNAA2,0.0,0,3502.0,4301.0,0,0,0,1,0,0,1,0,0,0,0,1,0
40693,0033800002g5KUhAAM,0.0,10,1827.0,358.0,0,0,0,1,0,0,1,0,0,0,1,0,0
40694,0033800002g5KVzAAM,0.0,0,7879.0,1920.0,0,0,0,1,0,0,1,0,0,0,0,1,0
40695,0033800002g5KWYAA2,0.0,0,12177.0,1094.0,0,0,0,1,0,0,1,0,0,0,0,1,1
40696,0033800002g5KhRAAU,0.0,0,10318.0,4123.0,0,0,0,1,0,0,1,0,0,0,0,1,1
40697,0033800002g5Ki0AAE,0.0,0,0.0,9517.0,0,1,0,0,0,1,0,0,0,0,0,1,1
40701,0033800002g5Kk1AAE,0.0,0,0.0,8533.0,1,0,0,0,0,0,1,0,0,0,0,1,0
40702,0033800002g5KkpAAE,0.0,0,0.0,2588.0,0,0,0,1,0,1,0,0,0,0,0,1,0
40705,0033800002g5KqTAAU,0.0,0,0.0,6446.0,0,1,0,0,0,0,1,0,0,0,0,1,0
40706,0033800002g5KxyAAE,0.0,0,303.0,1460.0,0,0,0,1,0,0,0,0,0,1,0,1,0
40708,0033800002g5L1gAAE,0.0,0,0.0,8112.0,0,0,0,1,0,0,1,0,0,0,0,1,0
40709,0033800002g5L46AAE,0.0,0,0.0,8779.0,0,1,0,0,0,0,0,0,0,1,0,1,1
40712,0033800002g5LCoAAM,0.0,80,1345.0,7171.0,0,0,0,1,0,0,0,0,1,0,0,1,0
40713,0033800002g5LEBAA2,0.0,0,0.0,8230.0,0,0,0,0,1,1,0,0,0,0,0,1,0
40714,0033800002g5LHeAAM,0.0,0,0.0,7314.0,0,0,0,0,1,0,0,0,0,1,0,1,0
40717,0033800002g5LdVAAU,0.0,0,0.0,3811.0,0,0,0,1,0,0,1,0,0,0,0,1,1
40718,0033800002g5LjuAAE,0.0,0,0.0,10958.0,0,1,0,0,0,0,0,0,0,1,0,1,1
40728,0033800002g5MRhAAM,0.0,0,257.0,4613.0,0,0,0,1,0,0,1,0,0,0,0,1,1
40729,0033800002g5MXaAAM,0.0,0,0.0,7323.0,0,0,0,1,0,0,1,0,0,0,0,1,1
40731,0033800002g5MyzAAE,0.0,0,0.0,8085.0,0,1,0,0,0,0,1,0,0,0,0,1,0
40732,0033800002g5NCAAA2,0.0,60,1720.0,6271.0,0,0,0,1,0,0,0,0,0,1,0,1,1
40733,0033800002g5NDhAAM,0.0,80,12092.0,1372.0,0,0,0,1,0,1,0,0,0,0,0,1,0
40736,0033800002g5NXqAAM,0.0,0,1454.0,4132.0,0,1,0,0,0,0,0,0,1,0,0,1,0
40737,0033800002g5NbnAAE,0.0,0,0.0,9861.0,1,0,0,0,0,0,0,0,0,1,0,1,1
40739,0033800002g5NfXAAU,0.0,0,0.0,2350.0,1,0,0,0,0,0,0,0,0,1,0,1,1
40740,0033800002g5NkCAAU,0.0,70,4532.0,1460.0,0,1,0,0,0,0,1,0,0,0,1,0,1
40745,0033800002g5O55AAE,0.0,0,20.0,6319.0,0,1,0,0,0,0,1,0,0,0,0,1,1
40747,0033800002g5OGmAAM,0.0,100,0.0,2274.0,0,0,0,1,0,0,1,0,0,0,1,0,0
40749,0033800002g5OK5AAM,0.0,0,0.0,7456.0,0,0,0,0,1,0,1,0,0,0,0,1,0
40750,0033800002g5OQwAAM,0.0,0,0.0,11072.0,0,1,0,0,0,0,1,0,0,0,0,1,1
40752,0033800002g5Ok7AAE,0.0,0,0.0,7347.0,1,0,0,0,0,0,1,0,0,0,0,1,1
40755,0033800002g5OspAAE,0.0,0,0.0,4313.0,0,1,0,0,0,1,0,0,0,0,0,1,0
40756,0033800002g5Ou7AAE,0.0,0,466.0,2638.0,0,0,0,0,1,1,0,0,0,0,1,0,1
40757,0033800002g5Oz2AAE,0.0,20,2331.0,2222.0,0,0,0,1,0,0,0,0,0,1,0,1,0
40761,0033800002g5PHQAA2,0.0,0,0.0,11353.0,0,0,0,1,0,0,1,0,0,0,0,1,1
40762,0033800002g5PX5AAM,0.0,40,0.0,3537.0,0,1,0,0,0,0,1,0,0,0,0,1,0
40765,0033800002g5RBHAA2,0.0,0,51.0,8674.0,0,1,0,0,0,0,1,0,0,0,0,1,1
40768,0033800002g5RDSAA2,0.0,0,2457.0,1461.0,1,0,0,0,0,0,0,0,1,0,1,0,1
40770,0033800002g5RmrAAE,0.0,80,0.0,4040.0,0,0,0,1,0,0,1,0,0,0,0,1,0
40772,0033800002g5RvAAAU,0.0,80,194.0,11642.0,0,1,0,0,0,0,1,0,0,0,0,1,1
40774,0033800002g5Rz7AAE,0.0,0,3581.0,1832.0,0,1,0,0,0,1,0,0,0,0,0,1,0
40775,0033800002g5S1rAAE,0.0,0,0.0,5067.0,0,0,0,1,0,0,1,0,0,0,0,1,1
40778,0033800002g5SBJAA2,0.0,0,0.0,10986.0,0,1,0,0,0,0,0,0,1,0,0,1,1
40781,0033800002g5SBMAA2,0.0,0,0.0,1461.0,0,0,0,1,0,0,0,0,0,1,1,0,1
40782,0033800002g5SBNAA2,0.0,0,0.0,5144.0,0,1,0,0,0,0,0,0,0,1,1,0,1
40783,0033800002g5SBOAA2,0.0,0,0.0,4091.0,0,0,0,0,1,0,0,0,0,1,1,0,1
40784,0033800002g5SBPAA2,0.0,0,0.0,9691.0,0,0,0,0,1,0,0,0,0,1,0,1,0
40785,0033800002g5SBQAA2,0.0,0,0.0,1826.0,0,0,0,1,0,0,0,0,0,1,1,0,1
40786,0033800002g5SBRAA2,0.0,0,0.0,1826.0,0,0,0,1,0,0,0,0,0,1,1,0,0
40788,0033800002g5SBTAA2,0.0,0,0.0,6117.0,1,0,0,0,0,0,0,0,0,1,0,1,0
40789,0033800002g5SBUAA2,0.0,0,0.0,2854.0,0,0,0,1,0,0,0,0,0,1,0,1,1
40790,0033800002g5SBVAA2,0.0,0,0.0,1826.0,0,0,0,1,0,0,0,0,0,1,1,0,0
40791,0033800002g5SBWAA2,0.0,0,0.0,3393.0,0,0,0,1,0,0,0,0,0,1,1,0,0
40794,0033800002g5SBZAA2,0.0,0,0.0,7737.0,0,0,0,0,1,0,0,1,0,0,0,1,1
40795,0033800002g5SBaAAM,0.0,0,0.0,12524.0,0,1,0,0,0,0,0,1,0,0,0,1,0
40797,0033800002g5SBcAAM,0.0,0,0.0,3652.0,0,1,0,0,0,0,0,1,0,0,1,0,0
40800,0033800002g5SBfAAM,0.0,80,7113.0,1461.0,1,0,0,0,0,0,1,0,0,0,0,1,1
40801,0033800002g5SBgAAM,0.0,0,0.0,12837.0,0,0,0,0,1,0,0,0,0,1,0,1,0
40802,0033800002g5SBhAAM,0.0,0,0.0,1460.0,0,0,0,1,0,0,0,0,0,1,0,1,1
40806,0033800002g5Sk3AAE,0.0,50,56.0,3034.0,0,0,0,1,0,0,0,1,0,0,0,1,0
40809,0033800002g5TZkAAM,0.0,0,0.0,1417.0,0,0,0,1,0,0,1,0,0,0,0,1,0
40810,0033800002g5TdcAAE,0.0,0,2087.0,4407.0,1,0,0,0,0,0,1,0,0,0,1,0,0
40811,0033800002g5TpOAAU,0.0,0,0.0,5313.0,0,1,0,0,0,0,1,0,0,0,0,1,1
40812,0033800002g5UWIAA2,0.0,80,3691.0,3887.0,0,0,0,0,1,0,1,0,0,0,1,0,0
40813,0033800002g5UYOAA2,0.0,100,202.0,2763.0,0,0,0,1,0,0,1,0,0,0,1,0,1
40818,0033800002g5WbtAAE,0.0,80,789.0,8722.0,0,0,0,1,0,0,1,0,0,0,0,1,0
40819,0033800002g5WvUAAU,0.0,20,2367.0,1736.0,0,0,0,0,1,0,0,0,1,0,0,1,1
40820,0033800002g5WydAAE,0.0,0,461.0,7305.0,0,0,0,0,1,1,0,0,0,0,0,1,0
40822,0033800002g5XXEAA2,0.0,0,0.0,9822.0,0,0,0,0,1,1,0,0,0,0,0,1,1
40823,0033800002g5XXdAAM,0.0,0,8732.0,3653.0,1,0,0,0,0,0,0,0,1,0,0,1,0
40825,0033800002g5ZaKAAU,0.0,0,0.0,1999.0,0,1,0,0,0,0,1,0,0,0,0,1,0
40826,0033800002g5ZtMAAU,0.0,0,0.0,10722.0,0,0,0,0,1,0,1,0,0,0,0,1,0
40827,0033800002g5ZvXAAU,0.0,0,11941.0,1461.0,0,0,0,1,0,0,1,0,0,0,1,0,0
40828,0033800002g5a2JAAQ,0.0,70,1024.0,8889.0,0,1,0,0,0,0,1,0,0,0,1,0,0
40829,0033800002g5aMEAAY,0.0,0,0.0,1461.0,0,0,0,1,0,0,0,0,1,0,0,1,1
40830,0033800002g5aQgAAI,0.0,60,10130.0,1666.0,0,0,0,1,0,1,0,0,0,0,0,1,0
40831,0033800002g5aSvAAI,0.0,0,0.0,2860.0,0,1,0,0,0,0,1,0,0,0,1,0,1
40832,0033800002g5adgAAA,0.0,80,0.0,1885.0,1,0,0,0,0,0,1,0,0,0,0,1,1
40833,0033800002g5atmAAA,0.0,0,0.0,8051.0,1,0,0,0,0,0,0,0,0,1,0,1,0
40834,0033800002g5av3AAA,0.0,0,0.0,7382.0,0,1,0,0,0,0,1,0,0,0,0,1,0
40842,0033800002g5bT5AAI,0.0,0,1081.0,1261.0,0,0,0,1,0,0,1,0,0,0,1,0,0
40844,0033800002g5bqxAAA,0.0,0,0.0,1242.0,0,0,0,1,0,0,1,0,0,0,0,1,0
40845,0033800002g5cLHAAY,0.0,0,0.0,8175.0,0,0,0,1,0,0,1,0,0,0,0,1,0
40847,0033800002g5cOzAAI,0.0,80,0.0,2501.0,0,1,0,0,0,0,1,0,0,0,0,1,1
40848,0033800002g5cV7AAI,0.0,10,1833.0,2190.0,0,1,0,0,0,0,1,0,0,0,0,1,1
40851,0033800002g5ccSAAQ,0.0,30,0.0,10916.0,0,0,0,0,1,1,0,0,0,0,0,1,1
40855,0033800002g5cvfAAA,0.0,90,1581.0,8426.0,0,0,0,1,0,0,1,0,0,0,0,1,0
40857,0033800002g5d0uAAA,0.0,0,0.0,5831.0,0,0,0,1,0,0,0,0,0,1,1,0,0
40858,0033800002g5d0zAAA,0.0,0,0.0,1221.0,0,0,0,1,0,0,1,0,0,0,0,1,1
40859,0033800002g5d43AAA,0.0,80,107.0,6213.0,0,0,0,1,0,0,0,0,0,1,0,1,1
40860,0033800002g5d4cAAA,0.0,80,2547.0,3103.0,0,0,0,1,0,0,1,0,0,0,0,1,0
40861,0033800002g5d4mAAA,0.0,0,3351.0,4721.0,0,1,0,0,0,0,0,0,1,0,0,1,1
40863,0033800002g5d9rAAA,0.0,0,0.0,8719.0,0,0,0,0,1,0,1,0,0,0,0,1,1
40867,0033800002g5dO6AAI,0.0,0,4148.0,7670.0,0,0,0,0,1,0,0,0,1,0,0,1,1
40868,0033800002g5dP9AAI,0.0,0,5091.0,1275.0,0,0,0,1,0,0,1,0,0,0,0,1,0
40872,0033800002g5dbbAAA,0.0,0,0.0,1885.0,0,1,0,0,0,1,0,0,0,0,0,1,0
40875,0033800002g5dmZAAQ,0.0,0,0.0,1689.0,0,0,0,1,0,0,0,0,0,1,1,0,0
40876,0033800002g5dnNAAQ,0.0,0,493.0,2574.0,0,1,0,0,0,0,0,0,1,0,1,0,1
40878,0033800002g5dp7AAA,0.0,0,867.0,1093.0,0,0,0,1,0,0,1,0,0,0,1,0,1
40881,0033800002g5dxtAAA,0.0,0,0.0,1825.0,1,0,0,0,0,0,1,0,0,0,0,1,1
40884,0033800002g5e3wAAA,0.0,0,5584.0,1490.0,0,0,0,1,0,0,0,0,1,0,0,1,0
40885,0033800002g5eBvAAI,0.0,0,0.0,8132.0,0,0,0,0,1,0,0,0,1,0,0,1,1
40886,0033800002g5eLCAAY,0.0,0,8056.0,1294.0,1,0,0,0,0,1,0,0,0,0,0,1,0
40887,0033800002g5eUsAAI,0.0,0,35.0,11004.0,0,0,0,1,0,0,0,1,0,0,0,1,1
40889,0033800002g5ezAAAQ,0.0,40,107.0,9563.0,0,0,0,0,1,0,1,0,0,0,0,1,1
40890,0033800002g5f29AAA,0.0,0,228.0,1028.0,0,1,0,0,0,0,1,0,0,0,0,1,0
40891,0033800002g5f2dAAA,0.0,0,3154.0,2359.0,0,1,0,0,0,1,0,0,0,0,1,0,0
40894,0033800002g5fFSAAY,0.0,0,0.0,7554.0,0,0,0,1,0,0,0,0,0,1,0,1,1
40898,0033800002g5fQ6AAI,0.0,90,1780.0,1697.0,1,0,0,0,0,0,0,0,1,0,0,1,1
40899,0033800002g5fXvAAI,0.0,30,3913.0,1463.0,0,1,0,0,0,0,0,0,1,0,0,1,0
40903,0033800002g5gKdAAI,0.0,0,0.0,8774.0,0,0,0,1,0,0,0,0,0,1,0,1,1
40908,0033800002g5gfCAAQ,0.0,0,0.0,6155.0,0,0,0,0,1,1,0,0,0,0,0,1,0
40910,0033800002g5hPyAAI,0.0,0,61.0,6084.0,1,0,0,0,0,0,1,0,0,0,1,0,1
40912,0033800002g5hSOAAY,0.0,0,0.0,7464.0,1,0,0,0,0,0,1,0,0,0,0,1,1
40913,0033800002g5hT7AAI,0.0,60,277.0,7902.0,0,1,0,0,0,0,1,0,0,0,1,0,1
40915,0033800002g5hmsAAA,0.0,0,13836.0,1099.0,0,0,0,0,1,0,1,0,0,0,0,1,1
40918,0033800002g5i6nAAA,0.0,0,0.0,7313.0,1,0,0,0,0,0,1,0,0,0,0,1,0
40919,0033800002g5iUQAAY,0.0,100,5942.0,798.0,0,1,0,0,0,0,1,0,0,0,1,0,0
40924,0033800002g5iYhAAI,0.0,80,317.0,2741.0,1,0,0,0,0,0,1,0,0,0,1,0,1
40933,0033800002g5j0lAAA,0.0,0,0.0,9138.0,0,0,0,1,0,0,0,0,1,0,0,1,0
40934,0033800002g5j1ZAAQ,0.0,0,0.0,7302.0,0,0,0,1,0,0,0,0,1,0,0,1,1
40940,0033800002g5j4TAAQ,0.0,80,395.0,7315.0,1,0,0,0,0,0,0,0,0,1,0,1,0
40947,0033800002g5jCrAAI,0.0,0,0.0,10569.0,0,1,0,0,0,1,0,0,0,0,0,1,1
40954,0033800002g5jjYAAQ,0.0,0,0.0,2286.0,0,0,0,1,0,0,1,0,0,0,0,1,1
40956,0033800002g5jmwAAA,0.0,0,0.0,5767.0,1,0,0,0,0,0,1,0,0,0,0,1,1
40958,0033800002g5kAAAAY,0.0,0,0.0,2619.0,1,0,0,0,0,0,0,0,0,1,1,0,0
40960,0033800002g5kElAAI,0.0,0,0.0,8632.0,0,1,0,0,0,1,0,0,0,0,0,1,1
40961,0033800002g5kFZAAY,0.0,0,0.0,4228.0,1,0,0,0,0,1,0,0,0,0,0,1,1
40965,0033800002g5kjsAAA,0.0,0,0.0,15211.0,1,0,0,0,0,0,1,0,0,0,0,1,1
40966,0033800002g5l4qAAA,0.0,0,1034.0,3167.0,0,1,0,0,0,0,1,0,0,0,0,1,0
40970,0033800002g5muEAAQ,0.0,0,0.0,2975.0,0,0,0,1,0,0,0,0,1,0,0,1,1
40971,0033800002g5nBoAAI,0.0,0,0.0,7183.0,1,0,0,0,0,0,1,0,0,0,0,1,0
40972,0033800002g5nSuAAI,0.0,0,0.0,1332.0,0,0,0,1,0,0,0,0,1,0,0,1,0
40973,0033800002g5nkFAAQ,0.0,0,0.0,130.0,0,1,0,0,0,1,0,0,0,0,1,0,0
40978,0033800002g5oCzAAI,0.0,0,0.0,7217.0,0,0,0,0,1,0,0,0,0,1,0,1,1
40980,0033800002g5oYoAAI,0.0,0,241.0,3974.0,0,1,0,0,0,0,0,0,0,1,0,1,1
40984,0033800002g5okVAAQ,0.0,0,7824.0,6569.0,0,0,0,1,0,1,0,0,0,0,0,1,0
40987,0033800002g5p04AAA,0.0,0,0.0,2744.0,0,1,0,0,0,0,0,0,1,0,0,1,0
40989,0033800002g5p2eAAA,0.0,50,0.0,4851.0,1,0,0,0,0,1,0,0,0,0,1,0,0
40992,0033800002g5p5bAAA,0.0,80,237.0,3765.0,1,0,0,0,0,0,1,0,0,0,1,0,1
40995,0033800002g5pp3AAA,0.0,0,2186.0,3179.0,0,0,0,1,0,0,1,0,0,0,0,1,0
40997,0033800002g5pzSAAQ,0.0,0,4106.0,2922.0,0,0,0,0,1,0,0,0,1,0,0,1,1
41003,0033800002g5qbQAAQ,0.0,80,1981.0,1982.0,0,0,0,1,0,0,0,0,0,1,0,1,0
41006,0033800002g5qsgAAA,0.0,0,0.0,8296.0,0,1,0,0,0,0,0,0,0,1,0,1,1
41008,0033800002g5rm4AAA,0.0,0,0.0,10181.0,0,0,0,0,1,1,0,0,0,0,1,0,1
41009,0033800002g5ryjAAA,0.0,0,0.0,8349.0,0,1,0,0,0,0,1,0,0,0,0,1,0
41010,0033800002g5rzXAAQ,0.0,0,791.0,7312.0,0,1,0,0,0,1,0,0,0,0,0,1,1
41012,0033800002g5s1OAAQ,0.0,0,2129.0,4586.0,0,0,0,0,1,0,1,0,0,0,1,0,1
41016,0033800002g5sYIAAY,0.0,0,0.0,7306.0,0,0,0,1,0,0,1,0,0,0,0,1,1
41017,0033800002g5slCAAQ,0.0,50,822.0,9232.0,0,0,0,1,0,0,0,0,0,1,0,1,1
41019,0033800002g5st2AAA,0.0,70,1276.0,5267.0,1,0,0,0,0,0,0,0,0,1,0,1,1
41020,0033800002g5stVAAQ,0.0,0,0.0,10295.0,0,0,0,0,1,0,0,0,0,1,0,1,0
41022,0033800002g5tGPAAY,0.0,0,0.0,1836.0,1,0,0,0,0,0,1,0,0,0,1,0,0
41023,0033800002g5tKqAAI,0.0,0,0.0,7309.0,1,0,0,0,0,1,0,0,0,0,0,1,1
41024,0033800002g5tNVAAY,0.0,0,0.0,7678.0,0,0,0,1,0,0,1,0,0,0,0,1,1
41026,0033800002g5tQUAAY,0.0,0,0.0,12287.0,0,0,0,1,0,0,1,0,0,0,0,1,1
41029,0033800002g5tweAAA,0.0,0,0.0,9690.0,0,1,0,0,0,0,1,0,0,0,0,1,1
41033,0033800002g5uREAAY,0.0,0,0.0,7322.0,0,0,0,0,1,0,1,0,0,0,0,1,1
41034,0033800002g5uSgAAI,0.0,0,0.0,13420.0,0,0,0,0,1,0,1,0,0,0,0,1,0
41038,0033800002g5ua6AAA,0.0,0,40.0,166.0,0,0,0,0,1,0,1,0,0,0,0,1,0
41039,0033800002g5uh7AAA,0.0,0,2689.0,1461.0,0,0,1,0,0,1,0,0,0,0,1,0,1
41042,0033800002g5ukGAAQ,0.0,0,209.0,2374.0,0,0,0,1,0,0,1,0,0,0,0,1,1
41043,0033800002g5usoAAA,0.0,0,159.0,7674.0,1,0,0,0,0,0,1,0,0,0,1,0,0
41044,0033800002g5uxtAAA,0.0,0,1607.0,1381.0,0,0,0,1,0,0,1,0,0,0,1,0,0
41045,0033800002g5v04AAA,0.0,0,125.0,4409.0,0,1,0,0,0,0,0,0,0,1,0,1,1
41047,0033800002g5vm6AAA,0.0,0,0.0,7316.0,1,0,0,0,0,1,0,0,0,0,0,1,1
41052,0033800002g5wlxAAA,0.0,0,85.0,10226.0,0,0,0,0,1,0,0,0,0,1,1,0,1
41053,0033800002g5wrgAAA,0.0,0,0.0,9861.0,0,0,0,1,0,0,1,0,0,0,0,1,0
41065,0033800002g5xtWAAQ,0.0,0,0.0,1461.0,0,0,0,1,0,0,1,0,0,0,1,0,1
41066,0033800002g5y37AAA,0.0,0,0.0,8868.0,1,0,0,0,0,0,1,0,0,0,0,1,1
41067,0033800002g5y53AAA,0.0,0,2566.0,2922.0,0,0,1,0,0,1,0,0,0,0,1,0,1
41068,0033800002g5yJPAAY,0.0,0,0.0,7305.0,1,0,0,0,0,0,1,0,0,0,0,1,0
41074,0033800002g5ymlAAA,0.0,0,0.0,5166.0,1,0,0,0,0,0,1,0,0,0,0,1,1
41075,0033800002g5yo8AAA,0.0,0,0.0,4696.0,0,0,0,0,1,0,0,0,0,1,0,1,1
41076,0033800002g5yomAAA,0.0,0,5658.0,3295.0,0,0,0,0,1,0,1,0,0,0,1,0,0
41084,0033800002g60A5AAI,0.0,0,165.0,1340.0,0,0,0,1,0,0,1,0,0,0,0,1,0
41085,0033800002g60BcAAI,0.0,0,0.0,4925.0,0,0,0,1,0,0,1,0,0,0,0,1,0
41088,0033800002g60ukAAA,0.0,0,1946.0,1174.0,0,1,0,0,0,0,1,0,0,0,1,0,1
41089,0033800002g61XTAAY,0.0,0,0.0,8418.0,0,0,0,0,1,0,1,0,0,0,1,0,0
41090,0033800002g61lkAAA,0.0,0,0.0,7333.0,0,0,0,0,1,0,0,0,0,1,0,1,1
41098,0033800002g62D7AAI,0.0,0,0.0,5116.0,0,0,0,0,1,0,1,0,0,0,0,1,0
41099,0033800002g62KSAAY,0.0,0,0.0,2525.0,0,0,0,1,0,0,0,0,0,1,0,1,0
41100,0033800002g62cpAAA,0.0,0,1507.0,1092.0,0,0,1,0,0,1,0,0,0,0,1,0,0
41102,0033800002g665iAAA,0.0,0,0.0,1228.0,0,0,0,1,0,0,1,0,0,0,0,1,0
41109,0033800002g66mmAAA,0.0,60,378.0,1003.0,0,0,0,1,0,0,1,0,0,0,1,0,1
41110,0033800002g68EPAAY,0.0,0,428.0,3026.0,0,0,0,1,0,0,1,0,0,0,1,0,1
41111,0033800002g68EUAAY,0.0,0,0.0,1826.0,0,0,0,1,0,0,1,0,0,0,0,1,1
41114,0033800002g68LkAAI,0.0,0,0.0,1765.0,0,0,0,1,0,0,0,0,1,0,0,1,1
41115,0033800002g68LuAAI,0.0,0,0.0,5103.0,0,0,0,1,0,1,0,0,0,0,0,1,1
41118,0033800002g68NWAAY,0.0,0,0.0,9274.0,0,1,0,0,0,1,0,0,0,0,0,1,1
41126,0033800002g696bAAA,0.0,0,3.0,1460.0,0,0,0,1,0,0,0,0,1,0,0,1,1
41127,0033800002g697AAAQ,0.0,50,4570.0,2464.0,0,0,0,1,0,0,1,0,0,0,0,1,1
41128,0033800002g697yAAA,0.0,0,0.0,7585.0,1,0,0,0,0,0,1,0,0,0,1,0,1
41131,0033800002g69EDAAY,0.0,0,0.0,3660.0,1,0,0,0,0,0,1,0,0,0,0,1,0
41133,0033800002g69IZAAY,0.0,0,0.0,8435.0,0,0,0,0,1,0,0,0,0,1,0,1,1
41134,0033800002g69IyAAI,0.0,0,0.0,8018.0,0,0,0,0,1,0,1,0,0,0,0,1,1
41136,0033800002g69K1AAI,0.0,0,409.0,4140.0,0,1,0,0,0,0,0,0,0,1,1,0,1
41141,0033800002g69U6AAI,0.0,0,546.0,2186.0,0,1,0,0,0,0,0,0,1,0,0,1,1
41142,0033800002g69UVAAY,0.0,0,1215.0,2922.0,1,0,0,0,0,0,0,1,0,0,0,1,1
41143,0033800002g69UuAAI,0.0,0,4776.0,1574.0,0,1,0,0,0,0,1,0,0,0,0,1,1
41144,0033800002g69V9AAI,0.0,0,827.0,4701.0,0,1,0,0,0,0,1,0,0,0,0,1,1
41149,0033800002g69VnAAI,0.0,0,98.0,1952.0,0,0,0,1,0,1,0,0,0,0,0,1,1
41150,0033800002g69VsAAI,0.0,0,11747.0,1950.0,0,1,0,0,0,1,0,0,0,0,0,1,1
41151,0033800002g69VxAAI,0.0,0,0.0,2921.0,1,0,0,0,0,1,0,0,0,0,0,1,1
41152,0033800002g69ffAAA,0.0,0,9072.0,1461.0,0,1,0,0,0,0,1,0,0,0,0,1,1
41153,0033800002g69fpAAA,0.0,0,0.0,2191.0,0,0,0,1,0,0,1,0,0,0,0,1,1
41154,0033800002g69qhAAA,0.0,0,8381.0,5625.0,0,0,0,1,0,0,1,0,0,0,0,1,0
41162,0033800002g6AjKAAU,0.0,0,0.0,1308.0,0,0,0,1,0,0,1,0,0,0,0,1,0
41164,0033800002g6AnbAAE,0.0,0,0.0,2922.0,0,0,0,1,0,0,0,0,0,1,0,1,1
41173,0033800002g6BhuAAE,0.0,0,119.0,7327.0,1,0,0,0,0,1,0,0,0,0,1,0,0
41174,0033800002g6Bi4AAE,0.0,0,12752.0,1249.0,0,0,0,1,0,0,0,0,0,1,0,1,1
41175,0033800002g6BiOAAU,0.0,0,4780.0,2921.0,0,0,0,1,0,1,0,0,0,0,1,0,1
41176,0033800002g6BjWAAU,0.0,10,8748.0,3264.0,0,0,0,0,1,0,1,0,0,0,1,0,1
41177,0033800002g6BjqAAE,0.0,80,241.0,6134.0,0,0,0,1,0,0,1,0,0,0,0,1,1
41181,0033800002g6BlfAAE,0.0,0,0.0,7305.0,0,0,0,0,1,0,0,0,0,1,0,1,1
41182,0033800002g6BlgAAE,0.0,0,256.0,7001.0,0,1,0,0,0,0,0,0,1,0,1,0,1
41183,0033800002g6BlhAAE,0.0,20,1954.0,1825.0,0,0,0,1,0,0,0,0,0,1,0,1,1
41184,0033800002g6BliAAE,0.0,0,1029.0,9861.0,0,0,0,0,1,0,1,0,0,0,0,1,0
41185,0033800002g6BpqAAE,0.0,0,2158.0,1096.0,0,0,0,1,0,0,0,0,1,0,0,1,1
41189,0033800002g6CFHAA2,0.0,0,0.0,3147.0,1,0,0,0,0,0,0,0,0,1,0,1,1
41196,0033800002g6CfZAAU,0.0,100,675.0,4122.0,0,0,0,1,0,0,0,0,1,0,0,1,0
41201,0033800002g6CkyAAE,0.0,0,0.0,2920.0,0,1,0,0,0,0,1,0,0,0,0,1,0
41203,0033800002g6D58AAE,0.0,0,0.0,2508.0,1,0,0,0,0,0,1,0,0,0,0,1,1
41205,0033800002g6D6pAAE,0.0,0,0.0,2468.0,0,1,0,0,0,0,1,0,0,0,0,1,1
41207,0033800002g6DCrAAM,0.0,0,621.0,1885.0,0,0,0,1,0,1,0,0,0,0,0,1,0
41213,0033800002g6DeeAAE,0.0,0,7371.0,1085.0,0,1,0,0,0,0,1,0,0,0,1,0,1
41221,0033800002g6EEcAAM,0.0,0,61.0,1556.0,0,0,0,1,0,0,1,0,0,0,0,1,1
41222,0033800002g6EGsAAM,0.0,0,210.0,1431.0,0,0,0,1,0,0,0,0,1,0,0,1,1
41223,0033800002g6EHMAA2,0.0,0,981.0,4885.0,0,0,0,1,0,0,0,0,1,0,0,1,0
41227,0033800002g6ERbAAM,0.0,0,0.0,960.0,0,0,0,1,0,0,1,0,0,0,0,1,1
41228,0033800002g6EadAAE,0.0,0,0.0,8047.0,0,1,0,0,0,0,0,0,1,0,0,1,1
41229,0033800002g6EfZAAU,0.0,60,2796.0,2192.0,0,0,0,1,0,0,1,0,0,0,0,1,0
41230,0033800002g6EgqAAE,0.0,0,0.0,2482.0,0,0,0,1,0,0,1,0,0,0,0,1,1
41232,0033800002g6EkOAAU,0.0,0,10443.0,1001.0,1,0,0,0,0,0,1,0,0,0,1,0,1
41234,0033800002g6Ez1AAE,0.0,0,0.0,2319.0,0,0,0,1,0,0,1,0,0,0,1,0,0
41246,0033800002g6FMMAA2,0.0,0,1650.0,11651.0,0,1,0,0,0,0,0,0,0,1,0,1,0
41247,0033800002g6FRNAA2,0.0,80,1622.0,1461.0,1,0,0,0,0,0,1,0,0,0,0,1,0
41248,0033800002g6FSFAA2,0.0,0,479.0,3347.0,0,0,0,0,1,0,1,0,0,0,0,1,1
41252,0033800002g6FrZAAU,0.0,0,407.0,2015.0,1,0,0,0,0,0,1,0,0,0,1,0,0
41253,0033800002g6FvqAAE,0.0,0,0.0,1461.0,0,0,0,1,0,0,0,0,1,0,0,1,0
41255,0033800002g6GYSAA2,0.0,0,0.0,9891.0,0,0,0,1,0,0,1,0,0,0,0,1,1
41258,0033800002g6GmyAAE,0.0,0,0.0,11280.0,1,0,0,0,0,0,1,0,0,0,0,1,1
41259,0033800002g6GtWAAU,0.0,0,1198.0,1593.0,0,0,0,1,0,0,1,0,0,0,0,1,0
41263,0033800002g6H0OAAU,0.0,0,0.0,8056.0,1,0,0,0,0,0,0,0,1,0,0,1,1
41268,0033800002g6HHIAA2,0.0,0,0.0,8089.0,0,1,0,0,0,0,1,0,0,0,1,0,0
41269,0033800002g6HJ9AAM,0.0,0,0.0,3834.0,0,0,0,1,0,0,0,0,0,1,1,0,1
41270,0033800002g6HQ4AAM,0.0,0,0.0,1228.0,0,0,0,0,1,0,1,0,0,0,0,1,1
41273,0033800002g6HjcAAE,0.0,0,0.0,7335.0,0,1,0,0,0,0,1,0,0,0,0,1,1
41275,0033800002gyqpJAAQ,0.0,0,0.0,5222.0,0,0,0,0,1,0,1,0,0,0,1,0,0
41276,0033800002gyqxNAAQ,0.0,20,4245.0,7572.0,0,0,0,0,1,0,1,0,0,0,0,1,0
41278,0033800002gyr2hAAA,0.0,0,0.0,3945.0,0,1,0,0,0,0,0,0,0,1,0,1,1
41285,0033800002gyrQyAAI,0.0,0,0.0,3122.0,0,0,0,1,0,0,1,0,0,0,0,1,0
41288,0033800002gyre6AAA,0.0,0,0.0,3944.0,0,0,0,0,1,0,1,0,0,0,0,1,1
41290,0033800002gyrreAAA,0.0,0,0.0,10559.0,0,1,0,0,0,0,1,0,0,0,1,0,1
41295,0033800002gysDVAAY,0.0,0,0.0,3564.0,0,1,0,0,0,0,0,0,1,0,0,1,1
41296,0033800002gysEiAAI,0.0,0,0.0,7306.0,0,1,0,0,0,0,1,0,0,0,0,1,1
41297,0033800002gysIVAAY,0.0,0,1429.0,1750.0,1,0,0,0,0,0,0,0,0,1,1,0,1
41298,0033800002gysLkAAI,0.0,0,0.0,9223.0,1,0,0,0,0,1,0,0,0,0,0,1,1
41302,0033800002gysvxAAA,0.0,0,1074.0,7391.0,0,1,0,0,0,0,1,0,0,0,1,0,1
41303,0033800002gyt1qAAA,0.0,0,0.0,7327.0,1,0,0,0,0,0,0,0,0,1,0,1,1
41304,0033800002gyt2ZAAQ,0.0,100,3481.0,4499.0,0,1,0,0,0,0,1,0,0,0,0,1,1
41305,0033800002gyt6HAAQ,0.0,0,0.0,9424.0,0,0,0,0,1,0,1,0,0,0,1,0,1
41306,0033800002gyt8mAAA,0.0,0,133.0,7584.0,0,1,0,0,0,0,1,0,0,0,0,1,0
41308,0033800002gytBlAAI,0.0,0,0.0,7253.0,0,0,0,1,0,0,1,0,0,0,0,1,1
41309,0033800002gytCAAAY,0.0,100,2075.0,10969.0,0,0,1,0,0,0,1,0,0,0,0,1,0
41325,0033800002gytNNAAY,0.0,0,0.0,2248.0,0,0,0,1,0,0,1,0,0,0,0,1,1
41327,0033800002gytOzAAI,0.0,0,0.0,7305.0,0,0,0,0,1,1,0,0,0,0,0,1,1
41330,0033800002gytQwAAI,0.0,0,0.0,7762.0,0,1,0,0,0,0,1,0,0,0,0,1,1
41331,0033800002gytReAAI,0.0,0,0.0,6279.0,0,0,0,1,0,0,1,0,0,0,0,1,1
41332,0033800002gytT1AAI,0.0,0,0.0,10966.0,0,0,0,0,1,1,0,0,0,0,0,1,1
41341,0033800002gyuhYAAQ,0.0,0,0.0,80.0,0,0,0,1,0,0,0,0,0,1,0,1,1
41346,0033800002gyuspAAA,0.0,0,0.0,7640.0,0,0,0,1,0,0,0,0,0,1,0,1,1
41347,0033800002gyuuDAAQ,0.0,0,0.0,1704.0,0,0,0,1,0,0,1,0,0,0,0,1,0
41348,0033800002gyuwSAAQ,0.0,0,4196.0,1461.0,0,0,0,1,0,0,0,0,1,0,0,1,1
41358,0033800002gyvJDAAY,0.0,0,0.0,7661.0,1,0,0,0,0,0,1,0,0,0,0,1,1
41360,0033800002gyvQPAAY,0.0,0,0.0,1461.0,0,0,0,1,0,0,0,0,1,0,0,1,1
41362,0033800002gyvVRAAY,0.0,0,2622.0,7366.0,0,0,0,1,0,0,1,0,0,0,0,1,1
41366,0033800002gyvkgAAA,0.0,20,1452.0,4154.0,0,1,0,0,0,0,0,0,1,0,0,1,1
41367,0033800002gyvpbAAA,0.0,0,2958.0,2970.0,0,0,0,1,0,0,0,0,0,1,0,1,0
41368,0033800002gyvrgAAA,0.0,0,4111.0,1462.0,0,1,0,0,0,0,0,0,1,0,0,1,0
41369,0033800002gyvrlAAA,0.0,10,171.0,31.0,0,0,0,1,0,1,0,0,0,0,0,1,1
41371,0033800002gywATAAY,0.0,0,0.0,1702.0,0,1,0,0,0,1,0,0,0,0,0,1,0
41372,0033800002gywGpAAI,0.0,0,0.0,2946.0,0,0,0,1,0,0,1,0,0,0,0,1,0
41374,0033800002gywMNAAY,0.0,0,0.0,7320.0,0,0,0,1,0,0,0,0,0,1,0,1,1
41375,0033800002gywOiAAI,0.0,0,1178.0,3591.0,0,0,0,1,0,1,0,0,0,0,0,1,1
41376,0033800002gywPRAAY,0.0,30,1345.0,2003.0,1,0,0,0,0,0,1,0,0,0,0,1,0
41381,0033800002gywWWAAY,0.0,40,8883.0,2527.0,0,0,0,0,1,0,0,0,0,1,0,1,1
41382,0033800002gyweLAAQ,0.0,0,0.0,6267.0,0,0,0,1,0,0,1,0,0,0,0,1,0
41384,0033800002gywr0AAA,0.0,0,2815.0,1096.0,0,0,0,1,0,0,0,0,0,1,0,1,1
41387,0033800002gyx28AAA,0.0,20,899.0,1460.0,0,0,0,1,0,0,0,0,1,0,0,1,0
41393,0033800002gyyUoAAI,0.0,0,3781.0,2798.0,0,0,0,0,1,0,1,0,0,0,0,1,1
41394,0033800002gyyUtAAI,0.0,60,833.0,7720.0,0,1,0,0,0,0,0,1,0,0,0,1,1
41395,0033800002gyyY0AAI,0.0,60,1161.0,7401.0,0,0,0,1,0,0,0,0,0,1,0,1,0
41398,0033800002gyyitAAA,0.0,50,7348.0,1095.0,1,0,0,0,0,0,1,0,0,0,1,0,1
41400,0033800002gyz5KAAQ,0.0,0,0.0,8787.0,1,0,0,0,0,0,0,0,0,1,0,1,1
41402,0033800002gyzCfAAI,0.0,0,0.0,9232.0,0,0,0,1,0,0,1,0,0,0,0,1,0
41403,0033800002gyzEqAAI,0.0,60,4023.0,9198.0,0,1,0,0,0,1,0,0,0,0,0,1,1
41404,0033800002gyzR1AAI,0.0,0,0.0,9515.0,0,1,0,0,0,0,1,0,0,0,0,1,1
41405,0033800002gyzV8AAI,0.0,0,0.0,8794.0,1,0,0,0,0,0,1,0,0,0,0,1,1
41410,0033800002gyzj0AAA,0.0,0,364.0,1826.0,0,1,0,0,0,1,0,0,0,0,0,1,1
41415,0033800002gyzk2AAA,0.0,0,0.0,7323.0,0,1,0,0,0,0,1,0,0,0,0,1,1
41418,0033800002gyzvAAAQ,0.0,30,4224.0,8264.0,0,0,0,1,0,0,1,0,0,0,0,1,0
41421,0033800002gyzzHAAQ,0.0,0,0.0,12678.0,0,1,0,0,0,0,1,0,0,0,0,1,1
41423,0033800002gz0ABAAY,0.0,0,0.0,3299.0,0,0,0,1,0,0,1,0,0,0,0,1,1
41426,0033800002gz0MfAAI,0.0,10,3553.0,2228.0,0,0,0,1,0,1,0,0,0,0,0,1,0
41429,0033800002gz0T3AAI,0.0,0,0.0,1717.0,0,0,0,1,0,0,1,0,0,0,0,1,1
41431,0033800002gz0bRAAQ,0.0,0,0.0,8779.0,0,0,0,1,0,0,0,0,0,1,0,1,0
41434,0033800002gz0n9AAA,0.0,0,0.0,8789.0,1,0,0,0,0,0,0,0,0,1,0,1,0
41435,0033800002gz0pKAAQ,0.0,100,1470.0,5328.0,1,0,0,0,0,0,1,0,0,0,0,1,0
41436,0033800002gz0wGAAQ,0.0,0,0.0,7318.0,0,1,0,0,0,0,0,0,1,0,0,1,1
41437,0033800002gz11BAAQ,0.0,0,0.0,7354.0,0,0,0,1,0,0,1,0,0,0,0,1,1
41438,0033800002gz15mAAA,0.0,0,0.0,1953.0,0,1,0,0,0,0,1,0,0,0,0,1,1
41444,0033800002gz1PqAAI,0.0,0,0.0,7374.0,0,0,0,1,0,0,1,0,0,0,0,1,0
41445,0033800002gz1o1AAA,0.0,0,0.0,2566.0,0,0,0,1,0,0,1,0,0,0,0,1,1
41449,0033800002gz1weAAA,0.0,0,0.0,6048.0,1,0,0,0,0,1,0,0,0,0,0,1,1
41450,0033800002gz1yiAAA,0.0,0,0.0,7310.0,0,0,0,1,0,0,1,0,0,0,0,1,1
41456,0033800002gz2DsAAI,0.0,0,0.0,7333.0,1,0,0,0,0,1,0,0,0,0,1,0,1
41458,0033800002gz2HsAAI,0.0,0,553.0,9515.0,0,0,0,1,0,0,1,0,0,0,0,1,1
41459,0033800002gz2OOAAY,0.0,0,809.0,5112.0,0,0,0,1,0,0,0,0,0,1,0,1,1
41460,0033800002gz2QTAAY,0.0,0,1867.0,4160.0,0,0,0,1,0,0,1,0,0,0,0,1,0
41462,0033800002gz2TNAAY,0.0,0,218.0,9980.0,0,1,0,0,0,1,0,0,0,0,0,1,1
41464,0033800002gz2iPAAQ,0.0,0,0.0,2238.0,0,0,0,1,0,0,1,0,0,0,0,1,0
41466,0033800002gz2oMAAQ,0.0,0,0.0,2638.0,0,0,0,1,0,0,1,0,0,0,0,1,1
41473,0033800002gz3mUAAQ,0.0,0,0.0,2649.0,0,1,0,0,0,0,0,0,0,1,0,1,1
41478,0033800002gz3ufAAA,0.0,0,0.0,8774.0,0,0,0,1,0,0,0,0,0,1,0,1,1
41480,0033800002gz3ySAAQ,0.0,0,965.0,4108.0,0,0,0,0,1,1,0,0,0,0,1,0,1
41482,0033800002gz4CFAAY,0.0,0,0.0,1978.0,0,0,0,1,0,0,1,0,0,0,0,1,1
41484,0033800002gz4N3AAI,0.0,0,1093.0,1461.0,0,1,0,0,0,0,0,0,0,1,1,0,1
41485,0033800002gz4OaAAI,0.0,0,0.0,7669.0,1,0,0,0,0,0,1,0,0,0,0,1,1
41487,0033800002gz4WHAAY,0.0,0,0.0,11026.0,0,0,0,0,1,0,0,0,0,1,0,1,0
41488,0033800002gz4WlAAI,0.0,50,3424.0,2161.0,0,1,0,0,0,0,1,0,0,0,1,0,0
41490,0033800002gz4uhAAA,0.0,0,0.0,9497.0,0,0,0,1,0,0,1,0,0,0,0,1,1
41491,0033800002gz5XiAAI,0.0,0,0.0,2915.0,1,0,0,0,0,0,0,0,0,1,1,0,0
41493,0033800002gz62xAAA,0.0,0,0.0,502.0,0,0,0,1,0,0,1,0,0,0,1,0,0
41495,0033800002gz6DWAAY,0.0,20,3185.0,1828.0,1,0,0,0,0,0,0,0,1,0,0,1,1
41496,0033800002gz6FDAAY,0.0,0,6920.0,1096.0,0,0,0,1,0,0,1,0,0,0,0,1,0
41498,0033800002gz6QfAAI,0.0,0,0.0,5586.0,1,0,0,0,0,0,0,0,1,0,0,1,0
41502,0033800002gz6aGAAQ,0.0,0,0.0,9227.0,0,0,0,1,0,0,1,0,0,0,0,1,1
41503,0033800002gz6c1AAA,0.0,0,0.0,8641.0,0,1,0,0,0,0,1,0,0,0,0,1,1
41504,0033800002gz6ebAAA,0.0,0,14944.0,240.0,0,0,0,1,0,0,1,0,0,0,0,1,1
41505,0033800002gz6fKAAQ,0.0,80,766.0,3523.0,1,0,0,0,0,0,1,0,0,0,0,1,1
41507,0033800002gz6mGAAQ,0.0,0,9638.0,1460.0,0,0,0,1,0,0,0,0,1,0,0,1,0
41509,0033800002gz72MAAQ,0.0,0,0.0,7315.0,0,0,0,1,0,0,1,0,0,0,0,1,1
41511,0033800002gz7DGAAY,0.0,0,176.0,334.0,0,1,0,0,0,0,1,0,0,0,0,1,1
41514,0033800002gz7J3AAI,0.0,0,0.0,1499.0,0,0,0,1,0,0,1,0,0,0,0,1,0
41517,0033800002gz7c1AAA,0.0,0,0.0,5115.0,0,0,0,1,0,0,1,0,0,0,0,1,0
41518,0033800002gz7eVAAQ,0.0,0,0.0,10254.0,0,0,0,0,1,0,1,0,0,0,0,1,1
41521,0033800002gz7mFAAQ,0.0,90,0.0,5223.0,0,0,0,1,0,0,1,0,0,0,0,1,1
41523,0033800002gz7tBAAQ,0.0,0,157.0,2192.0,0,1,0,0,0,0,1,0,0,0,1,0,0
41524,0033800002gz7ziAAA,0.0,100,309.0,4383.0,0,1,0,0,0,0,1,0,0,0,0,1,0
41528,0033800002gz88QAAQ,0.0,0,1877.0,7457.0,0,0,0,1,0,0,1,0,0,0,0,1,0
41529,0033800002gz8BUAAY,0.0,30,1899.0,9133.0,0,1,0,0,0,0,0,1,0,0,0,1,1
41530,0033800002gz8DBAAY,0.0,0,22.0,1398.0,0,0,0,1,0,1,0,0,0,0,1,0,1
41532,0033800002gz8Q6AAI,0.0,0,0.0,2793.0,0,0,0,1,0,0,0,0,1,0,0,1,1
41533,0033800002gz8a7AAA,0.0,0,0.0,7335.0,0,0,0,1,0,0,1,0,0,0,0,1,1
41535,0033800002gz8nxAAA,0.0,0,836.0,1670.0,0,0,0,1,0,0,1,0,0,0,0,1,0
41537,0033800002gz8qwAAA,0.0,0,11856.0,1461.0,0,0,0,1,0,0,1,0,0,0,0,1,1
41538,0033800002gz8r1AAA,0.0,80,1192.0,7334.0,0,1,0,0,0,0,0,0,0,1,1,0,1
41541,0033800002gz8ygAAA,0.0,70,831.0,7307.0,0,0,0,1,0,0,0,0,0,1,0,1,0
41543,0033800002gz974AAA,0.0,100,13707.0,1554.0,0,1,0,0,0,0,1,0,0,0,0,1,0
41544,0033800002gz97EAAQ,0.0,90,0.0,5313.0,0,0,0,1,0,0,0,0,1,0,0,1,1
41547,0033800002gz9mBAAQ,0.0,0,0.0,7322.0,0,1,0,0,0,0,1,0,0,0,0,1,0
41548,0033800002gz9n3AAA,0.0,30,0.0,6209.0,1,0,0,0,0,1,0,0,0,0,0,1,0
41549,0033800002gz9yfAAA,0.0,0,0.0,7942.0,0,0,0,1,0,0,0,0,0,1,1,0,1
41550,0033800002gz9zsAAA,0.0,60,3080.0,7378.0,0,1,0,0,0,1,0,0,0,0,0,1,1
41553,0033800002gzADuAAM,0.0,0,0.0,7466.0,0,0,0,1,0,0,1,0,0,0,0,1,1
41554,0033800002gzAE9AAM,0.0,0,0.0,1321.0,0,1,0,0,0,0,1,0,0,0,0,1,1
41556,0033800002gzAGeAAM,0.0,40,0.0,2557.0,1,0,0,0,0,1,0,0,0,0,1,0,1
41557,0033800002gzALPAA2,0.0,0,0.0,8776.0,0,0,0,0,1,0,0,0,0,1,1,0,1
41558,0033800002gzAOdAAM,0.0,0,0.0,3071.0,1,0,0,0,0,0,0,0,0,1,0,1,1
41559,0033800002gzAQyAAM,0.0,0,1224.0,3042.0,0,0,0,1,0,0,1,0,0,0,0,1,1
41560,0033800002gzAR8AAM,0.0,0,133.0,1386.0,0,0,0,1,0,0,0,0,0,1,0,1,1
41561,0033800002gzATVAA2,0.0,90,96.0,10305.0,0,1,0,0,0,0,1,0,0,0,0,1,1
41562,0033800002gzAUTAA2,0.0,0,0.0,5213.0,0,0,0,1,0,0,1,0,0,0,0,1,0
41563,0033800002gzAXCAA2,0.0,0,0.0,8183.0,0,1,0,0,0,0,0,0,0,1,0,1,1
41564,0033800002gzAY0AAM,0.0,0,7475.0,2192.0,1,0,0,0,0,0,1,0,0,0,0,1,0
41566,0033800002gzAcbAAE,0.0,0,0.0,8531.0,0,1,0,0,0,0,1,0,0,0,0,1,1
41570,0033800002gzBMMAA2,0.0,0,0.0,10530.0,1,0,0,0,0,0,1,0,0,0,0,1,1
41571,0033800002gzBUfAAM,0.0,0,0.0,7310.0,0,0,0,1,0,0,0,0,0,1,0,1,0
41573,0033800002gzC02AAE,0.0,0,0.0,8790.0,0,1,0,0,0,0,0,0,0,1,0,1,1
41583,0033800002gzCdNAAU,0.0,0,1284.0,3979.0,0,1,0,0,0,1,0,0,0,0,1,0,1
41592,0033800002gzDOYAA2,0.0,0,0.0,3172.0,0,0,0,1,0,0,1,0,0,0,1,0,1
41593,0033800002gzDR3AAM,0.0,0,0.0,3214.0,0,1,0,0,0,0,0,1,0,0,0,1,0
41597,0033800002gzDjRAAU,0.0,0,1274.0,1521.0,0,1,0,0,0,1,0,0,0,0,0,1,1
41598,0033800002gzDm6AAE,0.0,0,0.0,7508.0,1,0,0,0,0,1,0,0,0,0,0,1,1
41599,0033800002gzDr6AAE,0.0,0,8895.0,4606.0,0,0,0,1,0,0,1,0,0,0,0,1,0
41605,0033800002gzEZyAAM,0.0,0,0.0,7878.0,0,0,0,1,0,0,0,0,0,1,0,1,1
41608,0033800002gzEwsAAE,0.0,0,0.0,2191.0,0,0,0,1,0,1,0,0,0,0,0,1,0
41612,0033800002gzFJrAAM,0.0,0,1234.0,1825.0,0,0,0,1,0,0,0,0,0,1,0,1,0
41613,0033800002gzFdvAAE,0.0,0,0.0,11507.0,0,0,0,1,0,0,1,0,0,0,0,1,1
41614,0033800002gzFejAAE,0.0,0,0.0,1398.0,0,0,0,1,0,0,0,0,0,1,1,0,0
41617,0033800002gzFp3AAE,0.0,100,767.0,3047.0,0,0,0,1,0,0,0,0,1,0,0,1,1
41620,0033800002gzFsHAAU,0.0,0,0.0,3035.0,0,0,0,0,1,0,1,0,0,0,0,1,1
41621,0033800002gzFtjAAE,0.0,0,3390.0,7732.0,0,1,0,0,0,0,1,0,0,0,0,1,0
41624,0033800002gzG1rAAE,0.0,0,0.0,5507.0,1,0,0,0,0,1,0,0,0,0,0,1,1
41625,0033800002gzG3nAAE,0.0,0,0.0,7319.0,0,0,0,1,0,0,1,0,0,0,0,1,1
41626,0033800002gzG6IAAU,0.0,0,0.0,9501.0,1,0,0,0,0,0,1,0,0,0,0,1,1
41627,0033800002gzG6wAAE,0.0,0,0.0,7315.0,0,0,0,1,0,1,0,0,0,0,0,1,1
41628,0033800002gzGC7AAM,0.0,0,0.0,7316.0,1,0,0,0,0,0,1,0,0,0,0,1,0
41629,0033800002gzGM5AAM,0.0,0,3099.0,1302.0,0,0,0,0,1,0,1,0,0,0,0,1,0
41630,0033800002gzGRtAAM,0.0,0,0.0,8489.0,0,1,0,0,0,0,0,0,0,1,0,1,1
41631,0033800002gzGS8AAM,0.0,100,126.0,7327.0,0,0,0,0,1,1,0,0,0,0,0,1,1
41632,0033800002gzGScAAM,0.0,0,0.0,7243.0,1,0,0,0,0,0,1,0,0,0,0,1,1
41635,0033800002gzGTBAA2,0.0,0,74.0,8180.0,0,0,0,0,1,0,1,0,0,0,0,1,1
41639,0033800002gzGTpAAM,0.0,70,44.0,1447.0,0,0,0,1,0,0,1,0,0,0,1,0,1
41643,0033800002gzGXhAAM,0.0,0,0.0,8497.0,0,0,0,1,0,0,0,0,1,0,0,1,1
41647,0033800002gzGbAAAU,0.0,0,0.0,7516.0,0,0,0,1,0,0,0,0,0,1,0,1,1
41648,0033800002gzGbUAAU,0.0,0,3780.0,1463.0,1,0,0,0,0,0,0,0,0,1,0,1,0
41651,0033800002gzGdLAAU,0.0,0,0.0,2971.0,0,0,0,1,0,1,0,0,0,0,0,1,1
41653,0033800002gzGesAAE,0.0,0,0.0,8137.0,0,1,0,0,0,1,0,0,0,0,1,0,1
41654,0033800002gzGfWAAU,0.0,0,0.0,944.0,0,0,0,1,0,0,0,0,1,0,1,0,1
41657,0033800002gzGj4AAE,0.0,30,12576.0,1096.0,0,0,0,1,0,0,0,0,0,1,0,1,0
41658,0033800002gzGjEAAU,0.0,0,2044.0,1462.0,0,0,0,1,0,0,1,0,0,0,0,1,1
41659,0033800002gzGjoAAE,0.0,0,8892.0,1277.0,1,0,0,0,0,0,1,0,0,0,0,1,0
41660,0033800002gzGloAAE,0.0,40,3434.0,1170.0,0,0,0,1,0,0,1,0,0,0,0,1,0
41662,0033800002gzGmXAAU,0.0,0,0.0,11066.0,1,0,0,0,0,0,1,0,0,0,0,1,0
41663,0033800002gzGmmAAE,0.0,0,0.0,8948.0,0,1,0,0,0,0,1,0,0,0,0,1,1
41664,0033800002gzGnGAAU,0.0,0,0.0,7809.0,0,1,0,0,0,1,0,0,0,0,0,1,1
41667,0033800002gzGwIAAU,0.0,0,9100.0,1102.0,0,0,0,0,1,0,1,0,0,0,0,1,1
41668,0033800002gzGz7AAE,0.0,0,3536.0,1461.0,0,1,0,0,0,0,1,0,0,0,0,1,1
41671,0033800002gzH86AAE,0.0,0,1432.0,3034.0,0,1,0,0,0,0,0,0,1,0,0,1,1
41674,0033800002gzHF2AAM,0.0,0,0.0,7729.0,1,0,0,0,0,1,0,0,0,0,1,0,0
41679,0033800002gzHohAAE,0.0,0,4.0,2832.0,0,0,0,1,0,1,0,0,0,0,0,1,0
41685,0033800002gzHpbAAE,0.0,100,464.0,6285.0,0,0,0,1,0,0,0,0,1,0,0,1,1
41687,0033800002gzI8EAAU,0.0,50,6495.0,1123.0,0,0,0,0,1,1,0,0,0,0,1,0,0
41688,0033800002gzIABAA2,0.0,0,0.0,8005.0,0,0,0,0,1,0,0,0,0,1,0,1,1
41689,0033800002gzICMAA2,0.0,0,0.0,8055.0,1,0,0,0,0,0,1,0,0,0,0,1,1
41691,0033800002gzIKGAA2,0.0,0,3121.0,1836.0,0,1,0,0,0,1,0,0,0,0,1,0,1
41692,0033800002gzIP6AAM,0.0,80,567.0,10089.0,0,0,0,1,0,0,1,0,0,0,0,1,0
41693,0033800002gzIRgAAM,0.0,0,0.0,3092.0,0,0,0,1,0,0,1,0,0,0,0,1,1
41694,0033800002gzIdIAAU,0.0,0,0.0,7308.0,1,0,0,0,0,0,0,0,0,1,0,1,0
41695,0033800002gzIm0AAE,0.0,0,0.0,11015.0,1,0,0,0,0,0,0,0,0,1,0,1,0
41697,0033800002gzIvqAAE,0.0,0,0.0,2688.0,0,0,0,1,0,0,1,0,0,0,0,1,0
41701,0033800002gzJFmAAM,0.0,0,1684.0,1066.0,0,0,0,1,0,0,1,0,0,0,0,1,0
41704,0033800002gzJQuAAM,0.0,0,0.0,8383.0,1,0,0,0,0,1,0,0,0,0,0,1,1
41705,0033800002gzJSqAAM,0.0,0,0.0,7307.0,0,0,0,1,0,0,0,0,0,1,0,1,1
41706,0033800002gzJpBAAU,0.0,0,1606.0,1555.0,0,0,0,1,0,0,1,0,0,0,1,0,1
41708,0033800002gzK2jAAE,0.0,0,0.0,12959.0,0,0,0,0,1,0,1,0,0,0,0,1,1
41713,0033800002gzKF4AAM,0.0,0,0.0,11037.0,0,0,0,0,1,0,0,0,0,1,0,1,1
41722,0033800002gzKZkAAM,0.0,0,1572.0,3782.0,1,0,0,0,0,0,0,0,0,1,0,1,0
41726,0033800002gzKhUAAU,0.0,0,0.0,3634.0,0,0,0,0,1,0,1,0,0,0,0,1,1
41729,0033800002gzKmtAAE,0.0,0,3387.0,3510.0,0,0,0,1,0,1,0,0,0,0,0,1,0
41730,0033800002gzKtGAAU,0.0,0,0.0,8138.0,0,0,0,1,0,0,1,0,0,0,0,1,0
41731,0033800002gzL8sAAE,0.0,0,12131.0,2556.0,1,0,0,0,0,1,0,0,0,0,0,1,1
41735,0033800002gzLHaAAM,0.0,0,0.0,2303.0,0,0,0,1,0,0,1,0,0,0,0,1,0
41736,0033800002gzLKyAAM,0.0,0,390.0,1772.0,0,0,0,1,0,0,1,0,0,0,1,0,1
41738,0033800002gzLLhAAM,0.0,0,0.0,1207.0,1,0,0,0,0,0,1,0,0,0,0,1,0
41739,0033800002gzLYHAA2,0.0,0,0.0,7321.0,1,0,0,0,0,1,0,0,0,0,0,1,1
41740,0033800002gzLgkAAE,0.0,0,471.0,1572.0,0,1,0,0,0,0,0,0,0,1,0,1,1
41742,0033800002gzLlVAAU,0.0,0,0.0,9666.0,0,1,0,0,0,0,1,0,0,0,0,1,1
41745,0033800002gzM01AAE,0.0,0,499.0,579.0,0,0,0,1,0,1,0,0,0,0,1,0,0
41746,0033800002gzM3BAAU,0.0,0,0.0,9503.0,0,0,0,1,0,0,1,0,0,0,0,1,1
41747,0033800002gzMBdAAM,0.0,0,0.0,4150.0,1,0,0,0,0,0,1,0,0,0,1,0,0
41749,0033800002gzMCHAA2,0.0,80,393.0,9480.0,0,1,0,0,0,0,1,0,0,0,0,1,1
41756,0033800002gzMJSAA2,0.0,0,0.0,9300.0,0,1,0,0,0,1,0,0,0,0,0,1,1
41759,0033800002gzMVEAA2,0.0,60,0.0,7421.0,1,0,0,0,0,0,1,0,0,0,0,1,1
41763,0033800002gzN7DAAU,0.0,0,0.0,8347.0,0,0,0,0,1,0,0,0,0,1,0,1,1
41765,0033800002gzNVoAAM,0.0,0,0.0,3871.0,1,0,0,0,0,0,1,0,0,0,0,1,1
41772,0033800002gzNuAAAU,0.0,10,1383.0,2797.0,0,0,0,1,0,0,1,0,0,0,0,1,1
41773,0033800002gzNutAAE,0.0,0,0.0,4984.0,0,0,0,1,0,0,1,0,0,0,0,1,0
41777,0033800002gzO2iAAE,0.0,0,0.0,3276.0,0,0,0,1,0,0,0,0,0,1,1,0,0
41778,0033800002gzO95AAE,0.0,0,0.0,8655.0,0,0,0,1,0,0,0,0,1,0,0,1,1
41783,0033800002gzOdEAAU,0.0,0,5421.0,2619.0,0,0,0,0,1,0,0,1,0,0,0,1,1
41784,0033800002gzOdjAAE,0.0,0,0.0,9983.0,0,1,0,0,0,0,1,0,0,0,0,1,1
41786,0033800002gzOu4AAE,0.0,0,42.0,10462.0,0,0,0,0,1,0,1,0,0,0,0,1,1
41788,0033800002gzP5uAAE,0.0,0,0.0,1462.0,0,0,0,1,0,0,0,0,1,0,0,1,1
41789,0033800002gzP8oAAE,0.0,0,0.0,1653.0,0,0,0,1,0,1,0,0,0,0,0,1,1
41790,0033800002gzPB9AAM,0.0,0,593.0,5134.0,0,0,0,1,0,1,0,0,0,0,0,1,0
41791,0033800002gzPC7AAM,0.0,0,0.0,1461.0,0,0,0,1,0,0,1,0,0,0,0,1,0
41792,0033800002gzPHCAA2,0.0,0,0.0,7611.0,0,1,0,0,0,0,0,0,0,1,0,1,1
41794,0033800002gzPP1AAM,0.0,80,4585.0,7559.0,0,1,0,0,0,0,0,0,0,1,0,1,0
41795,0033800002gzPPzAAM,0.0,0,0.0,9544.0,0,0,0,0,1,0,1,0,0,0,0,1,1
41796,0033800002gzPcYAAU,0.0,0,0.0,4867.0,1,0,0,0,0,0,1,0,0,0,0,1,1
41797,0033800002gzPcnAAE,0.0,0,0.0,8929.0,0,1,0,0,0,0,1,0,0,0,0,1,0
41798,0033800002gzPdMAAU,0.0,0,0.0,2557.0,0,0,0,1,0,0,1,0,0,0,0,1,1
41800,0033800002gzPfrAAE,0.0,100,806.0,4810.0,0,0,0,1,0,0,1,0,0,0,0,1,0
41801,0033800002gzPoFAAU,0.0,0,0.0,7331.0,0,0,0,1,0,0,0,0,0,1,0,1,1
41802,0033800002gzPp3AAE,0.0,60,4262.0,3562.0,1,0,0,0,0,0,1,0,0,0,0,1,1
41803,0033800002gzQ43AAE,0.0,0,0.0,1825.0,0,0,0,1,0,0,0,0,1,0,0,1,1
41808,0033800002gzQU6AAM,0.0,0,0.0,9862.0,0,0,0,1,0,0,1,0,0,0,0,1,0
41810,0033800002gzQxpAAE,0.0,0,0.0,11021.0,0,0,0,0,1,0,0,0,0,1,1,0,1
41811,0033800002gzRI2AAM,0.0,60,1720.0,2923.0,0,0,0,1,0,1,0,0,0,0,0,1,0
41815,0033800002gzRoHAAU,0.0,0,0.0,3493.0,0,0,0,1,0,0,1,0,0,0,0,1,1
41818,0033800002gzSADAA2,0.0,0,3456.0,3283.0,0,1,0,0,0,1,0,0,0,0,1,0,0
41819,0033800002gzSPcAAM,0.0,0,0.0,7323.0,1,0,0,0,0,1,0,0,0,0,1,0,1
41820,0033800002gzSQ6AAM,0.0,0,4329.0,2557.0,0,0,0,0,1,1,0,0,0,0,1,0,1
41821,0033800002gzSazAAE,0.0,0,0.0,7415.0,0,0,0,1,0,0,1,0,0,0,0,1,1
41823,0033800002gzSitAAE,0.0,0,0.0,2918.0,0,0,0,1,0,0,1,0,0,0,0,1,0
41824,0033800002gzSpaAAE,0.0,0,0.0,3218.0,0,0,0,1,0,0,1,0,0,0,0,1,1
41831,0033800002gzTSDAA2,0.0,0,0.0,2088.0,0,0,0,1,0,0,0,0,0,1,0,1,1
41832,0033800002gzTqiAAE,0.0,0,0.0,7327.0,1,0,0,0,0,0,1,0,0,0,0,1,1
41834,0033800002gzUBfAAM,0.0,0,0.0,11024.0,0,1,0,0,0,0,0,0,0,1,0,1,0
41836,0033800002gzUJKAA2,0.0,0,379.0,8294.0,0,0,0,1,0,0,1,0,0,0,0,1,0
41837,0033800002gzUJZAA2,0.0,0,0.0,5478.0,0,1,0,0,0,1,0,0,0,0,1,0,0
41838,0033800002gzUQ6AAM,0.0,0,0.0,8203.0,0,0,0,1,0,0,1,0,0,0,0,1,1
41839,0033800002gzUUIAA2,0.0,0,0.0,2192.0,0,1,0,0,0,0,1,0,0,0,0,1,0
41840,0033800002gzUZhAAM,0.0,0,0.0,12848.0,0,0,0,0,1,0,1,0,0,0,1,0,1
41843,0033800002gzUcWAAU,0.0,0,0.0,6021.0,0,0,0,1,0,0,0,1,0,0,0,1,1
41849,0033800002gzVJpAAM,0.0,0,225.0,273.0,0,1,0,0,0,0,1,0,0,0,0,1,0
41850,0033800002gzVMeAAM,0.0,0,0.0,7359.0,0,1,0,0,0,0,1,0,0,0,0,1,1
41862,0033800002gzVp2AAE,0.0,0,82.0,9363.0,0,1,0,0,0,0,1,0,0,0,1,0,0
41867,0033800002gzW7VAAU,0.0,0,0.0,9438.0,0,0,0,1,0,0,1,0,0,0,0,1,1
41870,0033800002gzW9gAAE,0.0,0,0.0,4548.0,1,0,0,0,0,0,1,0,0,0,0,1,1
41872,0033800002gzWElAAM,0.0,0,0.0,9260.0,0,1,0,0,0,0,1,0,0,0,0,1,0
41874,0033800002gzWI9AAM,0.0,0,0.0,7676.0,0,1,0,0,0,0,1,0,0,0,0,1,0
41876,0033800002gzWLIAA2,0.0,0,0.0,9640.0,0,1,0,0,0,0,0,0,0,1,0,1,1
41879,0033800002gzWMBAA2,0.0,0,0.0,7309.0,0,0,0,1,0,0,0,0,1,0,0,1,1
41880,0033800002gzWNTAA2,0.0,0,0.0,1461.0,0,0,0,1,0,0,1,0,0,0,0,1,0
41885,0033800002gzWk3AAE,0.0,0,0.0,8755.0,0,1,0,0,0,0,1,0,0,0,0,1,0
41890,0033800002gzWr9AAE,0.0,0,0.0,7318.0,0,0,0,1,0,0,1,0,0,0,0,1,1
41892,0033800002gzWtjAAE,0.0,0,0.0,3829.0,0,0,0,1,0,0,1,0,0,0,0,1,1
41893,0033800002gzWu3AAE,0.0,0,12.0,2741.0,0,1,0,0,0,0,1,0,0,0,0,1,1
41900,0033800002gzX3tAAE,0.0,0,0.0,8335.0,0,0,0,0,1,0,0,0,0,1,0,1,1
41903,0033800002gzX5GAAU,0.0,0,0.0,3314.0,0,0,0,1,0,0,1,0,0,0,0,1,0
41921,0033800002gzXUIAA2,0.0,0,5.0,5106.0,0,0,0,1,0,0,0,0,0,1,1,0,0
41922,0033800002gzXUmAAM,0.0,0,0.0,5469.0,1,0,0,0,0,1,0,0,0,0,0,1,1
41923,0033800002gzXZ3AAM,0.0,0,0.0,2070.0,0,0,0,1,0,0,1,0,0,0,0,1,1
41924,0033800002gzXaGAAU,0.0,0,0.0,9544.0,0,0,0,0,1,0,1,0,0,0,0,1,1
41931,0033800002gzXuBAAU,0.0,0,0.0,5110.0,0,0,0,1,0,0,1,0,0,0,0,1,0
41932,0033800002gzXuLAAU,0.0,0,0.0,7329.0,0,0,0,1,0,0,1,0,0,0,0,1,1
41933,0033800002gzXufAAE,0.0,0,0.0,7766.0,0,0,0,0,1,0,1,0,0,0,1,0,1
41934,0033800002gzXvYAAU,0.0,0,0.0,7333.0,1,0,0,0,0,0,1,0,0,0,1,0,1
41935,0033800002gzXwHAAU,0.0,0,0.0,4874.0,1,0,0,0,0,0,1,0,0,0,1,0,0
41936,0033800002gzXwWAAU,0.0,0,128.0,585.0,0,1,0,0,0,0,0,0,0,1,0,1,1
41937,0033800002gzY1TAAU,0.0,0,0.0,1298.0,0,0,0,1,0,0,1,0,0,0,1,0,0
41940,0033800002gzYBsAAM,0.0,0,0.0,8744.0,0,1,0,0,0,0,1,0,0,0,0,1,1
41941,0033800002gzYQxAAM,0.0,0,0.0,36032.0,0,0,0,1,0,0,1,0,0,0,0,1,1
41942,0033800002gzYRgAAM,0.0,0,0.0,1460.0,0,0,0,1,0,0,0,0,1,0,0,1,1
41943,0033800002gzYS0AAM,0.0,0,0.0,3920.0,0,0,0,1,0,0,1,0,0,0,1,0,1
41945,0033800002gzYZaAAM,0.0,0,0.0,7750.0,1,0,0,0,0,0,1,0,0,0,0,1,0
41946,0033800002gzYcLAAU,0.0,0,0.0,7890.0,1,0,0,0,0,0,1,0,0,0,1,0,0
41947,0033800002gzYddAAE,0.0,0,0.0,7331.0,1,0,0,0,0,0,1,0,0,0,0,1,1
41948,0033800002gzYfyAAE,0.0,0,0.0,677.0,0,1,0,0,0,0,1,0,0,0,1,0,0
41949,0033800002gzYhBAAU,0.0,0,0.0,1827.0,0,0,0,1,0,0,0,0,0,1,0,1,1
41950,0033800002gzYhVAAU,0.0,0,0.0,8979.0,0,1,0,0,0,0,1,0,0,0,1,0,0
41951,0033800002gzYk1AAE,0.0,0,46.0,8278.0,0,0,0,1,0,0,1,0,0,0,1,0,0
41952,0033800002gzYm6AAE,0.0,0,0.0,7328.0,0,0,0,1,0,0,0,0,0,1,0,1,1
41955,0033800002gzYpoAAE,0.0,0,0.0,8766.0,0,1,0,0,0,0,0,0,0,1,0,1,1
41956,0033800002gzZ4eAAE,0.0,0,3042.0,1462.0,1,0,0,0,0,0,0,0,0,1,1,0,0
41957,0033800002gzZ4yAAE,0.0,0,0.0,9436.0,0,1,0,0,0,0,1,0,0,0,0,1,1
41958,0033800002gzZ7JAAU,0.0,0,0.0,1866.0,0,0,0,1,0,0,1,0,0,0,0,1,0
41961,0033800002gzZnUAAU,0.0,40,439.0,1675.0,0,1,0,0,0,0,1,0,0,0,0,1,1
41962,0033800002gzZpLAAU,0.0,0,1148.0,2662.0,0,0,0,1,0,0,1,0,0,0,0,1,0
41964,0033800002gza0KAAQ,0.0,10,934.0,1581.0,0,0,0,1,0,0,1,0,0,0,0,1,0
41966,0033800002gza7oAAA,0.0,0,1014.0,3624.0,0,0,0,1,0,0,1,0,0,0,0,1,1
41971,0033800002gzcPzAAI,0.0,100,811.0,7312.0,0,1,0,0,0,0,0,0,0,1,0,1,0
41973,0033800002gzcQ1AAI,0.0,0,0.0,2953.0,0,0,0,0,1,0,0,0,0,1,1,0,0
41980,0033800002gzcbeAAA,0.0,100,439.0,7590.0,1,0,0,0,0,0,0,0,1,0,0,1,1
41981,0033800002gzcfCAAQ,0.0,0,0.0,3112.0,1,0,0,0,0,0,1,0,0,0,0,1,1
41987,0033800002gzcwcAAA,0.0,0,0.0,7335.0,1,0,0,0,0,1,0,0,0,0,0,1,0
41988,0033800002gzd2pAAA,0.0,0,5.0,2922.0,0,1,0,0,0,0,1,0,0,0,1,0,0
41989,0033800002gzdDYAAY,0.0,10,10839.0,1733.0,1,0,0,0,0,0,0,0,0,1,0,1,0
41990,0033800002gzdFZAAY,0.0,0,7040.0,2287.0,0,0,0,1,0,0,1,0,0,0,1,0,0
41991,0033800002gzdFyAAI,0.0,0,6755.0,1791.0,0,0,0,1,0,0,1,0,0,0,0,1,0
41992,0033800002gzdJ7AAI,0.0,0,0.0,9166.0,0,0,0,0,1,1,0,0,0,0,0,1,0
41994,0033800002gzdLnAAI,0.0,50,12113.0,1095.0,1,0,0,0,0,0,1,0,0,0,0,1,0
41995,0033800002gzdR4AAI,0.0,0,0.0,7340.0,0,0,0,1,0,0,0,0,1,0,0,1,1
41997,0033800002gzdapAAA,0.0,0,1908.0,1461.0,1,0,0,0,0,0,0,0,1,0,0,1,0
41998,0033800002gzdcgAAA,0.0,90,838.0,3915.0,0,0,0,1,0,1,0,0,0,0,0,1,0
42002,0033800002gze4fAAA,0.0,0,0.0,8794.0,1,0,0,0,0,1,0,0,0,0,0,1,1
42003,0033800002gzeCZAAY,0.0,0,0.0,7305.0,0,1,0,0,0,0,1,0,0,0,0,1,0
42006,0033800002gzeJGAAY,0.0,0,0.0,4199.0,1,0,0,0,0,0,0,1,0,0,0,1,0
42007,0033800002gzeOKAAY,0.0,0,0.0,4180.0,0,0,0,1,0,0,1,0,0,0,0,1,1
42013,0033800002gzecqAAA,0.0,0,133.0,7319.0,1,0,0,0,0,1,0,0,0,0,0,1,1
42014,0033800002gzeh1AAA,0.0,0,0.0,7483.0,0,1,0,0,0,0,1,0,0,0,0,1,1
42015,0033800002gzekaAAA,0.0,0,112.0,1407.0,0,0,0,1,0,0,1,0,0,0,1,0,0
42016,0033800002gzen7AAA,0.0,0,0.0,262.0,0,0,0,1,0,0,0,0,1,0,0,1,1
42020,0033800002gzexDAAQ,0.0,0,0.0,7805.0,0,0,0,0,1,0,0,0,0,1,0,1,1
42021,0033800002gzexXAAQ,0.0,0,0.0,2885.0,1,0,0,0,0,1,0,0,0,0,0,1,0
42028,0033800002gzfHNAAY,0.0,0,2358.0,7937.0,1,0,0,0,0,0,1,0,0,0,0,1,1
42031,0033800002gzfR9AAI,0.0,0,0.0,7898.0,1,0,0,0,0,0,0,0,0,1,0,1,0
42032,0033800002gzfROAAY,0.0,0,1801.0,2905.0,0,0,0,1,0,0,0,0,0,1,0,1,0
42033,0033800002gzfj3AAA,0.0,0,0.0,8964.0,0,1,0,0,0,0,1,0,0,0,0,1,0
42034,0033800002gzfj8AAA,0.0,0,0.0,7305.0,0,1,0,0,0,0,1,0,0,0,0,1,1
42036,0033800002gzfozAAA,0.0,90,514.0,1746.0,0,1,0,0,0,0,1,0,0,0,1,0,1
42038,0033800002gzfqHAAQ,0.0,0,1690.0,1460.0,0,1,0,0,0,0,0,0,0,1,0,1,1
42039,0033800002gzfwZAAQ,0.0,50,11141.0,1461.0,1,0,0,0,0,0,0,0,1,0,0,1,1
42041,0033800002gzgM5AAI,0.0,0,551.0,1367.0,1,0,0,0,0,0,0,0,1,0,0,1,0
42042,0033800002gzgaMAAQ,0.0,0,0.0,10228.0,0,1,0,0,0,0,1,0,0,0,0,1,0
42043,0033800002gzgoJAAQ,0.0,90,773.0,9508.0,1,0,0,0,0,1,0,0,0,0,0,1,1
42044,0033800002gzgq5AAA,0.0,0,0.0,7695.0,1,0,0,0,0,0,1,0,0,0,0,1,1
42047,0033800002gzgz2AAA,0.0,0,4479.0,1826.0,1,0,0,0,0,0,1,0,0,0,0,1,1
42050,0033800002gzhM5AAI,0.0,0,0.0,7589.0,1,0,0,0,0,0,1,0,0,0,0,1,1
42051,0033800002gzhOuAAI,0.0,30,4656.0,1973.0,0,1,0,0,0,0,1,0,0,0,1,0,1
42053,0033800002gzhjlAAA,0.0,80,2328.0,4870.0,0,1,0,0,0,0,1,0,0,0,1,0,0
42056,0033800002gzi4MAAQ,0.0,0,0.0,7688.0,0,0,0,1,0,0,1,0,0,0,0,1,1
42059,0033800002gzjwiAAA,0.0,0,238.0,2247.0,0,0,0,1,0,0,1,0,0,0,0,1,0
42060,0033800002gzjz3AAA,0.0,0,0.0,7691.0,0,0,0,0,1,0,1,0,0,0,0,1,1
42063,0033800002gzkAAAAY,0.0,100,348.0,6691.0,0,0,0,1,0,0,1,0,0,0,0,1,1
42065,0033800002gzkCfAAI,0.0,0,9218.0,1883.0,0,0,0,1,0,0,1,0,0,0,0,1,0
42066,0033800002gzkE2AAI,0.0,0,1702.0,4842.0,0,0,0,1,0,0,1,0,0,0,0,1,1
42071,0033800002gzlQkAAI,0.0,0,0.0,3566.0,0,1,0,0,0,0,1,0,0,0,0,1,1
42072,0033800002gzlVfAAI,0.0,0,2345.0,3286.0,0,0,0,1,0,0,0,0,0,1,0,1,1
42074,0033800002gzm4RAAQ,0.0,10,0.0,4776.0,0,1,0,0,0,0,1,0,0,0,0,1,1
42075,0033800002gzm6wAAA,0.0,0,0.0,2980.0,0,0,0,1,0,0,1,0,0,0,0,1,1
42076,0033800002gzm76AAA,0.0,0,0.0,7333.0,0,1,0,0,0,0,1,0,0,0,0,1,1
42077,0033800002gzmDnAAI,0.0,0,10.0,6027.0,1,0,0,0,0,0,1,0,0,0,0,1,1
42078,0033800002gzmITAAY,0.0,0,0.0,1332.0,0,0,0,1,0,0,1,0,0,0,0,1,0
42079,0033800002gzmNOAAY,0.0,100,0.0,2517.0,0,0,0,1,0,0,1,0,0,0,0,1,0
42080,0033800002gzmWfAAI,0.0,0,0.0,8057.0,1,0,0,0,0,1,0,0,0,0,0,1,1
42081,0033800002gzmhOAAQ,0.0,0,0.0,1270.0,0,0,0,1,0,0,1,0,0,0,0,1,1
42085,0033800002gzmxMAAQ,0.0,0,11100.0,2226.0,0,0,0,1,0,0,1,0,0,0,0,1,0
42086,0033800002gznB4AAI,0.0,0,0.0,1720.0,0,0,0,1,0,0,0,0,0,1,0,1,0
42087,0033800002gznD0AAI,0.0,0,0.0,7332.0,0,0,0,1,0,0,0,0,0,1,0,1,1
42088,0033800002gznHqAAI,0.0,20,3612.0,2556.0,0,1,0,0,0,0,0,0,0,1,0,1,0
42089,0033800002gznSFAAY,0.0,10,3962.0,1040.0,0,0,0,1,0,0,1,0,0,0,0,1,0
42094,0033800002gzooxAAA,0.0,0,3011.0,1789.0,0,0,0,0,1,0,1,0,0,0,0,1,0
42097,0033800002gzowhAAA,0.0,0,0.0,2936.0,0,0,0,1,0,0,1,0,0,0,0,1,0
42100,0033800002gzpLHAAY,0.0,0,0.0,9497.0,0,1,0,0,0,0,0,0,0,1,0,1,0
42101,0033800002gzpOGAAY,0.0,0,6.0,639.0,1,0,0,0,0,0,1,0,0,0,0,1,1
42106,0033800002gzpUrAAI,0.0,0,381.0,4716.0,1,0,0,0,0,0,1,0,0,0,0,1,0
42107,0033800002gzpZSAAY,0.0,60,2213.0,2922.0,0,0,0,0,1,0,1,0,0,0,1,0,1
42108,0033800002gzpg4AAA,0.0,90,1466.0,3987.0,0,0,0,1,0,0,1,0,0,0,0,1,0
42109,0033800002gzpjSAAQ,0.0,100,1504.0,6575.0,0,0,0,1,0,0,0,0,1,0,0,1,0
42111,0033800002gzqOIAAY,0.0,0,13.0,10241.0,1,0,0,0,0,0,1,0,0,0,0,1,1
42112,0033800002gzqguAAA,0.0,0,0.0,7863.0,1,0,0,0,0,1,0,0,0,0,0,1,1
42113,0033800002gzqhEAAQ,0.0,0,0.0,7625.0,0,1,0,0,0,1,0,0,0,0,1,0,1
42116,0033800002gzqk3AAA,0.0,0,15.0,7834.0,0,0,0,1,0,0,1,0,0,0,0,1,1
42120,0033800002gzqp8AAA,0.0,0,104.0,2354.0,1,0,0,0,0,0,1,0,0,0,1,0,1
42123,0033800002gzquBAAQ,0.0,0,0.0,7320.0,0,1,0,0,0,0,1,0,0,0,0,1,1
42124,0033800002gzquzAAA,0.0,0,0.0,3597.0,0,0,0,1,0,0,0,0,0,1,0,1,1
42125,0033800002gzqySAAQ,0.0,0,0.0,7317.0,0,0,0,1,0,0,1,0,0,0,0,1,1
42126,0033800002gzqzGAAQ,0.0,0,173.0,9115.0,0,0,0,0,1,0,1,0,0,0,1,0,0
42128,0033800002gzr04AAA,0.0,0,0.0,9993.0,0,0,0,1,0,0,0,0,1,0,0,1,1
42129,0033800002gzr0JAAQ,0.0,60,960.0,2895.0,0,1,0,0,0,0,0,0,0,1,1,0,0
42130,0033800002gzr0OAAQ,0.0,0,0.0,1460.0,0,0,0,1,0,0,1,0,0,0,0,1,1
42132,0033800002gzr55AAA,0.0,0,0.0,7508.0,0,0,0,0,1,0,1,0,0,0,1,0,0
42133,0033800002gzr7aAAA,0.0,0,0.0,4518.0,1,0,0,0,0,1,0,0,0,0,1,0,0
42134,0033800002gzrABAAY,0.0,0,4342.0,1693.0,0,0,0,1,0,0,0,0,0,1,0,1,1
42137,0033800002gzrFjAAI,0.0,0,0.0,9120.0,1,0,0,0,0,0,1,0,0,0,0,1,1
42138,0033800002gzrFtAAI,0.0,0,0.0,1461.0,0,0,0,1,0,0,0,0,1,0,0,1,1
42139,0033800002gzrG3AAI,0.0,0,0.0,3382.0,1,0,0,0,0,0,1,0,0,0,0,1,1
42142,0033800002gzrNnAAI,0.0,0,0.0,3632.0,0,0,0,0,1,0,1,0,0,0,0,1,1
42146,0033800002gzrPFAAY,0.0,0,0.0,10901.0,1,0,0,0,0,0,0,1,0,0,0,1,1
42147,0033800002gzrPZAAY,0.0,0,0.0,1460.0,0,0,0,1,0,0,0,0,0,1,1,0,1
42152,0033800002gzrUkAAI,0.0,0,0.0,10320.0,0,0,0,0,1,0,1,0,0,0,0,1,1
42153,0033800002gzrVxAAI,0.0,0,0.0,2655.0,0,0,0,1,0,0,0,0,0,1,1,0,1
42155,0033800002gzrdDAAQ,0.0,0,0.0,2004.0,0,0,0,1,0,0,0,0,0,1,1,0,1
42156,0033800002gzrdwAAA,0.0,30,0.0,7364.0,0,0,0,1,0,0,1,0,0,0,0,1,0
42157,0033800002gzreLAAQ,0.0,0,0.0,1261.0,0,0,0,0,1,0,0,0,0,1,0,1,1
42163,0033800002gzrnwAAA,0.0,0,6532.0,1096.0,0,0,0,0,1,0,0,0,0,1,1,0,0
42164,0033800002gzs4mAAA,0.0,0,0.0,4132.0,1,0,0,0,0,0,1,0,0,0,0,1,0
42166,0033800002gztRDAAY,0.0,0,1192.0,6574.0,0,1,0,0,0,0,0,0,0,1,0,1,1
42169,0033800002gzth6AAA,0.0,0,258.0,1311.0,0,0,0,1,0,0,1,0,0,0,0,1,1
42170,0033800002gzthLAAQ,0.0,0,0.0,7091.0,0,1,0,0,0,0,0,0,0,1,0,1,1
42188,0033800002gzuAvAAI,0.0,0,0.0,1461.0,0,0,0,1,0,0,0,0,1,0,0,1,1
42193,0033800002gzuKgAAI,0.0,0,10605.0,2585.0,0,0,0,1,0,0,1,0,0,0,0,1,0
42201,0033800002gzvCJAAY,0.0,0,0.0,7369.0,0,1,0,0,0,0,1,0,0,0,0,1,1
42202,0033800002gzvLVAAY,0.0,0,0.0,2786.0,0,0,0,1,0,0,1,0,0,0,0,1,1
42204,0033800002gzvOZAAY,0.0,0,0.0,7488.0,0,0,0,0,1,1,0,0,0,0,0,1,1
42207,0033800002gzvXfAAI,0.0,0,0.0,7310.0,0,1,0,0,0,0,0,0,1,0,0,1,1
42209,0033800002gzvl8AAA,0.0,0,0.0,9308.0,0,0,0,0,1,1,0,0,0,0,0,1,1
42210,0033800002gzvnnAAA,0.0,0,0.0,3597.0,0,0,0,1,0,0,0,0,1,0,1,0,1
42211,0033800002gzvo7AAA,0.0,0,0.0,3435.0,0,0,0,1,0,0,1,0,0,0,0,1,1
42212,0033800002gzw3DAAQ,0.0,0,0.0,1461.0,0,0,0,1,0,0,1,0,0,0,0,1,0
42213,0033800002gzw3RAAQ,0.0,0,0.0,5939.0,0,1,0,0,0,0,1,0,0,0,0,1,1
42216,0033800002gzwcxAAA,0.0,0,14275.0,1825.0,0,1,0,0,0,1,0,0,0,0,0,1,1
42220,0033800002gzxAHAAY,0.0,0,0.0,97.0,0,0,0,1,0,0,0,0,1,0,0,1,1
42221,0033800002gzxPbAAI,0.0,90,7843.0,2847.0,0,0,0,1,0,0,0,0,1,0,1,0,1
42223,0033800002gzxWWAAY,0.0,0,4448.0,4012.0,0,0,0,0,1,0,1,0,0,0,1,0,0
42227,0033800002gzy0MAAQ,0.0,0,0.0,8604.0,0,1,0,0,0,0,1,0,0,0,0,1,0
42230,0033800002gzyY4AAI,0.0,0,948.0,1229.0,1,0,0,0,0,0,1,0,0,0,0,1,1
42231,0033800002gzye2AAA,0.0,0,0.0,2909.0,0,0,0,1,0,1,0,0,0,0,0,1,0
42232,0033800002gzygXAAQ,0.0,0,333.0,1371.0,0,0,0,1,0,0,0,0,0,1,0,1,0
42234,0033800002gzyhaAAA,0.0,0,0.0,7435.0,0,0,0,1,0,0,1,0,0,0,0,1,1
42243,0033800002gzyy2AAA,0.0,50,8026.0,1668.0,0,0,0,1,0,0,0,0,0,1,0,1,1
42244,0033800002gzz0IAAQ,0.0,100,0.0,352.0,0,0,0,1,0,0,1,0,0,0,0,1,1
42247,0033800002gzz2sAAA,0.0,0,2698.0,8066.0,1,0,0,0,0,0,1,0,0,0,0,1,1
42256,0033800002gzzPSAAY,0.0,0,2219.0,3287.0,0,0,0,1,0,0,1,0,0,0,0,1,0
42257,0033800002gzzZSAAY,0.0,0,0.0,7329.0,1,0,0,0,0,1,0,0,0,0,0,1,1
42261,0033800002h00isAAA,0.0,0,0.0,7305.0,0,1,0,0,0,0,0,0,1,0,0,1,0
42262,0033800002h00ixAAA,0.0,0,0.0,1128.0,0,1,0,0,0,0,0,0,0,1,0,1,1
42263,0033800002h00kyAAA,0.0,0,0.0,3822.0,1,0,0,0,0,0,1,0,0,0,0,1,1
42264,0033800002h00m1AAA,0.0,0,4457.0,1462.0,0,0,0,1,0,0,0,0,1,0,1,0,1
42267,0033800002h018bAAA,0.0,0,0.0,1368.0,0,0,0,1,0,0,1,0,0,0,1,0,0
42268,0033800002h01CiAAI,0.0,0,125.0,3048.0,0,0,0,1,0,0,1,0,0,0,0,1,0
42269,0033800002h01FhAAI,0.0,0,0.0,7472.0,0,1,0,0,0,0,1,0,0,0,0,1,0
42270,0033800002h01G6AAI,0.0,0,0.0,9941.0,0,1,0,0,0,0,1,0,0,0,1,0,1
42272,0033800002h01VuAAI,0.0,80,1693.0,10196.0,0,1,0,0,0,0,1,0,0,0,1,0,0
42275,0033800002h01e3AAA,0.0,0,7.0,3848.0,1,0,0,0,0,0,1,0,0,0,0,1,0
42278,0033800002h01hgAAA,0.0,0,0.0,8318.0,0,0,0,0,1,1,0,0,0,0,0,1,1
42280,0033800002h0270AAA,0.0,0,0.0,7234.0,0,0,0,1,0,0,1,0,0,0,0,1,1
42281,0033800002h02CQAAY,0.0,0,0.0,8435.0,1,0,0,0,0,0,1,0,0,0,0,1,0
42283,0033800002h02GcAAI,0.0,0,0.0,2718.0,0,0,0,1,0,0,0,0,0,1,0,1,0
42285,0033800002h02MuAAI,0.0,0,0.0,8282.0,0,0,0,0,1,0,1,0,0,0,0,1,0
42286,0033800002h02QDAAY,0.0,0,2413.0,1803.0,0,0,0,1,0,0,0,0,0,1,0,1,0
42287,0033800002h02X4AAI,0.0,0,0.0,1642.0,0,0,0,1,0,0,1,0,0,0,0,1,0
42288,0033800002h02XdAAI,0.0,0,0.0,1832.0,0,1,0,0,0,0,1,0,0,0,0,1,1
42289,0033800002h02eFAAQ,0.0,0,0.0,2831.0,0,0,0,1,0,0,0,0,0,1,0,1,1
42293,0033800002h02tuAAA,0.0,0,500.0,3286.0,0,1,0,0,0,0,1,0,0,0,0,1,0
42295,0033800002h031xAAA,0.0,0,0.0,1461.0,0,0,0,1,0,0,0,0,1,0,0,1,1
42296,0033800002h03EMAAY,0.0,0,0.0,5144.0,0,0,0,1,0,0,1,0,0,0,0,1,0
42305,0033800002h03h4AAA,0.0,0,36.0,1433.0,0,0,0,1,0,0,0,0,0,1,0,1,1
42311,0033800002h03pmAAA,0.0,0,0.0,7309.0,0,0,0,1,0,0,1,0,0,0,0,1,1
42313,0033800002h042HAAQ,0.0,0,0.0,1693.0,0,1,0,0,0,0,1,0,0,0,0,1,0
42317,0033800002h04SFAAY,0.0,0,0.0,3968.0,1,0,0,0,0,1,0,0,0,0,0,1,0
42320,0033800002h04xOAAQ,0.0,0,97.0,1323.0,0,0,0,1,0,0,0,0,0,1,1,0,0
42326,0033800002h05W9AAI,0.0,0,0.0,4359.0,0,1,0,0,0,0,1,0,0,0,0,1,1
42327,0033800002h05bJAAQ,0.0,100,0.0,9161.0,0,1,0,0,0,0,1,0,0,0,0,1,1
42329,0033800002h05u1AAA,0.0,50,1011.0,9016.0,0,0,0,1,0,0,0,0,1,0,0,1,1
42330,0033800002h063bAAA,0.0,0,0.0,1253.0,0,0,0,1,0,0,0,0,0,1,1,0,1
42335,0033800002h07DcAAI,0.0,0,0.0,4352.0,0,0,0,1,0,0,1,0,0,0,1,0,1
42336,0033800002h07FnAAI,0.0,0,0.0,1461.0,0,0,0,1,0,0,0,0,0,1,0,1,0
42345,0033800002h07aoAAA,0.0,0,0.0,7331.0,1,0,0,0,0,0,1,0,0,0,0,1,1
42346,0033800002h07mCAAQ,0.0,0,0.0,4139.0,0,1,0,0,0,0,1,0,0,0,1,0,1
42347,0033800002h07orAAA,0.0,0,19480.0,730.0,1,0,0,0,0,0,1,0,0,0,0,1,1
42348,0033800002h07sUAAQ,0.0,70,3275.0,8400.0,0,1,0,0,0,0,1,0,0,0,0,1,0
42356,0033800002h08HUAAY,0.0,0,0.0,1136.0,0,0,0,1,0,0,1,0,0,0,0,1,1
42359,0033800002h08QgAAI,0.0,0,0.0,7318.0,0,0,0,1,0,0,1,0,0,0,0,1,0
42360,0033800002h08UTAAY,0.0,100,1145.0,7955.0,0,0,0,1,0,0,1,0,0,0,0,1,0
42362,0033800002h08aHAAQ,0.0,90,4889.0,5323.0,0,0,0,0,1,0,1,0,0,0,0,1,0
42367,0033800002h08sfAAA,0.0,0,0.0,6133.0,0,1,0,0,0,0,1,0,0,0,0,1,0
42368,0033800002h08u7AAA,0.0,0,0.0,10025.0,0,1,0,0,0,1,0,0,0,0,1,0,1
42369,0033800002h09AAAAY,0.0,0,201.0,7513.0,0,1,0,0,0,0,0,0,1,0,0,1,1
42372,0033800002h09FjAAI,0.0,0,0.0,7703.0,0,0,0,1,0,0,1,0,0,0,0,1,1
42373,0033800002h09PoAAI,0.0,0,0.0,7327.0,0,0,0,1,0,0,0,0,0,1,0,1,1
42374,0033800002h09QJAAY,0.0,0,0.0,5112.0,0,0,0,1,0,0,1,0,0,0,0,1,1
42377,0033800002h09oFAAQ,0.0,0,0.0,4768.0,1,0,0,0,0,0,1,0,0,0,0,1,0
42378,0033800002h09wdAAA,0.0,0,0.0,8766.0,1,0,0,0,0,0,1,0,0,0,0,1,1
42379,0033800002h09x7AAA,0.0,0,0.0,10978.0,0,0,0,1,0,0,0,0,0,1,0,1,1
42380,0033800002h09yKAAQ,0.0,0,0.0,7836.0,0,1,0,0,0,0,1,0,0,0,0,1,1
42381,0033800002h09yUAAQ,0.0,0,0.0,1284.0,0,0,0,0,1,0,1,0,0,0,0,1,1
42382,0033800002h0A90AAE,0.0,0,1584.0,1461.0,1,0,0,0,0,0,0,0,0,1,0,1,0
42383,0033800002h0AEoAAM,0.0,0,0.0,11617.0,0,0,0,0,1,0,1,0,0,0,0,1,1
42384,0033800002h0AGkAAM,0.0,0,0.0,2981.0,0,0,0,0,1,0,1,0,0,0,0,1,0
42386,0033800002h0AJoAAM,0.0,0,3501.0,2372.0,0,0,0,0,1,0,1,0,0,0,1,0,1
42388,0033800002h0ALQAA2,0.0,0,0.0,2149.0,0,0,0,1,0,0,0,1,0,0,0,1,0
42389,0033800002h0AR1AAM,0.0,0,0.0,4227.0,1,0,0,0,0,0,0,0,0,1,0,1,1
42393,0033800002h0AigAAE,0.0,0,111.0,5714.0,0,1,0,0,0,0,0,0,1,0,1,0,1
42395,0033800002h0AkwAAE,0.0,90,1390.0,7324.0,1,0,0,0,0,0,0,0,0,1,0,1,1
42399,0033800002h0B5QAAU,0.0,0,0.0,5630.0,0,0,0,1,0,0,1,0,0,0,1,0,1
42400,0033800002h0BCCAA2,0.0,0,0.0,2915.0,0,0,0,0,1,0,0,0,0,1,0,1,1
42403,0033800002h0BIyAAM,0.0,0,0.0,5151.0,0,0,0,1,0,0,1,0,0,0,0,1,0
42404,0033800002h0BJ4AAM,0.0,100,59.0,2310.0,0,0,0,1,0,0,1,0,0,0,0,1,1
42406,0033800002h0BQPAA2,0.0,0,0.0,11206.0,0,0,0,0,1,0,0,0,0,1,0,1,1
42409,0033800002h0BW7AAM,0.0,0,0.0,7699.0,0,0,0,0,1,0,0,0,0,1,0,1,0
42411,0033800002h0BanAAE,0.0,0,3674.0,3105.0,0,0,0,1,0,0,1,0,0,0,1,0,1
42412,0033800002h0Bb2AAE,0.0,0,0.0,4313.0,0,0,0,0,1,1,0,0,0,0,0,1,1
42416,0033800002h0BhFAAU,0.0,90,1662.0,8279.0,0,1,0,0,0,0,1,0,0,0,0,1,0
42418,0033800002h0BnNAAU,0.0,0,0.0,561.0,1,0,0,0,0,0,0,0,0,1,1,0,0
42419,0033800002h0BqgAAE,0.0,0,49.0,9497.0,0,0,0,1,0,0,1,0,0,0,1,0,1
42422,0033800002h0C0gAAE,0.0,0,3748.0,2190.0,0,1,0,0,0,1,0,0,0,0,0,1,1
42423,0033800002h0C9kAAE,0.0,0,0.0,7308.0,0,1,0,0,0,1,0,0,0,0,0,1,0
42425,0033800002h0DY2AAM,0.0,0,0.0,8281.0,0,1,0,0,0,0,1,0,0,0,0,1,1
42428,0033800002h0EDZAA2,0.0,100,598.0,3540.0,0,1,0,0,0,0,0,0,1,0,1,0,1
42430,0033800002h0EZHAA2,0.0,0,0.0,1862.0,0,0,0,1,0,0,1,0,0,0,1,0,1
42431,0033800002h0EbXAAU,0.0,70,3834.0,3110.0,0,1,0,0,0,0,1,0,0,0,1,0,0
42434,0033800002h0EeRAAU,0.0,0,2354.0,2363.0,1,0,0,0,0,0,1,0,0,0,1,0,0
42439,0033800002h0EsTAAU,0.0,0,10801.0,731.0,1,0,0,0,0,0,1,0,0,0,0,1,1
42441,0033800002h0EwkAAE,0.0,0,0.0,7402.0,0,0,0,0,1,0,1,0,0,0,0,1,1
42442,0033800002h0ExYAAU,0.0,0,17229.0,730.0,0,0,0,1,0,0,1,0,0,0,0,1,0
42444,0033800002h0FHAAA2,0.0,0,0.0,7326.0,0,1,0,0,0,0,0,0,0,1,0,1,1
42446,0033800002h0FiQAAU,0.0,0,0.0,8422.0,1,0,0,0,0,0,1,0,0,0,0,1,1
42447,0033800002h0G4IAAU,0.0,0,86.0,2952.0,0,0,0,1,0,1,0,0,0,0,0,1,1
42448,0033800002h0G5GAAU,0.0,70,4326.0,7322.0,0,0,0,0,1,1,0,0,0,0,0,1,1
42449,0033800002h0GALAA2,0.0,0,0.0,7310.0,0,1,0,0,0,1,0,0,0,0,1,0,1
42450,0033800002h0GBxAAM,0.0,0,0.0,9232.0,0,0,0,1,0,0,1,0,0,0,0,1,1
42452,0033800002h0GWIAA2,0.0,0,0.0,7311.0,0,0,0,1,0,0,0,0,1,0,0,1,1
42453,0033800002h0GXzAAM,0.0,0,0.0,16785.0,0,0,0,1,0,0,1,0,0,0,0,1,0
42454,0033800002h0GYxAAM,0.0,0,6.0,925.0,0,0,0,1,0,0,1,0,0,0,0,1,0
42455,0033800002h0GiuAAE,0.0,0,95.0,1550.0,0,0,0,1,0,0,0,0,1,0,0,1,1
42456,0033800002h0GlRAAU,0.0,0,0.0,1618.0,0,0,0,1,0,0,1,0,0,0,1,0,0
42459,0033800002h0GtnAAE,0.0,0,0.0,3239.0,0,0,0,1,0,0,1,0,0,0,0,1,1
42460,0033800002h0GvPAAU,0.0,0,0.0,7321.0,0,0,0,1,0,0,1,0,0,0,0,1,0
42464,0033800002h0H47AAE,0.0,60,5786.0,3286.0,0,1,0,0,0,0,1,0,0,0,0,1,1
42468,0033800002h0HaFAAU,0.0,0,0.0,9377.0,0,0,0,1,0,0,1,0,0,0,0,1,0
42469,0033800002h0HfKAAU,0.0,20,9607.0,522.0,0,0,0,1,0,0,0,0,1,0,1,0,1
42470,0033800002h0Hj7AAE,0.0,100,2356.0,5114.0,0,1,0,0,0,0,0,0,0,1,0,1,0
42478,0033800002h0I1wAAE,0.0,80,2862.0,1973.0,1,0,0,0,0,0,1,0,0,0,0,1,0
42483,0033800002h0IN0AAM,0.0,0,0.0,10120.0,0,1,0,0,0,0,1,0,0,0,0,1,1
42484,0033800002h0IQoAAM,0.0,0,0.0,1550.0,0,0,0,1,0,0,1,0,0,0,0,1,1
42485,0033800002h0IheAAE,0.0,0,0.0,1825.0,0,0,0,0,1,0,1,0,0,0,0,1,1
42489,0033800002h0JCZAA2,0.0,0,48.0,10702.0,0,0,0,0,1,0,1,0,0,0,0,1,1
42495,0033800002h0KFHAA2,0.0,0,0.0,8050.0,1,0,0,0,0,0,1,0,0,0,0,1,1
42496,0033800002h0KM9AAM,0.0,0,0.0,7562.0,0,0,0,0,1,1,0,0,0,0,0,1,1
42497,0033800002h0KNMAA2,0.0,70,3339.0,7607.0,0,0,0,0,1,1,0,0,0,0,0,1,1
42499,0033800002h0KZ9AAM,0.0,80,0.0,2991.0,0,0,0,1,0,0,1,0,0,0,0,1,1
42501,0033800002h0KdfAAE,0.0,0,0.0,8317.0,1,0,0,0,0,0,1,0,0,0,0,1,1
42502,0033800002h0KhGAAU,0.0,0,5513.0,1221.0,0,0,0,0,1,0,1,0,0,0,1,0,0
42503,0033800002h0KjvAAE,0.0,0,0.0,8205.0,0,1,0,0,0,0,1,0,0,0,0,1,1
42504,0033800002h0KndAAE,0.0,0,0.0,3712.0,0,1,0,0,0,0,0,0,0,1,0,1,1
42508,0033800002h0L1aAAE,0.0,30,1983.0,10211.0,0,0,0,1,0,0,1,0,0,0,0,1,0
42511,0033800002h0LWDAA2,0.0,0,376.0,1311.0,1,0,0,0,0,1,0,0,0,0,0,1,1
42521,0033800002h0LpKAAU,0.0,40,246.0,1827.0,0,0,0,0,1,0,1,0,0,0,1,0,1
42526,0033800002h0MktAAE,0.0,80,0.0,6124.0,0,0,0,1,0,1,0,0,0,0,0,1,0
42528,0033800002h0MztAAE,0.0,50,1993.0,3251.0,0,1,0,0,0,1,0,0,0,0,1,0,1
42534,0033800002h0NQQAA2,0.0,0,7641.0,371.0,0,1,0,0,0,0,1,0,0,0,0,1,0
42538,0033800002h0NwaAAE,0.0,0,0.0,10985.0,0,0,0,0,1,0,1,0,0,0,1,0,1
42539,0033800002h0O08AAE,0.0,0,321.0,2276.0,0,0,0,1,0,0,1,0,0,0,0,1,0
42540,0033800002h0O11AAE,0.0,0,0.0,2505.0,0,1,0,0,0,0,1,0,0,0,0,1,1
42542,0033800002h0O3HAAU,0.0,0,0.0,9910.0,0,0,0,1,0,0,0,0,1,0,0,1,0
42544,0033800002h0O40AAE,0.0,0,3337.0,2788.0,0,0,0,1,0,0,0,0,1,0,0,1,0
42546,0033800002h0O5hAAE,0.0,0,8993.0,2191.0,0,1,0,0,0,0,0,0,1,0,0,1,1
42558,0033800002h0OgGAAU,0.0,0,48.0,12146.0,0,1,0,0,0,0,0,0,0,1,0,1,1
42560,0033800002h0OkSAAU,0.0,0,110.0,11050.0,0,1,0,0,0,0,0,0,1,0,0,1,1
42563,0033800002h0OlpAAE,0.0,0,208.0,1024.0,0,0,0,1,0,0,0,0,1,0,0,1,1
42571,0033800002h0OsMAAU,0.0,0,0.0,1436.0,0,0,0,1,0,0,1,0,0,0,0,1,1
42572,0033800002h0OsRAAU,0.0,0,0.0,2870.0,0,0,0,1,0,0,1,0,0,0,0,1,1
42575,0033800002h0P1YAAU,0.0,0,140.0,1461.0,0,1,0,0,0,0,1,0,0,0,0,1,1
42577,0033800002h0P2CAAU,0.0,0,192.0,5114.0,1,0,0,0,0,0,1,0,0,0,0,1,0
42578,0033800002h0P2gAAE,0.0,0,0.0,2136.0,0,0,0,1,0,0,1,0,0,0,0,1,1
42579,0033800002h0P56AAE,0.0,0,10855.0,986.0,0,0,0,1,0,1,0,0,0,0,0,1,0
42583,0033800002h0Q0bAAE,0.0,0,2404.0,2526.0,0,1,0,0,0,0,1,0,0,0,0,1,1
42585,0033800002h0Q6UAAU,0.0,0,2793.0,2646.0,0,1,0,0,0,0,0,0,0,1,0,1,0
42586,0033800002h0QAWAA2,0.0,0,2204.0,1826.0,1,0,0,0,0,0,0,0,0,1,0,1,0
42590,0033800002h0QBeAAM,0.0,0,0.0,3049.0,0,1,0,0,0,1,0,0,0,0,0,1,1
42592,0033800002h0QHwAAM,0.0,60,7876.0,3804.0,0,0,0,1,0,0,1,0,0,0,0,1,0
42594,0033800002h0QRNAA2,0.0,0,0.0,7329.0,0,0,0,1,0,0,1,0,0,0,0,1,0
42599,0033800002h0R1eAAE,0.0,0,0.0,1179.0,0,0,0,1,0,0,1,0,0,0,0,1,1
42600,0033800002h0R7ZAAU,0.0,60,963.0,1112.0,0,0,0,1,0,0,1,0,0,0,0,1,0
42602,0033800002h0RvSAAU,0.0,0,0.0,7354.0,0,1,0,0,0,1,0,0,0,0,0,1,0
42603,0033800002h0Ry2AAE,0.0,0,0.0,4737.0,0,1,0,0,0,1,0,0,0,0,0,1,0
42604,0033800002h0S37AAE,0.0,0,0.0,5319.0,0,0,0,1,0,0,1,0,0,0,0,1,0
42611,0033800002h0T9rAAE,0.0,0,0.0,9513.0,0,1,0,0,0,1,0,0,0,0,1,0,0
42621,0033800002h0U8AAAU,0.0,90,3057.0,7313.0,0,0,0,0,1,0,0,0,0,1,0,1,0
42623,0033800002h0UuqAAE,0.0,0,23.0,2741.0,1,0,0,0,0,0,0,0,0,1,1,0,1
42625,0033800002h0V0yAAE,0.0,0,4076.0,3567.0,0,0,0,1,0,0,0,0,0,1,0,1,1
42629,0033800002h0V4bAAE,0.0,0,288.0,1828.0,0,0,0,0,1,0,0,0,0,1,0,1,0
42630,0033800002h0V8sAAE,0.0,0,8961.0,2211.0,0,1,0,0,0,0,0,0,0,1,0,1,1
42634,0033800002h0VQnAAM,0.0,0,1254.0,7329.0,0,1,0,0,0,0,0,0,0,1,0,1,1
42635,0033800002h0VUQAA2,0.0,0,0.0,5177.0,0,1,0,0,0,0,1,0,0,0,0,1,1
42637,0033800002h0Va4AAE,0.0,0,1620.0,10745.0,0,0,0,0,1,0,1,0,0,0,0,1,1
42642,0033800002h0WWDAA2,0.0,70,547.0,3093.0,0,0,0,1,0,0,0,0,1,0,0,1,1
42644,0033800002h0WdOAAU,0.0,0,225.0,1318.0,0,0,0,1,0,0,1,0,0,0,0,1,0
42645,0033800002h0X87AAE,0.0,0,0.0,8429.0,0,1,0,0,0,0,0,0,0,1,0,1,1
42647,0033800002h0XTPAA2,0.0,0,0.0,7310.0,1,0,0,0,0,0,0,0,0,1,0,1,1
42654,0033800002h0ZsYAAU,0.0,30,1830.0,9898.0,0,1,0,0,0,1,0,0,0,0,0,1,1
42659,0033800002h0ZxTAAU,0.0,0,1969.0,6274.0,0,0,0,0,1,0,1,0,0,0,0,1,1
42661,0033800002h0a3RAAQ,0.0,0,3744.0,2562.0,0,0,0,1,0,0,1,0,0,0,0,1,1
42662,0033800002h0a3bAAA,0.0,0,0.0,2750.0,0,0,0,1,0,0,1,0,0,0,0,1,1
42663,0033800002h0a7xAAA,0.0,0,1162.0,2959.0,0,1,0,0,0,0,1,0,0,0,0,1,0
42665,0033800002h0aMYAAY,0.0,0,1109.0,2719.0,0,1,0,0,0,0,0,0,0,1,0,1,0
42667,0033800002h0aRJAAY,0.0,100,0.0,5371.0,0,0,0,1,0,0,1,0,0,0,0,1,0
42675,0033800002h0byEAAQ,0.0,0,0.0,5125.0,0,0,0,1,0,0,1,0,0,0,0,1,1
42678,0033800002h0ckLAAQ,0.0,0,0.0,8395.0,0,1,0,0,0,0,1,0,0,0,0,1,1
42680,0033800002h0crqAAA,0.0,0,0.0,2796.0,0,0,0,1,0,0,1,0,0,0,0,1,0
42681,0033800002h0d7UAAQ,0.0,0,0.0,7335.0,0,0,0,1,0,0,0,0,0,1,0,1,1
42682,0033800002h0dCUAAY,0.0,0,0.0,10105.0,1,0,0,0,0,0,1,0,0,0,1,0,0
42687,0033800002h0e5MAAQ,0.0,0,0.0,2253.0,0,0,0,0,1,0,1,0,0,0,0,1,0
42692,0033800002h0f4KAAQ,0.0,0,0.0,7292.0,1,0,0,0,0,1,0,0,0,0,0,1,0
42693,0033800002h0f9eAAA,0.0,0,0.0,7084.0,0,1,0,0,0,0,0,0,1,0,0,1,1
42694,0033800002h0f9oAAA,0.0,0,0.0,3165.0,0,0,0,1,0,0,1,0,0,0,0,1,1
42696,0033800002h0fVuAAI,0.0,0,232.0,4817.0,1,0,0,0,0,0,1,0,0,0,1,0,1
42697,0033800002h0fYFAAY,0.0,0,0.0,1460.0,0,0,0,1,0,0,0,0,0,1,0,1,0
42698,0033800002h0fYtAAI,0.0,0,0.0,1608.0,0,1,0,0,0,0,1,0,0,0,0,1,1
42699,0033800002h0fZwAAI,0.0,0,0.0,9141.0,0,0,0,0,1,0,1,0,0,0,0,1,1
42702,0033800002h0g0JAAQ,0.0,0,0.0,1963.0,0,0,0,1,0,0,1,0,0,0,0,1,1
42704,0033800002h0g91AAA,0.0,0,1067.0,1460.0,0,1,0,0,0,0,0,0,0,1,0,1,1
42705,0033800002h0gCKAAY,0.0,0,0.0,2489.0,0,0,0,1,0,0,1,0,0,0,0,1,1
42706,0033800002h0gHZAAY,0.0,0,0.0,1460.0,1,0,0,0,0,0,0,0,0,1,1,0,0
42710,0033800002h0gRFAAY,0.0,0,0.0,1460.0,0,0,0,1,0,0,0,0,1,0,0,1,1
42712,0033800002h0h9xAAA,0.0,100,0.0,12475.0,0,0,0,0,1,0,1,0,0,0,0,1,1
42713,0033800002h0hTiAAI,0.0,0,0.0,1795.0,0,1,0,0,0,0,0,1,0,0,0,1,1
42715,0033800002h0hl8AAA,0.0,0,8.0,1370.0,0,1,0,0,0,0,0,0,0,1,0,1,1
42716,0033800002h0hxYAAQ,0.0,0,0.0,1885.0,0,0,0,1,0,0,1,0,0,0,0,1,0
42725,0033800002h0ikrAAA,0.0,0,0.0,7811.0,0,0,0,0,1,1,0,0,0,0,0,1,1
42726,0033800002h0irOAAQ,0.0,0,0.0,7154.0,0,1,0,0,0,0,1,0,0,0,1,0,0
42727,0033800002h0ivfAAA,0.0,0,0.0,10618.0,1,0,0,0,0,0,1,0,0,0,0,1,0
42728,0033800002h0jcFAAQ,0.0,0,812.0,1429.0,0,1,0,0,0,0,0,0,1,0,0,1,1
42731,0033800002h0jofAAA,0.0,0,0.0,8410.0,0,1,0,0,0,0,0,0,0,1,0,1,0
42736,0033800002h0k37AAA,0.0,0,0.0,1826.0,0,1,0,0,0,0,1,0,0,0,0,1,1
42738,0033800002h0kBkAAI,0.0,0,0.0,1945.0,0,0,0,1,0,0,1,0,0,0,0,1,0
42739,0033800002h0kLfAAI,0.0,0,0.0,1175.0,0,0,0,1,0,0,1,0,0,0,0,1,1
42742,0033800002h0kXxAAI,0.0,100,2088.0,1769.0,0,1,0,0,0,0,0,0,1,0,0,1,0
42744,0033800002h0keBAAQ,0.0,0,0.0,7320.0,1,0,0,0,0,0,1,0,0,0,0,1,1
42746,0033800002h0kgcAAA,0.0,0,0.0,9304.0,0,1,0,0,0,1,0,0,0,0,1,0,0
42749,0033800002h0kuQAAQ,0.0,0,0.0,1097.0,0,0,0,1,0,0,1,0,0,0,0,1,0
42751,0033800002h0lBRAAY,0.0,0,0.0,7890.0,0,1,0,0,0,0,1,0,0,0,0,1,1
42753,0033800002h0lWzAAI,0.0,0,161.0,2821.0,0,1,0,0,0,0,0,0,0,1,0,1,0
42754,0033800002h0lnRAAQ,0.0,0,0.0,2591.0,0,1,0,0,0,0,0,0,0,1,0,1,1
42756,0033800002h0loeAAA,0.0,0,0.0,6967.0,0,0,0,1,0,0,0,0,1,0,0,1,0
42757,0033800002h0lphAAA,0.0,0,1242.0,1460.0,1,0,0,0,0,0,0,0,1,0,0,1,1
42763,0033800002h0mGOAAY,0.0,0,0.0,7305.0,0,0,0,1,0,0,0,0,0,1,0,1,1
42766,0033800002h0mVBAAY,0.0,0,0.0,962.0,0,1,0,0,0,0,1,0,0,0,0,1,1
42774,0033800002h0nzwAAA,0.0,0,0.0,8061.0,0,0,0,1,0,0,1,0,0,0,0,1,0
42777,0033800002h0oAfAAI,0.0,0,0.0,2839.0,0,1,0,0,0,0,1,0,0,0,0,1,1
42778,0033800002h0oB4AAI,0.0,0,13469.0,1132.0,0,1,0,0,0,0,0,0,1,0,0,1,1
42780,0033800002h0oLJAAY,0.0,0,0.0,1881.0,0,1,0,0,0,0,1,0,0,0,1,0,1
42782,0033800002h0oe5AAA,0.0,0,4873.0,2953.0,1,0,0,0,0,0,1,0,0,0,0,1,0
42783,0033800002h0ogQAAQ,0.0,0,0.0,6940.0,0,0,0,1,0,0,1,0,0,0,0,1,0
42784,0033800002h0pIZAAY,0.0,0,25.0,1207.0,1,0,0,0,0,0,1,0,0,0,0,1,1
42788,0033800002h0sVqAAI,0.0,80,1169.0,1459.0,0,1,0,0,0,0,1,0,0,0,0,1,0
42789,0033800002h0spHAAQ,0.0,0,6784.0,2190.0,1,0,0,0,0,0,0,0,1,0,0,1,1
42790,0033800002h0uPyAAI,0.0,20,451.0,1826.0,0,0,0,1,0,0,1,0,0,0,1,0,1
42803,0033800002h0xmDAAQ,0.0,0,1512.0,2191.0,0,0,0,1,0,0,0,0,0,1,0,1,0
42805,0033800002h0xqFAAQ,0.0,0,0.0,5473.0,0,0,0,1,0,1,0,0,0,0,0,1,1
42807,0033800002h0yFgAAI,0.0,0,0.0,1460.0,0,0,0,1,0,0,1,0,0,0,0,1,0
42809,0033800002h0yVAAAY,0.0,0,0.0,8733.0,0,0,0,1,0,0,1,0,0,0,0,1,0
42810,0033800002h0yYYAAY,0.0,0,2300.0,3734.0,0,0,0,1,0,0,1,0,0,0,0,1,0
42811,0033800002h0yfKAAQ,0.0,0,0.0,7574.0,1,0,0,0,0,0,1,0,0,0,0,1,1
42819,0033800002h0zWxAAI,0.0,0,3125.0,1579.0,0,0,0,0,1,0,1,0,0,0,0,1,0
42820,0033800002h0zXWAAY,0.0,0,955.0,2115.0,0,0,0,0,1,0,1,0,0,0,1,0,1
42822,0033800002h0zb4AAA,0.0,0,0.0,2850.0,0,1,0,0,0,0,1,0,0,0,1,0,1
42825,0033800002h0zjnAAA,0.0,0,4540.0,1287.0,0,0,0,0,1,0,0,0,0,1,1,0,1
42832,0033800002h106rAAA,0.0,100,2380.0,1510.0,0,1,0,0,0,0,0,0,0,1,0,1,1
42833,0033800002h107zAAA,0.0,40,637.0,1538.0,1,0,0,0,0,0,1,0,0,0,0,1,1
42842,0033800002h10FbAAI,0.0,0,0.0,4364.0,0,0,0,1,0,1,0,0,0,0,0,1,0
42849,0033800002h10eGAAQ,0.0,0,0.0,3093.0,0,1,0,0,0,0,1,0,0,0,1,0,0
42852,0033800002h10fTAAQ,0.0,0,0.0,7305.0,1,0,0,0,0,0,1,0,0,0,0,1,1
42854,0033800002h10jUAAQ,0.0,0,32.0,1460.0,0,1,0,0,0,0,0,0,0,1,1,0,0
42855,0033800002h10kXAAQ,0.0,70,110.0,703.0,0,0,0,1,0,0,1,0,0,0,0,1,1
42856,0033800002h10mEAAQ,0.0,0,1421.0,1953.0,0,1,0,0,0,0,1,0,0,0,0,1,1
42858,0033800002h11LpAAI,0.0,0,917.0,7306.0,1,0,0,0,0,0,0,0,0,1,0,1,1
42861,0033800002h11ZDAAY,0.0,0,0.0,6513.0,0,0,0,0,1,0,1,0,0,0,0,1,0
42869,0033800002h126kAAA,0.0,0,308.0,9981.0,0,0,0,1,0,0,1,0,0,0,0,1,0
42872,0033800002h12FhAAI,0.0,0,20.0,989.0,0,0,0,1,0,0,1,0,0,0,1,0,0
42876,0033800002h12R9AAI,0.0,0,0.0,6975.0,0,0,0,0,1,1,0,0,0,0,0,1,0
42881,0033800002h13x4AAA,0.0,0,0.0,11073.0,1,0,0,0,0,0,0,0,0,1,0,1,1
42887,0033800002h14OUAAY,0.0,100,0.0,5792.0,0,0,0,1,0,0,1,0,0,0,1,0,1
42890,0033800002h14rRAAQ,0.0,0,9840.0,1282.0,1,0,0,0,0,1,0,0,0,0,0,1,1
42892,0033800002h15C8AAI,0.0,0,0.0,7699.0,0,1,0,0,0,0,1,0,0,0,1,0,1
42894,0033800002h15hgAAA,0.0,0,15192.0,2191.0,0,0,0,1,0,1,0,0,0,0,0,1,1
42895,0033800002h15inAAA,0.0,0,0.0,1207.0,0,1,0,0,0,0,1,0,0,0,0,1,1
42896,0033800002h15ndAAA,0.0,80,1622.0,7563.0,0,0,0,0,1,0,0,0,0,1,0,1,0
42900,0033800002h160HAAQ,0.0,0,0.0,2406.0,0,0,0,1,0,0,1,0,0,0,0,1,0
42910,0033800002h16eWAAQ,0.0,0,63.0,6516.0,1,0,0,0,0,0,1,0,0,0,0,1,1
42912,0033800002h16fZAAQ,0.0,0,1871.0,2708.0,0,0,0,1,0,1,0,0,0,0,0,1,0
42914,0033800002h16raAAA,0.0,0,0.0,8061.0,1,0,0,0,0,1,0,0,0,0,0,1,0
42928,0033800002h191GAAQ,0.0,0,0.0,7670.0,0,0,0,0,1,0,1,0,0,0,1,0,1
42929,0033800002h197sAAA,0.0,0,0.0,2710.0,0,1,0,0,0,0,1,0,0,0,0,1,1
42934,0033800002h19RpAAI,0.0,0,0.0,7328.0,0,0,0,0,1,1,0,0,0,0,0,1,1
42935,0033800002h19SOAAY,0.0,0,0.0,1459.0,0,1,0,0,0,0,1,0,0,0,0,1,0
42937,0033800002h19UFAAY,0.0,0,0.0,1209.0,1,0,0,0,0,0,1,0,0,0,0,1,1
42941,0033800002h1B4SAAU,0.0,30,1064.0,2588.0,0,0,0,1,0,0,1,0,0,0,0,1,0
42950,0033800002h1JFwAAM,0.0,0,0.0,995.0,0,0,0,1,0,0,1,0,0,0,0,1,0
42954,0033800002h1JkOAAU,0.0,0,2186.0,1235.0,0,1,0,0,0,0,1,0,0,0,0,1,1
42959,0033800002h1K73AAE,0.0,90,0.0,3034.0,0,0,0,1,0,0,0,0,1,0,0,1,1
42967,0033800002h1KPMAA2,0.0,0,22.0,3840.0,0,0,0,1,0,0,1,0,0,0,1,0,0
42974,0033800002h1KfPAAU,0.0,0,75.0,3751.0,1,0,0,0,0,0,1,0,0,0,0,1,1
42981,0033800002h1KrnAAE,0.0,60,1173.0,2922.0,0,1,0,0,0,0,1,0,0,0,0,1,0
42982,0033800002h1LTSAA2,0.0,0,704.0,4397.0,0,0,0,0,1,0,1,0,0,0,0,1,1
42988,0033800002h1MfoAAE,0.0,0,638.0,2790.0,0,1,0,0,0,0,0,0,1,0,0,1,1
42994,0033800002h1N1BAAU,0.0,0,0.0,2980.0,0,1,0,0,0,0,1,0,0,0,0,1,1
42996,0033800002h1N4ZAAU,0.0,0,206.0,2945.0,0,0,0,1,0,0,0,0,1,0,0,1,1
42999,0033800002h1NWJAA2,0.0,0,0.0,1826.0,0,0,0,1,0,1,0,0,0,0,0,1,1
43006,0033800002h1OIiAAM,0.0,0,0.0,2939.0,0,0,0,1,0,0,0,0,1,0,0,1,0
43009,0033800002h1Of8AAE,0.0,0,0.0,1460.0,0,1,0,0,0,0,1,0,0,0,0,1,0
43016,0033800002h1PReAAM,0.0,0,0.0,8490.0,1,0,0,0,0,1,0,0,0,0,0,1,1
43019,0033800002h1QCVAA2,0.0,60,4182.0,3834.0,0,0,0,1,0,0,0,0,1,0,0,1,0
43027,0033800002h1QZHAA2,0.0,0,116.0,1269.0,0,0,0,1,0,0,0,0,0,1,0,1,1
43029,0033800002h1QnsAAE,0.0,0,3946.0,743.0,0,1,0,0,0,0,1,0,0,0,1,0,1
43031,0033800002h1RSoAAM,0.0,0,500.0,1918.0,0,0,0,0,1,0,1,0,0,0,0,1,1
43032,0033800002h1RYSAA2,0.0,0,0.0,9018.0,0,0,0,1,0,0,0,0,1,0,0,1,0
43033,0033800002h1RZRAA2,0.0,0,295.0,2880.0,0,0,0,1,0,0,1,0,0,0,1,0,0
43043,0033800002h1SawAAE,0.0,0,405.0,7335.0,1,0,0,0,0,1,0,0,0,0,0,1,1
43045,0033800002h1SjKAAU,0.0,40,1314.0,1695.0,0,0,0,1,0,0,1,0,0,0,0,1,0
43048,0033800002h1T4IAAU,0.0,70,75.0,4119.0,1,0,0,0,0,1,0,0,0,0,0,1,0
43049,0033800002h1T7HAAU,0.0,0,0.0,10206.0,1,0,0,0,0,0,1,0,0,0,0,1,1
43050,0033800002h1T9IAAU,0.0,0,4694.0,1490.0,0,0,0,1,0,1,0,0,0,0,0,1,1
43052,0033800002h1TFGAA2,0.0,0,0.0,7305.0,0,0,0,1,0,0,1,0,0,0,0,1,0
43056,0033800002h1TqQAAU,0.0,0,0.0,1964.0,0,0,0,1,0,0,1,0,0,0,0,1,0
43090,0033800002h1VDuAAM,0.0,0,0.0,9372.0,0,1,0,0,0,0,1,0,0,0,1,0,1
43096,0033800002h1VTNAA2,0.0,60,936.0,7374.0,0,0,0,0,1,1,0,0,0,0,0,1,1
43105,0033800002h1VkrAAE,0.0,0,6927.0,2944.0,0,0,0,0,1,0,1,0,0,0,0,1,0
43107,0033800002h1VmTAAU,0.0,0,0.0,10613.0,0,0,0,0,1,1,0,0,0,0,0,1,1
43108,0033800002h1VoZAAU,0.0,90,369.0,8598.0,0,1,0,0,0,0,1,0,0,0,0,1,1
43110,0033800002h1VtyAAE,0.0,0,0.0,8944.0,0,0,0,0,1,1,0,0,0,0,1,0,1
43112,0033800002h1VyeAAE,0.0,40,4797.0,2195.0,0,0,0,1,0,0,1,0,0,0,1,0,1
43113,0033800002h1W7RAAU,0.0,0,0.0,9149.0,1,0,0,0,0,0,1,0,0,0,0,1,0
43117,0033800002h1WQdAAM,0.0,0,0.0,7670.0,0,0,0,1,0,0,1,0,0,0,0,1,0
43118,0033800002h1WW7AAM,0.0,60,507.0,3736.0,0,0,0,1,0,0,1,0,0,0,0,1,1
43119,0033800002h1WeuAAE,0.0,90,827.0,11362.0,0,1,0,0,0,0,1,0,0,0,0,1,1
43124,0033800002h1WpsAAE,0.0,60,144.0,1496.0,0,0,0,1,0,0,0,0,0,1,1,0,1
43128,0033800002h1X7JAAU,0.0,0,0.0,1950.0,0,0,0,1,0,0,0,0,0,1,0,1,0
43129,0033800002h1XBpAAM,0.0,90,925.0,4685.0,0,0,0,0,1,1,0,0,0,0,1,0,1
43132,0033800002h1XXtAAM,0.0,20,4824.0,2919.0,0,1,0,0,0,0,0,0,0,1,0,1,0
43134,0033800002h1XbbAAE,0.0,0,0.0,3013.0,0,0,0,1,0,1,0,0,0,0,1,0,0
43135,0033800002h1XcyAAE,0.0,0,0.0,5598.0,0,0,0,1,0,0,1,0,0,0,0,1,1
43136,0033800002h1XdIAAU,0.0,0,0.0,4030.0,0,1,0,0,0,0,1,0,0,0,0,1,1
43139,0033800002h1XggAAE,0.0,0,1522.0,3138.0,0,1,0,0,0,0,1,0,0,0,0,1,1
43141,0033800002h1XhUAAU,0.0,0,0.0,3649.0,1,0,0,0,0,0,0,0,0,1,0,1,1
43150,0033800002h1YVOAA2,0.0,0,0.0,7433.0,0,0,0,0,1,0,1,0,0,0,0,1,1
43152,0033800002h1YVnAAM,0.0,0,1486.0,1916.0,0,0,0,1,0,0,1,0,0,0,0,1,0
43154,0033800002h1YXeAAM,0.0,0,0.0,8763.0,0,1,0,0,0,0,0,0,0,1,0,1,1
43157,0033800002h1YZuAAM,0.0,50,67.0,5140.0,0,0,0,1,0,0,1,0,0,0,0,1,1
43161,0033800002h1Z4FAAU,0.0,0,0.0,10593.0,0,1,0,0,0,0,1,0,0,0,1,0,1
43164,0033800002h1ZCXAA2,0.0,0,0.0,7376.0,0,1,0,0,0,1,0,0,0,0,0,1,1
43165,0033800002h1ZFvAAM,0.0,70,1354.0,7597.0,1,0,0,0,0,0,1,0,0,0,0,1,0
43172,0033800002h1ZNLAA2,0.0,0,0.0,9988.0,0,0,0,0,1,0,1,0,0,0,0,1,0
43175,0033800002h1ZQFAA2,0.0,0,0.0,8628.0,0,1,0,0,0,1,0,0,0,0,0,1,1
43176,0033800002h1ZRmAAM,0.0,0,0.0,5310.0,0,0,0,1,0,1,0,0,0,0,0,1,0
43177,0033800002h1ZYuAAM,0.0,0,0.0,1303.0,0,0,0,1,0,0,1,0,0,0,1,0,1
43178,0033800002h1ZabAAE,0.0,0,0.0,7222.0,0,1,0,0,0,1,0,0,0,0,0,1,0
43183,0033800002h1aAgAAI,0.0,0,0.0,3331.0,0,0,0,1,0,0,1,0,0,0,0,1,0
43184,0033800002h1aAvAAI,0.0,0,0.0,8408.0,0,0,0,0,1,1,0,0,0,0,0,1,1
43185,0033800002h1aBAAAY,0.0,0,0.0,8319.0,0,0,0,1,0,0,1,0,0,0,0,1,1
43187,0033800002h1aIuAAI,0.0,0,0.0,10231.0,0,0,0,1,0,0,0,0,0,1,0,1,0
43188,0033800002h1aLoAAI,0.0,0,1882.0,1953.0,0,0,0,1,0,0,0,0,0,1,0,1,0
43189,0033800002h1aPqAAI,0.0,0,0.0,6636.0,1,0,0,0,0,0,1,0,0,0,1,0,1
43191,0033800002h1aWSAAY,0.0,0,4004.0,1323.0,0,0,0,1,0,0,0,0,1,0,0,1,0
43193,0033800002h1aaFAAQ,0.0,0,245.0,1816.0,0,1,0,0,0,0,1,0,0,0,1,0,1
43195,0033800002h1ak0AAA,0.0,0,0.0,4651.0,0,1,0,0,0,0,1,0,0,0,0,1,1
43198,0033800002h1aupAAA,0.0,0,0.0,4383.0,0,1,0,0,0,1,0,0,0,0,0,1,0
43199,0033800002h1awSAAQ,0.0,0,0.0,572.0,0,0,0,1,0,0,1,0,0,0,0,1,1
43200,0033800002h1axPAAQ,0.0,0,0.0,1299.0,0,1,0,0,0,0,1,0,0,0,0,1,1
43201,0033800002h1b2eAAA,0.0,0,5.0,2192.0,0,0,0,1,0,1,0,0,0,0,0,1,1
43203,0033800002h1b9HAAQ,0.0,0,0.0,1642.0,0,0,0,1,0,0,0,0,1,0,0,1,1
43208,0033800002h1bWuAAI,0.0,10,6363.0,4733.0,0,1,0,0,0,0,1,0,0,0,0,1,1
43210,0033800002h1bmsAAA,0.0,0,0.0,8530.0,0,1,0,0,0,0,1,0,0,0,0,1,1
43212,0033800002h1bxOAAQ,0.0,0,2687.0,4080.0,1,0,0,0,0,1,0,0,0,0,0,1,0
43214,0033800002h1cB7AAI,0.0,0,0.0,10368.0,0,0,0,0,1,0,1,0,0,0,0,1,0
43216,0033800002h1cNrAAI,0.0,0,6525.0,553.0,0,0,0,1,0,0,0,0,0,1,0,1,1
43219,0033800002h1cgAAAQ,0.0,0,0.0,5473.0,0,0,0,1,0,1,0,0,0,0,0,1,1
43220,0033800002h1cgyAAA,0.0,0,0.0,857.0,0,0,0,0,1,0,1,0,0,0,1,0,0
43221,0033800002h1cj9AAA,0.0,0,824.0,2284.0,0,0,0,1,0,0,1,0,0,0,0,1,1
43223,0033800002h1cnuAAA,0.0,30,8123.0,890.0,0,0,0,1,0,0,1,0,0,0,0,1,1
43224,0033800002h1cpWAAQ,0.0,0,0.0,2750.0,0,1,0,0,0,0,1,0,0,0,1,0,1
43226,0033800002h1csBAAQ,0.0,0,28.0,1252.0,0,0,0,1,0,0,1,0,0,0,0,1,1
43229,0033800002h1dBIAAY,0.0,0,2081.0,1825.0,0,0,0,1,0,0,0,0,0,1,0,1,1
43231,0033800002h1dKeAAI,0.0,0,0.0,4746.0,0,0,0,1,0,0,0,0,1,0,0,1,0
43233,0033800002h1dP0AAI,0.0,0,162.0,8746.0,0,1,0,0,0,1,0,0,0,0,0,1,1
43234,0033800002h1dRMAAY,0.0,0,2312.0,1826.0,0,0,0,1,0,0,1,0,0,0,0,1,0
43236,0033800002h1dW6AAI,0.0,0,9793.0,2393.0,0,0,0,1,0,0,1,0,0,0,0,1,0
43238,0033800002h1dayAAA,0.0,0,1438.0,1462.0,0,1,0,0,0,1,0,0,0,0,0,1,1
43240,0033800002h1e0WAAQ,0.0,0,0.0,3818.0,1,0,0,0,0,0,0,0,1,0,0,1,1
43241,0033800002h1eY0AAI,0.0,70,0.0,4037.0,0,0,0,1,0,0,0,0,0,1,0,1,0
43242,0033800002h1f17AAA,0.0,0,0.0,6172.0,0,0,0,1,0,0,1,0,0,0,0,1,0
43244,0033800002h1fCHAAY,0.0,0,0.0,1460.0,0,0,0,1,0,0,0,0,1,0,1,0,0
43249,0033800002h1fwgAAA,0.0,70,4081.0,7578.0,0,1,0,0,0,1,0,0,0,0,0,1,1
43251,0033800002h1fyhAAA,0.0,0,0.0,11608.0,1,0,0,0,0,1,0,0,0,0,0,1,1
43253,0033800002h1gB5AAI,0.0,0,0.0,7312.0,0,1,0,0,0,0,1,0,0,0,0,1,1
43255,0033800002h1gM9AAI,0.0,100,934.0,2172.0,0,0,0,1,0,0,1,0,0,0,0,1,1
43259,0033800002h1gdYAAQ,0.0,0,0.0,7336.0,0,0,0,1,0,0,1,0,0,0,0,1,1
43261,0033800002h1ghzAAA,0.0,0,0.0,1369.0,0,0,0,1,0,0,1,0,0,0,0,1,1
43266,0033800002h1gyMAAQ,0.0,0,0.0,5755.0,0,0,0,1,0,0,1,0,0,0,0,1,1
43267,0033800002h1h0mAAA,0.0,90,114.0,3739.0,0,1,0,0,0,0,1,0,0,0,0,1,0
43268,0033800002h1h2xAAA,0.0,0,217.0,2922.0,0,1,0,0,0,0,1,0,0,0,1,0,1
43269,0033800002h1h8CAAQ,0.0,0,0.0,7315.0,1,0,0,0,0,1,0,0,0,0,0,1,0
43274,0033800002h1hOCAAY,0.0,0,0.0,8021.0,0,0,0,0,1,0,1,0,0,0,0,1,1
43276,0033800002h1hdbAAA,0.0,0,0.0,2469.0,0,1,0,0,0,0,1,0,0,0,1,0,1
43277,0033800002h1hlzAAA,0.0,0,0.0,2790.0,0,0,0,1,0,0,1,0,0,0,0,1,1
43278,0033800002h1hmsAAA,0.0,0,0.0,7332.0,1,0,0,0,0,0,0,0,0,1,0,1,1
43283,0033800002h1iKxAAI,0.0,40,2036.0,5205.0,0,0,0,1,0,0,1,0,0,0,0,1,1
43285,0033800002h1iVbAAI,0.0,0,0.0,731.0,0,0,0,1,0,0,1,0,0,0,0,1,0
43286,0033800002h1iWZAAY,0.0,0,0.0,1157.0,0,0,0,1,0,0,1,0,0,0,0,1,0
43287,0033800002h1iXXAAY,0.0,0,0.0,3011.0,0,0,0,1,0,0,0,0,1,0,0,1,1
43289,0033800002h1ikHAAQ,0.0,0,0.0,1461.0,0,0,0,1,0,0,1,0,0,0,0,1,1
43290,0033800002h1inzAAA,0.0,0,0.0,8086.0,1,0,0,0,0,0,1,0,0,0,0,1,1
43292,0033800002h1irTAAQ,0.0,0,0.0,2159.0,0,0,0,1,0,0,1,0,0,0,0,1,0
43295,0033800002h1j4gAAA,0.0,0,7413.0,2481.0,0,0,0,0,1,0,1,0,0,0,0,1,1
43298,0033800002h1jHuAAI,0.0,100,1503.0,2655.0,0,0,0,1,0,0,1,0,0,0,1,0,1
43302,0033800002h1jPKAAY,0.0,80,1755.0,2906.0,0,1,0,0,0,0,1,0,0,0,1,0,1
43305,0033800002h1jVXAAY,0.0,0,0.0,11284.0,0,0,0,0,1,0,1,0,0,0,0,1,0
43307,0033800002h1jfmAAA,0.0,0,0.0,3916.0,0,0,0,1,0,0,1,0,0,0,0,1,0
43309,0033800002h1jjKAAQ,0.0,0,0.0,2583.0,0,1,0,0,0,0,1,0,0,0,0,1,1
43310,0033800002h1jjjAAA,0.0,0,0.0,8921.0,0,1,0,0,0,0,1,0,0,0,0,1,1
43311,0033800002h1jo5AAA,0.0,0,1729.0,3128.0,0,1,0,0,0,0,1,0,0,0,0,1,1
43313,0033800002h1jtoAAA,0.0,0,0.0,9417.0,0,1,0,0,0,0,1,0,0,0,0,1,1
43316,0033800002h1jxlAAA,0.0,0,0.0,2191.0,1,0,0,0,0,1,0,0,0,0,0,1,0
43318,0033800002h1k4xAAA,0.0,0,0.0,7317.0,0,0,0,1,0,0,1,0,0,0,0,1,0
43323,0033800002h1kOfAAI,0.0,20,1483.0,1775.0,0,1,0,0,0,0,1,0,0,0,0,1,1
43324,0033800002h1kvGAAQ,0.0,80,0.0,2737.0,0,0,0,1,0,0,1,0,0,0,1,0,1
43325,0033800002h1l1UAAQ,0.0,70,1440.0,4628.0,0,0,0,1,0,0,1,0,0,0,0,1,1
43326,0033800002h1l1VAAQ,0.0,10,4761.0,1461.0,0,0,0,1,0,0,0,0,0,1,0,1,0
43327,0033800002h1l1WAAQ,0.0,0,0.0,2122.0,0,0,0,1,0,0,1,0,0,0,0,1,0
43329,0033800002h1l1YAAQ,0.0,0,222.0,2496.0,0,0,0,1,0,0,0,0,1,0,0,1,1
43333,0033800002h1l1cAAA,0.0,30,861.0,7305.0,0,0,0,1,0,0,0,0,1,0,0,1,0
43335,0033800002h1l1eAAA,0.0,50,1105.0,7305.0,0,0,0,1,0,0,1,0,0,0,0,1,0
43336,0033800002h1l1fAAA,0.0,0,376.0,2191.0,0,0,0,1,0,0,0,0,0,1,0,1,1
43338,0033800002h1l4bAAA,0.0,0,2111.0,2135.0,0,1,0,0,0,0,1,0,0,0,0,1,1
43339,0033800002h1l97AAA,0.0,30,85.0,2547.0,1,0,0,0,0,0,0,0,0,1,0,1,1
43340,0033800002h1lQKAAY,0.0,0,0.0,8400.0,0,0,0,1,0,0,0,0,0,1,0,1,1
43348,0033800002h1llcAAA,0.0,0,0.0,1876.0,0,0,0,0,1,1,0,0,0,0,0,1,1
43349,0033800002h1lm1AAA,0.0,0,0.0,4407.0,0,0,0,1,0,0,1,0,0,0,1,0,1
43353,0033800002h1lzPAAQ,0.0,0,0.0,7315.0,0,0,0,0,1,0,1,0,0,0,0,1,1
43354,0033800002h1m0mAAA,0.0,0,1543.0,1446.0,0,1,0,0,0,0,0,0,1,0,0,1,1
43357,0033800002h1mFrAAI,0.0,0,0.0,8389.0,0,0,0,0,1,0,0,0,0,1,0,1,1
43359,0033800002h1mKcAAI,0.0,0,1488.0,3503.0,0,0,0,0,1,0,0,0,0,1,1,0,0
43361,0033800002h1mQLAAY,0.0,0,5035.0,2279.0,0,0,0,0,1,0,1,0,0,0,1,0,0
43370,0033800002h1mn0AAA,0.0,0,160.0,7091.0,0,1,0,0,0,0,1,0,0,0,1,0,1
43372,0033800002h1moIAAQ,0.0,0,12343.0,1461.0,1,0,0,0,0,0,1,0,0,0,0,1,1
43373,0033800002h1mqxAAA,0.0,0,0.0,8149.0,0,0,0,1,0,0,1,0,0,0,0,1,0
43377,0033800002h1nGfAAI,0.0,0,0.0,9944.0,0,0,0,1,0,0,1,0,0,0,1,0,0
43379,0033800002h1nJKAAY,0.0,0,0.0,11525.0,0,0,1,0,0,0,1,0,0,0,0,1,1
43380,0033800002h1nK8AAI,0.0,0,1596.0,2191.0,0,0,0,1,0,0,1,0,0,0,0,1,1
43382,0033800002h1njBAAQ,0.0,0,0.0,7547.0,0,1,0,0,0,1,0,0,0,0,0,1,1
43385,0033800002h1nrFAAQ,0.0,0,0.0,9157.0,1,0,0,0,0,0,1,0,0,0,0,1,1
43386,0033800002h1nscAAA,0.0,0,3783.0,10664.0,0,0,0,0,1,1,0,0,0,0,0,1,1
43387,0033800002h1nyLAAQ,0.0,0,0.0,8793.0,0,1,0,0,0,0,1,0,0,0,1,0,0
43388,0033800002h1nzYAAQ,0.0,0,0.0,7331.0,0,0,0,1,0,0,0,0,0,1,0,1,1
43389,0033800002h1o1PAAQ,0.0,0,0.0,3674.0,0,1,0,0,0,0,1,0,0,0,1,0,1
43392,0033800002h1oOuAAI,0.0,0,0.0,2191.0,0,0,0,1,0,1,0,0,0,0,0,1,0
43394,0033800002h1oUJAAY,0.0,0,0.0,1595.0,0,0,0,1,0,0,1,0,0,0,0,1,1
43395,0033800002h1or3AAA,0.0,0,0.0,7435.0,0,0,0,1,0,0,0,0,1,0,0,1,0
43396,0033800002h1orhAAA,0.0,0,451.0,226.0,1,0,0,0,0,0,0,0,0,1,0,1,1
43397,0033800002h1osBAAQ,0.0,0,0.0,8919.0,0,0,0,0,1,0,1,0,0,0,0,1,1
43398,0033800002h1osGAAQ,0.0,0,649.0,2580.0,0,1,0,0,0,0,0,0,0,1,1,0,1
43403,0033800002h1pA7AAI,0.0,0,1320.0,9883.0,0,1,0,0,0,0,1,0,0,0,0,1,0
43405,0033800002h1pQaAAI,0.0,0,8.0,9545.0,0,0,0,1,0,0,1,0,0,0,0,1,0
43406,0033800002h1tjnAAA,0.0,50,593.0,806.0,0,1,0,0,0,0,1,0,0,0,0,1,1
43407,0033800002h1tu7AAA,0.0,40,975.0,4510.0,0,0,0,1,0,0,0,0,1,0,0,1,0
43408,0033800002h1txpAAA,0.0,0,894.0,8791.0,0,0,0,0,1,1,0,0,0,0,0,1,1
43410,0033800002h1u0AAAQ,0.0,0,71.0,10679.0,0,1,0,0,0,1,0,0,0,0,0,1,1
43412,0033800002h1uBSAAY,0.0,0,0.0,10123.0,0,0,1,0,0,0,0,0,1,0,0,1,1
43416,0033800002h1vcPAAQ,0.0,0,0.0,2056.0,0,0,0,0,1,0,1,0,0,0,0,1,0
43417,0033800002h1vfxAAA,0.0,100,348.0,8772.0,1,0,0,0,0,0,1,0,0,0,0,1,1
43420,0033800002h1vkJAAQ,0.0,0,959.0,3184.0,0,1,0,0,0,1,0,0,0,0,0,1,1
43425,0033800002h1vvvAAA,0.0,0,0.0,3652.0,0,0,0,1,0,0,1,0,0,0,0,1,0
43426,0033800002h1w1TAAQ,0.0,0,1142.0,2192.0,1,0,0,0,0,0,1,0,0,0,0,1,1
43427,0033800002h1w4IAAQ,0.0,0,187.0,4114.0,0,0,0,1,0,0,1,0,0,0,0,1,1
43434,0033800002h1x4BAAQ,0.0,0,893.0,2373.0,1,0,0,0,0,0,1,0,0,0,0,1,0
43435,0033800002h1x62AAA,0.0,0,1562.0,3288.0,1,0,0,0,0,0,0,0,1,0,0,1,1
43436,0033800002h1xAYAAY,0.0,0,0.0,3237.0,0,0,0,1,0,0,0,0,1,0,1,0,0
43438,0033800002h1xC0AAI,0.0,0,0.0,6746.0,0,0,0,1,0,0,1,0,0,0,0,1,0
43439,0033800002h1xCPAAY,0.0,0,953.0,8736.0,0,0,0,1,0,0,0,0,0,1,0,1,1
43440,0033800002h1xDcAAI,0.0,0,0.0,2921.0,0,0,0,0,1,0,1,0,0,0,1,0,0
43441,0033800002h1xEQAAY,0.0,0,0.0,6806.0,0,0,0,1,0,0,1,0,0,0,0,1,0
43442,0033800002h1xGCAAY,0.0,0,0.0,8591.0,0,1,0,0,0,0,1,0,0,0,0,1,1
43444,0033800002h1xSmAAI,0.0,0,0.0,7355.0,0,1,0,0,0,0,1,0,0,0,1,0,1
43445,0033800002h1xaIAAQ,0.0,0,1817.0,2811.0,0,1,0,0,0,1,0,0,0,0,1,0,1
43449,0033800002h1xxmAAA,0.0,0,0.0,10041.0,0,0,0,0,1,0,1,0,0,0,0,1,1
43451,0033800002h1yCKAAY,0.0,60,100.0,7366.0,0,0,0,1,0,0,1,0,0,0,0,1,1
43453,0033800002h1yJtAAI,0.0,100,716.0,5112.0,0,0,0,1,0,0,1,0,0,0,0,1,1
43454,0033800002h1yLLAAY,0.0,0,1714.0,6998.0,1,0,0,0,0,0,0,0,1,0,1,0,1
43458,0033800002h1yZXAAY,0.0,0,2453.0,1825.0,0,1,0,0,0,0,0,0,1,0,0,1,1
43459,0033800002h1yaLAAQ,0.0,0,0.0,5579.0,0,0,0,0,1,0,1,0,0,0,0,1,0
43460,0033800002h1ydFAAQ,0.0,0,0.0,8500.0,0,0,0,1,0,0,1,0,0,0,0,1,1
43461,0033800002h1ykzAAA,0.0,0,1457.0,3318.0,0,1,0,0,0,0,0,0,1,0,0,1,1
43463,0033800002h1zFMAAY,0.0,0,0.0,1804.0,0,0,0,1,0,0,1,0,0,0,0,1,1
43465,0033800002h1zO9AAI,0.0,0,5033.0,9415.0,0,1,0,0,0,1,0,0,0,0,0,1,0
43468,0033800002h1zu0AAA,0.0,80,634.0,1263.0,0,1,0,0,0,0,1,0,0,0,0,1,1
43469,0033800002h202xAAA,0.0,80,537.0,2845.0,1,0,0,0,0,0,1,0,0,0,1,0,1
43470,0033800002h20HkAAI,0.0,0,0.0,9874.0,0,1,0,0,0,0,1,0,0,0,0,1,1
43472,0033800002h20JWAAY,0.0,0,0.0,1905.0,0,0,0,1,0,0,1,0,0,0,0,1,1
43476,0033800002h20aDAAQ,0.0,0,0.0,2953.0,0,0,0,1,0,0,1,0,0,0,0,1,1
43479,0033800002h20eeAAA,0.0,0,0.0,7515.0,0,0,0,1,0,0,1,0,0,0,0,1,0
43480,0033800002h20h9AAA,0.0,0,0.0,3211.0,0,0,0,1,0,0,1,0,0,0,0,1,1
43481,0033800002h20pXAAQ,0.0,0,54.0,3719.0,0,0,0,1,0,0,0,0,0,1,0,1,1
43482,0033800002h20x7AAA,0.0,0,941.0,1826.0,0,0,0,1,0,0,0,0,1,0,0,1,1
43484,0033800002h211OAAQ,0.0,100,0.0,6332.0,0,0,0,0,1,0,1,0,0,0,0,1,0
43486,0033800002h21LwAAI,0.0,0,0.0,7275.0,1,0,0,0,0,0,1,0,0,0,0,1,1
43488,0033800002h21R6AAI,0.0,0,0.0,7572.0,0,0,0,0,1,0,1,0,0,0,1,0,0
43493,0033800002h21Y3AAI,0.0,0,0.0,8363.0,0,0,0,1,0,0,1,0,0,0,0,1,1
43497,0033800002h22b1AAA,0.0,0,0.0,5473.0,0,0,0,1,0,0,1,0,0,0,0,1,1
43498,0033800002h22cJAAQ,0.0,0,0.0,3860.0,0,0,0,1,0,1,0,0,0,0,0,1,1
43501,0033800002h22dlAAA,0.0,0,0.0,8410.0,0,0,0,1,0,0,0,0,1,0,0,1,0
43505,0033800002h22h5AAA,0.0,0,0.0,2925.0,0,0,0,1,0,1,0,0,0,0,0,1,1
43506,0033800002h22ixAAA,0.0,40,632.0,6367.0,0,0,0,0,1,0,1,0,0,0,0,1,1
43507,0033800002h22k5AAA,0.0,0,0.0,7337.0,0,0,0,1,0,0,1,0,0,0,0,1,0
43511,0033800002h22o7AAA,0.0,0,438.0,1363.0,0,1,0,0,0,0,0,0,1,0,0,1,1
43512,0033800002h22ogAAA,0.0,0,0.0,1727.0,1,0,0,0,0,0,1,0,0,0,1,0,0
43513,0033800002h22qSAAQ,0.0,0,138.0,2321.0,0,0,0,1,0,0,1,0,0,0,1,0,0
43517,0033800002h22wQAAQ,0.0,0,0.0,1600.0,0,0,0,1,0,0,1,0,0,0,0,1,0
43518,0033800002h22xNAAQ,0.0,70,4999.0,1460.0,1,0,0,0,0,1,0,0,0,0,0,1,0
43519,0033800002h230vAAA,0.0,0,931.0,1791.0,0,1,0,0,0,0,1,0,0,0,0,1,1
43522,0033800002h239IAAQ,0.0,0,0.0,5479.0,0,0,0,1,0,1,0,0,0,0,1,0,0
43526,0033800002h23jcAAA,0.0,0,406.0,10792.0,0,1,0,0,0,0,1,0,0,0,1,0,0
43528,0033800002h23l7AAA,0.0,100,222.0,5662.0,1,0,0,0,0,0,1,0,0,0,0,1,1
43533,0033800002h23lEAAQ,0.0,0,166.0,2151.0,0,1,0,0,0,0,1,0,0,0,1,0,1
43534,0033800002h23lFAAQ,0.0,0,0.0,11899.0,0,1,0,0,0,0,1,0,0,0,0,1,0
43536,0033800002h23mZAAQ,0.0,10,41.0,2948.0,0,0,0,1,0,0,0,0,1,0,0,1,1
43537,0033800002h23mtAAA,0.0,0,0.0,9292.0,1,0,0,0,0,0,1,0,0,0,0,1,1
43545,0033800002h24ByAAI,0.0,0,2337.0,1461.0,0,0,0,1,0,0,0,0,0,1,0,1,1
43547,0033800002h24TmAAI,0.0,0,0.0,7670.0,0,1,0,0,0,1,0,0,0,0,0,1,0
43548,0033800002h24ZVAAY,0.0,0,0.0,3111.0,0,1,0,0,0,0,1,0,0,0,0,1,1
43549,0033800002h24fdAAA,0.0,0,0.0,7310.0,0,0,0,0,1,1,0,0,0,0,0,1,1
43553,0033800002h24yfAAA,0.0,0,6381.0,7311.0,0,0,0,0,1,0,0,0,0,1,0,1,1
43558,0033800002h25ChAAI,0.0,100,259.0,8056.0,0,0,0,0,1,0,1,0,0,0,0,1,1
43561,0033800002h25R9AAI,0.0,0,0.0,9138.0,0,0,0,0,1,1,0,0,0,0,1,0,0
43564,0033800002h25eMAAQ,0.0,0,16.0,7256.0,1,0,0,0,0,1,0,0,0,0,0,1,1
43569,0033800002h2603AAA,0.0,0,0.0,1366.0,0,1,0,0,0,0,1,0,0,0,0,1,1
43572,0033800002h2686AAA,0.0,0,0.0,9457.0,0,0,0,0,1,0,1,0,0,0,0,1,1
43573,0033800002h26GKAAY,0.0,0,0.0,7309.0,0,0,0,1,0,0,0,0,0,1,1,0,1
43574,0033800002h26MDAAY,0.0,0,0.0,10594.0,0,0,0,0,1,0,1,0,0,0,0,1,1
43576,0033800002h26V5AAI,0.0,0,0.0,2107.0,0,0,0,1,0,0,1,0,0,0,0,1,0
43578,0033800002h26pZAAQ,0.0,0,0.0,2447.0,0,0,0,1,0,0,1,0,0,0,0,1,1
43582,0033800002h26vmAAA,0.0,0,0.0,1706.0,0,0,0,1,0,0,1,0,0,0,0,1,0
43583,0033800002h26zFAAQ,0.0,0,39.0,3732.0,0,0,0,1,0,0,1,0,0,0,0,1,0
43586,0033800002h279gAAA,0.0,0,78.0,5907.0,1,0,0,0,0,0,1,0,0,0,0,1,1
43588,0033800002h27ErAAI,0.0,0,3471.0,1130.0,0,1,0,0,0,0,0,1,0,0,0,1,1
43594,0033800002h27ThAAI,0.0,0,0.0,8041.0,0,1,0,0,0,0,1,0,0,0,0,1,0
43595,0033800002h27UBAAY,0.0,0,0.0,3025.0,0,0,0,1,0,0,1,0,0,0,0,1,1
43596,0033800002h27ZfAAI,0.0,0,1005.0,220.0,0,0,0,1,0,0,0,0,1,0,0,1,1
43597,0033800002h27cZAAQ,0.0,0,0.0,7852.0,1,0,0,0,0,0,1,0,0,0,1,0,0
43599,0033800002h27qHAAQ,0.0,0,0.0,1826.0,0,0,0,1,0,0,1,0,0,0,1,0,0
43601,0033800002h27zUAAQ,0.0,30,878.0,2496.0,0,0,0,0,1,1,0,0,0,0,0,1,1
43602,0033800002h280DAAQ,0.0,0,0.0,2191.0,1,0,0,0,0,1,0,0,0,0,0,1,1
43605,0033800002h28G1AAI,0.0,0,0.0,4073.0,0,0,0,1,0,0,1,0,0,0,0,1,1
43607,0033800002h28PmAAI,0.0,0,3732.0,1827.0,0,1,0,0,0,0,0,0,0,1,0,1,0
43610,0033800002h29W5AAI,0.0,0,0.0,10236.0,0,0,0,0,1,0,1,0,0,0,0,1,0
43611,0033800002h29ZJAAY,0.0,0,0.0,2968.0,0,0,0,1,0,0,1,0,0,0,0,1,1
43613,0033800002h29j5AAA,0.0,0,0.0,7343.0,1,0,0,0,0,0,1,0,0,0,0,1,0
43614,0033800002h29riAAA,0.0,0,0.0,5133.0,0,0,0,1,0,0,1,0,0,0,0,1,1
43618,0033800002h29xbAAA,0.0,70,0.0,5337.0,0,0,0,1,0,0,1,0,0,0,0,1,0
43619,0033800002h2A2MAAU,0.0,0,0.0,9677.0,0,0,0,1,0,0,0,0,0,1,0,1,0
43620,0033800002h2A56AAE,0.0,0,2767.0,1461.0,0,1,0,0,0,0,0,0,1,0,0,1,1
43621,0033800002h2AB2AAM,0.0,0,0.0,7677.0,0,0,0,1,0,0,0,0,0,1,0,1,1
43625,0033800002h2AiQAAU,0.0,70,606.0,5183.0,0,0,0,1,0,0,0,0,0,1,0,1,1
43627,0033800002h2D3AAAU,0.0,90,511.0,7307.0,0,0,0,0,1,1,0,0,0,0,0,1,0
43628,0033800002h2D6JAAU,0.0,0,0.0,8750.0,0,0,0,0,1,0,1,0,0,0,0,1,1
43632,0033800002h2DqrAAE,0.0,0,0.0,7991.0,0,0,0,1,0,0,0,0,0,1,0,1,0
43636,0033800002h2EJgAAM,0.0,0,0.0,10441.0,0,1,0,0,0,0,1,0,0,0,0,1,1
43638,0033800002h2EXYAA2,0.0,40,5439.0,4278.0,0,0,0,1,0,0,0,0,0,1,0,1,1
43639,0033800002h2EYMAA2,0.0,60,2162.0,6149.0,0,0,0,0,1,0,0,0,0,1,1,0,1
43640,0033800002h2EfDAAU,0.0,0,178.0,2253.0,0,0,0,1,0,0,1,0,0,0,0,1,0
43648,0033800002h2F6EAAU,0.0,30,2598.0,1587.0,0,0,0,1,0,0,1,0,0,0,0,1,0
43649,0033800002h2FC2AAM,0.0,0,0.0,7353.0,1,0,0,0,0,0,0,0,0,1,0,1,0
43653,0033800002h2FWxAAM,0.0,0,0.0,2952.0,0,0,0,1,0,0,1,0,0,0,0,1,0
43657,0033800002h2Fp0AAE,0.0,0,0.0,2268.0,0,1,0,0,0,0,1,0,0,0,0,1,0
43661,0033800002h2GIzAAM,0.0,0,0.0,7317.0,1,0,0,0,0,1,0,0,0,0,0,1,1
43664,0033800002h2GRrAAM,0.0,70,0.0,1738.0,0,0,0,1,0,0,1,0,0,0,0,1,1
43665,0033800002h2GVKAA2,0.0,0,0.0,3677.0,0,1,0,0,0,1,0,0,0,0,0,1,1
43666,0033800002h2GkUAAU,0.0,0,0.0,3810.0,0,1,0,0,0,0,0,0,0,1,0,1,1
43670,0033800002h2HqxAAE,0.0,0,0.0,12063.0,0,0,0,1,0,0,0,0,0,1,0,1,0
43671,0033800002h2HsPAAU,0.0,0,0.0,2939.0,0,0,0,1,0,0,1,0,0,0,1,0,1
43672,0033800002h2HthAAE,0.0,80,202.0,8408.0,0,0,0,1,0,0,1,0,0,0,0,1,1
43674,0033800002h2IfHAAU,0.0,0,0.0,3985.0,1,0,0,0,0,0,0,0,0,1,0,1,1
43676,0033800002h2IfbAAE,0.0,0,0.0,5367.0,0,1,0,0,0,0,0,0,0,1,0,1,1
43678,0033800002h2LakAAE,0.0,0,0.0,7308.0,1,0,0,0,0,0,1,0,0,0,1,0,0
43680,0033800002h2MDMAA2,0.0,0,0.0,10978.0,0,1,0,0,0,0,0,0,0,1,0,1,1
43681,0033800002h2MIvAAM,0.0,0,86.0,11758.0,0,1,0,0,0,1,0,0,0,0,0,1,1
43682,0033800002h2MJtAAM,0.0,0,4903.0,1582.0,1,0,0,0,0,0,0,0,1,0,0,1,1
43684,0033800002h2MKwAAM,0.0,0,0.0,8695.0,0,0,0,0,1,0,1,0,0,0,0,1,1
43686,0033800002h2MMxAAM,0.0,0,0.0,7773.0,0,0,0,0,1,0,1,0,0,0,0,1,1
43688,0033800002h2MOFAA2,0.0,0,0.0,1263.0,0,0,0,0,1,0,1,0,0,0,0,1,1
43691,0033800002h2MPXAA2,0.0,0,7663.0,7377.0,0,0,0,1,0,0,1,0,0,0,0,1,1
43692,0033800002h2MSCAA2,0.0,0,0.0,7351.0,0,0,0,1,0,0,1,0,0,0,0,1,1
43696,0033800002h2MbAAAU,0.0,0,0.0,1215.0,0,1,0,0,0,0,1,0,0,0,0,1,1
43697,0033800002h2Mm8AAE,0.0,0,51.0,8800.0,0,1,0,0,0,0,1,0,0,0,0,1,1
43699,0033800002h2MonAAE,0.0,0,717.0,6163.0,0,1,0,0,0,1,0,0,0,0,0,1,1
43703,0033800002h2NQVAA2,0.0,0,505.0,7308.0,0,1,0,0,0,0,0,0,0,1,1,0,1
43704,0033800002h2NaVAAU,0.0,0,0.0,7627.0,0,0,0,1,0,0,0,0,1,0,0,1,1
43706,0033800002h2NxzAAE,0.0,40,2348.0,3384.0,0,1,0,0,0,0,1,0,0,0,0,1,1
43707,0033800002h2NyOAAU,0.0,0,139.0,5099.0,0,0,0,1,0,0,1,0,0,0,0,1,1
43710,0033800002h2OFfAAM,0.0,10,11461.0,1461.0,0,0,0,1,0,0,1,0,0,0,0,1,0
43711,0033800002h2OFzAAM,0.0,0,0.0,10673.0,0,1,0,0,0,0,1,0,0,0,0,1,1
43712,0033800002h2OJyAAM,0.0,0,0.0,11129.0,0,1,0,0,0,0,1,0,0,0,0,1,1
43713,0033800002h2OReAAM,0.0,0,0.0,2317.0,0,1,0,0,0,1,0,0,0,0,1,0,1
43714,0033800002h2OTLAA2,0.0,0,0.0,7376.0,0,0,0,1,0,0,0,0,0,1,0,1,0
43715,0033800002h2OUEAA2,0.0,0,0.0,2192.0,0,0,0,1,0,0,1,0,0,0,0,1,0
43716,0033800002h2OWFAA2,0.0,0,819.0,2427.0,0,0,0,1,0,0,0,0,0,1,1,0,1
43725,0033800002h2P00AAE,0.0,0,0.0,1423.0,0,0,0,1,0,0,1,0,0,0,0,1,1
43726,0033800002h2P3xAAE,0.0,0,0.0,7424.0,0,0,0,1,0,0,1,0,0,0,0,1,1
43729,0033800002h2PHMAA2,0.0,0,385.0,1878.0,0,1,0,0,0,0,1,0,0,0,0,1,1
43730,0033800002h2PK0AAM,0.0,50,26.0,4643.0,0,0,0,1,0,0,1,0,0,0,0,1,0
43732,0033800002h2PRQAA2,0.0,0,0.0,5214.0,0,1,0,0,0,0,1,0,0,0,0,1,1
43734,0033800002h2PfDAAU,0.0,0,0.0,8857.0,0,0,0,0,1,0,1,0,0,0,1,0,0
43735,0033800002h2PhnAAE,0.0,0,0.0,7887.0,1,0,0,0,0,0,1,0,0,0,0,1,1
43739,0033800002h2QAkAAM,0.0,0,0.0,2748.0,0,0,0,1,0,0,1,0,0,0,0,1,1
43740,0033800002h2QDeAAM,0.0,0,3085.0,1681.0,0,1,0,0,0,0,1,0,0,0,1,0,1
43741,0033800002h2QK1AAM,0.0,0,0.0,1598.0,0,1,0,0,0,0,1,0,0,0,1,0,0
43744,0033800002h2Qf8AAE,0.0,0,0.0,1461.0,0,0,0,1,0,0,1,0,0,0,0,1,0
43747,0033800002h2QwnAAE,0.0,0,0.0,7305.0,1,0,0,0,0,0,1,0,0,0,0,1,0
43748,0033800002h2R2WAAU,0.0,0,0.0,8418.0,0,1,0,0,0,0,1,0,0,0,0,1,1
43750,0033800002h2ROHAA2,0.0,0,0.0,2161.0,0,0,0,1,0,0,1,0,0,0,0,1,0
43751,0033800002h2RXcAAM,0.0,0,0.0,3376.0,0,0,0,1,0,0,1,0,0,0,1,0,0
43752,0033800002h2RZJAA2,0.0,10,7222.0,1473.0,1,0,0,0,0,0,0,0,0,1,0,1,1
43753,0033800002h2RalAAE,0.0,0,0.0,8131.0,0,0,0,0,1,1,0,0,0,0,1,0,0
43757,0033800002h2RkbAAE,0.0,0,0.0,7358.0,0,0,0,1,0,1,0,0,0,0,0,1,0
43760,0033800002h2Rz2AAE,0.0,0,0.0,7622.0,1,0,0,0,0,0,1,0,0,0,0,1,1
43763,0033800002h2SYMAA2,0.0,0,0.0,5500.0,0,0,0,1,0,1,0,0,0,0,0,1,1
43764,0033800002h2SqrAAE,0.0,0,0.0,8794.0,0,1,0,0,0,1,0,0,0,0,0,1,1
43766,0033800002h2T5NAAU,0.0,0,534.0,4695.0,1,0,0,0,0,1,0,0,0,0,1,0,1
43767,0033800002h2T6BAAU,0.0,0,0.0,7313.0,0,1,0,0,0,0,0,0,1,0,0,1,1
43769,0033800002h2TCYAA2,0.0,0,2795.0,2921.0,0,0,0,1,0,0,0,0,0,1,0,1,1
43777,0033800002h2ThWAAU,0.0,0,0.0,1209.0,0,1,0,0,0,0,1,0,0,0,0,1,0
43778,0033800002h2TvYAAU,0.0,0,0.0,9833.0,0,1,0,0,0,1,0,0,0,0,0,1,1
43785,0033800002h2V5cAAE,0.0,90,53.0,5905.0,1,0,0,0,0,0,1,0,0,0,1,0,0
43787,0033800002h2VL4AAM,0.0,70,2748.0,1202.0,1,0,0,0,0,0,1,0,0,0,0,1,0
43789,0033800002h2VL6AAM,0.0,50,7432.0,1090.0,0,0,0,0,1,0,0,0,1,0,0,1,1
43792,0033800002h2VL9AAM,0.0,0,0.0,2872.0,0,0,0,1,0,0,0,0,0,1,0,1,0
43796,0033800002h2VLDAA2,0.0,80,2294.0,856.0,1,0,0,0,0,0,1,0,0,0,0,1,1
43797,0033800002h2VNPAA2,0.0,0,0.0,7949.0,1,0,0,0,0,0,1,0,0,0,0,1,1
43799,0033800002h2VV4AAM,0.0,0,0.0,7314.0,0,1,0,0,0,0,1,0,0,0,0,1,0
43801,0033800002h2VXUAA2,0.0,0,0.0,8371.0,0,1,0,0,0,1,0,0,0,0,0,1,0
43804,0033800002h2Vi8AAE,0.0,80,2543.0,8766.0,0,0,0,1,0,0,0,0,0,1,0,1,1
43805,0033800002h2VmUAAU,0.0,0,0.0,9475.0,0,1,0,0,0,0,0,0,0,1,0,1,1
43806,0033800002h2VrXAAU,0.0,0,0.0,7420.0,0,0,0,0,1,1,0,0,0,0,0,1,1
43808,0033800002h2VthAAE,0.0,0,0.0,9488.0,0,1,0,0,0,0,0,0,0,1,0,1,0
43810,0033800002h2Vx5AAE,0.0,80,6815.0,5314.0,0,0,0,1,0,0,1,0,0,0,0,1,1
43813,0033800002h2W2yAAE,0.0,0,13192.0,1460.0,1,0,0,0,0,0,0,0,0,1,0,1,0
43815,0033800002h2W4CAAU,0.0,0,0.0,1310.0,0,0,0,1,0,1,0,0,0,0,0,1,0
43817,0033800002h2W6gAAE,0.0,0,17404.0,1217.0,0,1,0,0,0,1,0,0,0,0,0,1,0
43819,0033800002h2W9uAAE,0.0,0,10797.0,826.0,0,0,0,1,0,0,0,0,0,1,0,1,0
43825,0033800002h2WJaAAM,0.0,0,3729.0,6295.0,0,0,0,1,0,0,1,0,0,0,1,0,1
43829,0033800002h2WMZAA2,0.0,0,0.0,11032.0,0,1,0,0,0,0,0,0,0,1,0,1,1
43831,0033800002h2WUxAAM,0.0,10,10383.0,551.0,0,0,0,1,0,0,1,0,0,0,0,1,0
43832,0033800002h2WW0AAM,0.0,0,0.0,968.0,0,0,0,1,0,0,1,0,0,0,1,0,0
43834,0033800002h2WdgAAE,0.0,0,0.0,1537.0,0,0,0,1,0,0,0,0,0,1,0,1,1
43835,0033800002h2WloAAE,0.0,0,0.0,1405.0,0,0,0,0,1,0,1,0,0,0,0,1,1
43836,0033800002h2WltAAE,0.0,0,0.0,7688.0,0,1,0,0,0,0,1,0,0,0,0,1,0
43842,0033800002h2XK5AAM,0.0,100,4268.0,1136.0,0,0,0,0,1,0,1,0,0,0,1,0,1
43843,0033800002h2XMuAAM,0.0,0,230.0,4900.0,0,1,0,0,0,0,1,0,0,0,0,1,1
43845,0033800002h2XU0AAM,0.0,0,145.0,7355.0,0,0,0,0,1,0,0,0,0,1,0,1,1
43848,0033800002h2XgzAAE,0.0,0,77.0,3227.0,0,0,0,1,0,0,1,0,0,0,1,0,1
43853,0033800002h2YPcAAM,0.0,0,14306.0,510.0,1,0,0,0,0,0,1,0,0,0,0,1,1
43854,0033800002h2YQ1AAM,0.0,0,0.0,3915.0,1,0,0,0,0,1,0,0,0,0,0,1,1
43855,0033800002h2YU3AAM,0.0,0,11.0,1461.0,0,0,0,1,0,0,0,0,0,1,1,0,0
43856,0033800002h2YaVAAU,0.0,30,394.0,3832.0,0,0,0,1,0,0,1,0,0,0,0,1,1
43860,0033800002h2YkeAAE,0.0,0,192.0,1461.0,0,0,0,1,0,0,0,0,1,0,0,1,0
43865,0033800002h2ZO5AAM,0.0,0,8244.0,898.0,0,1,0,0,0,0,1,0,0,0,0,1,1
43868,0033800002h2ZUIAA2,0.0,0,11499.0,2543.0,0,0,0,1,0,0,1,0,0,0,1,0,1
43881,0033800002h2b9HAAQ,0.0,0,39.0,561.0,0,1,0,0,0,1,0,0,0,0,0,1,1
43884,0033800002h2bXiAAI,0.0,80,6513.0,7593.0,0,1,0,0,0,0,0,0,0,1,0,1,1
43885,0033800002h2bZPAAY,0.0,0,0.0,1461.0,0,0,0,0,1,0,1,0,0,0,0,1,1
43887,0033800002h2baDAAQ,0.0,0,676.0,1502.0,0,0,0,1,0,0,1,0,0,0,0,1,0
43888,0033800002h2bfTAAQ,0.0,0,382.0,8646.0,1,0,0,0,0,1,0,0,0,0,0,1,1
43889,0033800002h2bfxAAA,0.0,0,0.0,8766.0,1,0,0,0,0,0,0,0,0,1,0,1,1
43902,0033800002h2dXrAAI,0.0,0,0.0,8113.0,0,0,0,0,1,0,1,0,0,0,0,1,0
43904,0033800002h2dqeAAA,0.0,0,0.0,2463.0,0,0,0,1,0,0,1,0,0,0,0,1,0
43905,0033800002h2dqjAAA,0.0,80,1419.0,6947.0,0,0,0,1,0,0,0,0,0,1,0,1,1
43911,0033800002h2eXlAAI,0.0,0,0.0,7322.0,0,0,0,1,0,0,1,0,0,0,0,1,1
43912,0033800002h2efLAAQ,0.0,0,16.0,6210.0,0,0,0,0,1,0,0,0,0,1,1,0,1
43913,0033800002h2efQAAQ,0.0,0,12060.0,6.0,0,0,0,1,0,0,1,0,0,0,0,1,1
43918,0033800002h2gHnAAI,0.0,0,0.0,10352.0,1,0,0,0,0,0,1,0,0,0,0,1,0
43919,0033800002h2gWYAAY,0.0,0,4.0,582.0,0,0,0,1,0,0,1,0,0,0,0,1,0
43929,0033800002h2hXGAAY,0.0,0,1826.0,1461.0,0,1,0,0,0,0,0,0,0,1,1,0,0
43933,0033800002h2ijPAAQ,0.0,0,1481.0,1461.0,0,0,0,1,0,1,0,0,0,0,1,0,0
43935,0033800002h2jb1AAA,0.0,0,0.0,7773.0,0,1,0,0,0,0,0,0,1,0,0,1,1
43938,0033800002h2jwNAAQ,0.0,0,0.0,8965.0,1,0,0,0,0,0,1,0,0,0,0,1,0
43940,0033800002h2k0oAAA,0.0,0,422.0,7307.0,0,0,0,1,0,1,0,0,0,0,0,1,0
43946,0033800002h2kKBAAY,0.0,0,3237.0,1612.0,0,0,0,0,1,1,0,0,0,0,0,1,1
43947,0033800002h2keBAAQ,0.0,70,1113.0,7649.0,0,0,0,1,0,0,1,0,0,0,0,1,1
43948,0033800002h2kgRAAQ,0.0,0,0.0,1377.0,0,0,0,1,0,0,1,0,0,0,0,1,0
43949,0033800002h2kggAAA,0.0,40,3009.0,8370.0,0,0,0,1,0,0,0,0,0,1,0,1,0
43955,0033800002h2kqpAAA,0.0,0,0.0,8830.0,0,1,0,0,0,0,1,0,0,0,0,1,1
43961,0033800002h2kvzAAA,0.0,0,1510.0,6875.0,0,1,0,0,0,0,1,0,0,0,0,1,0
43968,0033800002h2l6bAAA,0.0,0,0.0,5390.0,0,0,0,1,0,0,1,0,0,0,0,1,1
43977,0033800002h2lVtAAI,0.0,90,18.0,2963.0,1,0,0,0,0,0,1,0,0,0,1,0,1
43982,0033800002h2lcNAAQ,0.0,0,0.0,1825.0,0,1,0,0,0,0,1,0,0,0,0,1,0
43984,0033800002h2llZAAQ,0.0,0,0.0,2888.0,0,0,0,1,0,0,0,0,1,0,0,1,1
43988,0033800002h2lz6AAA,0.0,60,3490.0,7424.0,0,0,0,1,0,0,0,0,1,0,0,1,1
43991,0033800002h2nK5AAI,0.0,0,0.0,8018.0,0,1,0,0,0,0,1,0,0,0,0,1,1
43993,0033800002h2nPFAAY,0.0,0,262.0,9746.0,0,0,0,0,1,0,1,0,0,0,0,1,1
43994,0033800002h2nhEAAQ,0.0,0,0.0,7332.0,0,1,0,0,0,0,1,0,0,0,0,1,1
43996,0033800002h2oBiAAI,0.0,0,31.0,1658.0,0,0,0,1,0,0,1,0,0,0,1,0,0
43997,0033800002h2oBxAAI,0.0,0,17.0,7436.0,1,0,0,0,0,0,1,0,0,0,0,1,1
44000,0033800002h2oL4AAI,0.0,0,0.0,2138.0,0,0,0,1,0,0,1,0,0,0,0,1,1
44001,0033800002h2oglAAA,0.0,0,0.0,3652.0,0,1,0,0,0,0,0,0,0,1,1,0,0
44003,0033800002h2psNAAQ,0.0,0,0.0,1460.0,0,1,0,0,0,0,1,0,0,0,0,1,1
44006,0033800002h2q78AAA,0.0,0,100.0,1462.0,0,0,0,1,0,0,0,0,1,0,0,1,1
44007,0033800002h2q9dAAA,0.0,0,0.0,7844.0,0,0,0,0,1,1,0,0,0,0,0,1,0
44011,0033800002h2qQFAAY,0.0,0,298.0,2796.0,0,0,0,1,0,0,0,0,0,1,0,1,1
44013,0033800002h2qmQAAQ,0.0,0,0.0,7315.0,1,0,0,0,0,0,0,0,0,1,0,1,1
44014,0033800002h2qnnAAA,0.0,0,0.0,9592.0,0,0,0,0,1,0,1,0,0,0,0,1,1
44015,0033800002h2qobAAA,0.0,0,0.0,7333.0,1,0,0,0,0,0,1,0,0,0,1,0,0
44016,0033800002h2qolAAA,0.0,0,0.0,2454.0,1,0,0,0,0,0,0,0,0,1,0,1,1
44018,0033800002h2quUAAQ,0.0,0,1571.0,725.0,0,1,0,0,0,1,0,0,0,0,0,1,1
44019,0033800002h2qy2AAA,0.0,0,223.0,7493.0,1,0,0,0,0,0,0,0,1,0,0,1,0
44021,0033800002h2qzZAAQ,0.0,0,242.0,1460.0,0,0,0,1,0,0,0,0,0,1,0,1,1
44022,0033800002h2r4HAAQ,0.0,0,0.0,10982.0,0,1,0,0,0,0,0,0,0,1,0,1,1
44023,0033800002h2r4zAAA,0.0,0,7205.0,4017.0,0,1,0,0,0,0,0,0,0,1,1,0,0
44024,0033800002h2r59AAA,0.0,0,0.0,4641.0,0,0,0,1,0,0,1,0,0,0,1,0,1
44026,0033800002h2r6qAAA,0.0,0,694.0,9280.0,0,0,0,0,1,0,0,1,0,0,0,1,1
44027,0033800002h2r6vAAA,0.0,0,0.0,8563.0,0,0,0,0,1,0,1,0,0,0,0,1,1
44028,0033800002h2r8IAAQ,0.0,0,0.0,8171.0,0,1,0,0,0,0,1,0,0,0,0,1,0
44030,0033800002h2r96AAA,0.0,0,0.0,8766.0,1,0,0,0,0,0,1,0,0,0,0,1,1
44031,0033800002h2r9LAAQ,0.0,0,13738.0,1472.0,0,0,0,1,0,0,0,0,1,0,0,1,1
44033,0033800002h2rE1AAI,0.0,100,609.0,4848.0,1,0,0,0,0,0,0,0,0,1,1,0,0
44035,0033800002h2rIKAAY,0.0,0,0.0,7345.0,0,0,0,0,1,1,0,0,0,0,0,1,1
44036,0033800002h2rJSAAY,0.0,0,0.0,4423.0,0,0,0,1,0,0,0,0,1,0,0,1,0
44038,0033800002h2rKaAAI,0.0,0,0.0,1461.0,0,0,0,1,0,0,0,0,1,0,0,1,0
44039,0033800002h2rPkAAI,0.0,30,1214.0,4350.0,0,0,0,1,0,0,1,0,0,0,0,1,1
44040,0033800002h2rZJAAY,0.0,0,0.0,7321.0,0,0,0,0,1,1,0,0,0,0,1,0,1
44046,0033800002h2sYXAAY,0.0,0,0.0,7336.0,1,0,0,0,0,0,0,0,0,1,0,1,1
44047,0033800002h2sbRAAQ,0.0,0,206.0,2192.0,1,0,0,0,0,0,1,0,0,0,0,1,1
44048,0033800002h2sfEAAQ,0.0,0,117.0,418.0,0,1,0,0,0,0,0,0,1,0,0,1,1
44055,0033800002h2t2oAAA,0.0,0,0.0,8783.0,0,1,0,0,0,0,0,0,0,1,0,1,1
44061,0033800002h2tGLAAY,0.0,0,0.0,1461.0,0,0,0,1,0,0,0,0,1,0,0,1,0
44062,0033800002h2tGkAAI,0.0,0,0.0,1474.0,0,1,0,0,0,0,0,0,1,0,0,1,1
44063,0033800002h2tHxAAI,0.0,0,0.0,8148.0,0,1,0,0,0,1,0,0,0,0,0,1,0
44064,0033800002h2tLqAAI,0.0,0,0.0,7141.0,0,1,0,0,0,1,0,0,0,0,0,1,1
44065,0033800002h2tSOAAY,0.0,50,907.0,2252.0,0,1,0,0,0,0,1,0,0,0,0,1,1
44069,0033800002h2tmjAAA,0.0,0,0.0,3040.0,0,0,0,1,0,0,1,0,0,0,0,1,0
44070,0033800002h2u2IAAQ,0.0,0,0.0,8389.0,0,1,0,0,0,1,0,0,0,0,0,1,1
44071,0033800002h2u3aAAA,0.0,0,0.0,7308.0,0,0,0,0,1,0,1,0,0,0,0,1,1
44072,0033800002h2u9nAAA,0.0,0,0.0,1499.0,0,0,0,1,0,0,1,0,0,0,1,0,0
44073,0033800002h2uQAAAY,0.0,0,1128.0,3935.0,0,1,0,0,0,1,0,0,0,0,1,0,1
44074,0033800002h2uRDAAY,0.0,0,0.0,7582.0,1,0,0,0,0,0,1,0,0,0,0,1,1
44075,0033800002h2up5AAA,0.0,0,38.0,5763.0,0,0,0,1,0,0,0,0,0,1,0,1,0
44078,0033800002h2urBAAQ,0.0,0,0.0,8089.0,1,0,0,0,0,1,0,0,0,0,0,1,1
44079,0033800002h2uujAAA,0.0,40,3403.0,7319.0,0,1,0,0,0,0,0,0,0,1,0,1,0
44081,0033800002h2uxJAAQ,0.0,0,0.0,2222.0,0,0,0,1,0,0,1,0,0,0,0,1,1
44082,0033800002h2uyHAAQ,0.0,0,0.0,3327.0,0,0,0,1,0,0,0,0,1,0,0,1,0
44083,0033800002h2v7JAAQ,0.0,0,0.0,7513.0,1,0,0,0,0,1,0,0,0,0,0,1,1
44084,0033800002h2v7xAAA,0.0,0,0.0,3567.0,0,0,0,1,0,0,0,1,0,0,0,1,1
44085,0033800002h2vM9AAI,0.0,90,1731.0,14516.0,0,0,0,0,1,1,0,0,0,0,1,0,1
44086,0033800002h2vV6AAI,0.0,0,0.0,10104.0,0,1,0,0,0,0,0,1,0,0,0,1,0
44087,0033800002h2vVfAAI,0.0,0,2063.0,1612.0,1,0,0,0,0,0,1,0,0,0,0,1,1
44088,0033800002h2vWEAAY,0.0,70,4194.0,1727.0,0,1,0,0,0,0,1,0,0,0,0,1,0
44098,0033800002h2wfIAAQ,0.0,0,0.0,8769.0,1,0,0,0,0,0,1,0,0,0,0,1,1
44100,0033800002h2wfwAAA,0.0,0,0.0,1854.0,0,0,0,1,0,0,1,0,0,0,0,1,1
44102,0033800002h2wiWAAQ,0.0,100,4406.0,1095.0,0,1,0,0,0,0,1,0,0,0,0,1,1
44103,0033800002h2wkNAAQ,0.0,0,0.0,9396.0,0,0,0,1,0,0,1,0,0,0,0,1,0
44104,0033800002h2wkcAAA,0.0,100,0.0,8351.0,0,1,0,0,0,0,1,0,0,0,1,0,1
44105,0033800002h2wlgAAA,0.0,0,0.0,9546.0,0,0,0,1,0,0,0,0,0,1,0,1,1
44106,0033800002h2wpDAAQ,0.0,0,1404.0,1522.0,0,0,0,1,0,1,0,0,0,0,0,1,0
44107,0033800002h2wqpAAA,0.0,80,1517.0,7821.0,0,1,0,0,0,0,0,0,0,1,0,1,1
44108,0033800002h2wsCAAQ,0.0,0,0.0,1207.0,0,0,0,1,0,0,1,0,0,0,0,1,1
44109,0033800002h2x0VAAQ,0.0,0,0.0,7309.0,0,0,0,1,0,0,0,0,1,0,0,1,1
44110,0033800002h2x4hAAA,0.0,0,0.0,7318.0,0,1,0,0,0,1,0,0,0,0,0,1,1
44111,0033800002h2x5uAAA,0.0,0,8882.0,4077.0,0,0,0,1,0,0,1,0,0,0,0,1,0
44115,0033800002h2xSUAAY,0.0,0,3573.0,3272.0,0,0,0,0,1,0,1,0,0,0,0,1,1
44116,0033800002h2xSyAAI,0.0,0,0.0,7919.0,0,1,0,0,0,0,0,0,0,1,0,1,1
44121,0033800002h2xllAAA,0.0,0,7480.0,1460.0,0,1,0,0,0,0,1,0,0,0,0,1,1
44123,0033800002h2xmtAAA,0.0,0,197.0,1175.0,0,0,0,1,0,0,1,0,0,0,0,1,1
44125,0033800002h2yFRAAY,0.0,0,3975.0,2134.0,0,0,0,0,1,0,0,0,0,1,1,0,1
44126,0033800002h2yFvAAI,0.0,0,0.0,2191.0,0,0,0,1,0,0,0,0,0,1,0,1,1
44128,0033800002h2yL5AAI,0.0,0,0.0,10983.0,0,0,0,0,1,1,0,0,0,0,0,1,1
44129,0033800002h2yPmAAI,0.0,100,718.0,8276.0,0,1,0,0,0,1,0,0,0,0,1,0,0
44132,0033800002h2yVLAAY,0.0,0,0.0,5001.0,0,0,0,0,1,0,1,0,0,0,0,1,1
44133,0033800002h2yXRAAY,0.0,0,0.0,1520.0,0,0,0,1,0,0,1,0,0,0,0,1,1
44134,0033800002h2yZNAAY,0.0,0,10.0,3974.0,0,1,0,0,0,0,1,0,0,0,0,1,1
44136,0033800002h2yi3AAA,0.0,0,0.0,7305.0,1,0,0,0,0,1,0,0,0,0,0,1,0
44137,0033800002h2yiDAAQ,0.0,0,1364.0,2556.0,0,0,0,0,1,1,0,0,0,0,1,0,1
44138,0033800002h2yoNAAQ,0.0,0,0.0,7320.0,0,0,0,1,0,0,0,0,1,0,0,1,1
44139,0033800002h2yuMAAQ,0.0,0,0.0,7305.0,0,0,0,1,0,0,1,0,0,0,0,1,1
44141,0033800002h2zHtAAI,0.0,100,1521.0,8146.0,0,1,0,0,0,0,0,0,0,1,0,1,1
44142,0033800002h2zXXAAY,0.0,0,0.0,4576.0,0,0,0,0,1,0,1,0,0,0,0,1,1
44145,0033800002h30NxAAI,0.0,0,0.0,4131.0,0,0,0,1,0,1,0,0,0,0,0,1,1
44146,0033800002h30bLAAQ,0.0,0,0.0,7320.0,0,0,0,1,0,0,1,0,0,0,0,1,1
44149,0033800002h30msAAA,0.0,0,0.0,9299.0,0,1,0,0,0,1,0,0,0,0,1,0,1
44152,0033800002h30slAAA,0.0,30,3435.0,7388.0,1,0,0,0,0,1,0,0,0,0,0,1,1
44153,0033800002h30teAAA,0.0,0,0.0,1461.0,0,0,0,1,0,0,1,0,0,0,0,1,0
44157,0033800002h31eBAAQ,0.0,0,0.0,8555.0,0,0,0,1,0,0,1,0,0,0,0,1,0
44159,0033800002h31pRAAQ,0.0,0,0.0,9161.0,0,1,0,0,0,0,1,0,0,0,0,1,1
44160,0033800002h323QAAQ,0.0,0,0.0,5170.0,1,0,0,0,0,1,0,0,0,0,0,1,0
44161,0033800002h32ARAAY,0.0,20,3372.0,463.0,0,1,0,0,0,0,0,0,1,0,1,0,1
44163,0033800002iCNK4AAO,0.0,0,10614.0,1460.0,0,1,0,0,0,0,0,0,0,1,0,1,1
44166,0033800002iCNP4AAO,0.0,0,0.0,4813.0,0,0,0,1,0,1,0,0,0,0,0,1,1
44168,0033800002iCNg7AAG,0.0,0,8515.0,1461.0,0,0,0,1,0,0,1,0,0,0,0,1,1
44169,0033800002iCNhAAAW,0.0,0,7226.0,1124.0,1,0,0,0,0,1,0,0,0,0,1,0,1
44170,0033800002iCNhZAAW,0.0,0,0.0,8059.0,0,1,0,0,0,1,0,0,0,0,0,1,1
44173,0033800002iCORBAA4,0.0,90,0.0,7243.0,0,0,0,1,0,0,1,0,0,0,0,1,0
44174,0033800002iCOXxAAO,0.0,0,0.0,2584.0,0,0,0,1,0,0,1,0,0,0,0,1,0
44175,0033800002iCOYqAAO,0.0,0,3271.0,1287.0,0,1,0,0,0,0,0,0,0,1,0,1,0
44177,0033800002iCOdVAAW,0.0,0,0.0,5965.0,1,0,0,0,0,0,1,0,0,0,0,1,0
44178,0033800002iCOdzAAG,0.0,0,1542.0,2925.0,1,0,0,0,0,0,0,0,0,1,1,0,1
44179,0033800002iCOfMAAW,0.0,10,2972.0,3859.0,0,1,0,0,0,1,0,0,0,0,0,1,1
44181,0033800002iCOmTAAW,0.0,0,7010.0,6029.0,0,0,0,1,0,0,1,0,0,0,0,1,1
44182,0033800002iCOrJAAW,0.0,0,0.0,9204.0,0,0,0,1,0,0,0,0,0,1,0,1,1
44183,0033800002iCOtUAAW,0.0,0,0.0,1333.0,0,1,0,0,0,0,1,0,0,0,0,1,0
44184,0033800002iCOyFAAW,0.0,30,3437.0,8610.0,0,0,0,0,1,1,0,0,0,0,0,1,1
44185,0033800002iCOyeAAG,0.0,0,0.0,4085.0,0,0,0,1,0,0,1,0,0,0,0,1,1
44186,0033800002iCP22AAG,0.0,0,0.0,7953.0,0,1,0,0,0,0,0,0,0,1,0,1,0
44187,0033800002iCP2WAAW,0.0,0,0.0,3989.0,0,0,0,1,0,1,0,0,0,0,0,1,0
44188,0033800002iCP2lAAG,0.0,0,0.0,5097.0,0,1,0,0,0,1,0,0,0,0,0,1,1
44190,0033800002iCP5BAAW,0.0,0,1422.0,1635.0,1,0,0,0,0,0,1,0,0,0,0,1,1
44192,0033800002iCPQ5AAO,0.0,0,0.0,1977.0,0,0,0,1,0,0,0,0,1,0,0,1,0
44194,0033800002iCPbIAAW,0.0,80,553.0,2945.0,0,0,0,1,0,0,0,0,1,0,1,0,0
44196,0033800002iCPkKAAW,0.0,0,0.0,4005.0,0,0,0,1,0,0,0,0,1,0,0,1,1
44197,0033800002iCPlIAAW,0.0,80,426.0,2332.0,0,1,0,0,0,1,0,0,0,0,0,1,1
44200,0033800002iCPueAAG,0.0,0,0.0,8044.0,0,1,0,0,0,0,1,0,0,0,0,1,1
44201,0033800002iCPxdAAG,0.0,0,597.0,1978.0,0,0,0,1,0,0,1,0,0,0,0,1,1
44202,0033800002iCQEaAAO,0.0,0,0.0,9868.0,0,1,0,0,0,0,0,0,1,0,0,1,1
44204,0033800002iCQpMAAW,0.0,0,0.0,1607.0,0,0,0,1,0,0,1,0,0,0,0,1,1
44205,0033800002iCQrcAAG,0.0,0,0.0,4225.0,0,1,0,0,0,0,1,0,0,0,0,1,1
44209,0033800002iCR7FAAW,0.0,0,0.0,12049.0,0,1,0,0,0,0,1,0,0,0,0,1,1
44211,0033800002iCR7yAAG,0.0,0,0.0,8956.0,0,1,0,0,0,0,1,0,0,0,0,1,1
44213,0033800002iCRUeAAO,0.0,0,272.0,3666.0,0,0,0,1,0,0,1,0,0,0,0,1,0
44215,0033800002iCRaYAAW,0.0,0,360.0,7535.0,0,1,0,0,0,0,1,0,0,0,0,1,1
44218,0033800002iCS0pAAG,0.0,0,0.0,7504.0,0,0,0,1,0,0,0,0,1,0,0,1,1
44220,0033800002iCSKGAA4,0.0,0,12262.0,1461.0,0,0,0,1,0,0,1,0,0,0,0,1,0
44221,0033800002iCSRdAAO,0.0,10,7740.0,3433.0,0,0,0,1,0,0,0,0,0,1,0,1,1
44223,0033800002iCSlRAAW,0.0,0,0.0,7253.0,0,1,0,0,0,1,0,0,0,0,0,1,1
44224,0033800002iCStpAAG,0.0,0,0.0,7271.0,1,0,0,0,0,0,1,0,0,0,0,1,1
44229,0033800002iCTtvAAG,0.0,0,0.0,7320.0,0,0,0,0,1,0,1,0,0,0,0,1,1
44232,0033800002iCU20AAG,0.0,0,0.0,11388.0,0,0,0,0,1,1,0,0,0,0,0,1,1
44235,0033800002iCU9QAAW,0.0,0,0.0,7973.0,0,0,0,0,1,0,0,0,0,1,0,1,1
44238,0033800002iCUFCAA4,0.0,0,0.0,7315.0,1,0,0,0,0,0,0,0,0,1,0,1,0
44240,0033800002iCUHmAAO,0.0,0,0.0,7783.0,1,0,0,0,0,1,0,0,0,0,0,1,1
44241,0033800002iCUJsAAO,0.0,0,157.0,3531.0,0,0,0,0,1,0,1,0,0,0,0,1,1
44243,0033800002iCUfmAAG,0.0,0,0.0,2078.0,0,0,0,1,0,0,1,0,0,0,0,1,0
44245,0033800002iCUgGAAW,0.0,40,347.0,5257.0,0,0,0,1,0,0,1,0,0,0,0,1,0
44246,0033800002iCUiMAAW,0.0,0,0.0,7315.0,0,1,0,0,0,0,0,0,0,1,1,0,1
44247,0033800002iCUl1AAG,0.0,0,23.0,7493.0,1,0,0,0,0,1,0,0,0,0,1,0,1
44248,0033800002iCUoSAAW,0.0,70,3767.0,7503.0,0,0,0,0,1,0,1,0,0,0,0,1,1
44249,0033800002iCUuLAAW,0.0,60,7530.0,1182.0,0,1,0,0,0,0,1,0,0,0,1,0,0
44254,0033800002iCV83AAG,0.0,0,0.0,3765.0,0,0,0,1,0,0,1,0,0,0,1,0,0
44255,0033800002iCV88AAG,0.0,0,0.0,4924.0,1,0,0,0,0,1,0,0,0,0,1,0,1
44256,0033800002iCVAsAAO,0.0,0,0.0,4768.0,0,0,0,1,0,1,0,0,0,0,0,1,1
44258,0033800002iCVPEAA4,0.0,0,0.0,4652.0,0,0,0,1,0,0,0,0,0,1,0,1,1
44259,0033800002iCVPTAA4,0.0,0,0.0,1227.0,0,0,0,1,0,0,1,0,0,0,0,1,1
44260,0033800002iCVQMAA4,0.0,0,0.0,2192.0,0,1,0,0,0,0,1,0,0,0,0,1,0
44261,0033800002iCVeaAAG,0.0,0,5440.0,1096.0,0,0,0,1,0,1,0,0,0,0,1,0,1
44263,0033800002iCVySAAW,0.0,0,24.0,1995.0,0,0,0,1,0,0,1,0,0,0,0,1,0
44265,0033800002iCW5dAAG,0.0,0,0.0,7994.0,0,0,0,1,0,0,1,0,0,0,1,0,0
44266,0033800002iCWCtAAO,0.0,10,1255.0,1825.0,0,1,0,0,0,0,0,0,1,0,0,1,1
44267,0033800002iCWDwAAO,0.0,90,284.0,5350.0,0,0,0,1,0,0,1,0,0,0,0,1,1
44268,0033800002iCWbVAAW,0.0,0,0.0,7792.0,0,0,0,1,0,0,1,0,0,0,0,1,0
44269,0033800002iCWdbAAG,0.0,0,906.0,2313.0,0,0,0,1,0,0,1,0,0,0,0,1,0
44270,0033800002iCWhpAAG,0.0,0,236.0,2445.0,0,0,0,1,0,0,0,0,0,1,0,1,0
44271,0033800002iCWn7AAG,0.0,30,2119.0,1826.0,0,0,0,1,0,0,0,0,0,1,0,1,0
44273,0033800002iCWo5AAG,0.0,0,0.0,7810.0,0,0,0,0,1,0,1,0,0,0,0,1,1
44274,0033800002iCWslAAG,0.0,0,0.0,9504.0,1,0,0,0,0,0,0,0,0,1,0,1,1
44275,0033800002iCWvXAAW,0.0,0,1333.0,7317.0,0,1,0,0,0,0,0,0,0,1,0,1,1
44280,0033800002iCXh2AAG,0.0,90,970.0,8766.0,0,1,0,0,0,0,0,0,0,1,0,1,1
44281,0033800002iCXijAAG,0.0,0,0.0,6940.0,1,0,0,0,0,0,1,0,0,0,0,1,1
44282,0033800002iCXlJAAW,0.0,0,0.0,3692.0,0,0,0,1,0,0,0,0,1,0,0,1,0
44283,0033800002iCXqiAAG,0.0,0,0.0,1319.0,0,1,0,0,0,0,1,0,0,0,1,0,1
44284,0033800002iCXshAAG,0.0,0,0.0,2192.0,0,0,0,1,0,0,1,0,0,0,0,1,1
44285,0033800002iCXzXAAW,0.0,0,0.0,6093.0,0,0,0,1,0,0,0,0,1,0,0,1,0
44288,0033800002iCYQXAA4,0.0,0,0.0,7418.0,1,0,0,0,0,0,1,0,0,0,1,0,0
44292,0033800002iCYxeAAG,0.0,0,0.0,1964.0,0,0,0,1,0,0,1,0,0,0,0,1,0
44294,0033800002iCZgqAAG,0.0,0,0.0,1461.0,0,0,0,1,0,0,0,0,0,1,0,1,1
44295,0033800002iCaBeAAK,0.0,0,0.0,9131.0,0,0,0,0,1,0,0,0,0,1,0,1,1
44299,0033800002iCcALAA0,0.0,0,0.0,11184.0,0,0,0,1,0,0,1,0,0,0,0,1,1
44300,0033800002iCcAfAAK,0.0,0,0.0,5440.0,1,0,0,0,0,0,1,0,0,0,0,1,1
44302,0033800002iCcHXAA0,0.0,0,0.0,7430.0,0,0,0,1,0,0,1,0,0,0,0,1,0
44305,0033800002iCcWbAAK,0.0,0,1618.0,1648.0,0,0,0,1,0,0,1,0,0,0,0,1,1
44308,0033800002iCdR4AAK,0.0,100,0.0,3175.0,0,0,0,1,0,0,1,0,0,0,0,1,1
44309,0033800002iCdUDAA0,0.0,0,5468.0,2288.0,1,0,0,0,0,0,1,0,0,0,0,1,1
44310,0033800002iCdUcAAK,0.0,0,85.0,9036.0,0,0,0,1,0,0,1,0,0,0,0,1,1
44314,0033800002iCduNAAS,0.0,0,0.0,8078.0,0,0,0,1,0,0,1,0,0,0,0,1,1
44318,0033800002iCeamAAC,0.0,0,0.0,7856.0,0,0,0,0,1,1,0,0,0,0,0,1,0
44320,0033800002iCeetAAC,0.0,20,0.0,2274.0,0,0,0,1,0,0,1,0,0,0,0,1,0
44321,0033800002iCep9AAC,0.0,0,2004.0,8578.0,0,0,0,1,0,0,1,0,0,0,0,1,0
44322,0033800002iCeroAAC,0.0,0,0.0,2946.0,0,0,0,1,0,0,1,0,0,0,0,1,1
44323,0033800002iCeueAAC,0.0,0,0.0,8094.0,0,0,0,1,0,0,1,0,0,0,1,0,0
44325,0033800002iCfEFAA0,0.0,0,0.0,8766.0,1,0,0,0,0,1,0,0,0,0,0,1,0
44326,0033800002iCfR1AAK,0.0,0,0.0,6262.0,1,0,0,0,0,0,0,1,0,0,0,1,0
44328,0033800002iCfVcAAK,0.0,0,0.0,6502.0,0,1,0,0,0,0,1,0,0,0,0,1,1
44329,0033800002iCfbtAAC,0.0,0,0.0,1462.0,0,0,0,1,0,0,0,0,0,1,0,1,0
44331,0033800002iCfhtAAC,0.0,10,4746.0,1461.0,0,1,0,0,0,1,0,0,0,0,0,1,1
44332,0033800002iCflMAAS,0.0,0,0.0,2336.0,0,0,0,1,0,0,1,0,0,0,0,1,1
44335,0033800002iCfyeAAC,0.0,0,4528.0,2665.0,1,0,0,0,0,0,1,0,0,0,0,1,0
44339,0033800002iCgHcAAK,0.0,0,0.0,9304.0,1,0,0,0,0,0,1,0,0,0,0,1,1
44340,0033800002iCgI6AAK,0.0,0,5323.0,2947.0,1,0,0,0,0,0,1,0,0,0,0,1,0
44341,0033800002iCgY3AAK,0.0,80,3774.0,4111.0,0,0,0,0,1,0,1,0,0,0,1,0,0
44342,0033800002iCgZ6AAK,0.0,0,177.0,7307.0,1,0,0,0,0,0,1,0,0,0,0,1,1
44345,0033800002iChuGAAS,0.0,0,0.0,7813.0,0,1,0,0,0,0,1,0,0,0,0,1,1
44346,0033800002iCim1AAC,0.0,0,0.0,14093.0,0,1,0,0,0,1,0,0,0,0,0,1,0
44348,0033800002iCiqpAAC,0.0,0,0.0,2176.0,0,0,0,1,0,0,1,0,0,0,0,1,1
44349,0033800002iCixIAAS,0.0,0,0.0,6348.0,0,1,0,0,0,0,1,0,0,0,1,0,0
44350,0033800002iCixcAAC,0.0,0,0.0,1263.0,0,0,0,0,1,0,1,0,0,0,0,1,1
44352,0033800002iCk3HAAS,0.0,0,0.0,9508.0,0,0,0,0,1,0,0,0,0,1,0,1,1
44354,0033800002iCkF5AAK,0.0,0,1273.0,2259.0,0,1,0,0,0,0,0,0,0,1,0,1,1
44355,0033800002iCkM9AAK,0.0,0,0.0,2266.0,0,0,0,1,0,1,0,0,0,0,0,1,1
44358,0033800002iCkZVAA0,0.0,0,866.0,4085.0,0,0,0,1,0,1,0,0,0,0,0,1,0
44360,0033800002iCkmIAAS,0.0,0,0.0,1221.0,0,0,0,1,0,0,1,0,0,0,0,1,1
44361,0033800002iCkqqAAC,0.0,0,11360.0,1084.0,0,0,0,1,0,0,1,0,0,0,0,1,0
44362,0033800002iCkz9AAC,0.0,30,882.0,2417.0,0,1,0,0,0,1,0,0,0,0,0,1,1
44363,0033800002iCl12AAC,0.0,0,0.0,3290.0,1,0,0,0,0,0,1,0,0,0,1,0,0
44365,0033800002iCl8qAAC,0.0,0,0.0,8719.0,1,0,0,0,0,0,0,0,0,1,0,1,1
44369,0033800002iClRTAA0,0.0,0,0.0,2203.0,0,0,0,1,0,0,0,0,0,1,0,1,0
44374,0033800002iClotAAC,0.0,0,0.0,5475.0,1,0,0,0,0,1,0,0,0,0,0,1,1
44378,0033800002iCn5yAAC,0.0,0,0.0,1951.0,0,0,0,1,0,0,1,0,0,0,0,1,0
44380,0033800002iCnoAAAS,0.0,0,2793.0,2698.0,0,0,0,1,0,0,0,0,1,0,0,1,1
44383,0033800002iCo8PAAS,0.0,0,0.0,8594.0,0,1,0,0,0,1,0,0,0,0,0,1,1
44385,0033800002iCoGSAA0,0.0,0,0.0,3943.0,0,1,0,0,0,0,1,0,0,0,0,1,0
44386,0033800002iCoKZAA0,0.0,0,0.0,7330.0,0,0,0,0,1,0,1,0,0,0,0,1,1
44389,0033800002iCoSlAAK,0.0,0,0.0,8760.0,1,0,0,0,0,1,0,0,0,0,0,1,1
44391,0033800002iCoXMAA0,0.0,0,2733.0,8933.0,1,0,0,0,0,0,1,0,0,0,0,1,1
44394,0033800002iCobtAAC,0.0,0,47.0,1304.0,0,1,0,0,0,0,0,0,0,1,1,0,1
44397,0033800002iCofYAAS,0.0,0,0.0,1460.0,0,1,0,0,0,0,0,0,1,0,0,1,1
44399,0033800002iCokJAAS,0.0,0,10.0,3645.0,0,0,0,1,0,1,0,0,0,0,0,1,0
44400,0033800002iCpE7AAK,0.0,0,0.0,1461.0,0,0,0,1,0,0,0,0,0,1,0,1,1
44403,0033800002iCq38AAC,0.0,0,0.0,3996.0,0,1,0,0,0,1,0,0,0,0,0,1,1
44404,0033800002iCq39AAC,0.0,0,0.0,4322.0,0,1,0,0,0,0,1,0,0,0,0,1,1
44405,0033800002iCq3AAAS,0.0,0,0.0,7288.0,0,0,1,0,0,0,1,0,0,0,0,1,0
44410,0033800002iCq3FAAS,0.0,0,4938.0,7731.0,0,1,0,0,0,0,1,0,0,0,0,1,0
44411,0033800002iCq3GAAS,0.0,0,0.0,8652.0,0,1,0,0,0,0,1,0,0,0,0,1,0
44417,0033800002iCq3NAAS,0.0,0,0.0,10288.0,0,1,0,0,0,0,0,0,0,1,0,1,1
44418,0033800002iCq3OAAS,0.0,90,1638.0,7305.0,0,1,0,0,0,0,1,0,0,0,1,0,0
44422,0033800002iCq3SAAS,0.0,0,0.0,8189.0,0,1,0,0,0,0,1,0,0,0,0,1,1
44424,0033800002iCq4NAAS,0.0,0,0.0,7303.0,0,0,0,0,1,0,1,0,0,0,0,1,1
44425,0033800002iCq4OAAS,0.0,90,182.0,7336.0,0,0,0,1,0,1,0,0,0,0,0,1,1
44427,0033800002iCq4QAAS,0.0,0,0.0,6300.0,1,0,0,0,0,0,0,0,0,1,0,1,1
44429,0033800002iCqLoAAK,0.0,0,0.0,7747.0,1,0,0,0,0,0,0,0,0,1,0,1,0
44430,0033800002iCqRSAA0,0.0,0,0.0,8431.0,0,1,0,0,0,0,0,0,1,0,0,1,0
44431,0033800002iCqeEAAS,0.0,0,0.0,2191.0,0,0,0,1,0,0,0,0,0,1,1,0,1
44445,0033800002iCs4vAAC,0.0,0,0.0,7333.0,0,0,0,0,1,0,1,0,0,0,1,0,0
44446,0033800002iCsBUAA0,0.0,0,112.0,2168.0,1,0,0,0,0,0,0,0,0,1,1,0,1
44448,0033800002iCsEdAAK,0.0,0,0.0,8788.0,0,1,0,0,0,0,0,0,0,1,0,1,1
44451,0033800002iCt2YAAS,0.0,0,0.0,3933.0,0,0,0,1,0,0,1,0,0,0,0,1,0
44455,0033800002iCtFiAAK,0.0,0,0.0,10057.0,1,0,0,0,0,0,1,0,0,0,0,1,1
44457,0033800002iCtNhAAK,0.0,0,168.0,756.0,0,0,0,1,0,1,0,0,0,0,0,1,1
44459,0033800002iCtTzAAK,0.0,0,0.0,7323.0,1,0,0,0,0,0,1,0,0,0,0,1,0
44460,0033800002iCtYKAA0,0.0,0,0.0,3515.0,0,1,0,0,0,1,0,0,0,0,0,1,1
44464,0033800002iCtqAAAS,0.0,80,697.0,1221.0,0,0,0,1,0,0,1,0,0,0,0,1,0
44466,0033800002iCtu2AAC,0.0,0,0.0,7681.0,1,0,0,0,0,0,1,0,0,0,0,1,0
44467,0033800002iCtzVAAS,0.0,0,0.0,8129.0,0,0,0,1,0,0,0,0,0,1,0,1,0
44469,0033800002iCuPjAAK,0.0,0,0.0,4749.0,0,0,0,1,0,0,1,0,0,0,0,1,1
44470,0033800002iCuRfAAK,0.0,0,0.0,10147.0,0,0,0,0,1,0,1,0,0,0,0,1,1
44471,0033800002iCubsAAC,0.0,0,0.0,2152.0,0,1,0,0,0,0,1,0,0,0,1,0,1
44472,0033800002iCufLAAS,0.0,0,0.0,9416.0,0,0,0,0,1,0,0,0,0,1,1,0,1
44473,0033800002iCui6AAC,0.0,0,464.0,1461.0,0,0,0,1,0,0,0,0,0,1,0,1,1
44478,0033800002iCvI4AAK,0.0,0,0.0,5598.0,0,0,0,1,0,0,1,0,0,0,1,0,1
44479,0033800002iCvV8AAK,0.0,0,274.0,7326.0,1,0,0,0,0,1,0,0,0,0,0,1,1
44480,0033800002iCvajAAC,0.0,0,0.0,12036.0,1,0,0,0,0,0,1,0,0,0,1,0,0
44482,0033800002iCvdnAAC,0.0,0,22.0,3113.0,0,1,0,0,0,0,0,0,0,1,0,1,0
44486,0033800002iCvukAAC,0.0,0,0.0,1382.0,0,0,0,1,0,0,0,0,1,0,0,1,1
44487,0033800002iCw2mAAC,0.0,0,0.0,9879.0,0,0,0,1,0,0,1,0,0,0,0,1,0
44491,0033800002iCxToAAK,0.0,30,664.0,5824.0,0,0,0,1,0,0,0,0,1,0,0,1,0
44496,0033800002iCxkhAAC,0.0,0,11.0,9353.0,0,1,0,0,0,0,1,0,0,0,0,1,0
44499,0033800002iCxr4AAC,0.0,50,3121.0,904.0,0,0,0,1,0,1,0,0,0,0,0,1,1
44501,0033800002iCxzlAAC,0.0,0,114.0,5682.0,0,0,0,1,0,1,0,0,0,0,1,0,1
44508,0033800002iCyokAAC,0.0,0,0.0,10987.0,0,0,0,1,0,0,0,0,0,1,0,1,1
44514,0033800002iCzQgAAK,0.0,0,0.0,1207.0,0,0,0,1,0,0,1,0,0,0,0,1,1
44518,0033800002iCzneAAC,0.0,0,0.0,8506.0,0,0,0,1,0,0,1,0,0,0,0,1,1
44520,0033800002iCzsFAAS,0.0,0,0.0,2213.0,0,0,0,1,0,0,1,0,0,0,0,1,0
44526,0033800002iD05eAAC,0.0,90,1126.0,3653.0,0,1,0,0,0,0,1,0,0,0,0,1,1
44528,0033800002iD0DUAA0,0.0,0,0.0,5630.0,1,0,0,0,0,0,1,0,0,0,0,1,1
44529,0033800002iD0GdAAK,0.0,0,0.0,2150.0,0,0,0,1,0,0,1,0,0,0,0,1,1
44530,0033800002iD0YEAA0,0.0,0,0.0,9426.0,1,0,0,0,0,0,1,0,0,0,0,1,1
44532,0033800002iD0lhAAC,0.0,0,0.0,2306.0,0,0,0,1,0,0,1,0,0,0,0,1,1
44533,0033800002iD0nsAAC,0.0,0,34.0,1582.0,0,0,0,1,0,0,1,0,0,0,0,1,0
44534,0033800002iD0obAAC,0.0,0,0.0,8719.0,1,0,0,0,0,0,0,0,0,1,0,1,1
44539,0033800002iD17FAAS,0.0,0,0.0,1280.0,0,0,0,1,0,0,1,0,0,0,1,0,0
44540,0033800002iD1DCAA0,0.0,0,0.0,7336.0,1,0,0,0,0,1,0,0,0,0,0,1,0
44543,0033800002iD1OsAAK,0.0,0,0.0,10973.0,0,0,0,0,1,0,0,0,0,1,0,1,0
44544,0033800002iD1URAA0,0.0,0,730.0,6520.0,0,0,0,0,1,0,1,0,0,0,0,1,1
44546,0033800002iD1WYAA0,0.0,0,0.0,1362.0,0,0,0,1,0,0,1,0,0,0,0,1,0
44547,0033800002iD1WwAAK,0.0,0,0.0,7313.0,0,0,0,0,1,0,0,0,1,0,0,1,1
44549,0033800002iD1grAAC,0.0,0,6636.0,3405.0,0,0,0,0,1,0,0,0,0,1,0,1,1
44550,0033800002iD1jHAAS,0.0,60,961.0,5253.0,1,0,0,0,0,0,1,0,0,0,1,0,1
44553,0033800002iD27EAAS,0.0,0,0.0,7344.0,0,0,0,1,0,0,0,0,0,1,0,1,1
44556,0033800002iD2MdAAK,0.0,0,0.0,9831.0,0,0,0,1,0,0,1,0,0,0,0,1,1
44557,0033800002iD2ZeAAK,0.0,0,1248.0,9678.0,0,0,0,0,1,0,1,0,0,0,0,1,0
44558,0033800002iD2c9AAC,0.0,0,0.0,7550.0,1,0,0,0,0,0,1,0,0,0,0,1,1
44559,0033800002iD2cJAAS,0.0,0,0.0,8924.0,0,1,0,0,0,0,1,0,0,0,0,1,1
44560,0033800002iD2cvAAC,0.0,0,0.0,5340.0,0,1,0,0,0,0,1,0,0,0,0,1,0
44562,0033800002iD2fdAAC,0.0,0,0.0,10620.0,0,0,0,1,0,0,1,0,0,0,0,1,1
44564,0033800002iD2jGAAS,0.0,0,796.0,3353.0,0,0,0,0,1,0,1,0,0,0,0,1,1
44566,0033800002iD2mKAAS,0.0,0,0.0,3924.0,0,1,0,0,0,0,1,0,0,0,0,1,1
44567,0033800002iD2nrAAC,0.0,0,0.0,10485.0,0,1,0,0,0,0,1,0,0,0,0,1,1
44568,0033800002iD2xVAAS,0.0,0,1490.0,3061.0,0,1,0,0,0,0,1,0,0,0,0,1,1
44571,0033800002iD3I3AAK,0.0,0,0.0,9387.0,0,1,0,0,0,0,1,0,0,0,1,0,1
44572,0033800002iD3JkAAK,0.0,0,0.0,8843.0,0,1,0,0,0,0,1,0,0,0,0,1,1
44575,0033800002iD3SwAAK,0.0,0,0.0,10086.0,0,0,0,0,1,0,1,0,0,0,0,1,1
44579,0033800002iD3qpAAC,0.0,0,0.0,8644.0,0,0,0,1,0,0,0,0,0,1,0,1,0
44585,0033800002iD4cLAAS,0.0,0,0.0,3653.0,0,0,0,1,0,0,0,0,0,1,1,0,0
44586,0033800002iD4d9AAC,0.0,80,4506.0,8763.0,0,1,0,0,0,0,0,0,0,1,0,1,1
44587,0033800002iD4hbAAC,0.0,0,761.0,12612.0,0,0,0,1,0,1,0,0,0,0,0,1,1
44590,0033800002iD4jNAAS,0.0,90,0.0,4023.0,0,0,0,1,0,0,1,0,0,0,1,0,1
44591,0033800002iD4jcAAC,0.0,0,0.0,2184.0,0,0,0,1,0,0,1,0,0,0,1,0,0
44592,0033800002iD4n4AAC,0.0,0,0.0,3228.0,0,0,0,1,0,0,1,0,0,0,0,1,1
44594,0033800002iD4oMAAS,0.0,0,0.0,2338.0,0,0,0,1,0,0,0,0,0,1,0,1,0
44596,0033800002iD5caAAC,0.0,0,0.0,8492.0,0,0,0,1,0,0,1,0,0,0,0,1,1
44597,0033800002iD5cfAAC,0.0,0,0.0,4989.0,0,0,0,1,0,0,1,0,0,0,0,1,0
44598,0033800002iD5jgAAC,0.0,0,202.0,4719.0,0,1,0,0,0,0,0,0,1,0,0,1,0
44599,0033800002iD5t2AAC,0.0,0,0.0,8430.0,0,0,0,1,0,0,1,0,0,0,0,1,0
44600,0033800002iD5uDAAS,0.0,0,0.0,9255.0,0,0,0,1,0,0,0,0,0,1,0,1,0
44603,0033800002iD6MeAAK,0.0,80,0.0,4018.0,1,0,0,0,0,0,1,0,0,0,1,0,1
44604,0033800002iD6X8AAK,0.0,0,0.0,4385.0,1,0,0,0,0,0,1,0,0,0,0,1,1
44609,0033800002iD7FmAAK,0.0,0,0.0,8765.0,1,0,0,0,0,0,0,0,0,1,0,1,1
44612,0033800002iD7I7AAK,0.0,0,60.0,5083.0,0,0,0,1,0,0,0,0,1,0,0,1,1
44613,0033800002iD7LBAA0,0.0,0,0.0,8773.0,0,0,0,1,0,0,0,0,0,1,0,1,0
44615,0033800002iD7RWAA0,0.0,0,0.0,5166.0,0,0,0,1,0,0,1,0,0,0,0,1,0
44617,0033800002iD7byAAC,0.0,0,365.0,9499.0,1,0,0,0,0,1,0,0,0,0,0,1,1
44619,0033800002iD7tNAAS,0.0,0,1867.0,3801.0,0,1,0,0,0,0,1,0,0,0,0,1,0
44620,0033800002iD85tAAC,0.0,0,0.0,7762.0,0,0,0,0,1,1,0,0,0,0,0,1,1
44621,0033800002iD89qAAC,0.0,0,0.0,2890.0,0,0,0,1,0,0,0,0,1,0,0,1,0
44624,0033800002iD8DCAA0,0.0,0,3314.0,1461.0,0,0,0,1,0,0,1,0,0,0,0,1,1
44626,0033800002iD8KSAA0,0.0,0,158.0,7276.0,0,1,0,0,0,0,0,0,1,0,0,1,1
44627,0033800002iD8LuAAK,0.0,0,0.0,7217.0,0,1,0,0,0,0,1,0,0,0,0,1,0
44628,0033800002iD8PrAAK,0.0,0,0.0,7707.0,0,0,0,0,1,0,1,0,0,0,0,1,1
44629,0033800002iD8Q1AAK,0.0,0,0.0,1317.0,0,0,0,1,0,1,0,0,0,0,1,0,1
44630,0033800002iD8YPAA0,0.0,0,853.0,4006.0,0,0,0,0,1,0,1,0,0,0,0,1,1
44631,0033800002iD8ZDAA0,0.0,0,366.0,7312.0,0,0,0,1,0,1,0,0,0,0,0,1,1
44632,0033800002iD8cCAAS,0.0,0,0.0,8035.0,0,0,0,1,0,0,0,0,0,1,0,1,1
44636,0033800002iD8mAAAS,0.0,0,0.0,7307.0,0,0,0,1,0,0,1,0,0,0,0,1,0
44637,0033800002iD8opAAC,0.0,0,0.0,2810.0,0,0,0,1,0,0,1,0,0,0,0,1,1
44638,0033800002iD8vRAAS,0.0,100,2447.0,7314.0,0,1,0,0,0,0,0,0,0,1,1,0,1
44639,0033800002iD8z9AAC,0.0,0,0.0,10700.0,0,0,0,1,0,0,1,0,0,0,0,1,1
44640,0033800002iD93zAAC,0.0,30,136.0,1460.0,0,0,0,1,0,0,0,0,1,0,0,1,1
44643,0033800002iD9LPAA0,0.0,0,0.0,6405.0,0,1,0,0,0,0,1,0,0,0,0,1,0
44644,0033800002iD9MDAA0,0.0,0,0.0,10165.0,0,0,0,1,0,0,1,0,0,0,0,1,0
44645,0033800002iD9PWAA0,0.0,0,1395.0,3937.0,1,0,0,0,0,0,0,0,0,1,0,1,1
44647,0033800002iD9XLAA0,0.0,0,0.0,2735.0,0,0,0,1,0,0,1,0,0,0,0,1,0
44648,0033800002iD9YJAA0,0.0,0,0.0,7309.0,0,1,0,0,0,0,0,0,0,1,0,1,1
44649,0033800002iD9ayAAC,0.0,30,2893.0,3946.0,0,1,0,0,0,0,1,0,0,0,1,0,1
44650,0033800002iD9b8AAC,0.0,0,0.0,7326.0,1,0,0,0,0,0,1,0,0,0,1,0,0
44651,0033800002iD9bDAAS,0.0,0,0.0,2812.0,0,0,0,1,0,0,1,0,0,0,0,1,0
44652,0033800002iD9dPAAS,0.0,0,0.0,7310.0,0,0,0,1,0,0,0,0,0,1,0,1,0
44653,0033800002iD9f5AAC,0.0,0,2197.0,8504.0,0,1,0,0,0,1,0,0,0,0,0,1,0
44654,0033800002iD9gIAAS,0.0,0,0.0,6413.0,0,0,0,1,0,0,1,0,0,0,0,1,0
44657,0033800002iD9thAAC,0.0,0,0.0,7488.0,0,0,0,1,0,0,0,0,0,1,0,1,0
44660,0033800002iDA2xAAG,0.0,0,0.0,5158.0,1,0,0,0,0,0,0,0,0,1,0,1,0
44661,0033800002iDA4GAAW,0.0,0,0.0,9069.0,1,0,0,0,0,0,1,0,0,0,0,1,1
44663,0033800002iDAKfAAO,0.0,0,0.0,1542.0,0,0,0,1,0,0,1,0,0,0,0,1,1
44664,0033800002iDALPAA4,0.0,60,2038.0,3099.0,0,0,0,0,1,0,1,0,0,0,0,1,0
44665,0033800002iDATlAAO,0.0,100,610.0,8414.0,0,1,0,0,0,0,1,0,0,0,1,0,1
44666,0033800002iDAYbAAO,0.0,0,0.0,2950.0,0,0,0,1,0,0,0,0,0,1,0,1,1
44667,0033800002iDAaXAAW,0.0,0,936.0,4070.0,1,0,0,0,0,0,0,0,1,0,0,1,1
44669,0033800002iDAn9AAG,0.0,0,0.0,2222.0,0,0,0,1,0,1,0,0,0,0,0,1,1
44671,0033800002iDAuPAAW,0.0,100,0.0,3468.0,0,0,0,1,0,0,1,0,0,0,0,1,1
44673,0033800002iDAxOAAW,0.0,0,0.0,7330.0,1,0,0,0,0,0,0,0,1,0,0,1,1
44674,0033800002iDAzZAAW,0.0,10,0.0,7312.0,1,0,0,0,0,1,0,0,0,0,0,1,0
44675,0033800002iDBJDAA4,0.0,0,0.0,4551.0,0,1,0,0,0,0,0,0,0,1,0,1,1
44677,0033800002iDBJnAAO,0.0,0,0.0,7489.0,0,0,0,1,0,0,1,0,0,0,0,1,1
44678,0033800002iDBJrAAO,0.0,0,0.0,5791.0,0,0,0,1,0,0,0,0,1,0,0,1,1
44679,0033800002iDBPLAA4,0.0,0,0.0,7552.0,1,0,0,0,0,0,0,0,0,1,0,1,1
44684,0033800002iDBfVAAW,0.0,0,33.0,2413.0,0,1,0,0,0,0,1,0,0,0,0,1,0
44685,0033800002iDBj3AAG,0.0,30,854.0,7329.0,0,0,0,1,0,0,0,0,0,1,0,1,0
44686,0033800002iDBj8AAG,0.0,0,0.0,7685.0,0,0,0,0,1,0,1,0,0,0,0,1,1
44688,0033800002iDBwgAAG,0.0,0,1256.0,4041.0,0,1,0,0,0,0,1,0,0,0,0,1,0
44689,0033800002iDByRAAW,0.0,0,12383.0,1085.0,0,0,0,1,0,0,1,0,0,0,0,1,1
44690,0033800002iDC0NAAW,0.0,0,0.0,2192.0,0,1,0,0,0,0,0,0,1,0,0,1,1
44692,0033800002iDCThAAO,0.0,0,0.0,1461.0,0,0,0,1,0,0,0,0,0,1,1,0,0
44694,0033800002iDCeYAAW,0.0,0,0.0,7308.0,0,0,0,1,0,0,1,0,0,0,0,1,0
44698,0033800002iDCkRAAW,0.0,0,884.0,3609.0,0,0,0,1,0,0,0,0,1,0,0,1,1
44701,0033800002iDCs4AAG,0.0,50,64.0,5635.0,0,1,0,0,0,0,1,0,0,0,1,0,0
44705,0033800002iDCzgAAG,0.0,0,0.0,3647.0,0,0,0,1,0,1,0,0,0,0,0,1,1
44710,0033800002iDDB7AAO,0.0,0,533.0,2910.0,0,0,0,1,0,0,1,0,0,0,0,1,0
44714,0033800002iDDvoAAG,0.0,0,0.0,12347.0,1,0,0,0,0,1,0,0,0,0,0,1,1
44715,0033800002iDDzWAAW,0.0,0,0.0,6554.0,1,0,0,0,0,1,0,0,0,0,0,1,0
44718,0033800002iDEEYAA4,0.0,0,0.0,9506.0,1,0,0,0,0,1,0,0,0,0,0,1,1
44719,0033800002iDEFqAAO,0.0,0,0.0,2921.0,1,0,0,0,0,0,0,0,0,1,0,1,1
44723,0033800002iDEJaAAO,0.0,20,2173.0,1942.0,1,0,0,0,0,0,1,0,0,0,0,1,1
44726,0033800002iDEOhAAO,0.0,0,0.0,9788.0,0,1,0,0,0,0,1,0,0,0,0,1,1
44727,0033800002iDEQ4AAO,0.0,0,0.0,3739.0,0,0,0,1,0,0,0,0,0,1,0,1,1
44731,0033800002iDEaHAAW,0.0,0,12653.0,363.0,0,0,0,1,0,0,0,0,0,1,0,1,0
44732,0033800002iDEbFAAW,0.0,60,11043.0,2192.0,0,0,0,1,0,0,1,0,0,0,0,1,0
44733,0033800002iDEf7AAG,0.0,0,0.0,1841.0,0,1,0,0,0,0,1,0,0,0,0,1,1
44734,0033800002iDEgPAAW,0.0,70,3554.0,2872.0,0,1,0,0,0,0,1,0,0,0,0,1,1
44735,0033800002iDEjsAAG,0.0,10,5063.0,7699.0,0,0,0,1,0,0,1,0,0,0,0,1,0
44737,0033800002iDElzAAG,0.0,0,10727.0,1105.0,0,0,0,1,0,0,1,0,0,0,0,1,0
44739,0033800002iDEonAAG,0.0,80,17004.0,605.0,0,0,0,1,0,0,1,0,0,0,0,1,0
44740,0033800002iDEphAAG,0.0,0,16407.0,213.0,0,0,0,1,0,0,1,0,0,0,0,1,0
44742,0033800002iDF0rAAG,0.0,0,15384.0,551.0,0,0,0,1,0,0,0,1,0,0,0,1,0
44743,0033800002iDF1uAAG,0.0,0,0.0,10458.0,0,1,0,0,0,0,1,0,0,0,0,1,0
44747,0033800002iDFIBAA4,0.0,0,0.0,7572.0,0,1,0,0,0,0,1,0,0,0,0,1,1
44749,0033800002iDFQ6AAO,0.0,0,2180.0,2591.0,1,0,0,0,0,0,1,0,0,0,0,1,1
44753,0033800002iDFWPAA4,0.0,0,0.0,3006.0,0,1,0,0,0,0,0,0,1,0,0,1,1
44754,0033800002iDFbzAAG,0.0,0,91.0,2597.0,0,0,0,1,0,0,0,0,1,0,0,1,0
44755,0033800002iDFebAAG,0.0,0,0.0,8184.0,0,0,0,0,1,0,0,0,0,1,0,1,1
44757,0033800002iDFlsAAG,0.0,0,0.0,5777.0,1,0,0,0,0,0,1,0,0,0,0,1,0
44759,0033800002iDFuVAAW,0.0,0,0.0,9050.0,0,0,0,1,0,0,1,0,0,0,0,1,1
44765,0033800002iDGIIAA4,0.0,0,170.0,1462.0,0,0,0,1,0,0,0,0,1,0,0,1,1
44766,0033800002iDGMPAA4,0.0,90,1890.0,9511.0,0,0,0,0,1,0,1,0,0,0,0,1,1
44769,0033800002iDGTfAAO,0.0,0,0.0,3000.0,0,0,0,0,1,0,1,0,0,0,0,1,1
44774,0033800002iDGmrAAG,0.0,80,4929.0,3120.0,1,0,0,0,0,0,1,0,0,0,0,1,1
44776,0033800002iDGwwAAG,0.0,0,0.0,3232.0,0,1,0,0,0,0,1,0,0,0,0,1,0
44777,0033800002iDGxQAAW,0.0,0,0.0,1461.0,0,0,0,1,0,0,1,0,0,0,0,1,1
44778,0033800002iDH00AAG,0.0,0,0.0,1057.0,1,0,0,0,0,0,1,0,0,0,0,1,1
44779,0033800002iDH2QAAW,0.0,0,0.0,4338.0,0,0,0,1,0,0,1,0,0,0,1,0,0
44780,0033800002iDH50AAG,0.0,0,11360.0,1096.0,0,0,0,1,0,0,1,0,0,0,0,1,1
44784,0033800002iDHKGAA4,0.0,0,13575.0,1461.0,0,1,0,0,0,0,0,0,0,1,0,1,0
44785,0033800002iDHL0AAO,0.0,0,0.0,7316.0,0,0,0,0,1,0,1,0,0,0,0,1,1
44789,0033800002iDHgdAAG,0.0,0,0.0,1207.0,0,0,0,1,0,0,1,0,0,0,0,1,1
44790,0033800002iDHtNAAW,0.0,0,0.0,2000.0,0,0,0,1,0,0,1,0,0,0,0,1,0
44791,0033800002iDHxoAAG,0.0,0,0.0,2725.0,0,0,0,1,0,0,0,0,0,1,0,1,1
44793,0033800002iDIFXAA4,0.0,0,2865.0,2950.0,0,0,0,1,0,0,0,0,0,1,0,1,0
44797,0033800002iDIdmAAG,0.0,0,796.0,2620.0,0,1,0,0,0,0,1,0,0,0,1,0,0
44798,0033800002iDIdrAAG,0.0,0,6487.0,2766.0,0,0,0,1,0,0,1,0,0,0,1,0,1
44800,0033800002iDIh0AAG,0.0,80,8273.0,1826.0,1,0,0,0,0,0,1,0,0,0,0,1,1
44801,0033800002iDIj1AAG,0.0,0,2704.0,1460.0,0,0,0,1,0,0,0,0,1,0,0,1,0
44802,0033800002iDIkOAAW,0.0,0,20.0,2995.0,0,1,0,0,0,0,1,0,0,0,0,1,0
44803,0033800002iDInFAAW,0.0,0,0.0,8088.0,0,0,0,0,1,0,0,0,1,0,0,1,1
44804,0033800002iDIoHAAW,0.0,0,0.0,8901.0,0,0,0,1,0,0,0,0,0,1,0,1,1
44807,0033800002iDIxAAAW,0.0,0,0.0,7323.0,0,0,0,0,1,0,1,0,0,0,0,1,1
44809,0033800002iDJ5yAAG,0.0,0,0.0,4080.0,1,0,0,0,0,1,0,0,0,0,0,1,1
44810,0033800002iDJ6rAAG,0.0,0,0.0,10844.0,0,1,0,0,0,0,1,0,0,0,0,1,0
44811,0033800002iDJFHAA4,0.0,90,249.0,4972.0,0,0,0,1,0,0,1,0,0,0,0,1,0
44812,0033800002iDJG0AAO,0.0,0,214.0,8817.0,1,0,0,0,0,0,1,0,0,0,0,1,1
44814,0033800002iDJMHAA4,0.0,0,801.0,77.0,0,1,0,0,0,1,0,0,0,0,0,1,1
44816,0033800002iDJuEAAW,0.0,0,0.0,9500.0,0,0,0,1,0,0,1,0,0,0,0,1,1
44819,0033800002iDKGYAA4,0.0,0,0.0,7315.0,1,0,0,0,0,0,1,0,0,0,0,1,1
44821,0033800002iDKKDAA4,0.0,0,0.0,3780.0,0,1,0,0,0,0,1,0,0,0,0,1,1
44822,0033800002iDKXRAA4,0.0,0,91.0,11115.0,0,0,0,1,0,0,1,0,0,0,0,1,0
44823,0033800002iDKYtAAO,0.0,100,0.0,5051.0,0,1,0,0,0,0,1,0,0,0,0,1,0
44825,0033800002iDKd5AAG,0.0,0,0.0,13730.0,0,1,0,0,0,0,1,0,0,0,0,1,1
44826,0033800002iDKsMAAW,0.0,0,0.0,7918.0,0,1,0,0,0,1,0,0,0,0,0,1,1
44827,0033800002iDKtaAAG,0.0,0,0.0,9284.0,0,0,0,0,1,0,1,0,0,0,0,1,1
44828,0033800002iDKuxAAG,0.0,0,22.0,4637.0,0,0,0,1,0,0,1,0,0,0,0,1,1
44829,0033800002iDKvWAAW,0.0,0,1278.0,3318.0,0,0,0,0,1,0,0,0,0,1,0,1,1
44832,0033800002iDL03AAG,0.0,100,1889.0,1947.0,0,0,0,1,0,0,1,0,0,0,0,1,0
44839,0033800002iDLbBAAW,0.0,0,0.0,3030.0,0,0,0,1,0,0,1,0,0,0,0,1,0
44841,0033800002iDLkgAAG,0.0,0,0.0,2575.0,0,1,0,0,0,0,1,0,0,0,0,1,1
44846,0033800002iDMShAAO,0.0,10,1602.0,2193.0,1,0,0,0,0,0,0,0,0,1,1,0,1
44847,0033800002iDMTGAA4,0.0,0,0.0,8642.0,0,0,0,1,0,0,0,0,0,1,0,1,0
44848,0033800002iDMTpAAO,0.0,0,0.0,1992.0,0,0,0,1,0,0,1,0,0,0,0,1,1
44850,0033800002iDMbLAAW,0.0,0,0.0,7848.0,1,0,0,0,0,0,1,0,0,0,0,1,1
44852,0033800002iDMerAAG,0.0,0,0.0,1503.0,0,0,0,1,0,0,1,0,0,0,1,0,0
44855,0033800002iDMppAAG,0.0,0,0.0,8794.0,0,0,0,1,0,0,0,0,0,1,0,1,1
44857,0033800002iDMu6AAG,0.0,0,0.0,6160.0,0,1,0,0,0,0,1,0,0,0,0,1,0
44859,0033800002iDMyYAAW,0.0,0,4234.0,4717.0,0,1,0,0,0,0,0,0,1,0,0,1,0
44862,0033800002iDN5PAAW,0.0,0,0.0,4212.0,0,1,0,0,0,0,1,0,0,0,0,1,1
44867,0033800002iDNSbAAO,0.0,0,2283.0,1826.0,0,1,0,0,0,0,0,0,1,0,0,1,1
44872,0033800002iDNlyAAG,0.0,100,0.0,2432.0,0,0,0,1,0,0,1,0,0,0,0,1,1
44873,0033800002iDNqeAAG,0.0,0,0.0,1482.0,0,1,0,0,0,0,1,0,0,0,0,1,0
44874,0033800002iDNrvAAG,0.0,0,0.0,1280.0,0,0,0,0,1,0,1,0,0,0,0,1,1
44875,0033800002iDO8gAAG,0.0,0,0.0,8835.0,0,0,0,0,1,0,0,0,0,1,0,1,1
44876,0033800002iDOBGAA4,0.0,0,0.0,8401.0,0,1,0,0,0,0,1,0,0,0,0,1,0
44879,0033800002iDOUdAAO,0.0,0,0.0,4096.0,0,0,0,1,0,0,0,0,1,0,0,1,1
44881,0033800002iDOdPAAW,0.0,0,0.0,8614.0,0,1,0,0,0,0,1,0,0,0,0,1,0
44886,0033800002iDP5sAAG,0.0,0,0.0,2165.0,0,1,0,0,0,0,0,0,0,1,0,1,1
44888,0033800002iDPJlAAO,0.0,100,0.0,8156.0,1,0,0,0,0,0,1,0,0,0,0,1,1
44889,0033800002iDPJqAAO,0.0,40,4206.0,2095.0,0,0,0,1,0,0,1,0,0,0,0,1,0
44894,0033800002iDQAWAA4,0.0,0,0.0,8324.0,0,0,0,0,1,0,1,0,0,0,0,1,1
44903,0033800002iDQn3AAG,0.0,0,303.0,1826.0,0,0,0,1,0,0,0,0,1,0,0,1,1
44907,0033800002iDQsoAAG,0.0,40,957.0,1878.0,0,0,0,1,0,0,1,0,0,0,0,1,0
44911,0033800002iDR9IAAW,0.0,70,761.0,3109.0,0,1,0,0,0,0,1,0,0,0,0,1,1
44912,0033800002iDR9cAAG,0.0,0,490.0,2191.0,0,1,0,0,0,0,1,0,0,0,1,0,1
44913,0033800002iDR9hAAG,0.0,0,1866.0,3652.0,0,1,0,0,0,0,1,0,0,0,0,1,1
44914,0033800002iDR9wAAG,0.0,70,1086.0,1134.0,0,1,0,0,0,0,1,0,0,0,0,1,1
44918,0033800002iDREbAAO,0.0,0,0.0,7454.0,1,0,0,0,0,0,1,0,0,0,1,0,1
44923,0033800002iDROaAAO,0.0,70,1913.0,1206.0,1,0,0,0,0,0,1,0,0,0,0,1,0
44927,0033800002iDRZvAAO,0.0,0,0.0,7310.0,0,0,0,1,0,0,0,0,1,0,0,1,1
44934,0033800002iDRj8AAG,0.0,0,0.0,1460.0,0,0,0,1,0,0,0,0,0,1,0,1,1
44939,0033800002iDS0MAAW,0.0,0,14459.0,2713.0,0,1,0,0,0,1,0,0,0,0,0,1,1
44941,0033800002iDS3RAAW,0.0,100,122.0,9508.0,0,0,0,0,1,0,1,0,0,0,0,1,0
44945,0033800002iDSAkAAO,0.0,0,33.0,9136.0,0,1,0,0,0,1,0,0,0,0,0,1,1
44947,0033800002iDSAuAAO,0.0,0,8432.0,5844.0,0,1,0,0,0,0,0,0,1,0,0,1,1
44950,0033800002iDSCHAA4,0.0,0,8431.0,2557.0,0,0,0,1,0,0,0,0,0,1,0,1,1
44951,0033800002iDSCgAAO,0.0,0,1160.0,365.0,0,0,0,1,0,1,0,0,0,0,0,1,1
44955,0033800002iDSFyAAO,0.0,0,2177.0,2997.0,0,1,0,0,0,0,1,0,0,0,0,1,1
44966,0033800002iDSRBAA4,0.0,0,0.0,7467.0,0,1,0,0,0,0,1,0,0,0,0,1,1
44969,0033800002iDSUFAA4,0.0,0,2529.0,1612.0,0,1,0,0,0,0,1,0,0,0,0,1,1
44970,0033800002iDSVhAAO,0.0,30,3465.0,1825.0,0,1,0,0,0,0,0,0,1,0,0,1,1
44974,0033800002iDSZoAAO,0.0,0,6460.0,1007.0,0,0,0,1,0,0,1,0,0,0,0,1,0
44975,0033800002iDSc9AAG,0.0,0,407.0,4515.0,0,0,0,1,0,0,1,0,0,0,0,1,0
44976,0033800002iDSf5AAG,0.0,50,961.0,1865.0,1,0,0,0,0,0,1,0,0,0,0,1,1
44980,0033800002iDSvLAAW,0.0,0,0.0,14255.0,1,0,0,0,0,1,0,0,0,0,0,1,1
44981,0033800002iDSyZAAW,0.0,0,0.0,7662.0,0,0,0,0,1,0,1,0,0,0,0,1,1
44984,0033800002iDT1CAAW,0.0,0,0.0,8572.0,0,1,0,0,0,0,1,0,0,0,0,1,0
44985,0033800002iDTAAAA4,0.0,0,0.0,11037.0,0,1,0,0,0,0,0,0,1,0,0,1,1
44987,0033800002iDTKWAA4,0.0,0,0.0,1549.0,0,0,0,1,0,0,1,0,0,0,0,1,1
44988,0033800002iDTPBAA4,0.0,0,0.0,5902.0,0,1,0,0,0,0,1,0,0,0,0,1,0
44991,0033800002iDTmqAAG,0.0,0,0.0,5114.0,1,0,0,0,0,0,0,0,0,1,0,1,1
44992,0033800002iDTpgAAG,0.0,0,0.0,7313.0,1,0,0,0,0,1,0,0,0,0,0,1,1
44993,0033800002iDTv2AAG,0.0,0,0.0,7767.0,0,0,0,0,1,0,1,0,0,0,0,1,1
44994,0033800002iDTwFAAW,0.0,60,1658.0,2190.0,0,0,0,1,0,0,1,0,0,0,0,1,1
44996,0033800002iDTyaAAG,0.0,0,0.0,7246.0,0,0,0,0,1,0,1,0,0,0,0,1,0
44998,0033800002iDU2YAAW,0.0,0,0.0,8593.0,0,0,0,1,0,0,0,0,0,1,0,1,0
44999,0033800002iDU4oAAG,0.0,0,0.0,1826.0,0,0,0,1,0,0,1,0,0,0,0,1,1
45000,0033800002iDU6VAAW,0.0,50,193.0,1207.0,0,1,0,0,0,0,1,0,0,0,0,1,1
45001,0033800002iDU6WAAW,0.0,0,3906.0,1461.0,0,1,0,0,0,0,1,0,0,0,1,0,0
45002,0033800002iDU6XAAW,0.0,90,246.0,8096.0,0,0,0,0,1,0,1,0,0,0,0,1,1
45009,0033800002iDU86AAG,0.0,0,0.0,10043.0,0,0,0,1,0,0,1,0,0,0,0,1,0
45010,0033800002iDU96AAG,0.0,0,0.0,6476.0,0,0,0,1,0,0,0,0,1,0,0,1,0
45020,0033800002iDUTiAAO,0.0,80,0.0,9497.0,1,0,0,0,0,0,0,0,0,1,0,1,1
45021,0033800002iDUWwAAO,0.0,0,0.0,13871.0,0,0,0,1,0,0,1,0,0,0,0,1,1
45023,0033800002iDUaZAAW,0.0,0,0.0,4739.0,0,1,0,0,0,1,0,0,0,0,0,1,1
45024,0033800002iDUgJAAW,0.0,0,0.0,3409.0,0,0,0,0,1,0,1,0,0,0,0,1,1
45025,0033800002iDUgiAAG,0.0,100,0.0,11031.0,0,0,0,0,1,0,1,0,0,0,0,1,0
45026,0033800002iDUnUAAW,0.0,0,0.0,1277.0,0,0,0,1,0,0,1,0,0,0,1,0,0
45027,0033800002iDUpBAAW,0.0,0,0.0,1207.0,0,0,0,1,0,0,1,0,0,0,0,1,0
45028,0033800002iDUwUAAW,0.0,0,0.0,3377.0,0,0,0,1,0,0,1,0,0,0,0,1,1
45031,0033800002iDV4JAAW,0.0,0,0.0,2375.0,0,0,0,1,0,0,1,0,0,0,0,1,0
45034,0033800002iDVB0AAO,0.0,0,0.0,7307.0,1,0,0,0,0,0,0,0,0,1,0,1,0
45035,0033800002iDVCrAAO,0.0,0,0.0,7320.0,0,1,0,0,0,1,0,0,0,0,0,1,1
45039,0033800002iDVW2AAO,0.0,0,9.0,3079.0,0,0,0,1,0,0,1,0,0,0,1,0,1
45040,0033800002iDVaYAAW,0.0,0,0.0,1819.0,0,0,0,1,0,0,1,0,0,0,0,1,0
45047,0033800002iDVxDAAW,0.0,0,0.0,7369.0,0,1,0,0,0,0,1,0,0,0,0,1,1
45048,0033800002iDW60AAG,0.0,0,6.0,2964.0,0,1,0,0,0,0,1,0,0,0,0,1,1
45049,0033800002iDW7iAAG,0.0,0,8407.0,4079.0,0,1,0,0,0,0,1,0,0,0,0,1,0
45050,0033800002iDWEmAAO,0.0,0,0.0,1362.0,0,1,0,0,0,0,1,0,0,0,1,0,1
45051,0033800002iDWIRAA4,0.0,30,2318.0,3676.0,1,0,0,0,0,0,1,0,0,0,0,1,0
45053,0033800002iDWPJAA4,0.0,0,0.0,8034.0,0,1,0,0,0,0,0,0,0,1,0,1,1
45055,0033800002iDWSbAAO,0.0,0,8258.0,2923.0,0,0,0,1,0,0,0,1,0,0,0,1,1
45056,0033800002iDWY7AAO,0.0,0,0.0,4060.0,0,1,0,0,0,0,1,0,0,0,1,0,0
45061,0033800002iDXBQAA4,0.0,0,0.0,8785.0,0,1,0,0,0,1,0,0,0,0,0,1,1
45062,0033800002iDXBfAAO,0.0,0,0.0,2707.0,0,0,0,0,1,0,1,0,0,0,1,0,1
45066,0033800002iDXnuAAG,0.0,0,720.0,2811.0,0,0,0,1,0,0,1,0,0,0,0,1,1
45068,0033800002iDXuDAAW,0.0,0,0.0,7679.0,0,0,0,0,1,0,1,0,0,0,0,1,1
45070,0033800002iDY5MAAW,0.0,0,861.0,6588.0,0,0,0,1,0,0,0,0,1,0,0,1,1
45071,0033800002iDY6KAAW,0.0,0,0.0,7595.0,0,0,0,0,1,0,1,0,0,0,1,0,0
45073,0033800002iDYf4AAG,0.0,0,0.0,5860.0,0,0,0,0,1,0,1,0,0,0,0,1,0
45074,0033800002iDYgnAAG,0.0,0,7014.0,910.0,0,0,0,1,0,0,1,0,0,0,1,0,0
45075,0033800002iDYh2AAG,0.0,0,0.0,1948.0,0,0,0,1,0,0,0,0,0,1,0,1,0
45076,0033800002iDYiyAAG,0.0,0,0.0,536.0,0,0,0,1,0,0,1,0,0,0,1,0,0
45077,0033800002iDYkaAAG,0.0,0,0.0,7329.0,0,0,0,1,0,0,0,0,0,1,0,1,1
45079,0033800002iDYpZAAW,0.0,0,56.0,564.0,0,1,0,0,0,0,0,0,1,0,0,1,1
45084,0033800002iDYwkAAG,0.0,0,0.0,7683.0,0,0,0,0,1,0,1,0,0,0,0,1,1
45086,0033800002iDZ0DAAW,0.0,0,0.0,9850.0,0,1,0,0,0,0,1,0,0,0,0,1,0
45087,0033800002iDZ1kAAG,0.0,0,0.0,3172.0,0,0,0,0,1,0,1,0,0,0,0,1,1
45090,0033800002iDZC8AAO,0.0,0,40.0,11977.0,0,1,0,0,0,1,0,0,0,0,0,1,1
45093,0033800002iDZF8AAO,0.0,0,0.0,1783.0,0,0,0,1,0,0,1,0,0,0,0,1,0
45096,0033800002iDZN3AAO,0.0,0,0.0,1572.0,0,1,0,0,0,0,1,0,0,0,0,1,1
45097,0033800002iDZbNAAW,0.0,0,0.0,7367.0,0,0,0,1,0,0,1,0,0,0,0,1,1
45098,0033800002iDaA3AAK,0.0,0,0.0,5538.0,0,0,0,1,0,0,1,0,0,0,0,1,0
45099,0033800002iDaA8AAK,0.0,0,0.0,10227.0,0,1,0,0,0,0,1,0,0,0,0,1,1
45100,0033800002iDaASAA0,0.0,0,0.0,2490.0,0,1,0,0,0,0,1,0,0,0,0,1,0
45105,0033800002iDaHwAAK,0.0,0,0.0,7950.0,0,0,0,0,1,0,0,0,1,0,0,1,1
45106,0033800002iDaO8AAK,0.0,0,0.0,8166.0,0,1,0,0,0,1,0,0,0,0,0,1,1
45107,0033800002iDaODAA0,0.0,0,0.0,4194.0,0,0,0,1,0,0,1,0,0,0,0,1,0
45113,0033800002iDaUJAA0,0.0,0,464.0,7067.0,1,0,0,0,0,0,1,0,0,0,1,0,0
45114,0033800002iDaZkAAK,0.0,0,0.0,7313.0,0,0,0,0,1,0,0,0,0,1,0,1,1
45116,0033800002iDabMAAS,0.0,0,0.0,1461.0,0,1,0,0,0,0,1,0,0,0,0,1,1
45117,0033800002iDacUAAS,0.0,0,1034.0,1242.0,0,1,0,0,0,0,1,0,0,0,0,1,1
45119,0033800002iDad3AAC,0.0,90,737.0,7724.0,0,1,0,0,0,0,0,0,0,1,0,1,0
45120,0033800002iDadhAAC,0.0,0,75.0,3587.0,0,0,0,1,0,0,1,0,0,0,0,1,1
45122,0033800002iDagnAAC,0.0,0,0.0,9509.0,0,0,0,1,0,0,0,0,0,1,1,0,1
45123,0033800002iDagsAAC,0.0,50,384.0,1358.0,1,0,0,0,0,0,1,0,0,0,0,1,0
45124,0033800002iDahyAAC,0.0,0,0.0,3103.0,1,0,0,0,0,0,1,0,0,0,0,1,1
45125,0033800002iDaiNAAS,0.0,80,72.0,3062.0,0,0,0,1,0,0,1,0,0,0,0,1,1
45127,0033800002iDalgAAC,0.0,0,3496.0,1460.0,0,1,0,0,0,0,0,0,1,0,0,1,1
45128,0033800002iDallAAC,0.0,0,0.0,1460.0,0,1,0,0,0,0,1,0,0,0,1,0,1
45129,0033800002iDamVAAS,0.0,0,0.0,5750.0,0,1,0,0,0,0,1,0,0,0,0,1,1
45130,0033800002iDaptAAC,0.0,0,0.0,2009.0,0,0,0,0,1,0,1,0,0,0,0,1,0
45131,0033800002iDarsAAC,0.0,100,0.0,11.0,0,0,0,0,1,1,0,0,0,0,1,0,1
45134,0033800002iDaueAAC,0.0,0,0.0,3614.0,1,0,0,0,0,0,1,0,0,0,0,1,1
45135,0033800002iDavlAAC,0.0,0,0.0,3392.0,0,1,0,0,0,0,1,0,0,0,0,1,1
45139,0033800002iDb1QAAS,0.0,0,0.0,2444.0,1,0,0,0,0,0,1,0,0,0,0,1,1
45140,0033800002iDb2dAAC,0.0,0,0.0,4415.0,0,1,0,0,0,0,1,0,0,0,0,1,1
45142,0033800002iDbIaAAK,0.0,0,0.0,3617.0,0,0,0,1,0,0,1,0,0,0,0,1,1
45144,0033800002iDboKAAS,0.0,50,962.0,2852.0,0,0,0,1,0,0,1,0,0,0,0,1,0
45149,0033800002iDcBnAAK,0.0,0,0.0,1270.0,0,0,0,1,0,0,1,0,0,0,0,1,1
45150,0033800002iDcClAAK,0.0,0,921.0,6737.0,0,0,0,0,1,1,0,0,0,0,0,1,1
45154,0033800002iDcRhAAK,0.0,0,0.0,8454.0,0,0,0,1,0,0,1,0,0,0,0,1,1
45156,0033800002iDcdCAAS,0.0,0,0.0,3710.0,0,0,0,1,0,0,1,0,0,0,0,1,0
45157,0033800002iDcdvAAC,0.0,0,0.0,2387.0,0,1,0,0,0,0,1,0,0,0,0,1,1
45158,0033800002iDcovAAC,0.0,0,0.0,9523.0,0,1,0,0,0,0,0,0,0,1,0,1,1
45160,0033800002iDcz6AAC,0.0,0,13.0,9195.0,0,0,0,0,1,1,0,0,0,0,0,1,1
45161,0033800002iDd20AAC,0.0,0,122.0,2896.0,0,1,0,0,0,0,1,0,0,0,1,0,1
45163,0033800002iDd5OAAS,0.0,0,373.0,7312.0,0,0,0,0,1,1,0,0,0,0,0,1,1
45164,0033800002iDd7PAAS,0.0,0,166.0,3499.0,0,0,0,1,0,0,1,0,0,0,0,1,0
45167,0033800002iDdG2AAK,0.0,0,0.0,7136.0,0,0,0,0,1,0,1,0,0,0,0,1,0
45169,0033800002iDdGHAA0,0.0,0,0.0,4818.0,0,0,0,0,1,0,1,0,0,0,0,1,1
45170,0033800002iDdJ1AAK,0.0,0,445.0,896.0,0,1,0,0,0,0,1,0,0,0,0,1,1
45171,0033800002iDdMjAAK,0.0,0,0.0,2685.0,0,1,0,0,0,0,1,0,0,0,0,1,1
45172,0033800002iDdXQAA0,0.0,0,0.0,6777.0,0,0,0,1,0,0,1,0,0,0,0,1,1
45174,0033800002iDdZHAA0,0.0,0,0.0,10230.0,0,0,0,0,1,1,0,0,0,0,0,1,0
45179,0033800002iDdhkAAC,0.0,0,208.0,2410.0,0,1,0,0,0,1,0,0,0,0,0,1,1
45181,0033800002iDdrQAAS,0.0,0,0.0,2712.0,1,0,0,0,0,0,0,0,0,1,0,1,1
45184,0033800002iDe1nAAC,0.0,0,0.0,1460.0,0,0,0,1,0,0,1,0,0,0,0,1,0
45187,0033800002iDeAGAA0,0.0,0,0.0,10204.0,0,0,0,0,1,0,0,0,1,0,0,1,1
45190,0033800002iDeHtAAK,0.0,0,0.0,7849.0,0,1,0,0,0,0,1,0,0,0,1,0,1
45191,0033800002iDeJ1AAK,0.0,0,0.0,10065.0,0,0,0,0,1,0,1,0,0,0,0,1,1
45192,0033800002iDeKPAA0,0.0,0,0.0,3155.0,0,0,0,1,0,0,0,0,0,1,1,0,1
45195,0033800002iDeQfAAK,0.0,0,0.0,4973.0,0,1,0,0,0,0,1,0,0,0,0,1,1
45197,0033800002iDeTRAA0,0.0,0,0.0,3618.0,0,0,0,1,0,0,1,0,0,0,0,1,1
45200,0033800002iDeWtAAK,0.0,0,0.0,1759.0,0,0,0,1,0,0,1,0,0,0,0,1,0
45207,0033800002iDfEaAAK,0.0,0,0.0,1461.0,0,0,0,0,1,0,1,0,0,0,0,1,1
45208,0033800002iDfLYAA0,0.0,0,0.0,7974.0,0,0,0,0,1,1,0,0,0,0,0,1,1
45209,0033800002iDfNyAAK,0.0,0,0.0,8224.0,0,0,0,0,1,0,1,0,0,0,0,1,0
45210,0033800002iDfRhAAK,0.0,0,35.0,1460.0,0,0,0,1,0,0,1,0,0,0,0,1,0
45211,0033800002iDfnDAAS,0.0,20,0.0,2787.0,0,1,0,0,0,0,1,0,0,0,0,1,1
45215,0033800002iDfvvAAC,0.0,0,0.0,4220.0,0,0,0,1,0,0,1,0,0,0,0,1,0
45218,0033800002iDg0RAAS,0.0,0,0.0,1442.0,0,0,0,1,0,1,0,0,0,0,0,1,1
45219,0033800002iDg19AAC,0.0,0,0.0,7359.0,0,1,0,0,0,0,1,0,0,0,0,1,1
45220,0033800002iDg6xAAC,0.0,0,0.0,1868.0,0,0,0,1,0,0,1,0,0,0,0,1,1
45222,0033800002iDg8eAAC,0.0,0,4272.0,9046.0,0,0,0,0,1,0,1,0,0,0,1,0,0
45223,0033800002iDg98AAC,0.0,0,1090.0,2641.0,0,1,0,0,0,0,0,0,0,1,0,1,1
45225,0033800002iDgHxAAK,0.0,0,0.0,7817.0,1,0,0,0,0,0,1,0,0,0,0,1,1
45226,0033800002iDgICAA0,0.0,0,0.0,3013.0,0,0,0,1,0,0,0,0,0,1,0,1,1
45227,0033800002iDgQLAA0,0.0,0,678.0,3203.0,0,1,0,0,0,0,1,0,0,0,0,1,1
45234,0033800002iDgcuAAC,0.0,0,198.0,11277.0,1,0,0,0,0,0,0,0,1,0,0,1,1
45239,0033800002iDgkHAAS,0.0,0,0.0,1953.0,0,1,0,0,0,0,1,0,0,0,0,1,1
45240,0033800002iDgmrAAC,0.0,0,0.0,7317.0,0,1,0,0,0,0,1,0,0,0,0,1,1
45241,0033800002iDgnpAAC,0.0,0,0.0,9396.0,1,0,0,0,0,0,1,0,0,0,0,1,0
45244,0033800002iDh2EAAS,0.0,0,1851.0,3991.0,0,1,0,0,0,0,1,0,0,0,0,1,1
45246,0033800002iDh3sAAC,0.0,70,237.0,2024.0,0,0,0,1,0,0,1,0,0,0,0,1,0
45250,0033800002iDh8RAAS,0.0,0,0.0,7800.0,0,1,0,0,0,0,0,0,0,1,0,1,1
45254,0033800002iDhYKAA0,0.0,0,0.0,2191.0,0,0,0,1,0,0,1,0,0,0,0,1,1
45255,0033800002iDhdZAAS,0.0,0,6712.0,8328.0,0,0,0,1,0,1,0,0,0,0,0,1,1
45257,0033800002iDi7fAAC,0.0,0,0.0,2557.0,0,1,0,0,0,0,1,0,0,0,0,1,0
45259,0033800002iDiTAAA0,0.0,0,0.0,8794.0,1,0,0,0,0,0,0,0,0,1,0,1,1
45261,0033800002iDiXWAA0,0.0,0,0.0,10852.0,0,0,0,0,1,0,1,0,0,0,0,1,1
45264,0033800002iDip1AAC,0.0,0,14070.0,1213.0,1,0,0,0,0,1,0,0,0,0,0,1,0
45270,0033800002iDjLUAA0,0.0,0,0.0,1879.0,0,0,0,1,0,0,1,0,0,0,0,1,1
45271,0033800002iDjQIAA0,0.0,0,0.0,1918.0,0,0,0,1,0,0,1,0,0,0,0,1,1
45272,0033800002iDjWVAA0,0.0,0,0.0,1880.0,0,0,0,1,0,0,1,0,0,0,0,1,1
45273,0033800002iDjY2AAK,0.0,60,0.0,2383.0,0,1,0,0,0,0,1,0,0,0,0,1,1
45274,0033800002iDjZ0AAK,0.0,0,0.0,8508.0,0,0,0,0,1,1,0,0,0,0,0,1,1
45275,0033800002iDjd5AAC,0.0,0,0.0,9051.0,0,1,0,0,0,1,0,0,0,0,0,1,1
45276,0033800002iDjewAAC,0.0,0,104.0,5830.0,1,0,0,0,0,0,1,0,0,0,0,1,0
45279,0033800002iDk3yAAC,0.0,0,0.0,8378.0,0,0,0,1,0,0,1,0,0,0,0,1,1
45282,0033800002iDkB4AAK,0.0,0,0.0,1222.0,0,1,0,0,0,0,1,0,0,0,0,1,1
45286,0033800002iDkLlAAK,0.0,90,1631.0,1460.0,0,0,0,0,1,0,1,0,0,0,0,1,0
45287,0033800002iDkOxAAK,0.0,0,0.0,8456.0,1,0,0,0,0,0,1,0,0,0,0,1,1
45290,0033800002iDkcbAAC,0.0,0,0.0,9883.0,0,0,0,1,0,0,1,0,0,0,0,1,1
45291,0033800002iDkdZAAS,0.0,40,283.0,2488.0,0,1,0,0,0,0,1,0,0,0,0,1,1
45294,0033800002iDkntAAC,0.0,0,0.0,7490.0,0,0,0,1,0,0,1,0,0,0,0,1,1
45296,0033800002iDl2GAAS,0.0,0,0.0,8087.0,1,0,0,0,0,0,1,0,0,0,0,1,1
45299,0033800002iDlGNAA0,0.0,60,1349.0,2835.0,1,0,0,0,0,0,1,0,0,0,0,1,1
45300,0033800002iDlGSAA0,0.0,0,0.0,4909.0,0,0,0,1,0,1,0,0,0,0,1,0,0
45306,0033800002iDlaXAAS,0.0,0,0.0,7472.0,0,0,0,0,1,0,1,0,0,0,0,1,1
45309,0033800002iDlgeAAC,0.0,0,0.0,3137.0,0,0,0,1,0,0,1,0,0,0,0,1,1
45310,0033800002iDljEAAS,0.0,0,0.0,2885.0,0,0,0,1,0,0,1,0,0,0,0,1,1
45314,0033800002iDlx5AAC,0.0,0,0.0,1207.0,0,0,0,1,0,0,1,0,0,0,0,1,1
45315,0033800002iDlzoAAC,0.0,0,0.0,2303.0,0,0,0,1,0,0,1,0,0,0,0,1,0
45316,0033800002iDm6fAAC,0.0,0,0.0,3346.0,0,1,0,0,0,0,1,0,0,0,0,1,1
45318,0033800002iDmDCAA0,0.0,0,0.0,4394.0,0,0,0,1,0,0,1,0,0,0,0,1,1
45322,0033800002iDmUwAAK,0.0,0,98.0,5551.0,0,0,0,1,0,0,1,0,0,0,0,1,1
45323,0033800002iDmVzAAK,0.0,70,2291.0,2215.0,1,0,0,0,0,0,0,0,1,0,0,1,1
45324,0033800002iDmWEAA0,0.0,0,0.0,1460.0,0,0,0,1,0,0,0,0,1,0,0,1,1
45326,0033800002iDmdxAAC,0.0,0,68.0,9557.0,0,0,0,0,1,0,0,0,0,1,0,1,1
45327,0033800002iDmlhAAC,0.0,0,0.0,1460.0,0,1,0,0,0,0,1,0,0,0,0,1,1
45331,0033800002iDmxBAAS,0.0,0,7085.0,462.0,0,0,1,0,0,0,0,0,1,0,0,1,0
45334,0033800002iDnD8AAK,0.0,0,0.0,6791.0,0,1,0,0,0,0,0,0,1,0,0,1,1
45336,0033800002iDnEBAA0,0.0,0,7.0,3050.0,0,0,0,1,0,0,1,0,0,0,1,0,1
45338,0033800002iDnG7AAK,0.0,0,0.0,8432.0,1,0,0,0,0,0,1,0,0,0,1,0,1
45340,0033800002iDnGgAAK,0.0,0,0.0,7565.0,1,0,0,0,0,0,1,0,0,0,0,1,1
45342,0033800002iDnMMAA0,0.0,0,0.0,2025.0,0,0,0,1,0,0,1,0,0,0,1,0,0
45343,0033800002iDnPjAAK,0.0,0,0.0,2250.0,0,0,0,1,0,0,1,0,0,0,0,1,1
45346,0033800002iDnYHAA0,0.0,0,392.0,9751.0,0,0,0,0,1,1,0,0,0,0,0,1,1
45350,0033800002iDnlSAAS,0.0,0,0.0,8536.0,0,0,0,0,1,0,0,1,0,0,0,1,1
45351,0033800002iDoLvAAK,0.0,0,0.0,9862.0,0,0,0,0,1,0,1,0,0,0,1,0,0
45356,0033800002iDow5AAC,0.0,0,1013.0,1667.0,0,1,0,0,0,0,0,0,0,1,1,0,1
45357,0033800002iDoxcAAC,0.0,0,1709.0,634.0,0,0,0,1,0,0,1,0,0,0,0,1,0
45359,0033800002iDoyzAAC,0.0,0,0.0,7670.0,0,0,0,0,1,0,1,0,0,0,0,1,0
45361,0033800002iDpDsAAK,0.0,0,0.0,9551.0,0,0,0,0,1,0,1,0,0,0,0,1,1
45362,0033800002iDpF0AAK,0.0,90,1102.0,7093.0,0,0,0,0,1,1,0,0,0,0,0,1,0
45363,0033800002iDpGcAAK,0.0,0,0.0,10112.0,0,1,0,0,0,0,1,0,0,0,0,1,0
45366,0033800002iDpMJAA0,0.0,0,0.0,9833.0,0,0,0,0,1,0,1,0,0,0,0,1,1
45367,0033800002iDpRiAAK,0.0,0,11955.0,1649.0,0,0,0,1,0,0,1,0,0,0,0,1,1
45368,0033800002iDpS2AAK,0.0,70,6384.0,2760.0,0,0,0,1,0,0,1,0,0,0,0,1,0
45373,0033800002iDpXCAA0,0.0,30,13828.0,2229.0,0,1,0,0,0,0,1,0,0,0,1,0,0
45375,0033800002iDpZ3AAK,0.0,30,2010.0,1825.0,0,0,0,0,1,1,0,0,0,0,0,1,1
45376,0033800002iDpbEAAS,0.0,0,889.0,4248.0,0,0,0,1,0,0,1,0,0,0,0,1,0
45377,0033800002iDpclAAC,0.0,0,206.0,4404.0,0,0,0,0,1,1,0,0,0,0,0,1,1
45380,0033800002iDphCAAS,0.0,0,0.0,5784.0,0,0,0,1,0,0,1,0,0,0,0,1,1
45382,0033800002iDprlAAC,0.0,0,13377.0,1096.0,0,0,0,1,0,0,0,0,1,0,0,1,1
45383,0033800002iDpuLAAS,0.0,0,0.0,7398.0,0,0,0,0,1,0,1,0,0,0,0,1,1
45385,0033800002iDpzpAAC,0.0,80,1023.0,5107.0,1,0,0,0,0,1,0,0,0,0,1,0,0
45386,0033800002iDq46AAC,0.0,0,1168.0,1491.0,0,0,0,1,0,0,0,0,1,0,0,1,0
45392,0033800002iDqX4AAK,0.0,0,0.0,5856.0,0,0,0,0,1,0,1,0,0,0,0,1,0
45394,0033800002iDqZFAA0,0.0,80,2687.0,911.0,0,1,0,0,0,0,1,0,0,0,0,1,0
45397,0033800002iDqn3AAC,0.0,0,0.0,8958.0,0,0,0,1,0,0,0,1,0,0,0,1,1
45401,0033800002iDqtbAAC,0.0,0,0.0,1461.0,0,0,0,1,0,0,1,0,0,0,0,1,1
45403,0033800002iDr5lAAC,0.0,0,0.0,4749.0,0,1,0,0,0,1,0,0,0,0,0,1,0
45404,0033800002iDrA7AAK,0.0,0,0.0,7439.0,0,0,0,0,1,0,1,0,0,0,0,1,0
45407,0033800002iDrGoAAK,0.0,0,349.0,9040.0,0,0,1,0,0,0,0,0,0,1,0,1,1
45410,0033800002iDrT1AAK,0.0,0,0.0,7618.0,0,0,0,0,1,1,0,0,0,0,1,0,1
45411,0033800002iDrhNAAS,0.0,0,0.0,3403.0,0,0,0,0,1,0,1,0,0,0,1,0,1
45412,0033800002iDrxvAAC,0.0,0,0.0,8795.0,1,0,0,0,0,0,0,0,1,0,0,1,1
45413,0033800002iDs4wAAC,0.0,0,9812.0,1854.0,0,0,0,1,0,1,0,0,0,0,0,1,0
45414,0033800002iDsHVAA0,0.0,70,222.0,2742.0,0,0,0,1,0,0,1,0,0,0,0,1,0
45416,0033800002iDsLIAA0,0.0,0,0.0,8788.0,1,0,0,0,0,1,0,0,0,0,1,0,0
45417,0033800002iDsYKAA0,0.0,0,0.0,1742.0,0,0,0,1,0,0,1,0,0,0,0,1,0
45418,0033800002iDsYjAAK,0.0,0,0.0,9523.0,1,0,0,0,0,0,1,0,0,0,0,1,0
45420,0033800002iDsbsAAC,0.0,0,3148.0,1204.0,0,1,0,0,0,0,1,0,0,0,0,1,0
45421,0033800002iDshCAAS,0.0,0,0.0,1222.0,0,0,0,1,0,0,1,0,0,0,0,1,1
45424,0033800002iDszGAAS,0.0,90,160.0,5974.0,0,0,0,1,0,0,0,0,1,0,0,1,0
45427,0033800002iDtQ2AAK,0.0,0,0.0,1522.0,0,0,0,1,0,0,0,0,0,1,0,1,1
45429,0033800002iDtYhAAK,0.0,0,0.0,5243.0,0,0,0,1,0,0,1,0,0,0,0,1,1
45432,0033800002iDtcVAAS,0.0,0,0.0,2284.0,0,0,0,1,0,0,1,0,0,0,0,1,0
45434,0033800002iDtl4AAC,0.0,0,0.0,1786.0,0,1,0,0,0,0,1,0,0,0,0,1,1
45437,0033800002iDu3mAAC,0.0,0,0.0,10612.0,0,1,0,0,0,0,1,0,0,0,0,1,0
45438,0033800002iDu7KAAS,0.0,70,0.0,1197.0,0,0,0,1,0,0,1,0,0,0,0,1,1
45440,0033800002iDuLqAAK,0.0,0,0.0,9791.0,0,0,0,1,0,0,1,0,0,0,0,1,1
45441,0033800002iDuUYAA0,0.0,0,0.0,2708.0,0,0,0,0,1,1,0,0,0,0,0,1,1
45442,0033800002iDuaAAAS,0.0,100,1013.0,10084.0,1,0,0,0,0,0,1,0,0,0,0,1,0
45443,0033800002iDuaKAAS,0.0,0,0.0,6232.0,0,0,0,1,0,0,1,0,0,0,0,1,1
45444,0033800002iDuajAAC,0.0,0,0.0,3287.0,0,0,0,1,0,0,0,0,1,0,0,1,0
45445,0033800002iDuatAAC,0.0,10,1725.0,1460.0,0,0,0,1,0,0,0,0,1,0,0,1,1
45449,0033800002iDun0AAC,0.0,0,0.0,2307.0,0,0,0,1,0,0,1,0,0,0,0,1,1
45453,0033800002iDut8AAC,0.0,30,1942.0,613.0,0,1,0,0,0,0,0,0,1,0,0,1,1
45454,0033800002iDuxFAAS,0.0,0,0.0,9049.0,0,0,0,1,0,0,1,0,0,0,0,1,0
45455,0033800002iDv6LAAS,0.0,30,382.0,6473.0,0,0,0,0,1,0,1,0,0,0,0,1,1
45459,0033800002iDw0ZAAS,0.0,0,0.0,7316.0,1,0,0,0,0,0,1,0,0,0,0,1,0
45460,0033800002iDwEnAAK,0.0,70,624.0,8788.0,0,1,0,0,0,1,0,0,0,0,0,1,1
45461,0033800002iDwEsAAK,0.0,40,5918.0,9285.0,0,0,0,0,1,0,1,0,0,0,0,1,1
45462,0033800002iDwYcAAK,0.0,0,4949.0,3204.0,0,0,0,1,0,0,1,0,0,0,0,1,0
45463,0033800002iDwbhAAC,0.0,0,7829.0,2555.0,0,1,0,0,0,0,1,0,0,0,0,1,1
45465,0033800002iDwueAAC,0.0,0,0.0,3202.0,0,0,0,1,0,0,0,0,0,1,0,1,1
45467,0033800002iDwygAAC,0.0,0,0.0,2900.0,1,0,0,0,0,0,0,0,1,0,0,1,1
45471,0033800002iDx4jAAC,0.0,10,4175.0,3287.0,0,1,0,0,0,0,0,0,0,1,0,1,1
45472,0033800002iDxHpAAK,0.0,0,0.0,7297.0,0,0,0,1,0,0,1,0,0,0,0,1,1
45478,0033800002iDxu7AAC,0.0,0,0.0,2221.0,0,0,0,1,0,0,1,0,0,0,0,1,1
45479,0033800002iDxw3AAC,0.0,0,8225.0,1407.0,0,0,0,1,0,0,0,0,0,1,1,0,0
45481,0033800002iDyXXAA0,0.0,0,0.0,4490.0,0,0,0,1,0,0,1,0,0,0,0,1,0
45483,0033800002iDynBAAS,0.0,0,0.0,3580.0,0,1,0,0,0,0,1,0,0,0,0,1,1
45484,0033800002iDypvAAC,0.0,10,1976.0,4086.0,0,0,0,0,1,0,1,0,0,0,1,0,1
45485,0033800002iDyugAAC,0.0,0,0.0,9130.0,0,1,0,0,0,0,1,0,0,0,0,1,0
45487,0033800002iDzHpAAK,0.0,0,0.0,4187.0,0,0,0,0,1,0,1,0,0,0,1,0,0
45491,0033800002iDzm4AAC,0.0,60,1418.0,2579.0,0,0,0,1,0,0,1,0,0,0,0,1,1
45493,0033800002iDzpaAAC,0.0,0,0.0,1377.0,0,0,0,0,1,0,1,0,0,0,0,1,1
45496,0033800002iDzwNAAS,0.0,40,161.0,7323.0,1,0,0,0,0,0,1,0,0,0,0,1,1
45498,0033800002iE0APAA0,0.0,0,0.0,7949.0,1,0,0,0,0,0,1,0,0,0,0,1,1
45501,0033800002iE0MNAA0,0.0,0,0.0,1645.0,0,0,0,1,0,0,1,0,0,0,0,1,0
45502,0033800002iE0QFAA0,0.0,10,182.0,12509.0,0,1,0,0,0,0,1,0,0,0,0,1,1
45503,0033800002iE0TYAA0,0.0,0,0.0,7246.0,0,0,0,0,1,1,0,0,0,0,0,1,1
45504,0033800002iE0VKAA0,0.0,0,11079.0,2929.0,0,0,0,1,0,0,0,0,0,1,0,1,1
45507,0033800002iE1oqAAC,0.0,0,0.0,7326.0,0,0,0,1,0,0,1,0,0,0,0,1,1
45510,0033800002iE2GzAAK,0.0,0,0.0,9042.0,0,0,0,1,0,0,1,0,0,0,0,1,1
45512,0033800002iE2g7AAC,0.0,80,2646.0,892.0,0,1,0,0,0,0,1,0,0,0,1,0,1
45514,0033800002iE3NAAA0,0.0,0,0.0,3833.0,0,0,0,0,1,0,1,0,0,0,0,1,1
45515,0033800002iE3QjAAK,0.0,0,0.0,3839.0,0,0,0,1,0,0,0,0,0,1,1,0,1
45518,0033800002iE3bXAAS,0.0,0,7655.0,1460.0,0,1,0,0,0,0,0,0,1,0,0,1,1
45519,0033800002iE3fwAAC,0.0,0,679.0,9533.0,0,0,0,0,1,0,0,0,0,1,0,1,1
45520,0033800002iE3x5AAC,0.0,0,0.0,10957.0,0,0,0,1,0,0,0,0,1,0,0,1,1
45522,0033800002iE4IzAAK,0.0,0,55.0,3620.0,1,0,0,0,0,0,1,0,0,0,0,1,1
45523,0033800002iE4KHAA0,0.0,0,0.0,2481.0,0,0,0,1,0,0,1,0,0,0,0,1,1
45526,0033800002iE4NVAA0,0.0,0,0.0,10495.0,0,1,0,0,0,1,0,0,0,0,0,1,0
45530,0033800002iE4UxAAK,0.0,0,0.0,7791.0,0,0,0,1,0,0,1,0,0,0,0,1,1
45531,0033800002iE4V2AAK,0.0,0,919.0,1461.0,0,1,0,0,0,1,0,0,0,0,0,1,1
45538,0033800002iE4ibAAC,0.0,100,0.0,8525.0,0,0,0,1,0,0,1,0,0,0,0,1,1
45540,0033800002iE4zEAAS,0.0,0,0.0,1460.0,1,0,0,0,0,0,1,0,0,0,0,1,0
45541,0033800002iE51DAAS,0.0,0,0.0,8279.0,1,0,0,0,0,0,1,0,0,0,0,1,1
45543,0033800002iE545AAC,0.0,0,0.0,2191.0,0,0,0,1,0,0,0,0,1,0,0,1,0
45546,0033800002iE59PAAS,0.0,0,0.0,3380.0,0,1,0,0,0,0,1,0,0,0,1,0,1
45549,0033800002iE5EhAAK,0.0,0,1193.0,2192.0,0,0,0,0,1,0,0,0,0,1,0,1,1
45550,0033800002iE5EwAAK,0.0,0,0.0,2388.0,0,0,0,1,0,0,1,0,0,0,0,1,1
45552,0033800002iE5GkAAK,0.0,40,163.0,1460.0,0,0,0,1,0,0,0,0,0,1,0,1,1
45553,0033800002iE5JTAA0,0.0,0,0.0,8429.0,0,0,0,1,0,0,1,0,0,0,1,0,0
45558,0033800002iE5ZWAA0,0.0,0,2043.0,4017.0,0,0,0,0,1,1,0,0,0,0,1,0,1
45560,0033800002iE5gwAAC,0.0,0,0.0,2309.0,0,1,0,0,0,0,0,0,1,0,0,1,1
45561,0033800002iE7CuAAK,0.0,0,0.0,7305.0,0,0,0,1,0,0,1,0,0,0,0,1,0
45564,0033800002iE7ZtAAK,0.0,0,0.0,8770.0,0,0,0,1,0,0,0,0,0,1,0,1,1
45565,0033800002iE7fNAAS,0.0,0,0.0,7394.0,0,0,0,1,0,0,1,0,0,0,0,1,1
45566,0033800002iE7fXAAS,0.0,40,1407.0,2687.0,0,1,0,0,0,0,1,0,0,0,0,1,1
45567,0033800002iE7g6AAC,0.0,0,0.0,3743.0,0,1,0,0,0,0,0,0,0,1,0,1,1
45568,0033800002iE7gLAAS,0.0,0,843.0,7594.0,0,1,0,0,0,0,0,0,0,1,0,1,1
45612,0033800002iE7jCAAS,0.0,0,257.0,1399.0,0,1,0,0,0,0,1,0,0,0,0,1,1
45616,0033800002iE7jGAAS,0.0,0,0.0,1698.0,0,0,0,1,0,0,1,0,0,0,0,1,1
45617,0033800002iE7jHAAS,0.0,0,0.0,7540.0,0,1,0,0,0,0,1,0,0,0,1,0,0
45628,0033800002iE7jSAAS,0.0,0,0.0,2917.0,0,0,0,1,0,0,1,0,0,0,0,1,1
45637,0033800002iE7jbAAC,0.0,80,860.0,5927.0,0,1,0,0,0,0,1,0,0,0,0,1,1
45650,0033800002iE7oOAAS,0.0,0,48.0,529.0,0,0,0,1,0,0,1,0,0,0,0,1,1
45651,0033800002iE7sAAAS,0.0,0,0.0,9022.0,0,0,0,0,1,0,1,0,0,0,0,1,1
45652,0033800002iE841AAC,0.0,0,0.0,3591.0,0,0,0,1,0,0,0,0,1,0,0,1,1
45653,0033800002iE84aAAC,0.0,0,0.0,10237.0,0,1,0,0,0,1,0,0,0,0,0,1,0
45655,0033800002iE8BtAAK,5.0,0,0.0,8414.0,1,0,0,0,0,0,1,0,0,0,0,1,1
45656,0033800002iE8NQAA0,0.0,0,0.0,8786.0,0,1,0,0,0,0,1,0,0,0,0,1,1
45659,0033800002iE8obAAC,0.0,0,1982.0,2190.0,0,0,0,1,0,0,1,0,0,0,0,1,0
45661,0033800002iE8uEAAS,0.0,70,0.0,4438.0,0,0,0,1,0,0,1,0,0,0,0,1,1
45662,0033800002iE8vWAAS,0.0,90,928.0,7336.0,1,0,0,0,0,0,0,0,0,1,0,1,1
45664,0033800002iE9GAAA0,0.0,0,0.0,1817.0,0,0,0,1,0,0,1,0,0,0,0,1,1
45670,0033800002iEAhlAAG,0.0,0,0.0,7668.0,0,0,0,0,1,0,1,0,0,0,1,0,1
45671,0033800002iEAm7AAG,0.0,100,1042.0,4648.0,0,1,0,0,0,0,1,0,0,0,0,1,1
45683,0033800002iEBp7AAG,0.0,0,0.0,1461.0,0,0,0,1,0,0,0,0,0,1,0,1,1
45693,0033800002iECtmAAG,0.0,0,0.0,9719.0,0,0,0,1,0,0,1,0,0,0,0,1,1
45695,0033800002iEDaFAAW,0.0,0,0.0,5325.0,0,1,0,0,0,0,1,0,0,0,0,1,0
45696,0033800002iEDdOAAW,0.0,0,0.0,7392.0,0,0,0,0,1,1,0,0,0,0,0,1,0
45701,0033800002iEELSAA4,0.0,0,3941.0,1133.0,0,1,0,0,0,0,1,0,0,0,0,1,1
45702,0033800002iEEO1AAO,0.0,30,1324.0,7681.0,0,1,0,0,0,0,1,0,0,0,0,1,1
45704,0033800002iEETkAAO,0.0,0,0.0,1683.0,0,1,0,0,0,0,1,0,0,0,1,0,1
45705,0033800002iEEdgAAG,0.0,0,0.0,6590.0,0,0,0,1,0,0,1,0,0,0,0,1,1
45707,0033800002iEEk3AAG,0.0,0,0.0,942.0,0,0,0,1,0,0,1,0,0,0,0,1,0
45709,0033800002iEExcAAG,0.0,0,0.0,9395.0,0,0,0,0,1,0,1,0,0,0,0,1,1
45717,0033800002iEGIgAAO,0.0,0,0.0,8037.0,1,0,0,0,0,0,0,0,1,0,0,1,0
45719,0033800002iEGcWAAW,0.0,0,0.0,7409.0,0,1,0,0,0,0,0,0,0,1,0,1,1
45720,0033800002iEGhCAAW,0.0,70,0.0,9432.0,0,1,0,0,0,0,0,1,0,0,0,1,1
45723,0033800002iEHHGAA4,0.0,0,342.0,2321.0,0,1,0,0,0,0,1,0,0,0,0,1,0
45724,0033800002iEI8fAAG,0.0,0,0.0,3459.0,0,0,0,1,0,0,0,0,1,0,0,1,1
45725,0033800002iEIJRAA4,0.0,0,3424.0,3017.0,0,1,0,0,0,0,1,0,0,0,0,1,0
45726,0033800002iEIPoAAO,0.0,0,44.0,8253.0,0,0,0,0,1,0,1,0,0,0,0,1,0
45728,0033800002iEITTAA4,0.0,80,1263.0,9509.0,1,0,0,0,0,0,1,0,0,0,0,1,0
45731,0033800002iEIZoAAO,0.0,0,0.0,1825.0,0,0,0,1,0,0,0,0,1,0,0,1,0
45732,0033800002iEIbBAAW,0.0,0,0.0,2596.0,1,0,0,0,0,0,1,0,0,0,1,0,0
45733,0033800002iEIdtAAG,0.0,0,1892.0,3765.0,0,0,0,0,1,0,0,0,0,1,0,1,1
45735,0033800002iEIffAAG,0.0,0,0.0,2739.0,0,1,0,0,0,0,0,0,0,1,0,1,1
45738,0033800002iEJtlAAG,0.0,0,0.0,7323.0,0,0,0,1,0,0,0,0,0,1,0,1,1
45739,0033800002iEJw6AAG,0.0,0,0.0,7331.0,1,0,0,0,0,0,0,0,0,1,0,1,1
45742,0033800002iEK3pAAG,0.0,0,0.0,5932.0,0,0,0,1,0,0,1,0,0,0,1,0,1
45743,0033800002iEK90AAG,0.0,0,0.0,8105.0,0,1,0,0,0,0,1,0,0,0,0,1,0
45745,0033800002iEKCPAA4,0.0,0,6400.0,8821.0,0,0,0,0,1,0,1,0,0,0,0,1,1
45750,0033800002iEKTrAAO,0.0,0,0.0,7327.0,0,0,0,1,0,0,0,0,0,1,1,0,1
45752,0033800002iEKVdAAO,0.0,0,0.0,15160.0,0,1,0,0,0,0,0,0,0,1,0,1,0
45760,0033800002iEKkbAAG,0.0,0,0.0,7451.0,0,0,0,1,0,0,1,0,0,0,1,0,0
45762,0033800002iEKsxAAG,0.0,0,0.0,9004.0,1,0,0,0,0,0,1,0,0,0,0,1,1
45763,0033800002iEKv8AAG,0.0,0,0.0,2706.0,1,0,0,0,0,0,1,0,0,0,0,1,0
45764,0033800002iEL5RAAW,0.0,40,359.0,7329.0,0,1,0,0,0,0,0,0,0,1,1,0,1
45768,0033800002iEL9LAAW,0.0,0,362.0,1095.0,0,1,0,0,0,0,1,0,0,0,0,1,1
45770,0033800002iELEHAA4,0.0,0,0.0,7306.0,0,0,0,1,0,0,0,0,0,1,0,1,1
45772,0033800002iELVuAAO,0.0,0,1208.0,2586.0,1,0,0,0,0,0,1,0,0,0,1,0,0
45778,0033800002iELfzAAG,0.0,0,928.0,5493.0,0,1,0,0,0,0,0,0,1,0,0,1,1
45779,0033800002iELhCAAW,0.0,0,0.0,7496.0,0,0,0,1,0,0,0,0,1,0,0,1,1
45785,0033800002iEMEuAAO,0.0,60,1456.0,2172.0,0,0,0,1,0,0,1,0,0,0,0,1,1
45786,0033800002iEMFUAA4,0.0,0,0.0,3118.0,0,0,0,1,0,0,0,0,0,1,0,1,0
45790,0033800002iEMeZAAW,0.0,0,0.0,7432.0,0,0,0,0,1,1,0,0,0,0,0,1,1
45802,0033800002iEOl5AAG,0.0,0,306.0,2922.0,0,1,0,0,0,0,1,0,0,0,0,1,0
45803,0033800002iEOnBAAW,0.0,0,0.0,7320.0,1,0,0,0,0,0,1,0,0,0,0,1,0
45804,0033800002iEP0AAAW,0.0,0,1962.0,1384.0,0,0,0,1,0,0,0,0,1,0,0,1,1
45808,0033800002iEP4RAAW,0.0,0,713.0,1825.0,0,0,0,1,0,0,0,0,0,1,0,1,1
45810,0033800002iEP9uAAG,0.0,0,8457.0,2921.0,0,0,0,0,1,0,0,0,0,1,0,1,1
45818,0033800002iEQoTAAW,0.0,0,2475.0,3944.0,0,1,0,0,0,0,0,0,0,1,1,0,0
45820,0033800002iEQsQAAW,4.0,0,0.0,3390.0,0,0,0,1,0,0,0,0,1,0,0,1,1
45823,0033800002iER2NAAW,0.0,0,3907.0,2191.0,1,0,0,0,0,0,0,0,1,0,0,1,1
45825,0033800002iER8RAAW,0.0,0,0.0,3329.0,0,0,0,1,0,0,1,0,0,0,0,1,0
45833,0033800002iERXXAA4,0.0,0,0.0,7951.0,0,1,0,0,0,0,0,0,0,1,0,1,1
45835,0033800002iERZuAAO,0.0,0,0.0,7923.0,0,1,0,0,0,0,1,0,0,0,0,1,1
45836,0033800002iERaYAAW,0.0,0,0.0,2920.0,0,0,0,1,0,0,1,0,0,0,1,0,0
45837,0033800002iERanAAG,0.0,0,934.0,3974.0,0,1,0,0,0,0,0,0,0,1,1,0,0
45851,0033800002iETeEAAW,0.0,0,0.0,7803.0,0,0,0,1,0,0,1,0,0,0,1,0,1
45855,0033800002iETydAAG,0.0,0,0.0,11659.0,0,0,0,0,1,0,1,0,0,0,0,1,1
45857,0033800002iEU5kAAG,0.0,0,0.0,3446.0,0,1,0,0,0,0,0,0,1,0,0,1,1
45858,0033800002iEU6TAAW,0.0,0,0.0,7380.0,0,1,0,0,0,0,0,1,0,0,0,1,1
45861,0033800002iEUJmAAO,0.0,0,0.0,2080.0,0,0,0,1,0,0,1,0,0,0,1,0,0
45865,0033800002iEUoPAAW,0.0,0,0.0,8402.0,0,0,0,1,0,0,1,0,0,0,0,1,0
45869,0033800002iEV2HAAW,0.0,0,10599.0,1549.0,1,0,0,0,0,0,1,0,0,0,1,0,0
45870,0033800002iEV3EAAW,0.0,0,4638.0,1461.0,0,0,0,0,1,0,0,0,0,1,0,1,1
45872,0033800002iEV8JAAW,0.0,0,0.0,7256.0,0,1,0,0,0,1,0,0,0,0,0,1,1
45875,0033800002iEVE2AAO,0.0,0,0.0,10920.0,0,0,0,0,1,0,1,0,0,0,0,1,1
45876,0033800002iEVKmAAO,0.0,0,0.0,1108.0,0,0,0,1,0,0,1,0,0,0,1,0,0
45879,0033800002iEVU3AAO,0.0,30,132.0,2800.0,0,0,0,1,0,0,1,0,0,0,0,1,1
45881,0033800002iEVXCAA4,0.0,70,1873.0,2628.0,1,0,0,0,0,0,1,0,0,0,0,1,0
45882,0033800002iEVbOAAW,0.0,0,0.0,4127.0,0,0,0,0,1,0,1,0,0,0,0,1,0
45883,0033800002iEVhlAAG,0.0,0,0.0,7321.0,0,1,0,0,0,0,0,0,0,1,0,1,1
45884,0033800002iEViKAAW,0.0,0,0.0,5099.0,0,1,0,0,0,0,1,0,0,0,0,1,1
45885,0033800002iEVxPAAW,0.0,0,0.0,10637.0,0,0,0,0,1,0,1,0,0,0,0,1,0
45888,0033800002iEW4GAAW,0.0,0,44.0,3288.0,0,1,0,0,0,0,0,0,0,1,0,1,1
45892,0033800002iEWSsAAO,0.0,0,0.0,7681.0,0,1,0,0,0,0,0,0,1,0,0,1,1
45893,0033800002iEWTHAA4,0.0,0,0.0,7325.0,0,0,0,0,1,1,0,0,0,0,0,1,1
45894,0033800002iEWYWAA4,0.0,0,0.0,4522.0,0,0,0,1,0,0,1,0,0,0,0,1,1
45896,0033800002iEWjfAAG,0.0,0,0.0,2874.0,0,0,0,1,0,0,1,0,0,0,0,1,0
45898,0033800002iEWpOAAW,0.0,20,2579.0,1460.0,1,0,0,0,0,0,0,0,1,0,0,1,1
45899,0033800002iEWrUAAW,0.0,0,137.0,6281.0,0,1,0,0,0,0,1,0,0,0,0,1,1
45900,0033800002iEWt1AAG,0.0,70,357.0,4189.0,1,0,0,0,0,1,0,0,0,0,0,1,1
45901,0033800002iEX38AAG,0.0,0,0.0,7777.0,0,0,0,1,0,1,0,0,0,0,0,1,0
45905,0033800002iEXQLAA4,0.0,0,0.0,1825.0,0,0,0,1,0,0,0,0,1,0,0,1,0
45908,0033800002iEXmWAAW,0.0,0,0.0,2361.0,0,0,0,1,0,0,1,0,0,0,0,1,0
45909,0033800002iEXsnAAG,0.0,0,86.0,1631.0,0,0,1,0,0,0,1,0,0,0,1,0,0
45912,0033800002iEY34AAG,0.0,0,0.0,5843.0,0,0,0,1,0,0,1,0,0,0,0,1,1
45914,0033800002iEY9LAAW,0.0,60,155.0,3556.0,0,1,0,0,0,1,0,0,0,0,0,1,1
45916,0033800002iEb35AAC,0.0,0,228.0,3766.0,0,0,0,1,0,0,1,0,0,0,0,1,0
45920,0033800002iEbGXAA0,0.0,0,0.0,7305.0,0,1,0,0,0,0,1,0,0,0,0,1,1
45923,0033800002iEbJXAA0,0.0,70,143.0,8313.0,0,0,0,1,0,0,0,0,0,1,0,1,1
45929,0033800002iEcu0AAC,0.0,0,0.0,7329.0,0,0,0,1,0,0,0,0,0,1,0,1,1
45930,0033800002iEd1bAAC,0.0,0,0.0,2897.0,1,0,0,0,0,1,0,0,0,0,0,1,0
45933,0033800002iEdMfAAK,0.0,0,66.0,7397.0,0,1,0,0,0,0,0,0,0,1,0,1,0
45934,0033800002iEdT0AAK,0.0,0,0.0,7321.0,0,0,0,1,0,0,0,0,1,0,0,1,0
45940,0033800002iEdpNAAS,0.0,30,8488.0,2088.0,0,0,0,1,0,0,1,0,0,0,0,1,1
45941,0033800002iEdtdAAC,0.0,0,0.0,9475.0,0,0,0,0,1,0,1,0,0,0,0,1,1
45942,0033800002iEdvoAAC,0.0,0,167.0,7321.0,0,0,0,1,0,0,1,0,0,0,0,1,1
45944,0033800002iEe5tAAC,0.0,0,0.0,5672.0,0,0,0,1,0,0,1,0,0,0,0,1,0
45946,0033800002iEeGdAAK,0.0,0,7706.0,1461.0,0,1,0,0,0,0,0,0,0,1,0,1,0
45947,0033800002iEeHbAAK,0.0,90,2415.0,3713.0,1,0,0,0,0,0,1,0,0,0,0,1,1
45950,0033800002iEeKfAAK,0.0,0,0.0,7312.0,0,0,0,1,0,1,0,0,0,0,0,1,1
45951,0033800002iEeOcAAK,0.0,0,0.0,8784.0,0,1,0,0,0,0,1,0,0,0,0,1,0
45952,0033800002iEeP1AAK,0.0,0,0.0,9429.0,0,1,0,0,0,0,1,0,0,0,0,1,1
45957,0033800002iEeXeAAK,0.0,0,0.0,7530.0,0,0,0,1,0,0,1,0,0,0,0,1,1
45960,0033800002iEeh7AAC,0.0,0,0.0,10983.0,0,1,0,0,0,0,0,0,1,0,0,1,1
45961,0033800002iEei5AAC,0.0,0,0.0,7951.0,0,1,0,0,0,0,1,0,0,0,0,1,0
45962,0033800002iEejrAAC,0.0,0,0.0,1263.0,0,0,0,1,0,0,1,0,0,0,0,1,0
45964,0033800002iEekkAAC,0.0,0,0.0,9437.0,0,1,0,0,0,0,1,0,0,0,0,1,1
45969,0033800002iEeuLAAS,0.0,0,0.0,2907.0,0,1,0,0,0,1,0,0,0,0,0,1,1
45970,0033800002iEfBtAAK,0.0,0,0.0,7322.0,0,0,0,1,0,0,1,0,0,0,0,1,1
45974,0033800002iEfZkAAK,0.0,0,4075.0,958.0,0,1,0,0,0,0,0,0,1,0,0,1,1
45975,0033800002iEfb7AAC,0.0,10,2374.0,2922.0,0,0,0,1,0,0,0,0,1,0,0,1,1
45979,0033800002iEgmuAAC,0.0,0,2212.0,3744.0,0,1,0,0,0,1,0,0,0,0,1,0,1
45981,0033800002iEgogAAC,0.0,0,0.0,5379.0,0,0,0,1,0,0,0,0,0,1,0,1,0
45982,0033800002iEgp5AAC,0.0,90,1536.0,8047.0,0,1,0,0,0,0,1,0,0,0,0,1,1
45983,0033800002iEgptAAC,0.0,0,0.0,9661.0,0,1,0,0,0,0,1,0,0,0,0,1,1
45984,0033800002iEh2sAAC,0.0,0,0.0,8794.0,0,1,0,0,0,1,0,0,0,0,0,1,0
45986,0033800002iEh5lAAC,0.0,0,14094.0,1096.0,0,1,0,0,0,0,1,0,0,0,0,1,0
45987,0033800002iEh6KAAS,0.0,0,5248.0,2177.0,0,0,1,0,0,0,1,0,0,0,1,0,1
45988,0033800002iEh6UAAS,0.0,0,0.0,7305.0,0,0,0,1,0,0,1,0,0,0,0,1,1
45989,0033800002iEh6oAAC,0.0,0,0.0,7414.0,0,0,0,1,0,0,1,0,0,0,0,1,0
45990,0033800002iEh6tAAC,0.0,0,0.0,2820.0,0,0,0,1,0,0,1,0,0,0,0,1,0
45991,0033800002iEh73AAC,0.0,0,6322.0,2268.0,0,1,0,0,0,0,1,0,0,0,0,1,0
45992,0033800002iEh7cAAC,0.0,0,0.0,4987.0,0,0,1,0,0,0,1,0,0,0,1,0,1
45993,0033800002iEh8LAAS,0.0,0,0.0,5118.0,1,0,0,0,0,0,1,0,0,0,0,1,0
45996,0033800002iEhDzAAK,0.0,0,0.0,10607.0,0,1,0,0,0,0,1,0,0,0,0,1,1
45997,0033800002iEiaIAAS,0.0,0,0.0,7322.0,0,1,0,0,0,0,0,0,1,0,0,1,1
46000,0033800002iEigaAAC,0.0,0,0.0,7335.0,0,0,0,1,0,0,1,0,0,0,0,1,1
46001,0033800002iEihsAAC,0.0,0,115.0,843.0,1,0,0,0,0,0,1,0,0,0,0,1,1
46011,0033800002iEj13AAC,0.0,0,0.0,7181.0,0,1,0,0,0,0,1,0,0,0,0,1,1
46014,0033800002iEj35AAC,0.0,0,0.0,7356.0,1,0,0,0,0,0,1,0,0,0,0,1,1
46015,0033800002iEj7uAAC,0.0,30,2451.0,3051.0,0,0,0,0,1,0,0,0,1,0,1,0,1
46019,0033800002iEjXmAAK,0.0,30,1280.0,6796.0,0,0,0,0,1,0,1,0,0,0,1,0,1
46028,0033800002iEk1YAAS,0.0,0,4465.0,7721.0,0,0,0,1,0,0,1,0,0,0,1,0,1
46029,0033800002iEk57AAC,0.0,0,0.0,5212.0,0,1,0,0,0,0,1,0,0,0,0,1,0
46030,0033800002iEk6KAAS,0.0,0,0.0,5325.0,0,0,0,0,1,0,1,0,0,0,1,0,0
46031,0033800002iEkAlAAK,0.0,0,0.0,8766.0,0,1,0,0,0,0,0,0,0,1,1,0,1
46032,0033800002iEkBoAAK,0.0,0,0.0,8301.0,0,1,0,0,0,0,1,0,0,0,0,1,1
46033,0033800002iEkEnAAK,0.0,0,23.0,2797.0,0,0,0,1,0,1,0,0,0,0,0,1,1
46035,0033800002iEkGFAA0,0.0,0,0.0,2706.0,0,1,0,0,0,0,1,0,0,0,0,1,1
46036,0033800002iEkIGAA0,0.0,0,12388.0,509.0,0,0,0,0,1,1,0,0,0,0,0,1,1
46038,0033800002iEkPiAAK,0.0,0,0.0,9076.0,1,0,0,0,0,0,1,0,0,0,0,1,0
46040,0033800002iEkT7AAK,0.0,0,0.0,8422.0,0,0,0,0,1,0,1,0,0,0,0,1,1
46041,0033800002iEkVNAA0,0.0,80,4609.0,1460.0,0,1,0,0,0,0,0,0,1,0,0,1,1
46045,0033800002iEkpGAAS,0.0,0,1152.0,2104.0,1,0,0,0,0,0,0,0,0,1,0,1,0
46048,0033800002iElAgAAK,0.0,50,1984.0,1825.0,1,0,0,0,0,0,0,0,1,0,0,1,0
46049,0033800002iElBAAA0,0.0,0,0.0,2020.0,0,0,0,1,0,1,0,0,0,0,0,1,1
46051,0033800002iEm5JAAS,0.0,0,1635.0,1456.0,0,1,0,0,0,0,0,0,0,1,0,1,1
46055,0033800002iEn6ZAAS,0.0,0,0.0,8476.0,0,0,1,0,0,0,0,1,0,0,0,1,0
46056,0033800002iEn7wAAC,0.0,0,0.0,9519.0,0,0,0,1,0,0,1,0,0,0,0,1,0
46060,0033800002iEnJiAAK,0.0,0,0.0,4813.0,0,1,0,0,0,0,1,0,0,0,0,1,0
46073,0033800002iEoVQAA0,0.0,0,0.0,7305.0,0,1,0,0,0,0,1,0,0,0,1,0,1
46074,0033800002iEoccAAC,0.0,0,0.0,3074.0,1,0,0,0,0,1,0,0,0,0,0,1,0
46076,0033800002iEoyrAAC,0.0,0,0.0,7861.0,1,0,0,0,0,0,0,0,0,1,0,1,1
46083,0033800002iEpyWAAS,0.0,0,0.0,8301.0,0,0,0,1,0,0,1,0,0,0,1,0,1
46084,0033800002iEpzFAAS,0.0,90,199.0,1826.0,0,1,0,0,0,0,1,0,0,0,0,1,0
46088,0033800002iEqWyAAK,0.0,0,0.0,8298.0,0,0,0,0,1,0,1,0,0,0,1,0,1
46091,0033800002iEqqDAAS,0.0,0,0.0,831.0,0,0,0,1,0,0,0,0,1,0,0,1,0
46092,0033800002iEqtMAAS,0.0,0,0.0,1291.0,0,0,0,1,0,0,1,0,0,0,1,0,0
46093,0033800002iEquZAAS,0.0,0,0.0,1460.0,0,1,0,0,0,0,1,0,0,0,0,1,0
46094,0033800002iEqx4AAC,0.0,0,0.0,4094.0,0,0,0,0,1,1,0,0,0,0,1,0,1
46096,0033800002iErSrAAK,0.0,0,0.0,7209.0,1,0,0,0,0,0,1,0,0,0,0,1,1
46097,0033800002iErYmAAK,0.0,0,0.0,8161.0,0,0,0,0,1,1,0,0,0,0,0,1,1
46098,0033800002iEreQAAS,0.0,60,2105.0,631.0,1,0,0,0,0,0,0,0,0,1,0,1,0
46099,0033800002iEriDAAS,0.0,0,0.0,7636.0,0,1,0,0,0,1,0,0,0,0,0,1,1
46100,0033800002iErlxAAC,0.0,20,5706.0,855.0,0,1,0,0,0,0,1,0,0,0,0,1,1
46101,0033800002iErmCAAS,0.0,0,0.0,7328.0,0,1,0,0,0,1,0,0,0,0,1,0,0
46103,0033800002iErqbAAC,0.0,60,510.0,2368.0,0,0,0,1,0,0,1,0,0,0,1,0,0
46107,0033800002iEsZAAA0,0.0,0,0.0,4183.0,0,0,0,0,1,1,0,0,0,0,0,1,0
46108,0033800002iEse0AAC,0.0,0,0.0,2355.0,0,0,0,0,1,0,1,0,0,0,0,1,1
46109,0033800002iEsfDAAS,0.0,0,0.0,8795.0,0,0,0,0,1,1,0,0,0,0,0,1,0
46110,0033800002iEsgpAAC,0.0,0,0.0,2350.0,0,0,0,1,0,0,1,0,0,0,0,1,0
46111,0033800002iEssgAAC,0.0,0,0.0,8158.0,0,0,0,1,0,0,0,0,1,0,0,1,0
46122,0033800002iEtQJAA0,0.0,20,143.0,1460.0,0,0,0,1,0,0,0,0,1,0,0,1,1
46123,0033800002iEtU1AAK,0.0,0,0.0,8780.0,0,0,0,1,0,0,0,0,0,1,0,1,0
46124,0033800002iEtUHAA0,0.0,0,0.0,9594.0,0,0,0,0,1,1,0,0,0,0,0,1,1
46126,0033800002iEtZaAAK,0.0,0,0.0,2223.0,0,1,0,0,0,0,1,0,0,0,1,0,1
46127,0033800002iEtaEAAS,0.0,0,0.0,8424.0,0,1,0,0,0,0,1,0,0,0,0,1,1
46130,0033800002iEteVAAS,0.0,0,0.0,9872.0,0,1,0,0,0,0,1,0,0,0,0,1,0
46133,0033800002iEtjfAAC,0.0,0,0.0,7332.0,0,1,0,0,0,0,1,0,0,0,0,1,1
46134,0033800002iEtkYAAS,0.0,0,838.0,7311.0,0,1,0,0,0,1,0,0,0,0,0,1,1
46135,0033800002iEtpJAAS,0.0,0,14.0,9163.0,0,1,0,0,0,0,0,0,1,0,0,1,1
46138,0033800002iEtsDAAS,0.0,0,1971.0,1830.0,1,0,0,0,0,1,0,0,0,0,1,0,0
46140,0033800002iF1i5AAC,0.0,30,1085.0,1318.0,0,0,0,0,1,0,1,0,0,0,0,1,1
46143,0033800002iF24cAAC,0.0,0,0.0,1735.0,0,1,0,0,0,0,1,0,0,0,1,0,1
46144,0033800002iF26iAAC,0.0,0,0.0,12213.0,0,0,0,0,1,1,0,0,0,0,0,1,1
46146,0033800002iF2CbAAK,0.0,90,389.0,4160.0,0,1,0,0,0,1,0,0,0,0,0,1,1
46151,0033800002iF2UsAAK,0.0,0,0.0,1460.0,0,1,0,0,0,0,1,0,0,0,1,0,1
46152,0033800002iF2XXAA0,0.0,0,0.0,7524.0,0,0,0,1,0,0,1,0,0,0,1,0,0
46153,0033800002iF2XhAAK,0.0,30,2015.0,7611.0,0,0,0,1,0,0,1,0,0,0,0,1,0
46162,0033800002iF2p3AAC,0.0,30,1185.0,1601.0,0,0,0,1,0,0,1,0,0,0,0,1,1
46163,0033800002iF2vGAAS,0.0,0,0.0,7309.0,1,0,0,0,0,0,0,0,0,1,0,1,1
46164,0033800002iF2wnAAC,0.0,100,0.0,8969.0,0,0,0,1,0,0,1,0,0,0,0,1,1
46165,0033800002iF2x7AAC,0.0,0,0.0,9294.0,0,1,0,0,0,0,0,0,1,0,0,1,1
46166,0033800002iF30fAAC,0.0,0,6646.0,2190.0,0,1,0,0,0,0,0,0,0,1,0,1,1
46168,0033800002iF3D5AAK,0.0,90,1824.0,2922.0,0,0,0,1,0,0,1,0,0,0,0,1,0
46170,0033800002iF3ZyAAK,0.0,0,0.0,6074.0,0,0,0,0,1,0,1,0,0,0,0,1,0
46171,0033800002iF446AAC,0.0,0,0.0,7672.0,0,1,0,0,0,0,1,0,0,0,0,1,0
46172,0033800002iF47eAAC,0.0,0,65.0,1203.0,0,0,0,1,0,0,1,0,0,0,0,1,1
46173,0033800002iF4WPAA0,4.0,0,0.0,7319.0,0,1,0,0,0,0,1,0,0,0,0,1,1
46175,0033800002iF4fgAAC,0.0,0,1017.0,1825.0,0,0,0,1,0,0,0,0,1,0,1,0,1
46183,0033800002iF4kCAAS,0.0,0,4070.0,2192.0,0,1,0,0,0,1,0,0,0,0,0,1,1
46185,0033800002iF4kEAAS,0.0,70,1234.0,8401.0,0,0,0,1,0,0,0,0,1,0,0,1,0
46188,0033800002iF4mDAAS,0.0,0,1126.0,1018.0,0,0,0,0,1,0,1,0,0,0,0,1,0
46190,0033800002iF52GAAS,0.0,0,1794.0,2519.0,0,1,0,0,0,1,0,0,0,0,0,1,0
46191,0033800002iF5SCAA0,0.0,0,0.0,5105.0,1,0,0,0,0,0,1,0,0,0,1,0,0
46192,0033800002iF5WdAAK,0.0,90,3472.0,3514.0,0,1,0,0,0,0,1,0,0,0,0,1,0
46194,0033800002iF5tIAAS,0.0,0,0.0,232.0,0,1,0,0,0,0,1,0,0,0,0,1,1
46204,0033800002iF6dHAAS,0.0,0,3314.0,2013.0,0,1,0,0,0,0,0,0,0,1,0,1,1
46205,0033800002iF6dIAAS,0.0,0,16.0,7671.0,0,1,0,0,0,0,1,0,0,0,0,1,0
46206,0033800002iF6dJAAS,0.0,0,2054.0,9465.0,0,1,0,0,0,0,1,0,0,0,0,1,1
46207,0033800002iF6dKAAS,0.0,0,1139.0,3287.0,0,0,0,0,1,0,0,0,1,0,0,1,1
46209,0033800002iF6g6AAC,0.0,0,2643.0,3579.0,0,1,0,0,0,0,0,0,1,0,0,1,1
46213,0033800002iF77JAAS,0.0,0,0.0,1264.0,0,0,0,1,0,0,1,0,0,0,0,1,1
46214,0033800002iF77OAAS,0.0,0,0.0,2192.0,0,0,0,1,0,1,0,0,0,0,0,1,1
46219,0033800002iF9NyAAK,0.0,0,0.0,8416.0,1,0,0,0,0,0,1,0,0,0,0,1,1
46220,0033800002iF9PuAAK,0.0,0,0.0,3595.0,0,0,0,1,0,0,0,0,0,1,0,1,1
46228,0033800002iF9qiAAC,0.0,0,0.0,1460.0,0,0,0,1,0,0,0,0,1,0,0,1,1
46231,0033800002iFA2oAAG,0.0,0,0.0,2852.0,0,0,0,1,0,0,1,0,0,0,0,1,0
46232,0033800002iFA59AAG,0.0,0,0.0,8232.0,0,0,0,0,1,0,0,0,1,0,0,1,0
46237,0033800002iFAGRAA4,0.0,60,242.0,1460.0,0,0,0,1,0,0,0,0,1,0,0,1,1
46242,0033800002iFAYfAAO,0.0,0,0.0,7521.0,0,0,0,1,0,0,1,0,0,0,0,1,1
46243,0033800002iFAhXAAW,0.0,0,0.0,9412.0,0,1,0,0,0,0,0,0,0,1,0,1,1
46244,0033800002iFAn6AAG,0.0,0,0.0,7339.0,0,0,0,1,0,0,0,0,0,1,0,1,0
46246,0033800002iFAr3AAG,0.0,0,0.0,1651.0,0,0,0,0,1,0,1,0,0,0,1,0,0
46249,0033800002iFB97AAG,0.0,0,0.0,8457.0,1,0,0,0,0,0,0,0,1,0,0,1,0
46250,0033800002iFBD9AAO,0.0,0,0.0,7326.0,0,0,0,1,0,0,0,0,0,1,0,1,1
46257,0033800002iFBjsAAG,0.0,0,0.0,8054.0,0,0,0,1,0,0,1,0,0,0,0,1,0
46261,0033800002iFBxWAAW,0.0,0,144.0,7487.0,0,0,0,1,0,0,0,0,1,0,0,1,1
46262,0033800002iFC4IAAW,0.0,0,0.0,7757.0,0,1,0,0,0,0,1,0,0,0,0,1,0
46263,0033800002iFCBPAA4,0.0,80,1301.0,8735.0,1,0,0,0,0,0,0,0,0,1,0,1,1
46268,0033800002iFCbgAAG,0.0,0,55.0,9717.0,0,1,0,0,0,0,1,0,0,0,1,0,1
46269,0033800002iFCjVAAW,0.0,70,670.0,2177.0,0,1,0,0,0,0,1,0,0,0,1,0,1
46272,0033800002iFDAfAAO,0.0,0,9391.0,732.0,0,1,0,0,0,1,0,0,0,0,0,1,0
46275,0033800002iFDceAAG,0.0,0,11303.0,2726.0,0,0,0,1,0,0,0,0,1,0,0,1,1
46276,0033800002iFDknAAG,0.0,0,6252.0,2191.0,0,0,0,1,0,0,0,0,1,0,0,1,1
46277,0033800002iFDtQAAW,0.0,0,0.0,2795.0,0,0,0,0,1,0,0,0,0,1,0,1,1
46278,0033800002iFDwoAAG,0.0,0,0.0,10982.0,0,1,0,0,0,0,0,0,0,1,1,0,0
46279,0033800002iFE6hAAG,0.0,0,1128.0,1460.0,0,0,0,0,1,0,0,0,0,1,0,1,0
46282,0033800002iFEdXAAW,0.0,0,0.0,7484.0,0,0,0,1,0,0,1,0,0,0,0,1,0
46292,0033800002iFFzuAAG,0.0,0,0.0,7307.0,0,1,0,0,0,0,0,0,0,1,0,1,1
46293,0033800002iFG2PAAW,0.0,0,0.0,9508.0,1,0,0,0,0,0,1,0,0,0,0,1,1
46297,0033800002iFGNhAAO,0.0,0,0.0,8817.0,1,0,0,0,0,0,1,0,0,0,0,1,1
46300,0033800002iFI28AAG,0.0,40,371.0,2190.0,0,0,0,1,0,0,1,0,0,0,0,1,1
46302,0033800002iFIAgAAO,0.0,0,0.0,9489.0,0,1,0,0,0,0,1,0,0,0,0,1,1
46310,0033800002iFImTAAW,0.0,0,3433.0,3748.0,0,1,0,0,0,1,0,0,0,0,0,1,0
46311,0033800002iFIoRAAW,0.0,30,0.0,2872.0,0,0,0,0,1,1,0,0,0,0,1,0,1
46315,0033800002iFK54AAG,0.0,60,2847.0,1382.0,0,1,0,0,0,0,1,0,0,0,0,1,1
46322,0033800002iFLXEAA4,0.0,0,0.0,4764.0,0,0,0,1,0,0,1,0,0,0,1,0,0
46324,0033800002iFLePAAW,0.0,0,0.0,5113.0,0,0,0,1,0,0,0,0,0,1,1,0,1
46325,0033800002iFLh0AAG,0.0,100,0.0,3234.0,0,0,0,1,0,0,1,0,0,0,0,1,1
46326,0033800002iFMaMAAW,0.0,0,0.0,9713.0,1,0,0,0,0,0,1,0,0,0,0,1,0
46327,0033800002iFN6cAAG,0.0,0,1694.0,1827.0,0,1,0,0,0,0,1,0,0,0,0,1,1
46328,0033800002iFPYnAAO,0.0,0,2551.0,2830.0,0,1,0,0,0,0,0,0,1,0,0,1,1
46329,0033800002iFQ8uAAG,0.0,0,1776.0,1461.0,1,0,0,0,0,0,1,0,0,0,0,1,0
46330,0033800002iFRE6AAO,0.0,0,2253.0,7319.0,1,0,0,0,0,0,0,0,0,1,0,1,0
46331,0033800002iFREBAA4,0.0,40,0.0,5844.0,0,0,0,1,0,0,1,0,0,0,0,1,0
46338,0033800002iFRdBAAW,0.0,0,180.0,5714.0,0,0,0,1,0,0,0,0,1,0,0,1,0
46339,0033800002iFRdpAAG,0.0,0,0.0,9242.0,0,0,0,0,1,1,0,0,0,0,0,1,0
46340,0033800002iFRfCAAW,0.0,60,2886.0,2775.0,0,0,0,1,0,0,1,0,0,0,0,1,1
46343,0033800002iFRo9AAG,0.0,100,527.0,9541.0,0,0,0,0,1,0,1,0,0,0,1,0,1
46344,0033800002iFSBTAA4,0.0,0,189.0,3618.0,1,0,0,0,0,1,0,0,0,0,0,1,1
46345,0033800002iFSJDAA4,0.0,0,0.0,2464.0,0,0,0,1,0,1,0,0,0,0,1,0,0
46351,0033800002iFTd6AAG,0.0,0,0.0,3004.0,0,0,0,0,1,1,0,0,0,0,0,1,1
46354,0033800002iFUNGAA4,0.0,0,0.0,2758.0,0,1,0,0,0,0,0,0,0,1,0,1,1
46356,0033800002iFUSuAAO,0.0,0,8252.0,324.0,1,0,0,0,0,0,0,0,0,1,0,1,1
46358,0033800002iFUmgAAG,0.0,0,4144.0,4508.0,0,1,0,0,0,0,0,0,0,1,1,0,1
46359,0033800002iFUp2AAG,0.0,0,5.0,5325.0,0,0,0,1,0,0,1,0,0,0,0,1,0
46360,0033800002iFUuVAAW,0.0,0,1155.0,912.0,0,0,0,1,0,0,1,0,0,0,0,1,0
46361,0033800002iFUxyAAG,0.0,0,0.0,4054.0,0,1,0,0,0,0,1,0,0,0,0,1,1
46362,0033800002iFUy3AAG,0.0,60,2104.0,1461.0,0,1,0,0,0,0,0,0,1,0,1,0,1
46366,0033800002iFVATAA4,0.0,0,144.0,8307.0,0,0,0,0,1,0,1,0,0,0,1,0,0
46368,0033800002iFVEQAA4,0.0,0,121.0,4725.0,0,0,0,1,0,0,0,0,1,0,0,1,1
46370,0033800002iFVWHAA4,0.0,0,0.0,2191.0,0,0,0,1,0,1,0,0,0,0,0,1,0
46375,0033800002iFVtpAAG,0.0,0,0.0,1461.0,1,0,0,0,0,0,0,0,1,0,0,1,1
46376,0033800002iFVvbAAG,0.0,0,0.0,7342.0,0,0,0,1,0,0,0,0,1,0,0,1,1
46377,0033800002iFVvgAAG,0.0,0,419.0,3773.0,0,1,0,0,0,1,0,0,0,0,1,0,1
46378,0033800002iFVwFAAW,0.0,0,1650.0,7750.0,0,0,0,0,1,1,0,0,0,0,0,1,0
46379,0033800002iFVwUAAW,0.0,100,1118.0,2939.0,0,0,0,1,0,0,1,0,0,0,0,1,1
46382,0033800002iFW0CAAW,0.0,0,206.0,8012.0,0,0,0,0,1,1,0,0,0,0,1,0,0
46384,0033800002iFW78AAG,0.0,0,0.0,1461.0,0,0,0,1,0,0,0,0,1,0,0,1,1
46385,0033800002iFWGoAAO,0.0,100,153.0,2897.0,1,0,0,0,0,1,0,0,0,0,1,0,1
46386,0033800002iFWR8AAO,0.0,0,167.0,3272.0,0,0,0,0,1,0,0,0,0,1,1,0,0
46392,0033800002iFWeeAAG,0.0,0,0.0,1550.0,0,0,0,1,0,0,0,0,1,0,0,1,1
46393,0033800002iFWhJAAW,0.0,0,82.0,8298.0,0,0,0,0,1,0,0,0,1,0,0,1,1
46395,0033800002iFWkcAAG,0.0,80,1428.0,2922.0,0,1,0,0,0,0,1,0,0,0,0,1,1
46404,0033800002iFXLaAAO,0.0,0,0.0,1867.0,0,0,0,1,0,0,1,0,0,0,0,1,1
46405,0033800002iFXOKAA4,0.0,0,0.0,7420.0,1,0,0,0,0,0,1,0,0,0,0,1,0
46407,0033800002iFXZnAAO,0.0,0,816.0,2922.0,1,0,0,0,0,1,0,0,0,0,0,1,1
46408,0033800002iFXdzAAG,0.0,0,0.0,7577.0,0,1,0,0,0,0,1,0,0,0,0,1,0
46409,0033800002iFXhxAAG,0.0,0,204.0,10134.0,0,0,0,0,1,0,1,0,0,0,0,1,1
46411,0033800002iFY1fAAG,0.0,0,3957.0,3015.0,0,0,0,0,1,0,1,0,0,0,0,1,1
46412,0033800002iFY8qAAG,0.0,0,0.0,7316.0,0,0,0,1,0,0,0,0,0,1,0,1,1
46416,0033800002iFYH9AAO,0.0,0,132.0,1644.0,1,0,0,0,0,0,0,0,0,1,1,0,0
46419,0033800002iFYOKAA4,0.0,0,0.0,8512.0,1,0,0,0,0,0,1,0,0,0,0,1,1
46420,0033800002iFYPDAA4,0.0,0,0.0,8497.0,0,0,0,1,0,0,1,0,0,0,0,1,0
46421,0033800002iFYQuAAO,0.0,0,0.0,915.0,0,0,0,1,0,0,1,0,0,0,1,0,1
46423,0033800002iFYapAAG,0.0,0,3406.0,7307.0,0,0,0,0,1,1,0,0,0,0,1,0,1
46429,0033800002iFYnZAAW,0.0,0,0.0,8997.0,1,0,0,0,0,0,1,0,0,0,0,1,1
46430,0033800002iFYsKAAW,0.0,0,0.0,3957.0,0,0,0,1,0,0,1,0,0,0,0,1,0
46432,0033800002iFYwWAAW,0.0,0,14.0,11220.0,0,1,0,0,0,0,1,0,0,0,1,0,0
46433,0033800002iFYxKAAW,0.0,40,540.0,8022.0,0,1,0,0,0,0,0,0,0,1,0,1,1
46438,0033800002iFZ5hAAG,0.0,30,1150.0,3773.0,0,0,0,1,0,0,1,0,0,0,0,1,0
46445,0033800002iFanFAAS,0.0,0,0.0,7268.0,0,0,0,1,0,0,0,0,0,1,0,1,1
46449,0033800002iFaz6AAC,0.0,0,0.0,7330.0,0,0,0,1,0,0,0,0,0,1,1,0,0
46453,0033800002iFbKwAAK,0.0,0,0.0,6177.0,0,1,0,0,0,1,0,0,0,0,0,1,1
46454,0033800002iFbVzAAK,0.0,80,1334.0,5008.0,0,0,0,1,0,0,0,0,0,1,0,1,0
46457,0033800002iFbhqAAC,0.0,0,4891.0,7183.0,0,1,0,0,0,0,1,0,0,0,0,1,0
46458,0033800002iFbliAAC,0.0,0,0.0,9140.0,0,1,0,0,0,0,1,0,0,0,0,1,0
46461,0033800002iFbpkAAC,0.0,0,58.0,7954.0,0,1,0,0,0,0,1,0,0,0,1,0,0
46462,0033800002iFbvEAAS,0.0,0,0.0,4154.0,0,1,0,0,0,0,0,0,1,0,0,1,0
46465,0033800002iFbwqAAC,0.0,0,0.0,7321.0,0,0,0,1,0,1,0,0,0,0,0,1,1
46466,0033800002iFc3SAAS,0.0,0,0.0,9871.0,0,0,0,1,0,0,0,0,0,1,0,1,1
46467,0033800002iFcBvAAK,0.0,0,38.0,2741.0,0,0,0,1,0,0,0,0,0,1,1,0,1
46469,0033800002iFcGlAAK,0.0,0,1482.0,7309.0,1,0,0,0,0,0,0,0,0,1,0,1,0
46470,0033800002iFcNIAA0,0.0,0,11437.0,1126.0,1,0,0,0,0,1,0,0,0,0,0,1,0
46473,0033800002iFcUJAA0,0.0,0,0.0,7450.0,0,0,0,1,0,0,1,0,0,0,0,1,1
46477,0033800002iFcmzAAC,0.0,0,0.0,7304.0,0,0,0,1,0,0,0,0,0,1,0,1,0
46478,0033800002iFcraAAC,0.0,0,0.0,7314.0,0,0,0,1,0,0,1,0,0,0,0,1,1
46480,0033800002iFd3AAAS,0.0,0,20.0,7315.0,0,0,0,1,0,0,0,0,0,1,0,1,1
46483,0033800002iFdBsAAK,0.0,100,0.0,8292.0,1,0,0,0,0,0,1,0,0,0,0,1,1
46484,0033800002iFdFVAA0,0.0,30,0.0,7983.0,0,0,0,0,1,0,0,0,0,1,0,1,1
46485,0033800002iFdHvAAK,0.0,80,2244.0,8058.0,0,1,0,0,0,0,0,0,1,0,1,0,0
46487,0033800002iFdLKAA0,0.0,0,0.0,9501.0,0,0,0,0,1,0,1,0,0,0,0,1,1
46490,0033800002iFddTAAS,0.0,0,0.0,3673.0,0,1,0,0,0,0,1,0,0,0,0,1,1
46491,0033800002iFdddAAC,0.0,0,0.0,4954.0,0,0,0,0,1,0,1,0,0,0,0,1,0
46492,0033800002iFdeCAAS,0.0,0,0.0,1451.0,0,1,0,0,0,0,1,0,0,0,0,1,1
46494,0033800002iFdjbAAC,0.0,50,2413.0,1543.0,0,0,0,1,0,0,1,0,0,0,0,1,0
46495,0033800002iFdl3AAC,0.0,0,0.0,7800.0,0,1,0,0,0,0,1,0,0,0,1,0,0
46498,0033800002iFdxxAAC,0.0,0,0.0,4813.0,1,0,0,0,0,0,1,0,0,0,0,1,0
46501,0033800002iFeKwAAK,0.0,0,0.0,9861.0,0,0,0,1,0,0,1,0,0,0,0,1,1
46502,0033800002iFeSpAAK,0.0,0,0.0,2764.0,1,0,0,0,0,0,1,0,0,0,0,1,0
46503,0033800002iFeXYAA0,0.0,0,0.0,8422.0,0,0,0,0,1,0,0,0,1,0,0,1,1
46506,0033800002iFf4aAAC,0.0,0,350.0,1099.0,0,0,0,1,0,0,1,0,0,0,0,1,1
46507,0033800002iFf4pAAC,0.0,0,0.0,2938.0,0,1,0,0,0,0,0,0,0,1,1,0,1
46508,0033800002iFf8GAAS,0.0,0,0.0,4067.0,0,1,0,0,0,0,1,0,0,0,0,1,1
46509,0033800002iFfGAAA0,0.0,0,0.0,7356.0,0,1,0,0,0,1,0,0,0,0,0,1,1
46511,0033800002iFfM8AAK,0.0,0,0.0,7311.0,0,1,0,0,0,1,0,0,0,0,0,1,1
46515,0033800002iFgE3AAK,0.0,0,1626.0,1461.0,0,1,0,0,0,1,0,0,0,0,1,0,0
46517,0033800002iFgOEAA0,0.0,80,919.0,3239.0,0,0,0,1,0,1,0,0,0,0,0,1,0
46519,0033800002iFgRrAAK,0.0,10,4860.0,567.0,0,0,0,1,0,0,1,0,0,0,1,0,0
46521,0033800002iFgZqAAK,0.0,0,2349.0,2059.0,1,0,0,0,0,0,1,0,0,0,0,1,0
46524,0033800002iFgjfAAC,0.0,0,0.0,10240.0,1,0,0,0,0,1,0,0,0,0,0,1,1
46526,0033800002iFgnhAAC,0.0,0,0.0,7307.0,0,0,0,0,1,0,0,0,0,1,0,1,1
46529,0033800002iFh1BAAS,0.0,0,0.0,7425.0,0,0,0,1,0,0,0,0,1,0,0,1,0
46531,0033800002iFhfkAAC,0.0,0,308.0,2887.0,0,0,0,0,1,0,0,0,0,1,1,0,0
46535,0033800002iFi9FAAS,0.0,0,5981.0,4888.0,1,0,0,0,0,0,1,0,0,0,0,1,0
46538,0033800002iFiGaAAK,0.0,60,1422.0,8041.0,1,0,0,0,0,0,0,0,0,1,0,1,1
46540,0033800002iFiU3AAK,0.0,0,0.0,2773.0,0,1,0,0,0,0,0,0,0,1,0,1,1
46549,0033800002iFjeJAAS,0.0,0,0.0,10226.0,0,0,0,1,0,0,0,0,1,0,0,1,1
46554,0033800002iFkkUAAS,0.0,0,111.0,11030.0,0,0,0,0,1,1,0,0,0,0,0,1,1
46557,0033800002iFlDjAAK,0.0,40,3888.0,7837.0,0,1,0,0,0,0,1,0,0,0,0,1,1
46558,0033800002iFlKGAA0,0.0,0,0.0,7322.0,0,0,0,0,1,0,1,0,0,0,0,1,1
46560,0033800002iFlSyAAK,0.0,0,0.0,8860.0,0,0,0,1,0,0,1,0,0,0,0,1,1
46561,0033800002iFlYwAAK,0.0,10,0.0,2191.0,0,0,0,1,0,1,0,0,0,0,0,1,0
46562,0033800002iFldSAAS,0.0,0,51.0,10420.0,1,0,0,0,0,0,1,0,0,0,0,1,1
46564,0033800002iFlhKAAS,0.0,70,998.0,2286.0,1,0,0,0,0,0,1,0,0,0,0,1,0
46567,0033800002iFm2hAAC,0.0,0,160.0,1666.0,0,1,0,0,0,1,0,0,0,0,0,1,1
46579,0033800002iFmtqAAC,0.0,0,0.0,227.0,0,0,0,1,0,1,0,0,0,0,0,1,1
46581,0033800002iFnVqAAK,0.0,90,539.0,7602.0,0,1,0,0,0,0,1,0,0,0,0,1,0
46583,0033800002iFo7KAAS,0.0,0,0.0,7808.0,0,0,0,0,1,1,0,0,0,0,0,1,1
46584,0033800002iFo8IAAS,0.0,0,0.0,1683.0,0,1,0,0,0,1,0,0,0,0,1,0,1
46590,0033800002iFoi3AAC,0.0,0,0.0,6181.0,0,1,0,0,0,0,1,0,0,0,0,1,0
46591,0033800002iFoqMAAS,0.0,0,0.0,11698.0,0,0,0,0,1,0,1,0,0,0,0,1,1
46594,0033800002iFp1tAAC,0.0,50,830.0,2709.0,1,0,0,0,0,0,1,0,0,0,0,1,0
46599,0033800002iFppCAAS,0.0,0,0.0,1825.0,0,0,0,1,0,0,0,0,0,1,0,1,1
46607,0033800002iFqG8AAK,0.0,0,378.0,1256.0,0,0,0,1,0,0,1,0,0,0,1,0,1
46612,0033800002iFqMQAA0,0.0,0,9074.0,1890.0,0,0,0,1,0,1,0,0,0,0,0,1,0
46618,0033800002iFqUFAA0,0.0,90,4113.0,2513.0,1,0,0,0,0,0,1,0,0,0,0,1,0
46620,0033800002iFqVXAA0,0.0,20,2592.0,1461.0,0,1,0,0,0,0,0,0,0,1,1,0,1
46621,0033800002iFqVrAAK,0.0,0,0.0,7670.0,0,1,0,0,0,0,1,0,0,0,0,1,1
46629,0033800002iFqXsAAK,0.0,0,3166.0,3104.0,0,0,0,0,1,0,0,0,0,1,1,0,0
46631,0033800002iFqYbAAK,0.0,10,4983.0,1461.0,0,0,0,1,0,1,0,0,0,0,1,0,1
46633,0033800002iFqZAAA0,0.0,0,4923.0,1461.0,0,0,0,1,0,0,1,0,0,0,0,1,1
46636,0033800002iFqdHAAS,0.0,0,1619.0,1461.0,0,0,0,1,0,0,0,0,1,0,0,1,1
46640,0033800002iFqfhAAC,0.0,0,6761.0,2921.0,0,0,0,0,1,0,1,0,0,0,1,0,0
46641,0033800002iFqgGAAS,0.0,0,257.0,792.0,0,0,0,1,0,0,1,0,0,0,0,1,0
46642,0033800002iFqguAAC,0.0,0,0.0,7305.0,0,0,0,1,0,1,0,0,0,0,0,1,1
46643,0033800002iFqhPAAS,0.0,0,0.0,4169.0,0,0,0,1,0,0,0,0,0,1,0,1,1
46645,0033800002iFqj5AAC,0.0,0,1877.0,4911.0,0,0,0,1,0,0,0,0,0,1,0,1,1
46646,0033800002iFqjKAAS,0.0,0,1183.0,1826.0,0,1,0,0,0,0,0,0,0,1,0,1,1
46650,0033800002iFqnMAAS,0.0,0,730.0,2699.0,0,0,0,1,0,1,0,0,0,0,0,1,0
46651,0033800002iFqtoAAC,0.0,0,0.0,5667.0,0,1,0,0,0,0,1,0,0,0,0,1,0
46654,0033800002iFrVcAAK,0.0,50,5319.0,7365.0,0,0,0,0,1,0,0,0,0,1,1,0,1
46656,0033800002iFsQiAAK,0.0,100,4465.0,731.0,0,0,0,1,0,0,1,0,0,0,0,1,0
46661,0033800002iFsULAA0,0.0,0,6.0,7574.0,0,0,0,1,0,0,1,0,0,0,0,1,0
46669,0033800002iFsUUAA0,0.0,0,604.0,2309.0,0,1,0,0,0,0,0,0,0,1,0,1,1
46676,0033800002iFsVgAAK,0.0,80,177.0,11312.0,0,0,0,0,1,1,0,0,0,0,0,1,1
46690,0033800002iFtudAAC,0.0,90,0.0,3213.0,1,0,0,0,0,1,0,0,0,0,1,0,1
46691,0033800002iFtvbAAC,0.0,30,3939.0,1461.0,0,1,0,0,0,0,0,0,0,1,1,0,1
46692,0033800002iFtyfAAC,0.0,40,1349.0,675.0,0,1,0,0,0,0,1,0,0,0,1,0,0
46697,0033800002iFuNBAA0,0.0,0,0.0,6991.0,0,1,0,0,0,0,1,0,0,0,0,1,1
46699,0033800002iFuckAAC,0.0,0,0.0,7307.0,0,1,0,0,0,0,1,0,0,0,0,1,1
46700,0033800002iFurHAAS,0.0,0,4108.0,7317.0,0,0,0,0,1,0,1,0,0,0,0,1,0
46705,0033800002iFv5sAAC,0.0,0,0.0,1461.0,0,0,0,1,0,0,1,0,0,0,0,1,1
46708,0033800002iFvGjAAK,0.0,90,4890.0,2922.0,0,0,0,0,1,0,0,0,1,0,0,1,1
46717,0033800002iFvfWAAS,0.0,0,0.0,7641.0,0,0,0,1,0,0,1,0,0,0,0,1,0
46718,0033800002iFvg5AAC,0.0,0,0.0,10204.0,0,0,0,0,1,0,1,0,0,0,1,0,1
46719,0033800002iFvhSAAS,0.0,0,0.0,7764.0,0,0,0,1,0,0,1,0,0,0,0,1,1
46721,0033800002iFvjxAAC,0.0,0,945.0,1719.0,1,0,0,0,0,0,0,0,1,0,0,1,0
46725,0033800002iFvv5AAC,0.0,0,243.0,2067.0,0,1,0,0,0,0,0,0,0,1,1,0,0
46733,0033800002iFwbuAAC,0.0,0,0.0,7311.0,0,1,0,0,0,0,1,0,0,0,1,0,1
46736,0033800002iFwfhAAC,0.0,0,403.0,4076.0,1,0,0,0,0,0,1,0,0,0,0,1,0
46737,0033800002iFwgfAAC,0.0,0,0.0,2438.0,0,0,0,1,0,0,0,0,0,1,1,0,1
46738,0033800002iFwrTAAS,0.0,50,4596.0,5509.0,0,0,0,0,1,0,0,0,1,0,0,1,1
46739,0033800002iFx03AAC,0.0,50,3548.0,1461.0,0,1,0,0,0,0,1,0,0,0,1,0,0
46740,0033800002iFx3qAAC,0.0,0,2566.0,1461.0,0,1,0,0,0,0,0,0,1,0,0,1,1
46743,0033800002iFyQoAAK,0.0,0,0.0,7323.0,1,0,0,0,0,0,0,0,0,1,0,1,0
46745,0033800002iFylaAAC,0.0,0,0.0,7548.0,0,1,0,0,0,0,1,0,0,0,1,0,1
46746,0033800002iFylzAAC,0.0,0,0.0,7720.0,0,1,0,0,0,0,1,0,0,0,1,0,1
46757,0033800002iFzsQAAS,0.0,0,0.0,2804.0,0,1,0,0,0,0,1,0,0,0,0,1,1
46758,0033800002iG04CAAS,0.0,0,0.0,7321.0,0,1,0,0,0,1,0,0,0,0,0,1,0
46759,0033800002iG07KAAS,0.0,0,0.0,7890.0,0,1,0,0,0,0,1,0,0,0,1,0,0
46761,0033800002iG0GyAAK,0.0,0,0.0,2080.0,0,0,0,1,0,1,0,0,0,0,0,1,0
46762,0033800002iG0PgAAK,0.0,0,0.0,2398.0,0,0,0,1,0,0,1,0,0,0,0,1,0
46766,0033800002iG0kZAAS,0.0,0,0.0,10593.0,1,0,0,0,0,0,1,0,0,0,0,1,0
46767,0033800002iG0pZAAS,0.0,0,0.0,7316.0,1,0,0,0,0,1,0,0,0,0,0,1,1
46769,0033800002iG0xEAAS,0.0,0,10.0,6999.0,0,0,0,1,0,0,1,0,0,0,0,1,1
46771,0033800002iG12EAAS,0.0,0,0.0,1201.0,0,0,0,1,0,0,1,0,0,0,0,1,0
46772,0033800002iG14PAAS,0.0,0,0.0,3769.0,0,0,0,1,0,0,1,0,0,0,0,1,0
46774,0033800002iG1H4AAK,0.0,0,1334.0,3287.0,0,0,0,0,1,1,0,0,0,0,0,1,0
46776,0033800002iG1MXAA0,0.0,0,0.0,7973.0,0,0,0,1,0,0,1,0,0,0,0,1,1
46777,0033800002iG1OEAA0,0.0,100,637.0,7774.0,0,1,0,0,0,0,1,0,0,0,0,1,0
46778,0033800002iG1QoAAK,0.0,0,0.0,7327.0,0,0,0,1,0,0,1,0,0,0,0,1,1
46780,0033800002iG1Z7AAK,0.0,0,0.0,7326.0,0,0,0,0,1,1,0,0,0,0,0,1,1
46783,0033800002iG1nxAAC,0.0,0,0.0,8001.0,0,0,0,0,1,0,1,0,0,0,1,0,0
46790,0033800002iG2KQAA0,0.0,0,0.0,7356.0,0,0,0,1,0,0,1,0,0,0,0,1,1
46791,0033800002iG2OhAAK,0.0,0,0.0,8426.0,0,0,0,1,0,0,1,0,0,0,0,1,0
46794,0033800002iG2XtAAK,0.0,0,0.0,3904.0,0,0,0,1,0,0,0,0,0,1,1,0,0
46795,0033800002iG2rWAAS,0.0,0,2131.0,8585.0,0,0,0,0,1,0,1,0,0,0,0,1,0
46800,0033800002iG3BWAA0,0.0,0,0.0,9418.0,0,1,0,0,0,0,1,0,0,0,0,1,1
46804,0033800002iG3SEAA0,0.0,0,0.0,7321.0,0,1,0,0,0,0,1,0,0,0,0,1,1
46808,0033800002iG3gGAAS,0.0,0,0.0,8193.0,1,0,0,0,0,0,1,0,0,0,1,0,0
46810,0033800002iG3pXAAS,0.0,0,176.0,4105.0,0,0,0,1,0,0,1,0,0,0,0,1,1
46811,0033800002iG3sbAAC,0.0,0,0.0,5270.0,0,0,0,1,0,1,0,0,0,0,0,1,1
46813,0033800002iG3y0AAC,0.0,0,0.0,5187.0,1,0,0,0,0,0,1,0,0,0,0,1,0
46814,0033800002iG47qAAC,0.0,0,0.0,1791.0,0,0,0,1,0,0,1,0,0,0,0,1,1
46816,0033800002iG4LPAA0,0.0,0,1912.0,2191.0,0,1,0,0,0,0,0,0,0,1,0,1,1
46817,0033800002iG4OsAAK,0.0,0,0.0,1865.0,0,0,0,1,0,0,1,0,0,0,0,1,1
46818,0033800002iG4PbAAK,0.0,0,0.0,159.0,0,0,0,1,0,0,0,0,0,1,0,1,1
46819,0033800002iG4XkAAK,0.0,0,829.0,630.0,1,0,0,0,0,0,1,0,0,0,0,1,1
46824,0033800002iG4kxAAC,0.0,0,2946.0,4383.0,0,0,0,1,0,1,0,0,0,0,0,1,1
46825,0033800002iG4tKAAS,0.0,0,0.0,1848.0,0,1,0,0,0,0,1,0,0,0,0,1,1
46827,0033800002iG56QAAS,0.0,0,2493.0,2342.0,1,0,0,0,0,1,0,0,0,0,0,1,1
46828,0033800002iG5QGAA0,0.0,0,0.0,7654.0,0,0,0,0,1,1,0,0,0,0,0,1,1
46834,0033800002iG6pXAAS,0.0,0,0.0,7323.0,1,0,0,0,0,1,0,0,0,0,0,1,1
46835,0033800002iG75pAAC,0.0,0,0.0,7322.0,1,0,0,0,0,0,1,0,0,0,0,1,1
46837,0033800002iG7BpAAK,0.0,0,0.0,9883.0,0,1,0,0,0,0,1,0,0,0,0,1,1
46838,0033800002iG7G6AAK,0.0,0,0.0,7305.0,0,0,0,1,0,0,1,0,0,0,0,1,0
46839,0033800002iG7KIAA0,0.0,0,0.0,3514.0,0,0,0,0,1,0,1,0,0,0,0,1,1
46844,0033800002iG7ToAAK,0.0,0,0.0,7340.0,0,1,0,0,0,0,0,0,0,1,0,1,0
46845,0033800002iG7UDAA0,0.0,0,0.0,8912.0,0,1,0,0,0,0,1,0,0,0,0,1,1
46854,0033800002iG7pLAAS,0.0,0,0.0,7323.0,0,0,0,0,1,0,1,0,0,0,1,0,1
46855,0033800002iG7rRAAS,0.0,0,29.0,3506.0,0,0,0,1,0,0,1,0,0,0,0,1,1
46858,0033800002iG8EkAAK,0.0,0,0.0,3592.0,0,0,0,1,0,0,1,0,0,0,0,1,1
46860,0033800002iG8cLAAS,0.0,0,471.0,2190.0,0,1,0,0,0,0,0,0,0,1,1,0,0
46865,0033800002iG9A1AAK,0.0,0,0.0,7240.0,0,0,0,1,0,0,1,0,0,0,0,1,0
46869,0033800002iG9AjAAK,0.0,0,0.0,3287.0,0,1,0,0,0,0,1,0,0,0,0,1,1
46875,0033800002iGA3nAAG,0.0,0,0.0,8234.0,0,0,0,1,0,0,0,0,0,1,0,1,1
46877,0033800002iGAVOAA4,0.0,0,9191.0,1171.0,0,0,0,0,1,0,1,0,0,0,1,0,1
46879,0033800002iGB9hAAG,0.0,0,0.0,7305.0,0,0,0,0,1,0,1,0,0,0,0,1,1
46882,0033800002iGBCWAA4,0.0,0,0.0,8294.0,0,0,0,1,0,0,1,0,0,0,0,1,1
46885,0033800002iGBmTAAW,0.0,50,2158.0,3465.0,0,1,0,0,0,0,0,0,0,1,1,0,0
46886,0033800002iGBoPAAW,0.0,0,0.0,1279.0,0,0,0,1,0,0,1,0,0,0,0,1,0
46887,0033800002iGBq1AAG,0.0,0,0.0,4022.0,0,0,0,1,0,0,1,0,0,0,0,1,1
46888,0033800002iGCcAAAW,0.0,0,0.0,4203.0,0,1,0,0,0,0,1,0,0,0,0,1,1
46890,0033800002iGD2EAAW,0.0,0,219.0,490.0,0,0,0,0,1,0,1,0,0,0,0,1,0
46893,0033800002iGDTsAAO,0.0,0,0.0,10047.0,0,1,0,0,0,0,1,0,0,0,0,1,1
46895,0033800002iGDUqAAO,0.0,0,0.0,2663.0,0,1,0,0,0,0,1,0,0,0,0,1,1
46896,0033800002iGDXaAAO,0.0,0,0.0,1460.0,0,0,0,1,0,0,0,0,0,1,0,1,1
46897,0033800002iGDaFAAW,0.0,0,3754.0,1462.0,0,1,0,0,0,0,0,0,1,0,0,1,1
46900,0033800002iGEm7AAG,0.0,0,0.0,8084.0,0,0,0,0,1,0,1,0,0,0,0,1,1
46903,0033800002iGF0rAAG,1.0,0,0.0,3497.0,0,0,0,1,0,0,0,0,1,0,0,1,1
46904,0033800002iGF1pAAG,0.0,0,15.0,1816.0,0,0,0,1,0,0,0,0,1,0,1,0,0
46905,0033800002iGFBpAAO,0.0,70,3728.0,1954.0,0,1,0,0,0,0,1,0,0,0,0,1,1
46906,0033800002iGFDRAA4,0.0,0,1489.0,1803.0,0,0,0,1,0,0,0,0,1,0,0,1,1
46908,0033800002iGFJAAA4,0.0,0,1489.0,7310.0,0,1,0,0,0,0,0,0,0,1,0,1,1
46909,0033800002iGFLuAAO,0.0,0,5664.0,3653.0,0,1,0,0,0,1,0,0,0,0,1,0,0
46910,0033800002iGFNvAAO,0.0,0,0.0,9514.0,0,0,0,1,0,0,1,0,0,0,0,1,0
46911,0033800002iGFPXAA4,0.0,0,1384.0,2674.0,0,1,0,0,0,0,1,0,0,0,1,0,0
46913,0033800002iGFUNAA4,0.0,0,0.0,5011.0,0,0,0,1,0,0,1,0,0,0,0,1,0
46915,0033800002iGFhaAAG,0.0,0,0.0,2369.0,0,0,0,0,1,0,1,0,0,0,0,1,0
46917,0033800002iGGO4AAO,0.0,0,0.0,1367.0,0,1,0,0,0,0,1,0,0,0,0,1,1
46920,0033800002iGHrSAAW,0.0,0,0.0,7370.0,0,0,0,0,1,0,1,0,0,0,0,1,1
46925,0033800002iGHvjAAG,0.0,0,0.0,8333.0,1,0,0,0,0,0,1,0,0,0,0,1,1
46927,0033800002iGHynAAG,0.0,0,0.0,9850.0,0,1,0,0,0,0,0,0,0,1,0,1,1
46928,0033800002iGI3JAAW,0.0,0,26.0,7305.0,1,0,0,0,0,0,0,0,0,1,0,1,0
46929,0033800002iGI4RAAW,0.0,0,0.0,2557.0,0,0,0,1,0,0,0,0,1,0,0,1,0
46930,0033800002iGI6wAAG,0.0,0,50.0,2525.0,1,0,0,0,0,1,0,0,0,0,0,1,1
46931,0033800002iGI76AAG,0.0,0,0.0,3751.0,0,0,0,1,0,1,0,0,0,0,0,1,1
46939,0033800002iGIijAAG,0.0,90,4372.0,8231.0,0,0,0,0,1,0,0,0,0,1,0,1,1
46940,0033800002iGImgAAG,0.0,0,0.0,7309.0,0,0,0,1,0,0,1,0,0,0,0,1,0
46945,0033800002iGJ8oAAG,0.0,40,4244.0,8428.0,0,0,0,0,1,0,0,0,1,0,0,1,0
46946,0033800002iGJBTAA4,0.0,0,0.0,7331.0,0,0,0,1,0,0,1,0,0,0,0,1,1
46948,0033800002iGJNPAA4,0.0,0,0.0,1243.0,0,0,0,0,1,1,0,0,0,0,1,0,1
46949,0033800002iGJONAA4,0.0,0,0.0,7313.0,0,0,0,1,0,1,0,0,0,0,0,1,0
46950,0033800002iGJOwAAO,0.0,90,0.0,5448.0,1,0,0,0,0,1,0,0,0,0,0,1,1
46952,0033800002iGJU1AAO,0.0,0,0.0,7307.0,1,0,0,0,0,0,0,0,0,1,0,1,1
46954,0033800002iGJheAAG,0.0,0,0.0,2190.0,1,0,0,0,0,1,0,0,0,0,0,1,0
46956,0033800002iGJnhAAG,0.0,0,5524.0,1236.0,0,0,0,0,1,0,1,0,0,0,0,1,0
46961,0033800002iGKBtAAO,0.0,0,0.0,3764.0,1,0,0,0,0,1,0,0,0,0,0,1,1
46962,0033800002iGKByAAO,0.0,0,57.0,2416.0,0,1,0,0,0,0,1,0,0,0,1,0,1
46963,0033800002iGKGPAA4,0.0,0,3646.0,2402.0,0,1,0,0,0,0,1,0,0,0,0,1,1
46965,0033800002iGKR7AAO,0.0,0,0.0,5874.0,1,0,0,0,0,0,1,0,0,0,0,1,1
46968,0033800002iGL1LAAW,0.0,0,0.0,7313.0,0,0,0,0,1,0,1,0,0,0,0,1,1
46969,0033800002iGL3gAAG,0.0,0,0.0,10025.0,1,0,0,0,0,0,1,0,0,0,0,1,1
46974,0033800002iGLLFAA4,0.0,0,4462.0,1460.0,0,0,0,1,0,1,0,0,0,0,1,0,1
46981,0033800002iGM3HAAW,0.0,100,1248.0,1735.0,0,1,0,0,0,0,1,0,0,0,0,1,0
46982,0033800002iGMDqAAO,0.0,0,0.0,11035.0,0,0,0,1,0,0,0,0,0,1,0,1,1
46984,0033800002iGMOtAAO,0.0,0,0.0,7318.0,0,0,0,1,0,0,0,0,1,0,0,1,1
46986,0033800002iGMhHAAW,0.0,100,622.0,2051.0,0,0,0,1,0,0,1,0,0,0,1,0,1
46990,0033800002iGMzGAAW,0.0,0,0.0,7807.0,0,1,0,0,0,1,0,0,0,0,0,1,1
46991,0033800002iGN2eAAG,0.0,0,0.0,3663.0,0,0,0,0,1,0,1,0,0,0,0,1,1
46992,0033800002iGN4gAAG,0.0,60,15.0,2419.0,0,0,0,1,0,0,1,0,0,0,0,1,1
46994,0033800002iGNh9AAG,0.0,0,0.0,1774.0,0,0,0,1,0,0,1,0,0,0,0,1,0
46996,0033800002iGNvLAAW,0.0,100,1276.0,3055.0,0,1,0,0,0,0,0,0,1,0,0,1,1
46999,0033800002iGPR0AAO,0.0,0,0.0,10612.0,0,1,0,0,0,0,1,0,0,0,0,1,0
47003,0033800002iGPurAAG,0.0,0,0.0,7209.0,1,0,0,0,0,0,0,1,0,0,0,1,1
47006,0033800002iGQGJAA4,0.0,0,0.0,7468.0,0,0,0,1,0,0,0,0,0,1,0,1,1
47009,0033800002iGQgOAAW,0.0,30,1833.0,2959.0,0,0,0,0,1,0,1,0,0,0,1,0,1
47010,0033800002iGQkvAAG,0.0,0,0.0,1704.0,0,1,0,0,0,0,1,0,0,0,0,1,1
47012,0033800002iGQwHAAW,0.0,100,0.0,5979.0,0,0,0,1,0,0,1,0,0,0,0,1,1
47015,0033800002iGREpAAO,0.0,0,0.0,5084.0,0,0,0,1,0,0,1,0,0,0,0,1,1
47018,0033800002iGRRAAA4,0.0,100,820.0,11129.0,0,1,0,0,0,0,1,0,0,0,1,0,1
47020,0033800002iGRTzAAO,0.0,0,57.0,11285.0,0,1,0,0,0,0,1,0,0,0,0,1,1
47021,0033800002iGRWUAA4,0.0,0,0.0,3084.0,0,0,0,0,1,0,1,0,0,0,1,0,1
47022,0033800002iGRbiAAG,0.0,0,0.0,3859.0,0,0,0,1,0,0,1,0,0,0,0,1,1
47024,0033800002iGS6DAAW,0.0,0,0.0,5014.0,0,0,0,1,0,0,1,0,0,0,0,1,0
47025,0033800002iGS8TAAW,0.0,0,0.0,2921.0,1,0,0,0,0,1,0,0,0,0,0,1,1
47026,0033800002iGS8xAAG,0.0,0,0.0,5816.0,0,0,0,1,0,0,1,0,0,0,0,1,1
47028,0033800002iGSFPAA4,0.0,0,0.0,9403.0,1,0,0,0,0,0,1,0,0,0,0,1,0
47029,0033800002iGSWLAA4,0.0,0,0.0,9297.0,0,0,0,1,0,0,0,0,1,0,0,1,1
47031,0033800002iGSdoAAG,0.0,0,0.0,8451.0,0,0,0,1,0,0,1,0,0,0,0,1,1
47032,0033800002iGSqrAAG,0.0,0,2022.0,2922.0,0,1,0,0,0,0,1,0,0,0,0,1,1
47033,0033800002iGT5JAAW,0.0,0,0.0,1095.0,0,0,0,1,0,0,1,0,0,0,0,1,0
47034,0033800002iGT88AAG,0.0,0,1543.0,3139.0,0,1,0,0,0,0,1,0,0,0,0,1,0
47035,0033800002iGTBHAA4,0.0,0,0.0,10974.0,0,0,0,0,1,0,0,0,0,1,0,1,1
47036,0033800002iGTN3AAO,0.0,0,0.0,2513.0,0,0,0,0,1,0,1,0,0,0,0,1,1
47037,0033800002iGTPsAAO,0.0,0,2545.0,1339.0,0,1,0,0,0,0,0,0,0,1,1,0,1
47040,0033800002iGTjoAAG,0.0,0,1092.0,3651.0,0,1,0,0,0,0,1,0,0,0,1,0,1
47041,0033800002iGU0bAAG,0.0,20,224.0,1491.0,0,0,0,1,0,0,0,0,1,0,0,1,0
47046,0033800002iGUoaAAG,0.0,0,0.0,7007.0,0,1,0,0,0,0,0,0,1,0,0,1,1
47047,0033800002iGUozAAG,0.0,0,5940.0,1096.0,0,0,0,1,0,0,0,0,1,0,0,1,0
47048,0033800002iGUscAAG,0.0,0,0.0,6454.0,0,0,0,0,1,0,1,0,0,0,0,1,0
47049,0033800002iGUtLAAW,0.0,0,0.0,2245.0,0,1,0,0,0,0,1,0,0,0,0,1,1
47051,0033800002iGUvVAAW,0.0,0,2610.0,1720.0,1,0,0,0,0,0,0,0,0,1,1,0,0
47052,0033800002iGUyAAAW,0.0,0,282.0,4167.0,0,0,0,0,1,0,1,0,0,0,0,1,1
47053,0033800002iGUzmAAG,0.0,0,0.0,2321.0,0,0,0,1,0,1,0,0,0,0,0,1,1
47056,0033800002iGVoaAAG,0.0,0,0.0,3249.0,0,0,0,1,0,0,1,0,0,0,0,1,0
47057,0033800002iGW7eAAG,0.0,70,1114.0,2112.0,0,0,0,1,0,0,1,0,0,0,1,0,0
47058,0033800002iGWCyAAO,0.0,0,553.0,3032.0,0,0,0,1,0,0,1,0,0,0,0,1,1
47059,0033800002iGWEpAAO,0.0,40,6132.0,7251.0,0,0,0,1,0,0,1,0,0,0,1,0,1
47063,0033800002iGWSrAAO,0.0,0,0.0,3187.0,0,0,0,1,0,0,1,0,0,0,0,1,1
47064,0033800002iGWSwAAO,0.0,0,0.0,1825.0,0,0,0,1,0,0,0,0,0,1,0,1,0
47072,0033800002iGXF2AAO,0.0,0,0.0,11054.0,0,0,0,0,1,0,1,0,0,0,0,1,1
47075,0033800002iGXYYAA4,0.0,0,0.0,2245.0,1,0,0,0,0,0,1,0,0,0,0,1,1
47077,0033800002iGXbbAAG,0.0,0,3852.0,7524.0,0,0,0,0,1,1,0,0,0,0,1,0,1
47080,0033800002jDJS5AAO,0.0,0,37.0,1461.0,0,0,0,1,0,0,1,0,0,0,0,1,0
47084,0033800002jDJXPAA4,0.0,0,57.0,1274.0,0,0,0,1,0,0,1,0,0,0,0,1,1
47085,0033800002jDJZVAA4,0.0,90,993.0,4830.0,0,0,0,1,0,0,1,0,0,0,0,1,1
47086,0033800002jDJZkAAO,0.0,0,57.0,3653.0,0,0,0,0,1,0,0,0,1,0,0,1,1
47091,0033800002jDKNNAA4,3.0,0,0.0,7467.0,0,0,0,0,1,1,0,0,0,0,1,0,0
47100,0033800002jDLF5AAO,0.0,0,0.0,8340.0,0,1,0,0,0,0,1,0,0,0,0,1,0
47106,0033800002jDLZBAA4,0.0,0,0.0,13396.0,0,0,0,1,0,0,0,0,0,1,0,1,1
47108,0033800002jDLpGAAW,0.0,0,0.0,9502.0,0,1,0,0,0,1,0,0,0,0,0,1,0
47115,0033800002jDMI9AAO,0.0,0,425.0,12037.0,1,0,0,0,0,1,0,0,0,0,0,1,1
47117,0033800002jDMIBAA4,0.0,0,1460.0,3195.0,1,0,0,0,0,1,0,0,0,0,1,0,1
47128,0033800002jDMINAA4,0.0,0,758.0,9892.0,0,0,0,0,1,0,1,0,0,0,0,1,1
47132,0033800002jDMIgAAO,0.0,50,8223.0,6630.0,0,0,0,0,1,1,0,0,0,0,0,1,1
47133,0033800002jDMSHAA4,0.0,0,20.0,2191.0,0,0,0,1,0,1,0,0,0,0,0,1,1
47134,0033800002jDMSRAA4,0.0,20,95.0,10621.0,0,1,0,0,0,0,1,0,0,0,0,1,1
47135,0033800002jDMgtAAG,0.0,0,0.0,10613.0,0,1,0,0,0,0,1,0,0,0,0,1,0
47136,0033800002jDN68AAG,0.0,0,0.0,9342.0,0,0,0,1,0,0,0,0,0,1,0,1,1
47137,0033800002jDNAPAA4,0.0,0,0.0,8357.0,0,1,0,0,0,0,1,0,0,0,1,0,1
47138,0033800002jDNBIAA4,3.0,0,0.0,1263.0,0,0,0,1,0,0,1,0,0,0,0,1,0
47140,0033800002jDNDnAAO,0.0,60,1395.0,5436.0,0,0,0,1,0,0,1,0,0,0,0,1,0
47142,0033800002jDNHaAAO,0.0,70,0.0,7327.0,0,0,0,1,0,0,0,0,0,1,0,1,1
47143,0033800002jDNI4AAO,0.0,0,3405.0,1614.0,0,1,0,0,0,1,0,0,0,0,0,1,1
47145,0033800002jDNVSAA4,0.0,0,0.0,1638.0,0,1,0,0,0,0,1,0,0,0,0,1,0
47148,0033800002jDNhEAAW,0.0,0,1288.0,6391.0,1,0,0,0,0,0,0,0,0,1,1,0,0
47149,0033800002jDNjFAAW,0.0,0,0.0,7332.0,1,0,0,0,0,1,0,0,0,0,0,1,1
47152,0033800002jDNpbAAG,0.0,0,0.0,10037.0,0,0,0,1,0,0,0,0,0,1,0,1,1
47153,0033800002jDNsLAAW,0.0,0,1081.0,2128.0,0,1,0,0,0,0,0,0,1,0,0,1,1
47155,0033800002jDOAeAAO,0.0,0,0.0,7309.0,0,0,0,1,0,0,0,0,1,0,0,1,1
47156,0033800002jDOC1AAO,0.0,0,7.0,8169.0,0,0,0,0,1,0,1,0,0,0,0,1,1
47162,0033800002jDOZYAA4,0.0,0,0.0,7309.0,0,0,0,1,0,0,1,0,0,0,0,1,0
47164,0033800002jDOexAAG,0.0,0,0.0,4758.0,0,0,0,0,1,0,1,0,0,0,0,1,0
47165,0033800002jDOfCAAW,0.0,0,0.0,7385.0,0,1,0,0,0,0,1,0,0,0,1,0,1
47166,0033800002jDOnGAAW,0.0,0,978.0,1460.0,0,0,0,1,0,0,0,0,0,1,0,1,1
47167,0033800002jDOszAAG,0.0,0,0.0,3993.0,0,1,0,0,0,0,0,0,0,1,0,1,0
47169,0033800002jDP7DAAW,0.0,80,1159.0,1178.0,1,0,0,0,0,0,1,0,0,0,0,1,1
47171,0033800002jDP9rAAG,0.0,0,0.0,2069.0,0,0,0,1,0,0,0,0,1,0,0,1,1
47172,0033800002jDPB9AAO,0.0,0,19.0,1316.0,0,0,0,1,0,0,0,0,0,1,0,1,1
47174,0033800002jDPKLAA4,0.0,0,13734.0,791.0,1,0,0,0,0,0,1,0,0,0,0,1,1
47175,0033800002jDPNFAA4,0.0,0,0.0,5604.0,0,0,0,1,0,0,0,0,0,1,1,0,0
47176,0033800002jDPR2AAO,0.0,0,0.0,5750.0,0,1,0,0,0,0,0,1,0,0,0,1,0
47178,0033800002jDPa4AAG,0.0,0,64.0,9875.0,0,0,0,0,1,0,0,0,0,1,0,1,1
47179,0033800002jDPeQAAW,0.0,0,0.0,7357.0,0,1,0,0,0,1,0,0,0,0,1,0,1
47182,0033800002jDPoaAAG,0.0,0,0.0,9238.0,1,0,0,0,0,0,1,0,0,0,0,1,0
47185,0033800002jDPxKAAW,0.0,0,1511.0,1233.0,0,1,0,0,0,0,1,0,0,0,0,1,1
47187,0033800002jDQEAAA4,0.0,0,2532.0,7358.0,0,1,0,0,0,0,1,0,0,0,0,1,0
47188,0033800002jDQZdAAO,0.0,0,0.0,208.0,0,0,0,1,0,0,0,0,0,1,1,0,0
47190,0033800002jDRAFAA4,0.0,0,0.0,9742.0,0,0,0,0,1,1,0,0,0,0,0,1,1
47194,0033800002jDRWcAAO,0.0,0,0.0,7802.0,0,0,0,1,0,0,0,1,0,0,0,1,1
47197,0033800002jDS8RAAW,0.0,0,0.0,8774.0,1,0,0,0,0,1,0,0,0,0,1,0,1
47200,0033800002jDSQzAAO,0.0,30,532.0,2225.0,0,0,0,0,1,0,1,0,0,0,0,1,1
47202,0033800002jDStJAAW,0.0,0,0.0,7902.0,1,0,0,0,0,0,1,0,0,0,0,1,0
47207,0033800002jDTR1AAO,0.0,0,0.0,5386.0,0,0,0,1,0,0,1,0,0,0,0,1,0
47208,0033800002jDTTCAA4,0.0,0,158.0,11049.0,0,0,0,1,0,1,0,0,0,0,0,1,0
47212,0033800002jDTh3AAG,0.0,60,3265.0,2708.0,0,1,0,0,0,0,1,0,0,0,0,1,1
47218,0033800002jDTo2AAG,0.0,0,0.0,2638.0,0,0,0,1,0,0,1,0,0,0,1,0,1
47219,0033800002jDTyqAAG,0.0,0,0.0,2191.0,0,0,0,1,0,1,0,0,0,0,1,0,0
47221,0033800002jDUFcAAO,0.0,0,0.0,9827.0,0,0,0,1,0,0,1,0,0,0,0,1,1
47223,0033800002jDUIqAAO,0.0,0,0.0,1460.0,1,0,0,0,0,0,1,0,0,0,0,1,1
47224,0033800002jDUJtAAO,0.0,0,0.0,3935.0,0,1,0,0,0,0,1,0,0,0,0,1,1
47225,0033800002jDUNRAA4,0.0,0,0.0,7320.0,1,0,0,0,0,1,0,0,0,0,0,1,1
47226,0033800002jDUO5AAO,0.0,70,1453.0,2177.0,1,0,0,0,0,0,1,0,0,0,0,1,1
47227,0033800002jDURiAAO,0.0,40,2405.0,3650.0,0,1,0,0,0,0,1,0,0,0,0,1,1
47228,0033800002jDUWdAAO,0.0,30,0.0,7306.0,0,0,0,1,0,0,1,0,0,0,0,1,1
47230,0033800002jDUkhAAG,0.0,0,0.0,1461.0,0,0,0,1,0,0,1,0,0,0,0,1,0
47231,0033800002jDUotAAG,0.0,0,0.0,7305.0,0,0,0,0,1,0,1,0,0,0,0,1,1
47232,0033800002jDUp8AAG,0.0,0,0.0,7727.0,0,0,0,1,0,0,1,0,0,0,0,1,1
47233,0033800002jDV2lAAG,0.0,0,56.0,7527.0,0,1,0,0,0,0,0,0,0,1,0,1,1
47234,0033800002jDV5ZAAW,0.0,0,0.0,1829.0,0,1,0,0,0,0,1,0,0,0,0,1,1
47236,0033800002jDVDTAA4,0.0,0,6568.0,3022.0,0,1,0,0,0,0,0,0,0,1,0,1,0
47237,0033800002jDVFMAA4,0.0,0,0.0,9881.0,1,0,0,0,0,0,1,0,0,0,0,1,1
47240,0033800002jDVc1AAG,0.0,0,0.0,8424.0,0,1,0,0,0,0,1,0,0,0,0,1,1
47242,0033800002jDVnpAAG,0.0,80,109.0,478.0,0,0,0,0,1,0,1,0,0,0,1,0,1
47243,0033800002jDVoEAAW,0.0,0,0.0,7341.0,0,1,0,0,0,0,0,0,0,1,0,1,0
47245,0033800002jDVzvAAG,0.0,20,931.0,3311.0,0,1,0,0,0,1,0,0,0,0,0,1,1
47246,0033800002jDW6DAAW,0.0,0,0.0,11006.0,0,0,0,0,1,0,0,0,0,1,0,1,1
47247,0033800002jDWBwAAO,0.0,20,2228.0,2922.0,0,0,0,1,0,0,0,0,0,1,0,1,0
47248,0033800002jDWC1AAO,0.0,40,5423.0,7316.0,0,1,0,0,0,0,1,0,0,0,0,1,0
47249,0033800002jDWDsAAO,0.0,0,0.0,7789.0,0,1,0,0,0,1,0,0,0,0,0,1,1
47253,0033800002jDWTbAAO,0.0,80,0.0,6591.0,0,0,0,1,0,1,0,0,0,0,0,1,1
47255,0033800002jDWXOAA4,0.0,50,3689.0,7537.0,0,1,0,0,0,0,1,0,0,0,0,1,1
47256,0033800002jDWYWAA4,0.0,0,0.0,8810.0,0,0,0,0,1,0,0,0,0,1,0,1,0
47257,0033800002jDWYlAAO,0.0,0,0.0,7300.0,1,0,0,0,0,0,1,0,0,0,0,1,1
47258,0033800002jDWg6AAG,2.0,100,0.0,7322.0,0,0,0,1,0,0,1,0,0,0,0,1,1
47266,0033800002jDYbAAAW,0.0,0,0.0,8769.0,1,0,0,0,0,1,0,0,0,0,0,1,1
47267,0033800002jDZ5bAAG,0.0,0,0.0,7320.0,0,1,0,0,0,1,0,0,0,0,0,1,1
47268,0033800002jDZCcAAO,0.0,0,0.0,2192.0,0,0,0,1,0,0,0,0,0,1,0,1,0
47270,0033800002jDZD1AAO,0.0,0,0.0,7664.0,0,0,0,1,0,0,1,0,0,0,0,1,0
47272,0033800002jDZFWAA4,0.0,0,0.0,4382.0,1,0,0,0,0,0,1,0,0,0,0,1,1
47273,0033800002jDZG5AAO,0.0,0,0.0,8377.0,0,0,0,1,0,0,0,0,0,1,0,1,1
47274,0033800002jDZGoAAO,0.0,0,0.0,7767.0,0,0,0,1,0,0,1,0,0,0,0,1,1
47279,0033800002jDa9sAAC,0.0,0,0.0,7698.0,0,0,0,1,0,0,0,0,1,0,0,1,1
47280,0033800002jDaB0AAK,0.0,0,0.0,2553.0,0,0,0,1,0,0,0,0,0,1,0,1,0
47281,0033800002jDaJ9AAK,0.0,0,0.0,2197.0,0,0,0,0,1,0,1,0,0,0,1,0,1
47282,0033800002jDaMDAA0,0.0,80,2765.0,3979.0,0,0,0,1,0,1,0,0,0,0,0,1,1
47284,0033800002jDasxAAC,0.0,0,0.0,1460.0,0,0,0,1,0,0,0,0,1,0,0,1,1
47285,0033800002jDattAAC,0.0,0,0.0,93.0,0,0,0,1,0,0,0,0,1,0,0,1,0
47288,0033800002jDbJNAA0,0.0,0,3641.0,968.0,0,0,0,1,0,0,0,0,1,0,0,1,0
47289,0033800002jDbM7AAK,0.0,0,0.0,1826.0,0,0,0,1,0,0,0,0,0,1,0,1,0
47292,0033800002jDbbbAAC,0.0,90,2735.0,4818.0,1,0,0,0,0,1,0,0,0,0,0,1,1
47294,0033800002jDbf2AAC,0.0,0,0.0,6210.0,0,0,0,1,0,0,1,0,0,0,0,1,1
47295,0033800002jDbgPAAS,0.0,0,0.0,7369.0,0,1,0,0,0,0,1,0,0,0,0,1,1
47296,0033800002jDbtFAAS,0.0,0,0.0,8897.0,0,0,0,0,1,0,0,0,0,1,0,1,1
47297,0033800002jDbvuAAC,0.0,0,0.0,6085.0,0,0,0,1,0,0,1,0,0,0,0,1,1
47298,0033800002jDbyAAAS,0.0,0,0.0,7407.0,1,0,0,0,0,0,1,0,0,0,0,1,1
47300,0033800002jDc0zAAC,0.0,0,0.0,2960.0,0,0,0,1,0,0,0,0,1,0,0,1,1
47301,0033800002jDc1nAAC,0.0,90,1651.0,8126.0,0,0,0,0,1,0,1,0,0,0,0,1,0
47307,0033800002jDcEuAAK,0.0,0,0.0,5043.0,1,0,0,0,0,0,1,0,0,0,0,1,0
47309,0033800002jDcLWAA0,0.0,0,1817.0,1060.0,1,0,0,0,0,0,0,0,0,1,0,1,0
47310,0033800002jDcaDAAS,0.0,0,0.0,7330.0,0,0,0,1,0,0,1,0,0,0,0,1,0
47312,0033800002jDcmEAAS,0.0,100,0.0,1112.0,0,0,0,1,0,1,0,0,0,0,0,1,1
47317,0033800002jDczIAAS,0.0,0,0.0,5138.0,0,0,0,1,0,0,1,0,0,0,0,1,1
47321,0033800002jDdC3AAK,0.0,0,0.0,2007.0,1,0,0,0,0,0,0,0,1,0,0,1,1
47323,0033800002jDdWWAA0,0.0,100,2385.0,3692.0,0,0,1,0,0,1,0,0,0,0,0,1,0
47327,0033800002jDdf4AAC,0.0,0,0.0,7628.0,0,0,0,0,1,1,0,0,0,0,0,1,0
47328,0033800002jDdnEAAS,0.0,0,5309.0,2648.0,0,0,0,0,1,1,0,0,0,0,0,1,1
47329,0033800002jDdnhAAC,0.0,0,0.0,7223.0,0,1,0,0,0,1,0,0,0,0,0,1,1
47330,0033800002jDdniAAC,0.0,0,0.0,8786.0,0,1,0,0,0,1,0,0,0,0,0,1,1
47331,0033800002jDdvWAAS,0.0,0,0.0,1592.0,0,0,0,1,0,0,1,0,0,0,0,1,1
47333,0033800002jDdvvAAC,0.0,0,0.0,4505.0,0,0,0,1,0,0,1,0,0,0,1,0,0
47336,0033800002jDdwoAAC,0.0,90,1818.0,1115.0,1,0,0,0,0,0,0,0,0,1,0,1,1
47338,0033800002jDeAvAAK,0.0,0,0.0,1819.0,0,0,0,1,0,0,0,0,0,1,0,1,0
47340,0033800002jDeKAAA0,0.0,0,90.0,4337.0,0,0,0,0,1,0,1,0,0,0,0,1,1
47342,0033800002jDfjxAAC,0.0,0,0.0,1461.0,0,0,0,1,0,0,0,0,0,1,0,1,0
47345,0033800002jDgJzAAK,0.0,0,0.0,7314.0,0,0,0,1,0,0,1,0,0,0,0,1,1
47346,0033800002jDgMFAA0,0.0,0,0.0,1163.0,0,0,0,1,0,0,1,0,0,0,0,1,1
47347,0033800002jDgOuAAK,0.0,0,0.0,2578.0,0,0,0,1,0,0,1,0,0,0,1,0,0
47350,0033800002jDgUYAA0,0.0,0,0.0,1004.0,0,1,0,0,0,0,0,0,0,1,0,1,1
47353,0033800002jDgVbAAK,0.0,0,0.0,3226.0,0,0,0,1,0,0,0,0,0,1,0,1,0
47354,0033800002jDgVvAAK,0.0,0,0.0,2930.0,0,0,0,1,0,0,0,0,1,0,0,1,0
47355,0033800002jDgWAAA0,0.0,0,0.0,1012.0,0,1,0,0,0,0,0,1,0,0,1,0,0
47356,0033800002jDgWZAA0,0.0,0,0.0,1825.0,0,0,0,1,0,0,0,0,0,1,0,1,1
47357,0033800002jDgXcAAK,0.0,0,0.0,2395.0,0,0,0,1,0,0,0,0,0,1,0,1,0
47358,0033800002jDgfrAAC,0.0,0,0.0,8147.0,0,0,0,1,0,0,1,0,0,0,1,0,0
47359,0033800002jDggPAAS,0.0,10,9155.0,2235.0,0,0,0,1,0,0,1,0,0,0,1,0,1
47360,0033800002jDgizAAC,0.0,0,10895.0,1012.0,0,0,0,1,0,0,1,0,0,0,0,1,0
47366,0033800002jDhKVAA0,0.0,0,0.0,9151.0,0,1,0,0,0,0,1,0,0,0,0,1,1
47367,0033800002jDhS0AAK,0.0,0,0.0,7566.0,0,0,0,1,0,0,1,0,0,0,0,1,0
47369,0033800002jDhhtAAC,0.0,0,0.0,9601.0,0,0,0,0,1,0,1,0,0,0,0,1,0
47371,0033800002jDhinAAC,0.0,0,0.0,4792.0,0,0,0,0,1,0,1,0,0,0,0,1,0
47372,0033800002jDhjuAAC,0.0,0,35.0,9498.0,0,1,0,0,0,1,0,0,0,0,1,0,1
47380,0033800002jDhroAAC,0.0,0,0.0,8950.0,0,1,0,0,0,0,1,0,0,0,0,1,1
47383,0033800002jDhvbAAC,0.0,70,373.0,854.0,0,1,0,0,0,1,0,0,0,0,0,1,1
47385,0033800002jDhzyAAC,0.0,40,0.0,13035.0,0,0,0,0,1,0,1,0,0,0,0,1,1
47386,0033800002jDi2XAAS,0.0,0,0.0,9319.0,0,1,0,0,0,1,0,0,0,0,1,0,1
47389,0033800002jDi6eAAC,0.0,0,0.0,9305.0,0,1,0,0,0,0,1,0,0,0,0,1,1
47390,0033800002jDiEsAAK,0.0,0,0.0,2941.0,0,1,0,0,0,1,0,0,0,0,0,1,1
47391,0033800002jDiIIAA0,0.0,0,0.0,7315.0,0,0,0,1,0,1,0,0,0,0,0,1,1
47393,0033800002jDiYGAA0,0.0,0,0.0,7312.0,0,0,0,1,0,0,1,0,0,0,0,1,1
47396,0033800002jDir7AAC,0.0,30,3963.0,2232.0,1,0,0,0,0,0,1,0,0,0,1,0,1
47397,0033800002jDiuBAAS,0.0,0,0.0,7329.0,1,0,0,0,0,0,1,0,0,0,0,1,0
47398,0033800002jDiz1AAC,0.0,0,0.0,10975.0,0,1,0,0,0,0,1,0,0,0,0,1,1
47400,0033800002jDj6PAAS,0.0,50,189.0,9527.0,0,1,0,0,0,1,0,0,0,0,1,0,1
47401,0033800002jDjETAA0,0.0,0,1655.0,11214.0,0,0,0,0,1,0,0,0,1,0,0,1,0
47403,0033800002jDjHNAA0,0.0,80,7657.0,674.0,0,0,0,0,1,0,0,0,1,0,1,0,0
47404,0033800002jDjHwAAK,0.0,0,0.0,8759.0,0,1,0,0,0,1,0,0,0,0,0,1,0
47405,0033800002jDjJZAA0,0.0,0,0.0,1795.0,0,0,0,1,0,0,1,0,0,0,0,1,0
47406,0033800002jDjMSAA0,0.0,0,23.0,1722.0,0,1,0,0,0,0,1,0,0,0,0,1,1
47409,0033800002jDk37AAC,0.0,0,6093.0,7412.0,1,0,0,0,0,0,0,0,0,1,0,1,0
47415,0033800002jDkSWAA0,0.0,0,0.0,8201.0,0,0,0,0,1,0,1,0,0,0,0,1,1
47416,0033800002jDkSqAAK,0.0,0,0.0,3090.0,0,0,0,1,0,0,0,0,1,0,0,1,1
47417,0033800002jDkXvAAK,0.0,80,1573.0,1460.0,0,0,0,1,0,0,1,0,0,0,0,1,0
47418,0033800002jDkbxAAC,0.0,0,38.0,8460.0,0,1,0,0,0,1,0,0,0,0,1,0,1
47419,0033800002jDkmCAAS,0.0,0,0.0,3249.0,0,0,0,1,0,0,0,0,0,1,0,1,1
47421,0033800002jDl0JAAS,0.0,0,0.0,9166.0,0,0,0,0,1,1,0,0,0,0,0,1,1
47422,0033800002jDl5EAAS,0.0,0,0.0,3185.0,0,0,0,0,1,0,0,0,1,0,0,1,1
47423,0033800002jDl5iAAC,0.0,0,0.0,3438.0,0,1,0,0,0,0,0,0,0,1,1,0,1
47426,0033800002jDlBMAA0,0.0,0,0.0,3749.0,0,1,0,0,0,0,1,0,0,0,0,1,1
47431,0033800002jDlOcAAK,0.0,0,0.0,5114.0,0,0,0,1,0,0,0,0,0,1,1,0,0
47434,0033800002jDlhyAAC,0.0,0,0.0,9509.0,0,0,0,0,1,0,1,0,0,0,0,1,1
47436,0033800002jDmuKAAS,0.0,0,1470.0,2977.0,1,0,0,0,0,1,0,0,0,0,0,1,1
47437,0033800002jDmwaAAC,0.0,0,33.0,3684.0,0,1,0,0,0,0,0,0,1,0,0,1,1
47439,0033800002jDn3XAAS,0.0,0,2438.0,3361.0,0,1,0,0,0,1,0,0,0,0,0,1,1
47440,0033800002jDn3YAAS,0.0,0,3144.0,534.0,1,0,0,0,0,0,0,0,1,0,0,1,0
47442,0033800002jDn3aAAC,0.0,0,7065.0,1492.0,1,0,0,0,0,0,0,0,1,0,0,1,0
47443,0033800002jDn3bAAC,0.0,90,1525.0,4018.0,0,0,0,1,0,0,0,0,1,0,1,0,1
47446,0033800002jDn3eAAC,0.0,80,1495.0,1177.0,1,0,0,0,0,0,1,0,0,0,0,1,1
47449,0033800002jDnHYAA0,0.0,0,0.0,6366.0,1,0,0,0,0,0,1,0,0,0,0,1,1
47450,0033800002jDnJAAA0,0.0,0,0.0,7599.0,0,1,0,0,0,0,1,0,0,0,0,1,1
47452,0033800002jDnQsAAK,0.0,0,14075.0,986.0,0,0,0,0,1,1,0,0,0,0,0,1,1
47453,0033800002jDnT3AAK,0.0,0,0.0,5905.0,0,0,0,0,1,0,0,1,0,0,1,0,0
47454,0033800002jDnUzAAK,0.0,0,0.0,7765.0,0,1,0,0,0,0,1,0,0,0,0,1,1
47459,0033800002jDnqSAAS,0.0,0,1200.0,4534.0,0,1,0,0,0,0,1,0,0,0,0,1,1
47460,0033800002jDnySAAS,0.0,0,0.0,2922.0,1,0,0,0,0,1,0,0,0,0,1,0,0
47461,0033800002jDo58AAC,0.0,100,0.0,7330.0,1,0,0,0,0,0,1,0,0,0,0,1,1
47462,0033800002jDo9ZAAS,0.0,0,0.0,8774.0,1,0,0,0,0,1,0,0,0,0,0,1,0
47463,0033800002jDoEQAA0,0.0,0,0.0,2671.0,0,1,0,0,0,0,1,0,0,0,0,1,1
47464,0033800002jDoJKAA0,0.0,0,4274.0,1826.0,0,0,0,1,0,1,0,0,0,0,1,0,1
47468,0033800002jDp9BAAS,0.0,0,0.0,10208.0,0,0,0,0,1,0,1,0,0,0,0,1,1
47472,0033800002jDpEBAA0,0.0,0,0.0,6056.0,0,0,0,1,0,0,1,0,0,0,0,1,0
47474,0033800002jDpHAAA0,0.0,0,0.0,4160.0,0,1,0,0,0,0,1,0,0,0,0,1,1
47475,0033800002jDpI3AAK,0.0,0,3793.0,732.0,0,0,0,1,0,0,1,0,0,0,0,1,1
47476,0033800002jDpMtAAK,0.0,0,0.0,3820.0,0,0,0,1,0,0,1,0,0,0,0,1,0
47477,0033800002jDpNDAA0,0.0,0,0.0,2127.0,0,1,0,0,0,0,1,0,0,0,0,1,1
47480,0033800002jDpxdAAC,0.0,0,0.0,8974.0,0,1,0,0,0,0,0,0,1,0,0,1,0
47481,0033800002jDq2sAAC,0.0,0,0.0,8118.0,0,1,0,0,0,1,0,0,0,0,0,1,0
47483,0033800002jDqEtAAK,0.0,0,10120.0,5266.0,0,0,0,1,0,0,1,0,0,0,0,1,1
47485,0033800002jDqGfAAK,0.0,0,0.0,1955.0,0,1,0,0,0,0,1,0,0,0,1,0,1
47486,0033800002jDqSWAA0,0.0,80,1508.0,3468.0,0,0,0,1,0,0,1,0,0,0,0,1,1
47487,0033800002jDqSlAAK,0.0,0,0.0,2280.0,0,0,1,0,0,0,1,0,0,0,1,0,1
47491,0033800002jDr0EAAS,0.0,0,0.0,5066.0,1,0,0,0,0,0,1,0,0,0,0,1,1
47493,0033800002jDrBqAAK,0.0,0,0.0,1815.0,0,0,0,1,0,0,0,0,0,1,0,1,1
47494,0033800002jDrDDAA0,0.0,0,0.0,3495.0,0,0,0,1,0,0,0,1,0,0,0,1,1
47498,0033800002jDrSSAA0,0.0,0,0.0,2501.0,0,0,0,1,0,0,1,0,0,0,0,1,1
47499,0033800002jDrSXAA0,0.0,0,0.0,3992.0,1,0,0,0,0,1,0,0,0,0,0,1,1
47503,0033800002jDsjkAAC,0.0,0,0.0,5055.0,0,0,0,1,0,0,1,0,0,0,0,1,0
47504,0033800002jDsoLAAS,0.0,80,12.0,8707.0,0,0,0,1,0,0,1,0,0,0,0,1,1
47505,0033800002jDspEAAS,0.0,0,0.0,2495.0,1,0,0,0,0,0,1,0,0,0,1,0,0
47507,0033800002jDsu7AAC,0.0,0,0.0,6088.0,0,0,0,1,0,0,1,0,0,0,0,1,0
47513,0033800002jDt5UAAS,0.0,0,0.0,1460.0,0,0,0,1,0,0,0,0,0,1,0,1,1
47517,0033800002jDty6AAC,0.0,0,0.0,7329.0,0,0,0,0,1,0,1,0,0,0,0,1,1
47520,0033800002jDu9VAAS,0.0,0,0.0,2804.0,1,0,0,0,0,0,1,0,0,0,1,0,1
47521,0033800002jDuVgAAK,0.0,0,0.0,3084.0,0,1,0,0,0,0,0,0,0,1,1,0,0
47522,0033800002jDuWtAAK,0.0,0,0.0,8463.0,0,1,0,0,0,0,0,0,0,1,0,1,1
47523,0033800002jDuYWAA0,0.0,20,865.0,8542.0,1,0,0,0,0,1,0,0,0,0,0,1,1
47529,0033800002jDuhTAAS,0.0,0,0.0,7434.0,1,0,0,0,0,0,1,0,0,0,0,1,1
47534,0033800002jDupzAAC,0.0,0,121.0,2953.0,0,1,0,0,0,0,1,0,0,0,0,1,1
47536,0033800002jDv0dAAC,0.0,0,0.0,7319.0,0,1,0,0,0,0,1,0,0,0,0,1,0
47537,0033800002jDv5TAAS,0.0,0,0.0,9450.0,1,0,0,0,0,0,1,0,0,0,0,1,1
47540,0033800002jDvFsAAK,0.0,0,0.0,5131.0,0,0,0,1,0,0,1,0,0,0,0,1,1
47542,0033800002jDvimAAC,0.0,0,0.0,285.0,0,0,0,0,1,1,0,0,0,0,0,1,1
47543,0033800002jDvpYAAS,0.0,0,0.0,7350.0,1,0,0,0,0,0,1,0,0,0,0,1,1
47545,0033800002jDwGpAAK,0.0,0,0.0,7334.0,0,0,0,1,0,0,0,0,0,1,0,1,1
47565,0033800002jDwnuAAC,0.0,0,17573.0,737.0,0,0,0,1,0,0,1,0,0,0,0,1,0
47568,0033800002jDx4EAAS,0.0,0,0.0,4433.0,0,0,0,0,1,1,0,0,0,0,0,1,0
47569,0033800002jDxA1AAK,0.0,0,0.0,1460.0,0,0,0,1,0,0,0,0,0,1,1,0,0
47570,0033800002jDxEcAAK,0.0,0,0.0,9425.0,0,1,0,0,0,0,0,0,0,1,0,1,1
47575,0033800002jDxagAAC,0.0,0,0.0,2357.0,0,0,0,1,0,0,1,0,0,0,0,1,1
47576,0033800002jDxbPAAS,0.0,0,0.0,3598.0,0,0,0,1,0,0,0,0,0,1,0,1,1
47578,0033800002jDxgZAAS,0.0,0,0.0,7831.0,1,0,0,0,0,0,1,0,0,0,0,1,1
47581,0033800002jDxl0AAC,0.0,0,3802.0,3074.0,1,0,0,0,0,0,0,0,0,1,0,1,1
47584,0033800002jDxs1AAC,0.0,0,0.0,10292.0,0,0,0,0,1,0,1,0,0,0,1,0,1
47586,0033800002jDy2aAAC,0.0,0,0.0,563.0,0,0,0,1,0,0,1,0,0,0,0,1,0
47588,0033800002jDyFpAAK,0.0,0,0.0,2547.0,0,0,0,1,0,0,0,0,0,1,0,1,0
47589,0033800002jDyLEAA0,0.0,0,0.0,7339.0,0,0,0,1,0,0,1,0,0,0,0,1,1
47590,0033800002jDyRqAAK,0.0,0,0.0,7318.0,0,0,0,1,0,0,0,0,0,1,0,1,1
47592,0033800002jDyVOAA0,0.0,0,0.0,5112.0,1,0,0,0,0,0,1,0,0,0,1,0,1
47595,0033800002jDypTAAS,0.0,0,0.0,3961.0,0,0,0,0,1,0,1,0,0,0,0,1,0
47596,0033800002jDz6FAAS,0.0,0,2516.0,7756.0,0,0,1,0,0,0,1,0,0,0,1,0,0
47597,0033800002jDzCrAAK,0.0,0,5253.0,8171.0,1,0,0,0,0,1,0,0,0,0,0,1,0
47599,0033800002jDzWsAAK,0.0,0,0.0,8061.0,0,0,0,1,0,0,0,0,0,1,0,1,0
47601,0033800002jDzZSAA0,0.0,0,458.0,9508.0,0,1,0,0,0,1,0,0,0,0,0,1,0
47602,0033800002jDzZXAA0,0.0,0,0.0,5479.0,1,0,0,0,0,1,0,0,0,0,0,1,1
47607,0033800002jDzuiAAC,0.0,0,0.0,3916.0,0,0,0,0,1,1,0,0,0,0,0,1,1
47608,0033800002jDzxSAAS,0.0,70,1204.0,2282.0,0,0,0,1,0,0,1,0,0,0,0,1,1
47613,0033800002jE0bhAAC,0.0,0,2182.0,1430.0,0,0,0,0,1,1,0,0,0,0,1,0,1
47614,0033800002jE0nnAAC,0.0,0,0.0,5791.0,0,1,0,0,0,0,0,0,1,0,1,0,0
47615,0033800002jE0oRAAS,0.0,50,4835.0,1218.0,1,0,0,0,0,1,0,0,0,0,1,0,0
47617,0033800002jE0qmAAC,0.0,0,0.0,1826.0,0,1,0,0,0,1,0,0,0,0,0,1,1
47621,0033800002jE0zZAAS,0.0,0,0.0,3650.0,0,1,0,0,0,1,0,0,0,0,0,1,1
47622,0033800002jE1HJAA0,0.0,0,3147.0,1460.0,0,1,0,0,0,0,0,0,1,0,0,1,1
47624,0033800002jE1PIAA0,0.0,0,0.0,2649.0,0,1,0,0,0,0,1,0,0,0,0,1,1
47626,0033800002jE1VVAA0,4.0,0,0.0,1460.0,0,0,0,0,1,0,1,0,0,0,0,1,1
47629,0033800002jE1gwAAC,0.0,0,103.0,10491.0,0,1,0,0,0,1,0,0,0,0,1,0,1
47630,0033800002jE1zqAAC,0.0,0,0.0,2784.0,0,1,0,0,0,0,1,0,0,0,0,1,1
47631,0033800002jE2v4AAC,0.0,0,0.0,7729.0,1,0,0,0,0,1,0,0,0,0,0,1,0
47641,0033800002jE483AAC,0.0,0,0.0,8626.0,0,0,0,0,1,0,1,0,0,0,0,1,1
47642,0033800002jE4AnAAK,0.0,0,0.0,7831.0,0,0,0,0,1,0,0,0,0,1,0,1,0
47643,0033800002jE4BCAA0,0.0,0,1724.0,4140.0,0,1,0,0,0,0,1,0,0,0,1,0,1
47644,0033800002jE4EGAA0,0.0,0,2140.0,2205.0,0,0,0,1,0,0,1,0,0,0,0,1,1
47645,0033800002jE4LbAAK,0.0,0,0.0,115.0,0,0,0,0,1,0,1,0,0,0,0,1,1
47647,0033800002jE4X3AAK,0.0,0,0.0,8424.0,1,0,0,0,0,0,1,0,0,0,0,1,1
47648,0033800002jE4izAAC,0.0,0,2261.0,2318.0,0,1,0,0,0,0,1,0,0,0,0,1,1
47650,0033800002jE4tOAAS,0.0,0,0.0,8940.0,0,1,0,0,0,1,0,0,0,0,0,1,1
47651,0033800002jE4yyAAC,0.0,0,0.0,3496.0,0,0,0,1,0,0,1,0,0,0,0,1,0
47652,0033800002jE5SfAAK,1.0,0,0.0,1717.0,0,0,0,1,0,0,0,0,1,0,0,1,0
47654,0033800002jE5VAAA0,0.0,0,607.0,2385.0,0,1,0,0,0,1,0,0,0,0,0,1,1
47656,0033800002jE5fjAAC,0.0,70,1514.0,2945.0,0,0,0,1,0,0,1,0,0,0,0,1,1
47657,0033800002jE5jMAAS,0.0,0,0.0,3275.0,1,0,0,0,0,1,0,0,0,0,0,1,1
47660,0033800002jE5xxAAC,0.0,80,1466.0,1276.0,1,0,0,0,0,0,1,0,0,0,1,0,0
47661,0033800002jE63vAAC,0.0,0,0.0,5455.0,1,0,0,0,0,1,0,0,0,0,0,1,0
47662,0033800002jE64eAAC,0.0,0,0.0,5457.0,0,0,0,1,0,1,0,0,0,0,0,1,1
47663,0033800002jE65DAAS,0.0,0,0.0,7245.0,0,0,0,1,0,0,1,0,0,0,0,1,0
47667,0033800002jE6MAAA0,4.0,0,0.0,3682.0,0,0,0,1,0,0,0,0,0,1,0,1,1
47670,0033800002jE6avAAC,0.0,90,1688.0,1460.0,0,1,0,0,0,0,0,0,1,0,0,1,0
47671,0033800002jE6bPAAS,0.0,0,0.0,1784.0,0,0,0,1,0,0,0,0,1,0,0,1,0
47674,0033800002jE6o1AAC,0.0,0,0.0,2507.0,0,0,0,1,0,0,1,0,0,0,0,1,1
47676,0033800002jE6tpAAC,0.0,0,0.0,7318.0,0,1,0,0,0,0,0,0,1,0,0,1,1
47677,0033800002jE6yzAAC,0.0,0,0.0,7777.0,0,0,0,1,0,0,1,0,0,0,0,1,1
47678,0033800002jE73fAAC,0.0,0,0.0,1607.0,0,0,0,1,0,0,1,0,0,0,0,1,1
47681,0033800002jE7RiAAK,0.0,0,0.0,2192.0,0,0,0,1,0,0,1,0,0,0,0,1,0
47682,0033800002jE7WnAAK,0.0,0,0.0,2191.0,1,0,0,0,0,1,0,0,0,0,1,0,0
47684,0033800002jE7aQAAS,0.0,0,3477.0,2922.0,0,1,0,0,0,0,1,0,0,0,0,1,0
47686,0033800002jE7hDAAS,0.0,100,0.0,2597.0,0,0,0,1,0,0,1,0,0,0,0,1,0
47687,0033800002jE7hgAAC,0.0,0,0.0,2830.0,0,0,0,1,0,0,1,0,0,0,0,1,1
47691,0033800002jE8YNAA0,0.0,90,909.0,9140.0,0,1,0,0,0,0,1,0,0,0,1,0,0
47692,0033800002jE8y5AAC,0.0,0,1162.0,7925.0,0,1,0,0,0,0,1,0,0,0,0,1,1
47695,0033800002jE93eAAC,0.0,0,0.0,1621.0,0,1,0,0,0,0,1,0,0,0,1,0,1
47698,0033800002jE993AAC,0.0,0,0.0,8530.0,0,0,0,0,1,0,0,0,0,1,0,1,1
47703,0033800002jE9HlAAK,0.0,0,705.0,1284.0,0,1,0,0,0,0,1,0,0,0,0,1,1
47705,0033800002jE9IKAA0,0.0,0,0.0,1221.0,0,0,0,1,0,0,1,0,0,0,0,1,1
47712,0033800002jE9QnAAK,0.0,0,523.0,2753.0,1,0,0,0,0,0,0,0,0,1,0,1,0
47714,0033800002jE9UQAA0,0.0,0,0.0,7603.0,0,0,0,1,0,1,0,0,0,0,1,0,1
47715,0033800002jE9V4AAK,0.0,0,0.0,1825.0,0,0,0,0,1,1,0,0,0,0,1,0,0
47716,0033800002jE9W2AAK,0.0,40,1528.0,1460.0,0,1,0,0,0,0,0,0,1,0,0,1,1
47717,0033800002jE9XUAA0,0.0,0,0.0,9506.0,0,1,0,0,0,0,0,0,0,1,0,1,1
47720,0033800002jE9dmAAC,0.0,0,625.0,5040.0,0,1,0,0,0,0,0,0,1,0,1,0,1
47722,0033800002jE9fdAAC,0.0,0,0.0,7329.0,1,0,0,0,0,0,1,0,0,0,0,1,0
47725,0033800002jE9pqAAC,0.0,0,0.0,8010.0,0,0,0,1,0,0,0,0,1,0,0,1,1
47726,0033800002jE9pvAAC,0.0,0,1340.0,2741.0,0,1,0,0,0,0,0,0,1,0,0,1,1
47728,0033800002jE9twAAC,0.0,40,1395.0,1460.0,1,0,0,0,0,0,0,0,0,1,1,0,0
47732,0033800002jEAQAAA4,0.0,0,0.0,1826.0,0,1,0,0,0,0,1,0,0,0,1,0,0
47736,0033800002jEBMYAA4,0.0,0,0.0,9504.0,0,0,0,0,1,0,1,0,0,0,0,1,1
47739,0033800002jECEbAAO,0.0,0,0.0,7325.0,0,0,0,1,0,0,0,0,0,1,0,1,1
47740,0033800002jECP1AAO,0.0,0,0.0,9864.0,0,1,0,0,0,0,0,0,0,1,0,1,1
47741,0033800002jECPkAAO,0.0,0,0.0,7332.0,0,1,0,0,0,0,1,0,0,0,0,1,1
47744,0033800002jECmeAAG,0.0,0,0.0,3676.0,0,1,0,0,0,0,0,0,0,1,0,1,0
47746,0033800002jECopAAG,0.0,30,1757.0,1315.0,1,0,0,0,0,0,1,0,0,0,0,1,0
47747,0033800002jED4OAAW,0.0,0,2186.0,1476.0,0,0,0,1,0,0,0,0,0,1,1,0,0
47752,0033800002jEDAfAAO,0.0,0,56.0,1461.0,0,0,0,1,0,0,1,0,0,0,1,0,1
47754,0033800002jEDFaAAO,0.0,0,0.0,130.0,0,0,0,1,0,0,1,0,0,0,0,1,1
47757,0033800002jEDMgAAO,0.0,0,14.0,3157.0,0,0,0,0,1,0,1,0,0,0,0,1,1
47760,0033800002jEDWcAAO,0.0,40,2352.0,818.0,0,0,0,1,0,0,1,0,0,0,0,1,0
47761,0033800002jEDXaAAO,0.0,0,91.0,1015.0,0,0,0,1,0,0,1,0,0,0,1,0,0
47764,0033800002jEDdtAAG,0.0,60,1478.0,2733.0,0,0,0,1,0,0,0,0,1,0,0,1,0
47769,0033800002jEDmBAAW,0.0,0,0.0,114.0,0,1,0,0,0,0,1,0,0,0,0,1,1
47773,0033800002jEDykAAG,0.0,0,0.0,7319.0,0,1,0,0,0,1,0,0,0,0,1,0,1
47775,0033800002jEE8GAAW,0.0,0,0.0,2028.0,0,1,0,0,0,0,1,0,0,0,0,1,1
47776,0033800002jEE9iAAG,0.0,0,0.0,8195.0,0,1,0,0,0,0,0,0,0,1,1,0,1
47777,0033800002jEEGFAA4,0.0,0,0.0,2622.0,0,0,0,1,0,0,0,0,0,1,0,1,1
47778,0033800002jEEGKAA4,0.0,0,0.0,1096.0,0,1,0,0,0,0,1,0,0,0,0,1,0
47779,0033800002jEEIzAAO,0.0,80,0.0,7335.0,1,0,0,0,0,1,0,0,0,0,0,1,1
47781,0033800002jEEMXAA4,0.0,0,0.0,8903.0,1,0,0,0,0,0,1,0,0,0,0,1,1
47782,0033800002jEEQtAAO,0.0,0,0.0,3425.0,0,0,0,1,0,0,1,0,0,0,0,1,1
47783,0033800002jEEVFAA4,0.0,0,0.0,1460.0,0,0,0,0,1,0,1,0,0,0,1,0,1
47784,0033800002jEEcCAAW,0.0,0,0.0,5282.0,0,1,0,0,0,1,0,0,0,0,1,0,1
47787,0033800002jEEqwAAG,0.0,0,0.0,10136.0,1,0,0,0,0,0,1,0,0,0,0,1,0
47789,0033800002jEEt2AAG,0.0,0,0.0,2406.0,0,1,0,0,0,1,0,0,0,0,0,1,0
47792,0033800002jEEzHAAW,0.0,0,0.0,10613.0,0,1,0,0,0,0,1,0,0,0,0,1,1
47794,0033800002jEFEWAA4,0.0,0,14782.0,730.0,1,0,0,0,0,0,0,0,1,0,0,1,0
47795,0033800002jEFFPAA4,0.0,0,0.0,7246.0,1,0,0,0,0,1,0,0,0,0,0,1,1
47797,0033800002jEFJCAA4,4.0,0,0.0,7332.0,1,0,0,0,0,1,0,0,0,0,0,1,1
47799,0033800002jEFMbAAO,0.0,0,0.0,11105.0,0,0,0,1,0,0,1,0,0,0,0,1,1
47800,0033800002jEFOYAA4,0.0,0,0.0,7930.0,0,0,0,0,1,1,0,0,0,0,0,1,1
47802,0033800002jEFaSAAW,0.0,50,3624.0,5212.0,0,1,0,0,0,1,0,0,0,0,0,1,1
47804,0033800002jEFcOAAW,0.0,0,0.0,7941.0,0,1,0,0,0,0,0,0,0,1,0,1,0
47806,0033800002jEFhzAAG,0.0,0,30.0,3254.0,0,1,0,0,0,0,1,0,0,0,1,0,1
47807,0033800002jEFirAAG,0.0,0,0.0,3157.0,0,0,0,1,0,0,0,0,0,1,1,0,1
47810,0033800002jEG1FAAW,0.0,0,0.0,7690.0,1,0,0,0,0,1,0,0,0,0,0,1,1
47811,0033800002jEG6KAAW,0.0,0,0.0,2658.0,0,0,0,1,0,0,0,0,0,1,0,1,1
47812,0033800002jEG9JAAW,0.0,40,0.0,3967.0,0,0,0,1,0,0,1,0,0,0,0,1,0
47824,0033800002jEGjzAAG,0.0,0,0.0,2191.0,0,0,0,0,1,0,1,0,0,0,0,1,1
47825,0033800002jEGlHAAW,0.0,0,0.0,1221.0,0,0,0,1,0,0,1,0,0,0,1,0,0
47828,0033800002jEGwpAAG,0.0,0,3924.0,1250.0,0,1,0,0,0,0,0,0,0,1,0,1,1
47829,0033800002jEHYeAAO,0.0,0,0.0,4078.0,0,0,0,0,1,1,0,0,0,0,0,1,1
47835,0033800002jEIQEAA4,0.0,0,2283.0,508.0,0,0,0,1,0,0,1,0,0,0,1,0,0
47836,0033800002jEITDAA4,0.0,0,0.0,6148.0,0,0,0,1,0,1,0,0,0,0,0,1,0
47838,0033800002jEIX5AAO,0.0,0,0.0,7717.0,0,1,0,0,0,0,1,0,0,0,0,1,1
47839,0033800002jEIXtAAO,0.0,20,232.0,4191.0,0,1,0,0,0,1,0,0,0,0,0,1,1
47842,0033800002jEId3AAG,0.0,0,0.0,7458.0,0,0,0,1,0,0,1,0,0,0,1,0,0
47846,0033800002jEIkJAAW,0.0,70,498.0,5174.0,0,1,0,0,0,1,0,0,0,0,0,1,0
47847,0033800002jEIkiAAG,0.0,0,1468.0,3653.0,1,0,0,0,0,0,1,0,0,0,1,0,1
47849,0033800002jEIn8AAG,0.0,0,0.0,7305.0,0,1,0,0,0,1,0,0,0,0,0,1,1
47851,0033800002jEIt1AAG,0.0,80,1838.0,3812.0,0,1,0,0,0,0,0,0,0,1,0,1,0
47852,0033800002jEIx7AAG,0.0,90,607.0,4796.0,0,0,0,1,0,0,1,0,0,0,0,1,0
47859,0033800002jEJ2bAAG,0.0,0,7423.0,1554.0,0,0,0,1,0,0,1,0,0,0,1,0,1
47861,0033800002jEJ4NAAW,0.0,0,1077.0,3742.0,0,0,0,0,1,0,1,0,0,0,1,0,1
47863,0033800002jEJBoAAO,0.0,0,8650.0,1825.0,0,0,0,1,0,0,0,0,1,0,0,1,0
47864,0033800002jEJDQAA4,0.0,0,10086.0,3285.0,1,0,0,0,0,0,0,0,0,1,0,1,0
47867,0033800002jEJGjAAO,0.0,30,17.0,7478.0,0,0,0,0,1,0,1,0,0,0,0,1,1
47869,0033800002jEJJxAAO,0.0,0,11291.0,1062.0,1,0,0,0,0,0,1,0,0,0,0,1,0
47874,0033800002jEJSpAAO,0.0,0,0.0,7312.0,0,0,0,1,0,0,0,0,0,1,0,1,0
47878,0033800002jEJWIAA4,0.0,0,131.0,2193.0,1,0,0,0,0,0,0,0,1,0,0,1,1
47879,0033800002jEJa0AAG,0.0,0,10057.0,1840.0,0,0,0,0,1,0,0,0,1,0,0,1,0
47885,0033800002jEK1kAAG,0.0,0,0.0,7434.0,0,1,0,0,0,1,0,0,0,0,0,1,1
47886,0033800002jEK6fAAG,0.0,0,0.0,7315.0,0,0,0,0,1,1,0,0,0,0,0,1,0
47889,0033800002jEKFDAA4,0.0,0,4725.0,1674.0,0,0,0,1,0,0,1,0,0,0,0,1,0
47891,0033800002jEKVMAA4,0.0,0,0.0,6886.0,0,1,0,0,0,0,1,0,0,0,0,1,1
47899,0033800002jEKpbAAG,0.0,0,0.0,9505.0,0,0,0,1,0,0,0,0,0,1,0,1,0
47901,0033800002jEKuqAAG,0.0,90,0.0,1942.0,1,0,0,0,0,0,0,0,1,0,0,1,0
47902,0033800002jEKvaAAG,0.0,0,6934.0,2922.0,0,0,0,0,1,1,0,0,0,0,1,0,1
47904,0033800002jEKyjAAG,0.0,0,3162.0,988.0,0,0,0,1,0,0,0,0,0,1,0,1,0
47905,0033800002jEL01AAG,0.0,90,529.0,7490.0,0,0,0,1,0,0,1,0,0,0,0,1,1
47906,0033800002jEL1xAAG,0.0,0,10570.0,853.0,0,0,0,1,0,0,1,0,0,0,0,1,0
47914,0033800002jEL7bAAG,0.0,0,12327.0,1378.0,0,0,0,1,0,0,0,0,1,0,0,1,0
47916,0033800002jELAGAA4,0.0,0,3811.0,1460.0,0,1,0,0,0,0,0,0,1,0,0,1,0
47917,0033800002jELEIAA4,0.0,0,3633.0,1095.0,0,1,0,0,0,0,1,0,0,0,1,0,0
47918,0033800002jELHlAAO,0.0,60,6186.0,998.0,0,1,0,0,0,0,0,0,1,0,1,0,0
47919,0033800002jELIFAA4,0.0,0,0.0,1207.0,0,0,0,1,0,0,1,0,0,0,0,1,1
47925,0033800002jELQvAAO,0.0,0,43.0,5510.0,0,1,0,0,0,0,1,0,0,0,1,0,1
47931,0033800002jELkFAAW,0.0,0,0.0,7355.0,1,0,0,0,0,1,0,0,0,0,0,1,1
47932,0033800002jELvrAAG,0.0,0,0.0,7564.0,0,0,0,1,0,0,1,0,0,0,0,1,1
47935,0033800002jEM6PAAW,0.0,0,0.0,8104.0,1,0,0,0,0,0,0,0,0,1,0,1,1
47943,0033800002jEMZbAAO,0.0,0,0.0,10986.0,0,0,0,1,0,0,0,0,0,1,0,1,1
47944,0033800002jEMbSAAW,0.0,0,0.0,1668.0,0,1,0,0,0,1,0,0,0,0,0,1,1
47945,0033800002jEMcpAAG,0.0,0,0.0,3654.0,0,0,0,1,0,0,1,0,0,0,0,1,1
47949,0033800002jEMlhAAG,0.0,30,0.0,755.0,0,1,0,0,0,0,1,0,0,0,0,1,1
47950,0033800002jEMm6AAG,0.0,0,0.0,7512.0,0,0,0,1,0,0,1,0,0,0,0,1,1
47953,0033800002jEMoqAAG,0.0,0,0.0,1593.0,0,0,0,1,0,0,1,0,0,0,0,1,0
47958,0033800002jEN6yAAG,0.0,0,0.0,7312.0,0,1,0,0,0,0,0,0,0,1,1,0,1
47964,0033800002jENC3AAO,0.0,0,41.0,8037.0,0,0,0,0,1,0,0,0,1,0,0,1,1
47978,0033800002jEPBIAA4,0.0,0,0.0,9514.0,0,0,0,1,0,0,1,0,0,0,0,1,1
47980,0033800002jEPcZAAW,0.0,0,0.0,9131.0,0,0,0,1,0,0,1,0,0,0,0,1,1
47983,0033800002jEPvYAAW,0.0,0,0.0,1592.0,1,0,0,0,0,0,1,0,0,0,0,1,1
47984,0033800002jEQ1CAAW,0.0,0,0.0,2941.0,0,0,0,1,0,0,1,0,0,0,0,1,0
47988,0033800002jEQJgAAO,0.0,10,6706.0,1484.0,1,0,0,0,0,1,0,0,0,0,1,0,1
47989,0033800002jEQSTAA4,0.0,0,9589.0,1460.0,0,0,0,0,1,1,0,0,0,0,0,1,1
47990,0033800002jEQT2AAO,0.0,0,1617.0,5224.0,1,0,0,0,0,1,0,0,0,0,0,1,1
47992,0033800002jEQj0AAG,0.0,0,0.0,7300.0,1,0,0,0,0,0,1,0,0,0,0,1,1
47994,0033800002jEQqFAAW,0.0,0,0.0,953.0,0,0,0,1,0,1,0,0,0,0,0,1,1
47995,0033800002jEQzDAAW,0.0,0,0.0,7481.0,0,0,0,0,1,0,0,0,1,0,0,1,1
47998,0033800002jER6wAAG,0.0,0,0.0,9028.0,0,0,0,0,1,1,0,0,0,0,0,1,1
48001,0033800002jERCBAA4,0.0,50,4756.0,2345.0,0,1,0,0,0,0,1,0,0,0,0,1,1
48009,0033800002jERKKAA4,0.0,0,0.0,3205.0,0,0,0,1,0,0,0,0,0,1,0,1,1
48012,0033800002jERRkAAO,0.0,0,3666.0,0.0,0,1,0,0,0,0,0,0,0,1,0,1,1
48015,0033800002jERapAAG,0.0,0,14603.0,1435.0,1,0,0,0,0,0,1,0,0,0,0,1,0
48020,0033800002jESCeAAO,0.0,0,0.0,10074.0,0,0,0,0,1,0,1,0,0,0,0,1,1
48024,0033800002jESH5AAO,0.0,0,0.0,6480.0,0,0,0,1,0,0,1,0,0,0,1,0,1
48028,0033800002jESlDAAW,0.0,0,0.0,7388.0,1,0,0,0,0,0,1,0,0,0,0,1,0
48035,0033800002jETDrAAO,0.0,100,6685.0,2723.0,0,1,0,0,0,0,0,0,1,0,0,1,0
48038,0033800002jETZJAA4,0.0,0,2448.0,3495.0,0,0,0,0,1,1,0,0,0,0,0,1,1
48049,0033800002jEUX6AAO,0.0,0,87.0,1228.0,0,0,0,1,0,0,1,0,0,0,0,1,0
48053,0033800002jEUfTAAW,0.0,0,0.0,10503.0,0,1,0,0,0,0,1,0,0,0,0,1,1
48054,0033800002jEUkOAAW,0.0,40,208.0,1460.0,0,0,0,1,0,0,0,0,1,0,0,1,0
48058,0033800002jEVJEAA4,0.0,0,0.0,1794.0,0,0,0,1,0,0,0,0,1,0,0,1,1
48062,0033800002jEVMrAAO,0.0,0,0.0,1621.0,0,1,0,0,0,0,1,0,0,0,0,1,0
48063,0033800002jEVOiAAO,0.0,0,181.0,1460.0,0,0,0,1,0,0,0,0,1,0,0,1,0
48065,0033800002jEVQ0AAO,0.0,0,2038.0,1461.0,0,1,0,0,0,0,1,0,0,0,1,0,0
48067,0033800002jEVRhAAO,0.0,0,0.0,5903.0,0,0,0,0,1,0,0,0,0,1,1,0,0
48069,0033800002jEVT9AAO,0.0,0,0.0,2743.0,0,0,0,1,0,0,1,0,0,0,0,1,1
48074,0033800002jEVZ7AAO,0.0,0,0.0,3691.0,1,0,0,0,0,1,0,0,0,0,0,1,1
48075,0033800002jEVZqAAO,0.0,0,0.0,8736.0,0,0,0,0,1,0,0,0,0,1,0,1,1
48076,0033800002jEVbSAAW,0.0,90,0.0,9941.0,0,1,0,0,0,0,1,0,0,0,0,1,0
48078,0033800002jEVbrAAG,0.0,0,660.0,1461.0,0,1,0,0,0,0,0,0,0,1,0,1,1
48082,0033800002jEVf7AAG,0.0,70,417.0,869.0,0,0,0,1,0,0,1,0,0,0,0,1,0
48089,0033800002jEVzhAAG,0.0,0,0.0,2191.0,0,0,0,1,0,1,0,0,0,0,0,1,0
48090,0033800002jEW3KAAW,0.0,0,0.0,2841.0,0,1,0,0,0,0,0,0,1,0,0,1,1
48092,0033800002jEWHzAAO,0.0,0,0.0,8784.0,1,0,0,0,0,1,0,0,0,0,1,0,0
48093,0033800002jEWIEAA4,0.0,0,0.0,7307.0,0,0,0,1,0,0,0,0,0,1,0,1,1
48094,0033800002jEWsBAAW,0.0,0,0.0,1838.0,0,0,0,1,0,0,1,0,0,0,0,1,0
48095,0033800002jEWszAAG,0.0,50,226.0,8881.0,0,0,0,0,1,1,0,0,0,0,1,0,1
48108,0033800002jEYFsAAO,0.0,0,407.0,7333.0,0,1,0,0,0,0,1,0,0,0,0,1,1
48111,0033800002jEYPiAAO,0.0,0,0.0,7305.0,0,0,0,1,0,0,0,1,0,0,0,1,0
48112,0033800002jEYR5AAO,0.0,0,10756.0,2892.0,0,0,0,1,0,0,0,0,0,1,0,1,1
48114,0033800002jEYT1AAO,0.0,0,895.0,5143.0,0,0,0,1,0,0,1,0,0,0,0,1,0
48115,0033800002jEYUOAA4,0.0,0,4820.0,730.0,0,0,0,1,0,0,1,0,0,0,0,1,0
48116,0033800002jEYWFAA4,0.0,0,0.0,7493.0,1,0,0,0,0,0,0,0,1,0,0,1,0
48117,0033800002jEYY6AAO,0.0,0,0.0,7309.0,1,0,0,0,0,0,0,0,0,1,0,1,0
48138,0033800002jEZCuAAO,0.0,0,0.0,7314.0,0,0,0,1,0,0,1,0,0,0,0,1,1
48140,0033800002jEZKmAAO,0.0,0,0.0,326.0,0,0,0,1,0,0,1,0,0,0,0,1,0
48145,0033800002jEZhwAAG,0.0,0,0.0,1444.0,0,1,0,0,0,0,1,0,0,0,0,1,1
48147,0033800002jEZnfAAG,0.0,0,0.0,5930.0,1,0,0,0,0,0,1,0,0,0,0,1,0
48152,0033800002jEZqAAAW,0.0,100,0.0,7304.0,0,0,0,1,0,0,0,0,0,1,0,1,1
48158,0033800002jEaCQAA0,0.0,0,0.0,7887.0,0,0,0,1,0,0,1,0,0,0,0,1,1
48160,0033800002jEaKAAA0,0.0,0,0.0,3228.0,0,0,0,1,0,0,0,0,1,0,0,1,1
48162,0033800002jEaN4AAK,0.0,0,0.0,8794.0,1,0,0,0,0,1,0,0,0,0,0,1,0
48163,0033800002jEaTHAA0,0.0,0,923.0,4920.0,0,0,0,1,0,0,1,0,0,0,0,1,0
48164,0033800002jEaVNAA0,0.0,0,0.0,8232.0,0,1,0,0,0,1,0,0,0,0,1,0,1
48174,0033800002jEayZAAS,0.0,0,0.0,2751.0,0,1,0,0,0,0,1,0,0,0,0,1,1
48181,0033800002jEbVaAAK,0.0,0,39.0,2964.0,0,1,0,0,0,0,1,0,0,0,1,0,0
48185,0033800002jEby8AAC,0.0,0,0.0,4292.0,0,1,0,0,0,0,1,0,0,0,0,1,1
48194,0033800002jEcVMAA0,0.0,0,0.0,5101.0,0,1,0,0,0,1,0,0,0,0,1,0,1
48199,0033800002jEcjiAAC,0.0,0,915.0,3751.0,0,0,0,1,0,0,0,0,1,0,0,1,1
48202,0033800002jEcqzAAC,0.0,0,0.0,9531.0,0,0,0,1,0,0,1,0,0,0,1,0,1
48203,0033800002jEdRmAAK,0.0,0,0.0,9236.0,0,0,0,1,0,1,0,0,0,0,0,1,0
48204,0033800002jEdRrAAK,0.0,0,0.0,3653.0,0,1,0,0,0,0,0,0,0,1,1,0,1
48205,0033800002jEdSBAA0,0.0,0,0.0,7695.0,0,0,0,1,0,0,0,0,0,1,0,1,1
48207,0033800002jEdZgAAK,0.0,0,0.0,7351.0,1,0,0,0,0,1,0,0,0,0,0,1,1
48211,0033800002jEdqrAAC,0.0,0,313.0,2921.0,0,0,0,1,0,0,0,0,0,1,0,1,0
48212,0033800002jEe2IAAS,0.0,0,3016.0,1957.0,0,0,0,1,0,0,1,0,0,0,0,1,0
48213,0033800002jEeFlAAK,0.0,0,0.0,10980.0,1,0,0,0,0,0,0,0,0,1,0,1,1
48214,0033800002jEeSuAAK,0.0,0,0.0,8537.0,0,1,0,0,0,1,0,0,0,0,0,1,1
48236,0033800002jEffpAAC,0.0,0,0.0,3784.0,0,1,0,0,0,0,0,0,1,0,0,1,1
48237,0033800002jEfhMAAS,0.0,0,0.0,1150.0,0,0,0,1,0,0,1,0,0,0,0,1,0
48238,0033800002jEfpvAAC,0.0,0,0.0,7327.0,0,0,0,1,0,0,0,0,0,1,0,1,0
48239,0033800002jEfrNAAS,0.0,0,0.0,7660.0,0,0,0,1,0,0,0,0,1,0,0,1,0
48241,0033800002jEg13AAC,0.0,0,475.0,9518.0,0,0,0,0,1,0,0,0,0,1,1,0,0
48242,0033800002jEg9mAAC,0.0,0,0.0,7325.0,0,1,0,0,0,0,0,0,0,1,0,1,1
48246,0033800002jEgMvAAK,0.0,0,518.0,5214.0,0,0,0,1,0,0,1,0,0,0,0,1,1
48249,0033800002jEgVEAA0,0.0,0,0.0,2897.0,1,0,0,0,0,1,0,0,0,0,0,1,1
48253,0033800002jEgeLAAS,0.0,0,3915.0,1261.0,0,0,0,0,1,0,1,0,0,0,0,1,1
48257,0033800002jEgmyAAC,0.0,0,0.0,9984.0,0,0,0,0,1,0,1,0,0,0,0,1,1
48262,0033800002jEgryAAC,0.0,0,0.0,7322.0,0,0,0,0,1,1,0,0,0,0,1,0,0
48263,0033800002jEgsXAAS,0.0,100,20.0,12923.0,1,0,0,0,0,0,1,0,0,0,0,1,0
48266,0033800002jEgu9AAC,0.0,0,0.0,7892.0,1,0,0,0,0,0,1,0,0,0,0,1,0
48269,0033800002jEgyuAAC,0.0,0,0.0,2191.0,0,1,0,0,0,1,0,0,0,0,0,1,1
48272,0033800002jEh60AAC,0.0,0,11879.0,1461.0,0,0,0,1,0,0,1,0,0,0,0,1,0
48273,0033800002jEh73AAC,0.0,90,1747.0,752.0,0,0,0,1,0,0,1,0,0,0,0,1,1
48278,0033800002jEhA7AAK,0.0,0,0.0,2608.0,0,0,0,1,0,0,1,0,0,0,0,1,1
48281,0033800002jEhCDAA0,2.0,70,0.0,7319.0,1,0,0,0,0,0,0,0,0,1,0,1,1
48284,0033800002jEhE4AAK,0.0,0,14749.0,92.0,0,0,0,1,0,0,0,0,1,0,0,1,0
48287,0033800002jEhLZAA0,0.0,0,0.0,1168.0,0,0,0,1,0,0,1,0,0,0,1,0,1
48289,0033800002jEhQFAA0,0.0,0,3776.0,5641.0,0,1,0,0,0,0,1,0,0,0,0,1,0
48292,0033800002jEhatAAC,0.0,0,92.0,4451.0,0,0,0,1,0,0,1,0,0,0,0,1,0
48293,0033800002jEhbNAAS,0.0,0,0.0,2192.0,0,1,0,0,0,1,0,0,0,0,1,0,0
48295,0033800002jEhbwAAC,0.0,0,0.0,7877.0,0,0,0,0,1,0,0,0,1,0,0,1,1
48297,0033800002jEhhzAAC,0.0,10,10779.0,1201.0,0,0,0,1,0,0,1,0,0,0,0,1,0
48305,0033800002jEhyHAAS,0.0,0,3366.0,5478.0,0,0,0,0,1,0,1,0,0,0,0,1,0
48306,0033800002jEi1VAAS,0.0,0,0.0,8632.0,1,0,0,0,0,0,1,0,0,0,0,1,1
48310,0033800002jEiCcAAK,0.0,0,0.0,8036.0,0,0,0,1,0,0,0,0,1,0,0,1,1
48314,0033800002jEiKHAA0,0.0,0,7045.0,2720.0,0,1,0,0,0,1,0,0,0,0,1,0,1
48325,0033800002jEiivAAC,0.0,0,0.0,7305.0,0,0,0,1,0,0,1,0,0,0,0,1,1
48328,0033800002jEj2HAAS,0.0,0,0.0,1765.0,0,0,0,1,0,0,0,0,1,0,0,1,1
48330,0033800002jEjBYAA0,0.0,0,0.0,7336.0,0,1,0,0,0,0,1,0,0,0,1,0,0
48333,0033800002jEjZCAA0,0.0,0,1055.0,1735.0,0,1,0,0,0,0,1,0,0,0,0,1,0
48334,0033800002jEjaZAAS,0.0,0,1782.0,1157.0,0,1,0,0,0,1,0,0,0,0,0,1,1
48341,0033800002jEk7sAAC,0.0,0,0.0,3484.0,0,0,0,0,1,0,1,0,0,0,0,1,0
48350,0033800002jElLWAA0,0.0,0,0.0,2731.0,0,0,0,1,0,0,1,0,0,0,0,1,1
48353,0033800002jElp4AAC,0.0,0,0.0,4435.0,0,1,0,0,0,0,1,0,0,0,0,1,0
48354,0033800002jEm3XAAS,0.0,0,0.0,7183.0,0,0,0,1,0,0,1,0,0,0,0,1,1
48357,0033800002jEmQWAA0,0.0,0,0.0,10613.0,0,1,0,0,0,0,1,0,0,0,0,1,1
48362,0033800002jEmkbAAC,0.0,0,147.0,6373.0,0,0,0,0,1,0,1,0,0,0,0,1,1
48364,0033800002jEmoxAAC,0.0,0,0.0,5252.0,0,0,0,1,0,0,1,0,0,0,0,1,0
48367,0033800002jEn2SAAS,0.0,0,0.0,12214.0,0,1,0,0,0,0,1,0,0,0,0,1,1
48370,0033800002jEnQPAA0,0.0,0,0.0,2891.0,0,0,0,1,0,0,1,0,0,0,0,1,1
48373,0033800002jEnVAAA0,0.0,0,0.0,7511.0,1,0,0,0,0,0,1,0,0,0,0,1,0
48374,0033800002jEnW8AAK,0.0,0,0.0,9259.0,1,0,0,0,0,1,0,0,0,0,0,1,0
48378,0033800002jEnbDAAS,0.0,60,1086.0,7686.0,0,0,0,1,0,0,0,0,0,1,0,1,0
48379,0033800002jEnfyAAC,0.0,0,0.0,7873.0,0,1,0,0,0,1,0,0,0,0,0,1,0
48380,0033800002jEnpeAAC,0.0,0,600.0,15043.0,0,0,0,0,1,0,0,0,0,1,0,1,1
48381,0033800002jEnr6AAC,0.0,0,0.0,7305.0,0,1,0,0,0,1,0,0,0,0,1,0,1
48386,0033800002jEo29AAC,0.0,0,0.0,8632.0,0,1,0,0,0,0,1,0,0,0,1,0,1
48390,0033800002jEoHnAAK,0.0,0,0.0,8794.0,0,1,0,0,0,0,0,0,0,1,0,1,1
48397,0033800002jEoh3AAC,0.0,0,2240.0,4543.0,1,0,0,0,0,1,0,0,0,0,1,0,1
48398,0033800002jEohIAAS,3.0,0,0.0,2021.0,0,0,0,1,0,0,1,0,0,0,1,0,1
48401,0033800002jEox6AAC,0.0,0,0.0,2191.0,1,0,0,0,0,1,0,0,0,0,0,1,1
48403,0033800002jEpJRAA0,0.0,0,0.0,8053.0,0,0,0,0,1,0,1,0,0,0,0,1,0
48405,0033800002jEpWfAAK,0.0,70,876.0,1213.0,0,0,0,1,0,0,1,0,0,0,1,0,0
48408,0033800002jEpnCAAS,0.0,0,56.0,2191.0,0,0,0,1,0,0,1,0,0,0,0,1,1
48409,0033800002jEpxlAAC,0.0,0,56.0,1826.0,0,0,0,1,0,0,0,1,0,0,0,1,1
48410,0033800002jEpyPAAS,0.0,70,3941.0,1461.0,0,0,0,0,1,0,0,0,1,0,0,1,1
48412,0033800002jEq5fAAC,0.0,0,2356.0,1856.0,0,0,0,1,0,0,0,1,0,0,0,1,1
48413,0033800002jEq6YAAS,0.0,50,1057.0,1947.0,0,0,0,1,0,0,1,0,0,0,1,0,1
48418,0033800002jEqKfAAK,0.0,0,0.0,4766.0,0,1,0,0,0,0,0,0,1,0,0,1,1
48421,0033800002jEqRbAAK,0.0,0,1728.0,1913.0,0,1,0,0,0,0,1,0,0,0,0,1,0
48422,0033800002jEqebAAC,0.0,70,2455.0,7329.0,1,0,0,0,0,0,1,0,0,0,0,1,1
48423,0033800002jEqhkAAC,0.0,0,7381.0,1460.0,0,0,0,1,0,0,0,0,1,0,0,1,0
48426,0033800002jEqnmAAC,0.0,0,222.0,2925.0,0,1,0,0,0,0,1,0,0,0,0,1,1
48428,0033800002jEqozAAC,0.0,0,0.0,4350.0,0,0,0,1,0,0,1,0,0,0,0,1,1
48430,0033800002jEquiAAC,0.0,100,851.0,2501.0,0,0,0,1,0,0,0,0,1,0,0,1,1
48431,0033800002jEquxAAC,0.0,0,0.0,7323.0,0,1,0,0,0,1,0,0,0,0,0,1,0
48432,0033800002jEr59AAC,0.0,0,1340.0,1440.0,1,0,0,0,0,0,1,0,0,0,0,1,1
48434,0033800002jErSXAA0,0.0,90,2334.0,9523.0,0,1,0,0,0,0,0,0,0,1,0,1,1
48438,0033800002jEs60AAC,0.0,0,1298.0,9324.0,0,1,0,0,0,0,1,0,0,0,0,1,0
48439,0033800002jEsSmAAK,0.0,0,3091.0,867.0,1,0,0,0,0,0,1,0,0,0,1,0,1
48441,0033800002jEsTfAAK,0.0,20,6695.0,2202.0,1,0,0,0,0,0,1,0,0,0,0,1,0
48447,0033800002jEsfRAAS,0.0,0,4125.0,2922.0,0,1,0,0,0,0,0,0,0,1,1,0,0
48451,0033800002jEshwAAC,0.0,0,0.0,1218.0,0,0,0,1,0,0,1,0,0,0,0,1,1
48456,0033800002jEsoTAAS,0.0,0,0.0,10975.0,0,0,0,1,0,0,0,0,1,0,0,1,1
48457,0033800002jEsodAAC,0.0,0,5.0,1195.0,0,0,0,1,0,1,0,0,0,0,1,0,1
48460,0033800002jEssfAAC,0.0,60,14506.0,2603.0,0,0,0,1,0,1,0,0,0,0,0,1,0
48462,0033800002jEstsAAC,0.0,0,16390.0,1470.0,0,1,0,0,0,1,0,0,0,0,0,1,1
48465,0033800002jEt1cAAC,0.0,0,11355.0,2765.0,0,0,0,1,0,0,1,0,0,0,0,1,0
48469,0033800002jEt5eAAC,0.0,0,310.0,4800.0,0,0,0,1,0,0,0,0,0,1,0,1,1
48481,0033800002jEtLrAAK,0.0,0,0.0,8676.0,0,0,0,0,1,1,0,0,0,0,0,1,1
48493,0033800002jEtbkAAC,0.0,60,279.0,5229.0,0,0,0,1,0,0,1,0,0,0,0,1,1
48501,0033800002jEuDKAA0,0.0,100,21.0,3745.0,0,0,0,1,0,0,0,0,1,0,0,1,1
48502,0033800002jEuFBAA0,0.0,0,0.0,4633.0,1,0,0,0,0,0,0,0,1,0,0,1,1
48514,0033800002jEuYfAAK,0.0,0,0.0,9466.0,0,1,0,0,0,0,1,0,0,0,0,1,1
48516,0033800002jEuZOAA0,0.0,0,0.0,8952.0,0,0,0,0,1,0,1,0,0,0,1,0,0
48518,0033800002jEubUAAS,0.0,0,385.0,8782.0,0,0,0,0,1,0,1,0,0,0,0,1,1
48519,0033800002jEud1AAC,0.0,100,35.0,10393.0,0,0,0,0,1,0,0,0,0,1,0,1,1
48520,0033800002jEuhSAAS,0.0,0,0.0,7454.0,1,0,0,0,0,0,0,0,0,1,0,1,1
48522,0033800002jEuhrAAC,0.0,0,0.0,9110.0,0,0,0,1,0,0,1,0,0,0,0,1,1
48537,0033800002jEv1oAAC,0.0,0,0.0,7305.0,0,0,0,0,1,0,0,0,1,0,0,1,1
48544,0033800002jEvcXAAS,0.0,0,36.0,5521.0,0,0,0,1,0,0,1,0,0,0,1,0,0
48546,0033800002jEvesAAC,0.0,0,3288.0,2191.0,0,0,0,1,0,0,1,0,0,0,0,1,0
48554,0033800002jEvqAAAS,0.0,0,0.0,9347.0,0,1,0,0,0,0,1,0,0,0,0,1,1
48556,0033800002jEvskAAC,0.0,0,0.0,7352.0,0,0,0,1,0,0,1,0,0,0,0,1,0
48560,0033800002jEvxkAAC,0.0,0,10458.0,2304.0,0,0,0,1,0,0,1,0,0,0,0,1,1
48562,0033800002jEw0lAAC,0.0,0,0.0,7421.0,0,1,0,0,0,1,0,0,0,0,0,1,1
48573,0033800002jEwIAAA0,0.0,0,2668.0,1644.0,0,1,0,0,0,0,1,0,0,0,0,1,1
48574,0033800002jEwJrAAK,0.0,0,0.0,3622.0,0,1,0,0,0,0,1,0,0,0,0,1,1
48576,0033800002jEwQjAAK,0.0,0,0.0,3165.0,0,0,0,1,0,0,0,0,0,1,0,1,1
48577,0033800002jEwWNAA0,0.0,0,0.0,7305.0,0,0,0,0,1,0,1,0,0,0,0,1,0
48585,0033800002jEzJLAA0,0.0,0,0.0,9888.0,0,0,0,1,0,0,0,0,1,0,0,1,0
48586,0033800002jEzp3AAC,0.0,60,4130.0,2696.0,1,0,0,0,0,0,1,0,0,0,0,1,1
48587,0033800002jF131AAC,0.0,0,0.0,1355.0,0,0,0,1,0,0,1,0,0,0,1,0,0
48590,0033800002jF1Z6AAK,0.0,0,4635.0,1826.0,1,0,0,0,0,0,1,0,0,0,0,1,1
48594,0033800002jF29LAAS,0.0,0,0.0,8163.0,1,0,0,0,0,1,0,0,0,0,0,1,1
48597,0033800002jF2FGAA0,0.0,0,1722.0,1318.0,0,1,0,0,0,1,0,0,0,0,1,0,1
48598,0033800002jF2H2AAK,0.0,0,0.0,2071.0,0,0,0,1,0,0,1,0,0,0,0,1,1
48599,0033800002jF2LEAA0,0.0,0,974.0,2715.0,0,0,0,1,0,0,1,0,0,0,0,1,0
48600,0033800002jF2LJAA0,0.0,50,2296.0,1736.0,0,1,0,0,0,0,0,0,1,0,0,1,1
48606,0033800002jF2g7AAC,0.0,30,0.0,2865.0,0,0,0,1,0,0,0,0,0,1,0,1,1
48609,0033800002jF2yuAAC,0.0,0,0.0,9003.0,0,1,0,0,0,1,0,0,0,0,0,1,0
48610,0033800002jF3KbAAK,0.0,0,0.0,970.0,0,0,0,1,0,0,1,0,0,0,1,0,0
48615,0033800002jF4yIAAS,0.0,0,0.0,7752.0,0,1,0,0,0,0,0,0,1,0,0,1,1
48618,0033800002jF5DHAA0,0.0,0,0.0,7313.0,0,0,0,1,0,0,1,0,0,0,0,1,1
48619,0033800002jF5JeAAK,0.0,0,0.0,10397.0,0,0,0,0,1,0,1,0,0,0,0,1,0
48620,0033800002jF5KSAA0,0.0,0,0.0,7322.0,0,1,0,0,0,1,0,0,0,0,0,1,0
48626,0033800002jF6AwAAK,0.0,0,0.0,3139.0,0,1,0,0,0,0,0,0,0,1,0,1,1
48627,0033800002jF6FmAAK,0.0,0,1809.0,8913.0,1,0,0,0,0,0,1,0,0,0,0,1,1
48628,0033800002jF6REAA0,0.0,0,0.0,1270.0,0,0,0,1,0,0,1,0,0,0,0,1,1
48630,0033800002jF6ZDAA0,0.0,60,2394.0,2191.0,0,1,0,0,0,1,0,0,0,0,0,1,1
48633,0033800002jF6quAAC,0.0,0,0.0,8468.0,0,0,0,1,0,0,1,0,0,0,0,1,0
48634,0033800002jF6sqAAC,0.0,0,0.0,1616.0,0,1,0,0,0,0,1,0,0,0,1,0,1
48636,0033800002jF6u8AAC,0.0,0,651.0,4850.0,0,0,0,1,0,0,0,0,0,1,0,1,0
48638,0033800002jF7BjAAK,0.0,0,414.0,9146.0,0,0,0,1,0,0,1,0,0,0,0,1,1
48639,0033800002jF7HxAAK,0.0,100,1728.0,3795.0,0,0,0,1,0,1,0,0,0,0,1,0,0
48642,0033800002jF7SgAAK,0.0,0,1971.0,2922.0,0,0,0,0,1,0,0,0,0,1,0,1,1
48644,0033800002jF7TpAAK,0.0,0,0.0,1826.0,0,1,0,0,0,0,1,0,0,0,1,0,1
48646,0033800002jF7eXAAS,0.0,80,1337.0,3176.0,0,1,0,0,0,0,1,0,0,0,0,1,1
48647,0033800002jF7ehAAC,0.0,70,3155.0,7315.0,0,1,0,0,0,1,0,0,0,0,0,1,1
48648,0033800002jF7i5AAC,0.0,0,385.0,6073.0,1,0,0,0,0,0,1,0,0,0,0,1,1
48656,0033800002jF83hAAC,0.0,0,0.0,2487.0,0,0,0,0,1,1,0,0,0,0,0,1,1
48660,0033800002jF8G6AAK,0.0,100,0.0,6668.0,0,0,0,1,0,0,1,0,0,0,0,1,1
48661,0033800002jF8VUAA0,0.0,0,476.0,2272.0,1,0,0,0,0,0,0,0,1,0,0,1,1
48662,0033800002jF8YAAA0,0.0,0,0.0,7332.0,1,0,0,0,0,0,1,0,0,0,0,1,0
48663,0033800002jF8rWAAS,0.0,0,0.0,7316.0,0,0,0,0,1,1,0,0,0,0,1,0,1
48669,0033800002jF8xUAAS,0.0,0,8967.0,1611.0,1,0,0,0,0,0,0,0,0,1,0,1,1
48671,0033800002jF99BAAS,0.0,0,0.0,704.0,1,0,0,0,0,0,1,0,0,0,0,1,1
48672,0033800002jF9JGAA0,0.0,0,1810.0,1460.0,0,1,0,0,0,0,0,0,0,1,0,1,0
48679,0033800002jF9hIAAS,0.0,0,0.0,2281.0,0,0,0,1,0,0,1,0,0,0,1,0,1
48681,0033800002jF9iBAAS,0.0,0,0.0,5592.0,0,0,0,1,0,0,1,0,0,0,0,1,0
48682,0033800002jF9ifAAC,0.0,0,0.0,1245.0,0,0,0,1,0,1,0,0,0,0,0,1,0
48684,0033800002jF9k2AAC,0.0,0,1199.0,3297.0,0,0,0,1,0,0,0,0,1,0,0,1,0
48685,0033800002jF9l5AAC,0.0,0,1879.0,1460.0,0,0,0,1,0,0,0,0,1,0,0,1,0
48689,0033800002jFA5yAAG,0.0,40,719.0,4711.0,0,0,0,0,1,0,1,0,0,0,1,0,1
48691,0033800002jFA9gAAG,0.0,0,0.0,10901.0,0,0,0,0,1,1,0,0,0,0,0,1,1
48693,0033800002jFAAoAAO,0.0,0,5.0,1038.0,0,0,0,1,0,0,0,0,1,0,1,0,1
48695,0033800002jFAEgAAO,0.0,0,0.0,5656.0,0,1,0,0,0,0,1,0,0,0,1,0,1
48699,0033800002jFAJgAAO,0.0,100,205.0,8794.0,0,1,0,0,0,0,1,0,0,0,0,1,0
48702,0033800002jFANiAAO,0.0,0,70.0,3598.0,0,1,0,0,0,0,1,0,0,0,0,1,0
48704,0033800002jFAOWAA4,0.0,30,63.0,1379.0,1,0,0,0,0,0,1,0,0,0,0,1,0
48706,0033800002jFAQSAA4,0.0,70,4534.0,965.0,0,0,0,1,0,1,0,0,0,0,0,1,0
48707,0033800002jFAQcAAO,0.0,90,89.0,1045.0,0,0,0,1,0,0,1,0,0,0,0,1,0
48709,0033800002jFASYAA4,0.0,0,0.0,1463.0,0,1,0,0,0,1,0,0,0,0,0,1,0
48712,0033800002jFAZPAA4,0.0,0,210.0,2541.0,0,1,0,0,0,0,0,0,0,1,0,1,0
48715,0033800002jFB9jAAG,0.0,0,4700.0,1158.0,0,1,0,0,0,1,0,0,0,0,0,1,1
48719,0033800002jFBR9AAO,0.0,0,0.0,2924.0,0,0,0,1,0,1,0,0,0,0,0,1,0
48722,0033800002jFBRCAA4,0.0,90,2484.0,4748.0,0,1,0,0,0,0,0,0,1,0,0,1,1
48723,0033800002jFBRDAA4,0.0,0,1327.0,1461.0,0,0,0,1,0,0,0,0,1,0,0,1,1
48724,0033800002jFBREAA4,0.0,0,0.0,4340.0,0,1,0,0,0,1,0,0,0,0,0,1,1
48726,0033800002jFBRVAA4,0.0,0,0.0,7545.0,1,0,0,0,0,1,0,0,0,0,1,0,1
48737,0033800002jFCEhAAO,0.0,0,0.0,7588.0,0,0,0,1,0,0,0,1,0,0,0,1,1
48745,0033800002jFCSYAA4,0.0,0,2643.0,603.0,0,0,0,1,0,0,1,0,0,0,0,1,0
48747,0033800002jFCWDAA4,0.0,0,36.0,3402.0,0,1,0,0,0,0,1,0,0,0,0,1,0
48748,0033800002jFCWmAAO,0.0,0,943.0,3305.0,0,1,0,0,0,0,0,0,1,0,0,1,1
48751,0033800002jFCfZAAW,0.0,0,0.0,2191.0,0,0,0,1,0,0,0,0,0,1,0,1,0
48752,0033800002jFCtlAAG,0.0,0,0.0,8174.0,0,0,0,0,1,0,1,0,0,0,0,1,1
48753,0033800002jFCxEAAW,0.0,30,1030.0,1768.0,0,0,0,1,0,0,1,0,0,0,0,1,0
48756,0033800002jFD0XAAW,0.0,0,1061.0,7316.0,0,0,0,0,1,0,1,0,0,0,0,1,0
48759,0033800002jFDAhAAO,0.0,100,0.0,7184.0,0,0,0,1,0,0,1,0,0,0,0,1,1
48761,0033800002jFDHsAAO,0.0,60,0.0,4311.0,0,1,0,0,0,0,0,0,1,0,1,0,1
48762,0033800002jFDRJAA4,0.0,0,3526.0,4881.0,0,1,0,0,0,1,0,0,0,0,0,1,0
48765,0033800002jFDdxAAG,0.0,0,0.0,3529.0,0,0,0,1,0,0,1,0,0,0,0,1,0
48766,0033800002jFDiJAAW,0.0,0,0.0,9554.0,0,1,0,0,0,0,0,0,0,1,0,1,1
48767,0033800002jFDjvAAG,0.0,0,8111.0,2922.0,0,0,0,0,1,0,1,0,0,0,0,1,0
48768,0033800002jFDkUAAW,0.0,0,0.0,2805.0,0,0,0,1,0,0,1,0,0,0,0,1,0
48769,0033800002jFDo4AAG,0.0,0,1428.0,5601.0,0,1,0,0,0,0,0,0,0,1,1,0,1
48772,0033800002jFE1AAAW,0.0,0,0.0,10704.0,0,0,0,0,1,0,1,0,0,0,1,0,1
48773,0033800002jFE1YAAW,0.0,0,0.0,7321.0,0,0,0,1,0,0,0,0,1,0,0,1,0
48774,0033800002jFE30AAG,0.0,0,28.0,310.0,1,0,0,0,0,0,1,0,0,0,0,1,0
48777,0033800002jFEP2AAO,1.0,0,0.0,1856.0,0,1,0,0,0,0,0,0,0,1,1,0,0
48778,0033800002jFEQ0AAO,0.0,0,0.0,1228.0,1,0,0,0,0,0,1,0,0,0,0,1,1
48781,0033800002jFEWOAA4,0.0,0,0.0,2407.0,0,0,0,1,0,1,0,0,0,0,0,1,1
48782,0033800002jFEYRAA4,0.0,0,0.0,9468.0,0,0,0,0,1,0,0,0,1,0,0,1,1
48783,0033800002jFEa3AAG,0.0,0,0.0,7750.0,0,0,0,1,0,0,1,0,0,0,0,1,1
48784,0033800002jFEigAAG,0.0,10,2853.0,1522.0,0,0,0,1,0,1,0,0,0,0,0,1,1
48785,0033800002jFEj0AAG,0.0,0,0.0,1291.0,0,0,0,1,0,0,1,0,0,0,0,1,1
48788,0033800002jFErOAAW,0.0,0,0.0,3679.0,0,0,0,1,0,0,1,0,0,0,1,0,1
48791,0033800002jFEy5AAG,0.0,0,0.0,3275.0,0,0,0,1,0,0,1,0,0,0,1,0,0
48797,0033800002jFFAVAA4,0.0,0,0.0,4209.0,0,1,0,0,0,0,1,0,0,0,1,0,0
48799,0033800002jFFBnAAO,0.0,0,0.0,3231.0,0,0,0,1,0,0,1,0,0,0,0,1,1
48800,0033800002jFFBoAAO,0.0,0,0.0,7330.0,0,1,0,0,0,0,1,0,0,0,1,0,1
48805,0033800002jFFZCAA4,0.0,0,0.0,8403.0,0,0,0,1,0,0,1,0,0,0,0,1,1
48808,0033800002jFFk9AAG,0.0,0,7.0,2092.0,0,0,0,0,1,0,0,1,0,0,0,1,0
48810,0033800002jFFwZAAW,0.0,0,0.0,1206.0,0,0,0,1,0,0,1,0,0,0,0,1,1
48812,0033800002jFG6dAAG,0.0,0,0.0,2965.0,0,0,0,1,0,0,1,0,0,0,0,1,0
48813,0033800002jFG6sAAG,0.0,0,0.0,5164.0,0,0,1,0,0,0,0,0,0,1,1,0,0
48814,0033800002jFGa4AAG,0.0,0,0.0,4164.0,0,0,0,1,0,0,0,0,0,1,0,1,0
48818,0033800002jFGjfAAG,0.0,0,248.0,3044.0,0,1,0,0,0,0,0,0,1,0,1,0,1
48822,0033800002jFGpJAAW,0.0,0,0.0,4121.0,0,0,0,1,0,0,0,1,0,0,0,1,1
48826,0033800002jFGt6AAG,0.0,0,9.0,1460.0,0,0,0,1,0,0,0,0,0,1,0,1,1
48828,0033800002jFGyYAAW,0.0,0,0.0,8630.0,0,0,0,0,1,0,0,0,0,1,0,1,1
48829,0033800002jFGynAAG,0.0,0,209.0,1827.0,0,0,0,1,0,0,0,0,0,1,1,0,0
48831,0033800002jFH8sAAG,0.0,10,3259.0,5329.0,0,0,0,1,0,0,0,0,1,0,0,1,0
48838,0033800002jFIHFAA4,0.0,0,0.0,6943.0,0,0,0,1,0,0,0,0,0,1,0,1,0
48839,0033800002jFILCAA4,0.0,0,3069.0,432.0,0,0,0,1,0,0,0,0,0,1,0,1,1
48844,0033800002jFIiaAAG,0.0,0,4303.0,1477.0,0,0,0,1,0,0,0,0,1,0,0,1,0
48848,0033800002jFIyGAAW,0.0,0,567.0,8428.0,0,1,0,0,0,0,1,0,0,0,0,1,0
48849,0033800002jFJ15AAG,0.0,0,0.0,5478.0,0,0,0,1,0,1,0,0,0,0,0,1,1
48851,0033800002jFJ4JAAW,0.0,0,2741.0,3780.0,0,1,0,0,0,0,0,0,1,0,0,1,0
48853,0033800002jFJJWAA4,0.0,0,0.0,2940.0,0,0,0,1,0,0,1,0,0,0,0,1,1
48855,0033800002jFJQaAAO,0.0,0,0.0,9287.0,1,0,0,0,0,0,1,0,0,0,0,1,1
48856,0033800002jFJTkAAO,0.0,0,0.0,7399.0,0,0,0,1,0,1,0,0,0,0,0,1,1
48857,0033800002jFJWUAA4,0.0,0,242.0,1226.0,0,0,0,1,0,0,1,0,0,0,0,1,1
48858,0033800002jFJdkAAG,0.0,100,285.0,5909.0,0,0,0,1,0,0,0,1,0,0,0,1,1
48864,0033800002jFK7fAAG,0.0,0,0.0,7238.0,0,0,0,1,0,0,0,0,0,1,0,1,1
48866,0033800002jFKCpAAO,0.0,0,0.0,6239.0,1,0,0,0,0,0,1,0,0,0,0,1,1
48867,0033800002jFKG3AAO,0.0,0,0.0,1499.0,0,0,0,1,0,0,1,0,0,0,1,0,0
48868,0033800002jFKKjAAO,0.0,0,0.0,7283.0,0,0,0,1,0,0,1,0,0,0,0,1,0
48871,0033800002jFKMuAAO,0.0,0,141.0,238.0,0,1,0,0,0,0,0,0,0,1,0,1,0
48872,0033800002jFKPKAA4,0.0,60,1037.0,4480.0,0,0,0,1,0,0,0,0,1,0,0,1,1
48878,0033800002jFKlmAAG,0.0,0,1077.0,2296.0,0,1,0,0,0,0,1,0,0,0,0,1,0
48882,0033800002jFKx4AAG,0.0,0,0.0,10982.0,1,0,0,0,0,0,0,0,0,1,0,1,1
48883,0033800002jFL13AAG,3.0,100,0.0,7700.0,0,1,0,0,0,1,0,0,0,0,0,1,1
48891,0033800002jFLXhAAO,0.0,0,0.0,741.0,0,0,0,1,0,0,1,0,0,0,1,0,0
48897,0033800002jFMHbAAO,0.0,30,3550.0,1128.0,0,0,0,0,1,0,0,0,0,1,0,1,1
48898,0033800002jFMIeAAO,0.0,0,239.0,1826.0,0,0,0,1,0,0,0,0,1,0,0,1,0
48901,0033800002jFMLiAAO,0.0,0,0.0,8409.0,0,0,0,1,0,0,1,0,0,0,0,1,0
48902,0033800002jFMP2AAO,0.0,0,3724.0,2827.0,0,1,0,0,0,0,0,0,0,1,0,1,1
48904,0033800002jFMUkAAO,0.0,0,1100.0,2484.0,1,0,0,0,0,0,0,0,0,1,0,1,1
48914,0033800002jFRRXAA4,0.0,0,2.0,2055.0,0,0,0,1,0,0,0,0,0,1,0,1,0
48915,0033800002jFRSLAA4,0.0,0,4652.0,1461.0,0,1,0,0,0,0,0,0,0,1,0,1,1
48921,0033800002jFRmoAAG,0.0,0,85.0,2546.0,0,0,0,1,0,0,1,0,0,0,0,1,1
48922,0033800002jFRp9AAG,0.0,90,12.0,6153.0,1,0,0,0,0,1,0,0,0,0,0,1,1
48926,0033800002jFT95AAG,5.0,0,0.0,5079.0,1,0,0,0,0,0,1,0,0,0,0,1,1
48928,0033800002jFTbgAAG,0.0,0,8032.0,1034.0,0,0,0,1,0,0,1,0,0,0,0,1,0
48930,0033800002jFTgNAAW,0.0,0,9267.0,1064.0,0,0,0,1,0,0,0,0,0,1,0,1,0
48932,0033800002jFTo1AAG,0.0,0,10282.0,1798.0,0,0,0,1,0,1,0,0,0,0,0,1,0
48935,0033800002jFTwtAAG,0.0,0,179.0,1145.0,0,0,0,1,0,0,0,0,0,1,0,1,1
48936,0033800002jFTyGAAW,0.0,0,0.0,7306.0,0,0,0,1,0,0,0,0,0,1,0,1,0
48938,0033800002jFTzsAAG,0.0,0,0.0,8060.0,0,0,0,1,0,0,1,0,0,0,0,1,1
48939,0033800002jFU02AAG,0.0,0,0.0,4496.0,0,0,0,1,0,0,0,0,0,1,0,1,0
48941,0033800002jFUBsAAO,0.0,0,8339.0,1096.0,0,0,0,1,0,0,1,0,0,0,0,1,0
48945,0033800002jFUOTAA4,0.0,0,0.0,2850.0,0,1,0,0,0,0,1,0,0,0,0,1,0
48949,0033800002jFUVPAA4,0.0,0,8282.0,2618.0,0,1,0,0,0,0,0,0,0,1,0,1,1
48956,0033800002jFUxOAAW,0.0,0,637.0,1643.0,0,1,0,0,0,0,1,0,0,0,0,1,1
48961,0033800002jFVEoAAO,0.0,10,483.0,7314.0,1,0,0,0,0,1,0,0,0,0,1,0,0
48963,0033800002jFVNqAAO,0.0,0,0.0,2064.0,0,1,0,0,0,0,0,1,0,0,0,1,0
48964,0033800002jFVWsAAO,0.0,0,0.0,7327.0,1,0,0,0,0,0,1,0,0,0,0,1,0
48967,0033800002jFVpuAAG,0.0,70,730.0,10591.0,0,0,0,0,1,1,0,0,0,0,1,0,1
48972,0033800002jFW9uAAG,0.0,0,0.0,9422.0,1,0,0,0,0,0,1,0,0,0,0,1,1
48975,0033800002jFWDJAA4,0.0,0,0.0,3004.0,0,1,0,0,0,0,1,0,0,0,1,0,1
48979,0033800002jFWKAAA4,0.0,0,0.0,9521.0,0,1,0,0,0,1,0,0,0,0,0,1,1
48982,0033800002jFWTQAA4,0.0,0,0.0,7941.0,0,0,0,1,0,0,1,0,0,0,0,1,1
48983,0033800002jFWVCAA4,0.0,20,2674.0,7502.0,0,0,0,0,1,0,1,0,0,0,0,1,1
48986,0033800002jFWx7AAG,0.0,0,0.0,1764.0,0,0,0,1,0,0,1,0,0,0,0,1,1
48987,0033800002jFX27AAG,0.0,0,0.0,10975.0,0,1,0,0,0,0,1,0,0,0,0,1,0
48991,0033800002jFXRzAAO,0.0,0,0.0,8042.0,1,0,0,0,0,1,0,0,0,0,0,1,1
48993,0033800002jFXrdAAG,0.0,0,0.0,2801.0,1,0,0,0,0,1,0,0,0,0,0,1,1
48995,0033800002jFY8eAAG,0.0,0,0.0,8414.0,1,0,0,0,0,1,0,0,0,0,1,0,0
48996,0033800002jFYByAAO,0.0,0,0.0,2900.0,0,0,0,1,0,1,0,0,0,0,0,1,0
48998,0033800002jFYEmAAO,0.0,0,0.0,2695.0,0,0,0,0,1,0,1,0,0,0,1,0,0
49000,0033800002jFYJnAAO,0.0,0,0.0,2371.0,0,0,0,1,0,0,1,0,0,0,0,1,1
49001,0033800002jFYKfAAO,0.0,0,1017.0,2192.0,1,0,0,0,0,1,0,0,0,0,0,1,0
49002,0033800002jFYM2AAO,0.0,0,0.0,1366.0,0,0,0,1,0,0,0,0,0,1,0,1,1
49008,0033800002jFYaEAAW,0.0,0,0.0,9152.0,0,0,0,1,0,0,1,0,0,0,0,1,0
49009,0033800002jFYbvAAG,0.0,20,3684.0,2191.0,0,1,0,0,0,0,0,0,1,0,0,1,0
49011,0033800002jFYdcAAG,0.0,0,0.0,2864.0,0,0,0,1,0,0,1,0,0,0,1,0,1
49012,0033800002jFYkpAAG,0.0,0,28.0,7314.0,1,0,0,0,0,1,0,0,0,0,1,0,0
49016,0033800002jFaCkAAK,0.0,80,529.0,1218.0,1,0,0,0,0,0,1,0,0,0,0,1,1
49018,0033800002jFaERAA0,0.0,0,991.0,732.0,0,0,0,1,0,0,0,0,0,1,0,1,1
49020,0033800002jFaGcAAK,0.0,0,9177.0,1460.0,0,1,0,0,0,0,1,0,0,0,0,1,1
49026,0033800002jFadbAAC,0.0,0,529.0,2800.0,0,0,0,1,0,0,0,0,1,0,1,0,1
49027,0033800002jFafIAAS,0.0,0,0.0,11254.0,0,1,0,0,0,0,0,0,0,1,0,1,0
49034,0033800002jFayjAAC,0.0,90,4942.0,226.0,0,1,0,0,0,0,1,0,0,0,0,1,1
49035,0033800002jFb30AAC,0.0,0,0.0,5358.0,0,1,0,0,0,1,0,0,0,0,0,1,0
49038,0033800002jFb5VAAS,0.0,0,0.0,7327.0,0,0,0,1,0,0,1,0,0,0,0,1,1
49039,0033800002jFb7MAAS,0.0,0,16004.0,156.0,0,0,0,1,0,0,1,0,0,0,0,1,0
49040,0033800002jFb7WAAS,0.0,0,0.0,10970.0,0,1,0,0,0,0,1,0,0,0,0,1,1
49041,0033800002jFbCvAAK,0.0,70,7716.0,2566.0,0,0,0,1,0,0,0,0,0,1,0,1,0
49044,0033800002jFbW7AAK,0.0,0,0.0,7400.0,0,1,0,0,0,0,0,0,0,1,0,1,1
49045,0033800002jFbZpAAK,0.0,0,0.0,1460.0,0,1,0,0,0,0,1,0,0,0,0,1,0
49048,0033800002jFbcPAAS,0.0,0,831.0,1685.0,0,0,0,0,1,0,1,0,0,0,1,0,1
49049,0033800002jFbl2AAC,0.0,0,0.0,1345.0,0,0,0,1,0,0,1,0,0,0,0,1,0
49051,0033800002jFbnXAAS,0.0,0,0.0,6504.0,0,0,0,1,0,0,0,0,1,0,0,1,1
49053,0033800002jFbx8AAC,0.0,0,3913.0,474.0,0,1,0,0,0,0,1,0,0,0,0,1,1
49055,0033800002jFc4xAAC,0.0,0,2109.0,2921.0,0,0,0,0,1,0,0,0,0,1,0,1,1
49056,0033800002jFcACAA0,0.0,0,966.0,1388.0,0,0,0,1,0,0,0,0,1,0,0,1,0
49059,0033800002jFcVeAAK,0.0,0,0.0,7327.0,0,0,0,1,0,0,1,0,0,0,0,1,0
49061,0033800002jFcfyAAC,0.0,0,791.0,2191.0,1,0,0,0,0,1,0,0,0,0,1,0,0
49062,0033800002jFctCAAS,0.0,0,0.0,7317.0,0,0,0,1,0,0,1,0,0,0,0,1,0
49073,0033800002jFegWAAS,0.0,0,0.0,10764.0,0,1,0,0,0,0,1,0,0,0,0,1,1
49077,0033800002jFevlAAC,0.0,0,0.0,10970.0,1,0,0,0,0,0,0,0,0,1,0,1,0
49080,0033800002jFeykAAC,0.0,0,1168.0,2191.0,0,1,0,0,0,0,0,0,0,1,0,1,1
49084,0033800002jFfPmAAK,0.0,100,499.0,4993.0,1,0,0,0,0,0,0,0,1,0,0,1,0
49085,0033800002jFfQ6AAK,0.0,0,48.0,3025.0,1,0,0,0,0,0,0,0,0,1,1,0,0
49087,0033800002jFfRiAAK,0.0,0,222.0,2209.0,0,0,0,1,0,0,0,0,0,1,0,1,0
49100,0033800002jFh4gAAC,0.0,0,0.0,8417.0,0,0,0,0,1,0,0,0,0,1,0,1,0
49101,0033800002jFh63AAC,0.0,90,1151.0,3419.0,0,0,0,1,0,0,1,0,0,0,1,0,0
49102,0033800002jFh6XAAS,0.0,0,0.0,7313.0,0,0,0,0,1,1,0,0,0,0,0,1,1
49104,0033800002jFhKFAA0,0.0,0,0.0,9456.0,0,1,0,0,0,0,0,1,0,0,0,1,0
49108,0033800002jFhSFAA0,0.0,80,0.0,7454.0,0,1,0,0,0,0,0,0,0,1,0,1,1
49109,0033800002jFhXOAA0,0.0,90,0.0,4723.0,1,0,0,0,0,0,0,0,0,1,0,1,1
49134,0033800002jFhy5AAC,0.0,0,0.0,8291.0,1,0,0,0,0,0,1,0,0,0,1,0,0
49136,0033800002jFi72AAC,0.0,0,0.0,7791.0,1,0,0,0,0,0,1,0,0,0,0,1,1
49144,0033800002jFiPgAAK,0.0,0,0.0,3925.0,0,0,0,1,0,0,1,0,0,0,0,1,1
49145,0033800002jFiYcAAK,0.0,0,0.0,5162.0,0,1,0,0,0,0,1,0,0,0,0,1,0
49147,0033800002jFijGAAS,0.0,0,0.0,7290.0,0,1,0,0,0,0,1,0,0,0,0,1,0
49150,0033800002jFivqAAC,0.0,0,0.0,6257.0,1,0,0,0,0,0,1,0,0,0,0,1,1
49152,0033800002jFiw1AAC,0.0,90,1577.0,7297.0,0,1,0,0,0,1,0,0,0,0,0,1,1
49153,0033800002jFiw2AAC,0.0,0,0.0,8026.0,0,1,0,0,0,0,1,0,0,0,0,1,1
49160,0033800002jFiw9AAC,0.0,90,240.0,1629.0,0,1,0,0,0,0,0,0,0,1,0,1,1
49162,0033800002jFj3VAAS,0.0,80,711.0,3256.0,0,0,0,0,1,1,0,0,0,0,0,1,1
49166,0033800002jFjz5AAC,0.0,0,0.0,3287.0,1,0,0,0,0,1,0,0,0,0,0,1,0
49169,0033800002jFk3qAAC,0.0,0,5964.0,7823.0,0,1,0,0,0,0,1,0,0,0,0,1,0
49170,0033800002jFk4KAAS,0.0,0,0.0,2191.0,1,0,0,0,0,1,0,0,0,0,1,0,1
49171,0033800002jFk99AAC,0.0,0,0.0,2191.0,0,1,0,0,0,1,0,0,0,0,0,1,0
49172,0033800002jFkBPAA0,0.0,0,0.0,6419.0,0,0,0,1,0,0,0,0,0,1,0,1,0
49174,0033800002jFkDGAA0,0.0,20,395.0,2139.0,0,0,0,1,0,0,1,0,0,0,0,1,0
49178,0033800002jFkOgAAK,0.0,0,3596.0,3899.0,0,0,0,0,1,1,0,0,0,0,1,0,0
49179,0033800002jFkmFAAS,0.0,0,358.0,2644.0,0,0,0,1,0,0,1,0,0,0,0,1,1
49180,0033800002jFkvAAAS,0.0,30,94.0,2400.0,0,0,0,1,0,0,1,0,0,0,1,0,0
49181,0033800002jFlHmAAK,0.0,0,0.0,8410.0,1,0,0,0,0,0,1,0,0,0,0,1,1
49182,0033800002jFlO4AAK,0.0,0,0.0,6847.0,0,1,0,0,0,0,1,0,0,0,0,1,0
49183,0033800002jFlOOAA0,0.0,0,1305.0,7937.0,0,0,0,0,1,0,0,0,1,0,0,1,1
49189,0033800002jFm6nAAC,0.0,100,706.0,4412.0,0,0,0,1,0,0,1,0,0,0,0,1,1
49190,0033800002jFm8KAAS,0.0,0,9525.0,4971.0,1,0,0,0,0,0,0,0,0,1,0,1,0
49193,0033800002jFm9NAAS,0.0,0,1902.0,86.0,0,1,0,0,0,0,0,0,0,1,1,0,1
49195,0033800002jFmFLAA0,0.0,0,0.0,9162.0,0,1,0,0,0,0,1,0,0,0,0,1,0
49197,0033800002jFmFpAAK,0.0,100,1384.0,2922.0,0,0,0,0,1,0,1,0,0,0,0,1,0
49204,0033800002jFmfzAAC,0.0,0,1312.0,1460.0,0,0,0,1,0,0,0,0,0,1,0,1,0
49207,0033800002jFmoYAAS,0.0,0,916.0,1704.0,0,0,0,1,0,0,0,0,0,1,0,1,0
49211,0033800002jFmqUAAS,0.0,0,48.0,2920.0,0,1,0,0,0,0,0,0,0,1,1,0,1
49215,0033800002jFmvPAAS,0.0,0,1784.0,1827.0,1,0,0,0,0,0,0,0,0,1,0,1,0
49220,0033800002jFn43AAC,0.0,70,2247.0,1440.0,0,1,0,0,0,0,1,0,0,0,0,1,0
49228,0033800002jFo1rAAC,0.0,0,0.0,9295.0,0,0,0,0,1,0,1,0,0,0,1,0,1
49231,0033800002jFoGDAA0,0.0,0,0.0,5441.0,0,1,0,0,0,0,0,0,0,1,1,0,0
49232,0033800002jFoIdAAK,0.0,0,0.0,2431.0,0,0,0,0,1,0,0,0,0,1,1,0,0
49233,0033800002jFoJWAA0,0.0,0,184.0,3301.0,0,0,0,1,0,0,0,0,1,0,0,1,1
49235,0033800002jFoiaAAC,0.0,0,0.0,1242.0,0,0,0,1,0,0,1,0,0,0,1,0,0
49236,0033800002jFop7AAC,0.0,0,0.0,7876.0,0,0,0,1,0,0,1,0,0,0,0,1,1
49237,0033800002jFopRAAS,0.0,0,0.0,10607.0,0,0,0,1,0,0,1,0,0,0,0,1,0
49238,0033800002jFos6AAC,0.0,0,0.0,341.0,1,0,0,0,0,1,0,0,0,0,0,1,1
49240,0033800002jFp7gAAC,0.0,0,28.0,3604.0,0,0,0,1,0,0,0,0,0,1,0,1,0
49256,0033800002jFq1cAAC,0.0,0,8.0,2163.0,0,0,0,1,0,0,1,0,0,0,0,1,0
49258,0033800002jFq5ZAAS,0.0,0,125.0,7483.0,1,0,0,0,0,1,0,0,0,0,0,1,1
49261,0033800002jFqERAA0,3.0,0,0.0,8773.0,0,0,0,1,0,0,0,0,1,0,0,1,1
49265,0033800002jFqaXAAS,0.0,0,0.0,7332.0,1,0,0,0,0,1,0,0,0,0,0,1,1
49267,0033800002jFrP9AAK,4.0,0,0.0,2058.0,0,0,0,1,0,0,1,0,0,0,0,1,1
49268,0033800002jFrWUAA0,0.0,0,1030.0,2190.0,0,1,0,0,0,0,1,0,0,0,0,1,0
49269,0033800002jFragAAC,0.0,0,0.0,10369.0,0,1,0,0,0,0,0,0,0,1,0,1,0
49271,0033800002jFrp2AAC,0.0,0,1694.0,2588.0,0,0,0,0,1,0,1,0,0,0,0,1,1
49272,0033800002jFrqZAAS,0.0,0,2366.0,1675.0,0,0,0,1,0,0,1,0,0,0,0,1,1
49273,0033800002jFrwwAAC,0.0,0,0.0,7324.0,0,0,0,1,0,0,1,0,0,0,0,1,1
49275,0033800002jFs1DAAS,0.0,0,0.0,2954.0,0,0,0,1,0,0,1,0,0,0,0,1,0
49279,0033800002jFsFKAA0,0.0,0,4475.0,3533.0,0,0,0,0,1,1,0,0,0,0,0,1,1
49282,0033800002jFsaOAAS,0.0,90,660.0,1264.0,0,0,0,1,0,0,1,0,0,0,0,1,0
49283,0033800002jFse1AAC,0.0,90,35.0,10188.0,0,0,0,0,1,0,1,0,0,0,0,1,1
49286,0033800002jFsuKAAS,0.0,0,0.0,8783.0,0,1,0,0,0,0,0,0,0,1,0,1,1
49292,0033800002jFtg4AAC,0.0,0,3162.0,6177.0,0,0,0,0,1,1,0,0,0,0,1,0,0
49297,0033800002jFuEGAA0,0.0,0,0.0,2223.0,0,0,0,1,0,0,0,0,1,0,0,1,0
49298,0033800002jFuQgAAK,3.0,70,0.0,7401.0,1,0,0,0,0,0,1,0,0,0,1,0,1
49300,0033800002jFuWyAAK,0.0,0,1641.0,1886.0,0,0,0,1,0,0,0,0,0,1,0,1,0
49301,0033800002jFuZdAAK,0.0,0,0.0,7323.0,0,1,0,0,0,0,1,0,0,0,0,1,0
49309,0033800002jFvx7AAC,0.0,0,4571.0,9516.0,0,1,0,0,0,0,0,0,0,1,0,1,1
49310,0033800002jFvyFAAS,0.0,0,612.0,7318.0,1,0,0,0,0,1,0,0,0,0,1,0,1
49316,0033800002jFwIjAAK,0.0,0,0.0,8936.0,0,1,0,0,0,1,0,0,0,0,1,0,1
49319,0033800002jFwcMAAS,0.0,0,5659.0,1461.0,0,0,0,0,1,0,0,0,1,0,0,1,1
49323,0033800002jFwzVAAS,0.0,0,14.0,1.0,0,0,0,0,1,0,1,0,0,0,0,1,1
49330,0033800002jFxSyAAK,0.0,0,93.0,9518.0,0,1,0,0,0,1,0,0,0,0,0,1,1
49331,0033800002jFxThAAK,0.0,0,0.0,10679.0,0,0,0,0,1,0,1,0,0,0,0,1,1
49336,0033800002jFxqqAAC,0.0,90,0.0,6119.0,1,0,0,0,0,0,1,0,0,0,0,1,1
49337,0033800002jFxqvAAC,0.0,80,0.0,3652.0,0,0,0,1,0,0,1,0,0,0,0,1,1
49339,0033800002jFxvvAAC,0.0,0,0.0,7320.0,0,0,0,1,0,0,0,0,0,1,0,1,1
49340,0033800002jFxzsAAC,0.0,0,609.0,2638.0,0,0,0,1,0,1,0,0,0,0,0,1,0
49342,0033800002jFy4OAAS,0.0,0,0.0,7458.0,0,0,0,0,1,0,1,0,0,0,1,0,1
49347,0033800002jFyXBAA0,0.0,0,0.0,1710.0,0,0,0,0,1,0,1,0,0,0,0,1,1
49349,0033800002jFydyAAC,0.0,0,10.0,1541.0,0,0,0,1,0,0,1,0,0,0,0,1,1
49354,0033800002jFyyIAAS,0.0,0,14551.0,1084.0,1,0,0,0,0,0,1,0,0,0,0,1,1
49355,0033800002jFz0OAAS,0.0,90,215.0,7580.0,1,0,0,0,0,0,0,0,0,1,0,1,1
49357,0033800002jFz6IAAS,0.0,0,1172.0,670.0,0,0,0,1,0,0,1,0,0,0,0,1,1
49362,0033800002jFzDoAAK,0.0,80,591.0,2922.0,1,0,0,0,0,1,0,0,0,0,0,1,1
49367,0033800002jFzWPAA0,0.0,40,1835.0,1952.0,0,1,0,0,0,1,0,0,0,0,1,0,1
49368,0033800002jFzagAAC,0.0,0,4262.0,1536.0,0,0,0,0,1,0,1,0,0,0,1,0,0
49370,0033800002jG0DjAAK,0.0,0,0.0,8785.0,1,0,0,0,0,1,0,0,0,0,0,1,1
49372,0033800002jG0MgAAK,0.0,0,2649.0,8953.0,0,0,0,0,1,0,0,0,0,1,0,1,1
49373,0033800002jG0U6AAK,0.0,0,311.0,10011.0,0,1,0,0,0,0,1,0,0,0,0,1,0
49374,0033800002jG0YXAA0,0.0,0,126.0,2009.0,0,0,0,1,0,0,0,0,1,0,0,1,1
49375,0033800002jG0qMAAS,0.0,0,0.0,8767.0,1,0,0,0,0,1,0,0,0,0,1,0,1
49380,0033800002jG10qAAC,0.0,0,210.0,2950.0,0,0,0,1,0,0,1,0,0,0,0,1,1
49382,0033800002jG11oAAC,0.0,0,0.0,7660.0,0,1,0,0,0,0,1,0,0,0,0,1,1
49386,0033800002jG1EEAA0,0.0,0,0.0,1460.0,0,0,0,1,0,1,0,0,0,0,0,1,1
49389,0033800002jG1GPAA0,0.0,0,0.0,5627.0,0,0,0,1,0,0,0,0,1,0,0,1,0
49394,0033800002jG1NGAA0,0.0,70,283.0,8467.0,0,0,0,0,1,0,0,0,1,0,0,1,1
49395,0033800002jG1PCAA0,0.0,100,1609.0,4018.0,1,0,0,0,0,0,1,0,0,0,0,1,1
49397,0033800002jG1PvAAK,0.0,0,3114.0,2192.0,0,1,0,0,0,0,0,0,1,0,0,1,1
49399,0033800002jG1YfAAK,0.0,0,0.0,7690.0,0,1,0,0,0,1,0,0,0,0,1,0,1
49402,0033800002jG1vDAAS,0.0,60,1024.0,1461.0,0,1,0,0,0,0,0,0,0,1,1,0,1
49404,0033800002jG2VIAA0,0.0,0,1828.0,3449.0,0,0,0,0,1,0,0,0,0,1,0,1,1
49407,0033800002jG2yVAAS,0.0,10,93.0,2472.0,0,0,0,0,1,0,0,0,0,1,0,1,0
49408,0033800002jG33QAAS,0.0,0,0.0,7436.0,0,0,0,0,1,0,1,0,0,0,1,0,1
49410,0033800002jG36eAAC,0.0,0,0.0,11018.0,0,1,0,0,0,0,1,0,0,0,0,1,0
49413,0033800002jG3BUAA0,0.0,80,0.0,7523.0,0,1,0,0,0,0,1,0,0,0,0,1,1
49415,0033800002jG3DzAAK,0.0,80,0.0,4189.0,1,0,0,0,0,0,1,0,0,0,0,1,0
49416,0033800002jG3FgAAK,0.0,0,0.0,7305.0,1,0,0,0,0,0,1,0,0,0,0,1,0
49418,0033800002jG3HcAAK,0.0,0,0.0,5890.0,1,0,0,0,0,0,1,0,0,0,1,0,0
49419,0033800002jG3JTAA0,0.0,0,0.0,1502.0,0,0,0,0,1,0,1,0,0,0,0,1,1
49421,0033800002jG3K4AAK,0.0,0,0.0,1600.0,0,0,0,1,0,0,1,0,0,0,0,1,0
49422,0033800002jG3K9AAK,0.0,0,0.0,3294.0,0,0,0,1,0,0,1,0,0,0,0,1,0
49423,0033800002jG3KUAA0,0.0,0,0.0,13251.0,0,1,0,0,0,0,1,0,0,0,0,1,0
49425,0033800002jG3MaAAK,0.0,0,0.0,1343.0,0,0,0,1,0,0,1,0,0,0,0,1,1
49426,0033800002jG3MkAAK,0.0,0,0.0,1249.0,0,0,0,1,0,0,1,0,0,0,1,0,0
49427,0033800002jG3MzAAK,0.0,0,0.0,14975.0,0,0,0,1,0,0,1,0,0,0,0,1,0
49431,0033800002jG3TWAA0,0.0,0,0.0,4352.0,0,0,0,1,0,0,1,0,0,0,0,1,0
49435,0033800002jG3nIAAS,0.0,0,161.0,3143.0,0,0,0,0,1,0,1,0,0,0,0,1,1
49436,0033800002jG3ofAAC,0.0,0,0.0,9152.0,0,0,0,1,0,0,1,0,0,0,0,1,1
49439,0033800002jG53pAAC,0.0,0,0.0,7334.0,1,0,0,0,0,0,1,0,0,0,1,0,1
49450,0033800002jG6ewAAC,0.0,70,883.0,2729.0,0,1,0,0,0,0,1,0,0,0,1,0,1
49453,0033800002jG6p1AAC,0.0,0,5.0,5506.0,0,1,0,0,0,0,1,0,0,0,0,1,1
49459,0033800002jG7evAAC,0.0,0,10913.0,1272.0,0,0,0,1,0,0,1,0,0,0,0,1,1
49461,0033800002jG7jCAAS,0.0,0,0.0,7224.0,1,0,0,0,0,0,1,0,0,0,1,0,0
49465,0033800002jG84UAAS,0.0,100,2320.0,1423.0,0,0,0,0,1,0,1,0,0,0,1,0,0
49468,0033800002jG882AAC,3.0,0,0.0,7431.0,0,1,0,0,0,1,0,0,0,0,1,0,1
49469,0033800002jG8BzAAK,0.0,0,259.0,3606.0,1,0,0,0,0,0,1,0,0,0,1,0,1
49470,0033800002jG8GLAA0,0.0,0,0.0,8066.0,0,1,0,0,0,1,0,0,0,0,1,0,0
49477,0033800002jG8hMAAS,0.0,100,0.0,7702.0,0,0,0,1,0,0,0,0,1,0,1,0,0
49478,0033800002jG8p1AAC,0.0,0,5300.0,3666.0,0,0,0,0,1,0,1,0,0,0,0,1,0
49479,0033800002jG8r9AAC,0.0,0,124.0,7322.0,1,0,0,0,0,1,0,0,0,0,0,1,1
49481,0033800002jG8ttAAC,0.0,0,0.0,13010.0,0,0,0,0,1,1,0,0,0,0,1,0,1
49482,0033800002jG8vkAAC,0.0,100,72.0,6144.0,0,0,0,0,1,0,1,0,0,0,0,1,1
49488,0033800002jG9NtAAK,4.0,90,0.0,3273.0,0,0,0,1,0,0,1,0,0,0,0,1,1
49491,0033800002jG9t1AAC,0.0,0,280.0,2120.0,0,0,0,1,0,1,0,0,0,0,0,1,0
49493,0033800002jG9yBAAS,0.0,100,2612.0,1826.0,0,1,0,0,0,0,0,0,1,0,0,1,1
49495,0033800002jGA4iAAG,0.0,0,3358.0,3486.0,0,0,0,0,1,1,0,0,0,0,1,0,1
49496,0033800002jGABtAAO,0.0,0,0.0,1764.0,0,0,0,1,0,0,0,0,0,1,1,0,0
49498,0033800002jGAEOAA4,0.0,0,0.0,3681.0,0,0,0,1,0,0,0,0,0,1,0,1,0
49501,0033800002jGBxLAAW,0.0,0,4276.0,1553.0,0,0,0,0,1,0,0,0,0,1,1,0,1
49502,0033800002jGBz6AAG,0.0,0,49.0,4317.0,0,0,0,1,0,0,1,0,0,0,1,0,0
49503,0033800002jGC0iAAG,0.0,0,2126.0,881.0,0,1,0,0,0,0,1,0,0,0,1,0,1
49504,0033800002jGC5EAAW,0.0,0,0.0,8795.0,0,1,0,0,0,0,1,0,0,0,0,1,1
49505,0033800002jGC5xAAG,0.0,10,1994.0,2114.0,0,1,0,0,0,0,1,0,0,0,0,1,1
49510,0033800002jGCGwAAO,0.0,0,0.0,8511.0,0,0,0,0,1,0,0,0,1,0,0,1,1
49516,0033800002jGCXnAAO,0.0,0,0.0,10968.0,0,1,0,0,0,0,0,0,0,1,0,1,1
49523,0033800002jGDZnAAO,0.0,0,0.0,5709.0,1,0,0,0,0,0,1,0,0,0,0,1,1
49529,0033800002jGDegAAG,0.0,20,14607.0,1461.0,0,1,0,0,0,0,0,0,0,1,0,1,0
49530,0033800002jGDhGAAW,0.0,0,0.0,7305.0,0,1,0,0,0,0,1,0,0,0,0,1,0
49531,0033800002jGDsxAAG,0.0,0,6.0,2884.0,0,0,0,1,0,0,0,0,0,1,0,1,1
49539,0033800002jGEHsAAO,0.0,0,0.0,4018.0,0,1,0,0,0,0,1,0,0,0,1,0,1
49544,0033800002jGEUZAA4,0.0,90,2353.0,8575.0,0,1,0,0,0,0,1,0,0,0,0,1,0
49546,0033800002jGEUjAAO,0.0,0,12316.0,1431.0,0,0,0,1,0,0,0,0,0,1,0,1,0
49550,0033800002jGEjVAAW,0.0,40,1495.0,2192.0,0,1,0,0,0,0,1,0,0,0,0,1,1
49554,0033800002jGF82AAG,0.0,0,0.0,1462.0,0,1,0,0,0,0,1,0,0,0,1,0,1
49556,0033800002jGFGAAA4,0.0,0,13419.0,409.0,0,0,0,1,0,1,0,0,0,0,0,1,1
49559,0033800002jGFTEAA4,0.0,30,4.0,3883.0,0,1,0,0,0,0,1,0,0,0,0,1,0
49560,0033800002jGFTOAA4,0.0,0,0.0,7329.0,0,1,0,0,0,0,1,0,0,0,1,0,1
49563,0033800002jGFgSAAW,0.0,0,0.0,9182.0,0,0,0,1,0,0,1,0,0,0,0,1,0
49566,0033800002jGFpUAAW,0.0,80,1553.0,2557.0,0,0,0,1,0,0,1,0,0,0,0,1,1
49569,0033800002jGG2JAAW,0.0,0,0.0,1893.0,0,0,0,1,0,0,1,0,0,0,0,1,1
49573,0033800002jGG74AAG,0.0,0,0.0,3492.0,0,0,0,1,0,0,1,0,0,0,0,1,1
49578,0033800002jGGNaAAO,0.0,0,0.0,7317.0,0,0,0,1,0,0,1,0,0,0,0,1,0
49582,0033800002jGGXaAAO,0.0,0,1545.0,1580.0,0,1,0,0,0,1,0,0,0,0,1,0,1
49586,0033800002jGGpkAAG,0.0,0,0.0,6050.0,0,0,0,1,0,0,1,0,0,0,0,1,1
49588,0033800002jGGtXAAW,0.0,0,531.0,5440.0,0,0,0,1,0,1,0,0,0,0,0,1,0
49591,0033800002jGH85AAG,0.0,30,92.0,5145.0,0,0,0,1,0,0,1,0,0,0,0,1,1
49597,0033800002jGHe5AAG,0.0,0,0.0,1215.0,0,0,0,1,0,0,1,0,0,0,0,1,1
49598,0033800002jGHgkAAG,0.0,0,0.0,7324.0,0,0,0,1,0,0,1,0,0,0,0,1,1
49605,0033800002jGHlWAAW,0.0,50,615.0,3464.0,0,0,0,0,1,0,0,0,0,1,0,1,1
49612,0033800002jGI0RAAW,0.0,90,0.0,3626.0,1,0,0,0,0,1,0,0,0,0,0,1,1
49613,0033800002jGI99AAG,0.0,0,871.0,1461.0,0,1,0,0,0,1,0,0,0,0,0,1,0
49618,0033800002jGJ7eAAG,0.0,100,543.0,10432.0,0,1,0,0,0,0,1,0,0,0,0,1,1
49620,0033800002jGJDbAAO,0.0,0,25.0,2340.0,0,0,0,1,0,0,1,0,0,0,0,1,0
49626,0033800002jGJSbAAO,0.0,0,0.0,1461.0,0,0,0,1,0,0,0,0,0,1,1,0,0
49628,0033800002jGJVkAAO,0.0,20,3785.0,2040.0,0,1,0,0,0,0,0,0,0,1,0,1,1
49634,0033800002jGKuYAAW,0.0,0,0.0,1553.0,0,0,0,1,0,1,0,0,0,0,0,1,1
49635,0033800002jGKunAAG,0.0,0,0.0,103.0,0,0,0,0,1,1,0,0,0,0,1,0,1
49636,0033800002jGKvbAAG,0.0,0,4326.0,1612.0,0,1,0,0,0,0,1,0,0,0,0,1,1
49637,0033800002jGKwKAAW,0.0,0,33.0,3585.0,0,1,0,0,0,0,1,0,0,0,1,0,1
49640,0033800002jGKz9AAG,0.0,0,0.0,9538.0,1,0,0,0,0,1,0,0,0,0,0,1,0
49645,0033800002jGL86AAG,0.0,0,0.0,844.0,0,0,0,1,0,0,1,0,0,0,1,0,0
49663,0033800002jGMQjAAO,0.0,0,0.0,9680.0,0,0,0,0,1,0,1,0,0,0,1,0,0
49664,0033800002jGMhnAAG,0.0,0,851.0,1461.0,1,0,0,0,0,0,0,0,1,0,1,0,1
49672,0033800002jGMpIAAW,0.0,0,48.0,2111.0,0,0,0,0,1,0,0,0,1,0,1,0,1
49673,0033800002jGMpSAAW,0.0,0,713.0,9973.0,0,1,0,0,0,0,1,0,0,0,0,1,0
49689,0033800002jGMviAAG,0.0,70,124.0,2438.0,1,0,0,0,0,0,1,0,0,0,0,1,1
49692,0033800002jGMwWAAW,0.0,0,123.0,9128.0,0,1,0,0,0,0,0,0,0,1,1,0,1
49696,0033800002jGMxVAAW,0.0,0,307.0,10958.0,0,0,0,1,0,0,0,0,1,0,0,1,0
49702,0033800002jGMymAAG,0.0,0,367.0,5674.0,0,1,0,0,0,0,0,0,0,1,0,1,0
49706,0033800002jGN0JAAW,0.0,0,0.0,8059.0,0,0,0,1,0,0,0,0,1,0,0,1,1
49708,0033800002jGN2oAAG,0.0,0,1051.0,1825.0,0,0,0,0,1,0,0,0,0,1,0,1,1
49710,0033800002jGNSWAA4,0.0,0,0.0,8415.0,0,0,0,1,0,0,1,0,0,0,0,1,0
49713,0033800002jGOFhAAO,0.0,0,1633.0,2327.0,0,0,0,1,0,0,1,0,0,0,0,1,0
49717,0033800002jGPkdAAG,0.0,0,1346.0,2007.0,0,0,0,1,0,0,0,0,1,0,0,1,1
49719,0033800002jGPqgAAG,0.0,50,0.0,11740.0,1,0,0,0,0,0,1,0,0,0,0,1,0
49722,0033800002jGQFvAAO,0.0,0,0.0,7355.0,1,0,0,0,0,0,1,0,0,0,1,0,1
49723,0033800002jGQOgAAO,0.0,0,19.0,4307.0,0,0,0,1,0,0,0,0,0,1,0,1,0
49726,0033800002jGQX9AAO,0.0,0,0.0,2345.0,0,0,0,1,0,0,0,0,0,1,1,0,1
49727,0033800002jGQYMAA4,0.0,0,108.0,5115.0,0,0,0,1,0,0,0,0,0,1,0,1,1
49729,0033800002jGQbuAAG,0.0,0,334.0,2431.0,0,0,0,1,0,0,1,0,0,0,0,1,1
49734,0033800002jGS6yAAG,0.0,0,0.0,9714.0,0,0,0,0,1,1,0,0,0,0,0,1,1
49735,0033800002jGSHxAAO,0.0,0,0.0,7106.0,0,0,0,0,1,1,0,0,0,0,0,1,0
49736,0033800002jGSNRAA4,0.0,0,0.0,1825.0,0,1,0,0,0,0,0,0,1,0,0,1,1
49737,0033800002jGUPjAAO,0.0,0,0.0,1825.0,0,0,0,1,0,0,0,0,1,0,0,1,0
49738,0033800002jGUSOAA4,0.0,0,4390.0,2922.0,0,1,0,0,0,0,0,0,0,1,0,1,0
49739,0033800002jGUUjAAO,0.0,0,5815.0,1376.0,0,1,0,0,0,0,1,0,0,0,0,1,1
49740,0033800002jGUVDAA4,0.0,0,1630.0,1614.0,0,0,0,1,0,0,0,0,0,1,0,1,0
49743,0033800002jGUdCAAW,0.0,0,245.0,4024.0,0,0,0,1,0,0,0,0,0,1,1,0,0
49744,0033800002jGUf8AAG,0.0,0,2740.0,2910.0,0,0,0,1,0,0,0,0,0,1,0,1,0
49746,0033800002jGUgfAAG,0.0,0,0.0,1461.0,0,0,0,1,0,0,0,0,0,1,0,1,0
49760,0033800002jGV0PAAW,0.0,0,0.0,11068.0,0,0,0,0,1,0,0,0,0,1,0,1,1
49761,0033800002jGV0ZAAW,0.0,0,0.0,5392.0,1,0,0,0,0,1,0,0,0,0,1,0,0
49762,0033800002kAb6HAAS,0.0,0,1082.0,4640.0,0,0,0,0,1,1,0,0,0,0,0,1,1
49763,0033800002kAb75AAC,0.0,0,0.0,8348.0,0,0,0,0,1,0,1,0,0,0,1,0,1
49766,0033800002kAbBlAAK,0.0,50,2566.0,876.0,0,0,0,1,0,0,1,0,0,0,0,1,0
49770,0033800002kAbFYAA0,0.0,90,2711.0,4070.0,1,0,0,0,0,0,1,0,0,0,1,0,1
49772,0033800002kAbG2AAK,0.0,0,0.0,4520.0,0,0,0,0,1,1,0,0,0,0,0,1,1
49773,0033800002kAbGCAA0,0.0,0,66.0,3586.0,1,0,0,0,0,0,0,0,0,1,1,0,1
49776,0033800002kAbHtAAK,0.0,0,23.0,2960.0,0,0,0,1,0,0,0,0,1,0,0,1,0
49777,0033800002kAbIIAA0,0.0,0,0.0,9405.0,0,0,0,0,1,1,0,0,0,0,0,1,1
49778,0033800002kAbISAA0,0.0,0,0.0,7330.0,0,1,0,0,0,1,0,0,0,0,0,1,1
49779,0033800002kAbJVAA0,0.0,0,0.0,3670.0,0,0,0,0,1,1,0,0,0,0,0,1,1
49780,0033800002kAbJpAAK,0.0,0,9323.0,2210.0,0,0,0,0,1,1,0,0,0,0,0,1,1
49786,0033800002kAzltAAC,0.0,30,3409.0,7560.0,0,0,0,0,1,0,0,0,0,1,0,1,0
49787,0033800002kAzmDAAS,0.0,0,3193.0,6.0,0,1,0,0,0,1,0,0,0,0,0,1,1
49789,0033800002kAzs6AAC,0.0,0,1344.0,1826.0,0,1,0,0,0,0,1,0,0,0,0,1,1
49790,0033800002kAzsaAAC,0.0,0,0.0,3285.0,0,0,0,1,0,0,0,0,0,1,0,1,1
49793,0033800002kB097AAC,0.0,0,0.0,9217.0,0,0,0,1,0,0,0,1,0,0,0,1,0
49795,0033800002kB0ZgAAK,0.0,0,16044.0,365.0,0,0,0,1,0,0,1,0,0,0,0,1,0
49799,0033800002kB0iEAAS,0.0,0,0.0,10148.0,0,0,0,0,1,0,1,0,0,0,0,1,1
49802,0033800002kB0jHAAS,0.0,90,0.0,9345.0,0,0,0,0,1,0,1,0,0,0,0,1,1
49803,0033800002kB0qSAAS,0.0,0,0.0,7319.0,0,1,0,0,0,1,0,0,0,0,0,1,1
49816,0033800002kB1HsAAK,0.0,0,0.0,1704.0,0,0,0,1,0,0,1,0,0,0,0,1,1
49821,0033800002kB1WaAAK,0.0,0,0.0,1219.0,0,0,0,1,0,0,1,0,0,0,0,1,1
49822,0033800002kB1b6AAC,0.0,0,0.0,1205.0,0,0,0,1,0,0,1,0,0,0,0,1,0
49823,0033800002kB1bVAAS,0.0,0,0.0,2574.0,0,0,0,1,0,0,0,0,0,1,1,0,0
49825,0033800002kB1ibAAC,0.0,0,0.0,2192.0,1,0,0,0,0,1,0,0,0,0,1,0,0
49831,0033800002kB2HHAA0,0.0,0,0.0,7325.0,0,0,0,1,0,0,1,0,0,0,0,1,1
49833,0033800002kB2JrAAK,0.0,0,4761.0,2624.0,1,0,0,0,0,0,1,0,0,0,1,0,0
49835,0033800002kB2N0AAK,0.0,0,0.0,1461.0,0,0,0,1,0,0,1,0,0,0,0,1,0
49842,0033800002kB2TXAA0,0.0,0,1290.0,3791.0,1,0,0,0,0,1,0,0,0,0,0,1,1
49843,0033800002kB2UBAA0,0.0,0,0.0,2839.0,0,0,0,1,0,0,1,0,0,0,0,1,1
49849,0033800002kB2dXAAS,0.0,0,0.0,7658.0,0,0,0,1,0,0,1,0,0,0,0,1,1
49850,0033800002kB2gXAAS,0.0,0,0.0,2221.0,0,0,0,1,0,1,0,0,0,0,0,1,1
49851,0033800002kB2jzAAC,0.0,0,3534.0,1435.0,1,0,0,0,0,1,0,0,0,0,1,0,0
49853,0033800002kB2l3AAC,0.0,0,0.0,2617.0,0,0,0,0,1,0,1,0,0,0,0,1,1
49855,0033800002kB2uxAAC,0.0,0,0.0,10920.0,1,0,0,0,0,0,1,0,0,0,0,1,1
49858,0033800002kB352AAC,0.0,0,0.0,7597.0,1,0,0,0,0,1,0,0,0,0,0,1,1
49861,0033800002kB3FCAA0,0.0,0,2955.0,757.0,0,1,0,0,0,1,0,0,0,0,1,0,0
49863,0033800002kB3KWAA0,0.0,0,0.0,1462.0,1,0,0,0,0,0,1,0,0,0,0,1,1
49864,0033800002kB3M8AAK,0.0,60,726.0,3023.0,0,0,0,1,0,0,1,0,0,0,1,0,0
49865,0033800002kB3PMAA0,0.0,0,1001.0,2184.0,0,0,0,0,1,0,1,0,0,0,0,1,1
49866,0033800002kB3SLAA0,0.0,0,0.0,5013.0,0,0,0,0,1,0,0,0,0,1,1,0,1
49869,0033800002kB3YTAA0,0.0,0,195.0,854.0,0,1,0,0,0,0,1,0,0,0,1,0,1
49870,0033800002kB3Z7AAK,0.0,0,0.0,2578.0,0,1,0,0,0,0,1,0,0,0,0,1,1
49877,0033800002kB3vFAAS,0.0,0,0.0,4375.0,0,0,0,0,1,1,0,0,0,0,1,0,1
49878,0033800002kB3vKAAS,0.0,0,0.0,1460.0,0,0,0,1,0,0,0,0,0,1,1,0,0
49879,0033800002kB3vqAAC,0.0,0,0.0,7325.0,0,0,0,1,0,0,0,0,0,1,0,1,1
49880,0033800002kB40vAAC,0.0,0,2858.0,1461.0,1,0,0,0,0,0,0,0,1,0,0,1,0
49882,0033800002kB42wAAC,0.0,0,0.0,10963.0,0,1,0,0,0,0,1,0,0,0,0,1,0
49885,0033800002kB49EAAS,0.0,0,0.0,4647.0,0,0,0,1,0,0,1,0,0,0,0,1,0
49888,0033800002kB4LUAA0,0.0,0,387.0,5877.0,0,1,0,0,0,1,0,0,0,0,1,0,0
49892,0033800002kB4YgAAK,0.0,0,0.0,1460.0,0,0,0,1,0,0,0,0,1,0,0,1,1
49893,0033800002kB4iRAAS,0.0,0,0.0,2995.0,0,1,0,0,0,0,1,0,0,0,0,1,1
49894,0033800002kB4l7AAC,0.0,0,0.0,3510.0,0,1,0,0,0,0,1,0,0,0,0,1,0
49896,0033800002kB4sFAAS,0.0,0,59.0,1522.0,0,0,0,1,0,0,0,0,0,1,0,1,0
49900,0033800002kB4xKAAS,0.0,0,195.0,854.0,0,0,1,0,0,0,1,0,0,0,0,1,1
49901,0033800002kB4xUAAS,0.0,0,0.0,1607.0,1,0,0,0,0,0,1,0,0,0,1,0,1
49903,0033800002kB4yrAAC,0.0,70,903.0,1758.0,0,1,0,0,0,0,1,0,0,0,0,1,0
49906,0033800002kB51lAAC,0.0,0,348.0,7898.0,0,1,0,0,0,1,0,0,0,0,0,1,1
49907,0033800002kB5wMAAS,0.0,0,0.0,8515.0,0,0,0,0,1,0,1,0,0,0,0,1,1
49911,0033800002kB65iAAC,0.0,0,0.0,8180.0,0,1,0,0,0,1,0,0,0,0,0,1,0
49912,0033800002kB6B7AAK,0.0,0,0.0,7228.0,0,0,0,1,0,0,0,0,0,1,0,1,1
49913,0033800002kB6ECAA0,0.0,0,0.0,2202.0,0,0,0,1,0,0,0,0,0,1,0,1,1
49915,0033800002kB6W7AAK,0.0,0,0.0,7315.0,0,0,0,1,0,0,1,0,0,0,0,1,0
49919,0033800002kB6ueAAC,0.0,30,1263.0,9859.0,1,0,0,0,0,0,0,0,1,0,0,1,0
49922,0033800002kB71GAAS,0.0,80,4095.0,4048.0,0,0,0,1,0,0,1,0,0,0,1,0,1
49925,0033800002kB7GTAA0,0.0,0,2205.0,1751.0,1,0,0,0,0,0,1,0,0,0,0,1,0
49928,0033800002kB7GWAA0,0.0,0,4696.0,1827.0,0,0,0,1,0,1,0,0,0,0,1,0,0
49930,0033800002kB7GYAA0,0.0,0,486.0,5478.0,0,0,0,1,0,0,1,0,0,0,0,1,1
49932,0033800002kB7GaAAK,0.0,0,1088.0,2922.0,1,0,0,0,0,1,0,0,0,0,0,1,1
49937,0033800002kB88BAAS,0.0,0,0.0,2582.0,0,0,0,1,0,0,0,1,0,0,0,1,1
49938,0033800002kB8ETAA0,0.0,0,0.0,5288.0,0,1,0,0,0,0,0,0,0,1,0,1,1
49943,0033800002kB8odAAC,0.0,0,0.0,7923.0,0,0,0,1,0,0,1,0,0,0,0,1,1
49945,0033800002kB8rUAAS,0.0,70,1051.0,2845.0,1,0,0,0,0,0,1,0,0,0,0,1,1
49947,0033800002kB8yfAAC,0.0,0,0.0,2580.0,0,0,0,1,0,0,0,0,0,1,0,1,1
49950,0033800002kB9CYAA0,0.0,0,0.0,7231.0,0,0,0,0,1,0,0,0,1,0,0,1,0
49951,0033800002kB9FmAAK,0.0,0,0.0,7217.0,0,1,0,0,0,0,0,0,0,1,0,1,0
49954,0033800002kB9O6AAK,0.0,100,1604.0,4649.0,0,0,0,1,0,0,1,0,0,0,1,0,1
49955,0033800002kB9ZTAA0,0.0,0,0.0,3272.0,0,0,0,1,0,0,0,0,0,1,0,1,0
49957,0033800002kB9hSAAS,0.0,0,0.0,7310.0,1,0,0,0,0,1,0,0,0,0,0,1,1
49959,0033800002kBA4qAAG,0.0,80,352.0,11533.0,0,1,0,0,0,0,1,0,0,0,0,1,1
49961,0033800002kBA9HAAW,0.0,0,0.0,3024.0,0,1,0,0,0,0,0,0,0,1,1,0,1
49963,0033800002kBAKKAA4,0.0,0,0.0,10963.0,0,1,0,0,0,0,0,0,0,1,0,1,1
49964,0033800002kBAQDAA4,0.0,0,0.0,5448.0,1,0,0,0,0,1,0,0,0,0,0,1,0
49965,0033800002kBATvAAO,0.0,0,0.0,2916.0,0,0,0,0,1,1,0,0,0,0,0,1,1
49967,0033800002kBAmxAAG,0.0,0,145.0,10306.0,0,1,0,0,0,0,0,0,1,0,0,1,0
49968,0033800002kBAshAAG,0.0,0,19381.0,1734.0,0,0,0,1,0,1,0,0,0,0,0,1,0
49973,0033800002kBBCqAAO,0.0,0,4601.0,901.0,0,0,0,1,0,0,0,0,0,1,0,1,0
49975,0033800002kBBLsAAO,0.0,0,0.0,8376.0,0,0,0,0,1,0,0,0,0,1,0,1,1
49978,0033800002kBBZLAA4,0.0,0,0.0,10975.0,0,0,0,0,1,0,0,0,0,1,0,1,1
49980,0033800002kBBbbAAG,0.0,0,0.0,4332.0,1,0,0,0,0,1,0,0,0,0,0,1,1
49981,0033800002kBBctAAG,0.0,80,984.0,2580.0,1,0,0,0,0,0,1,0,0,0,1,0,0
49986,0033800002kBC27AAG,0.0,0,0.0,1461.0,0,0,0,1,0,0,0,0,1,0,0,1,0
49987,0033800002kBC30AAG,0.0,0,0.0,9304.0,0,1,0,0,0,0,0,0,0,1,0,1,1
49993,0033800002kBDXKAA4,0.0,0,0.0,3605.0,0,0,0,1,0,1,0,0,0,0,0,1,1
49995,0033800002kBDctAAG,0.0,90,233.0,2546.0,0,0,0,1,0,1,0,0,0,0,0,1,0
49996,0033800002kBDgRAAW,0.0,0,0.0,7323.0,1,0,0,0,0,1,0,0,0,0,0,1,0
49998,0033800002kBDwyAAG,0.0,100,1529.0,7763.0,0,0,0,0,1,0,1,0,0,0,0,1,1
50002,0033800002kBE3zAAG,0.0,0,0.0,3684.0,0,0,0,0,1,0,1,0,0,0,1,0,1
50003,0033800002kBEB5AAO,0.0,0,0.0,1277.0,0,0,0,0,1,0,1,0,0,0,0,1,1
50004,0033800002kBEDkAAO,0.0,0,0.0,6487.0,0,1,0,0,0,0,1,0,0,0,0,1,1
50006,0033800002kBEQPAA4,0.0,0,0.0,2476.0,0,0,0,1,0,0,1,0,0,0,0,1,0
50009,0033800002kBEt2AAG,0.0,0,0.0,2809.0,0,0,0,1,0,0,1,0,0,0,0,1,1
50010,0033800002kBEw1AAG,0.0,0,0.0,8393.0,1,0,0,0,0,0,1,0,0,0,0,1,1
50013,0033800002kBF2xAAG,0.0,0,0.0,3653.0,0,0,0,0,1,1,0,0,0,0,0,1,1
50016,0033800002kBF7JAAW,0.0,100,996.0,2965.0,0,1,0,0,0,0,1,0,0,0,0,1,1
50018,0033800002kBFJAAA4,0.0,100,2003.0,7307.0,0,1,0,0,0,0,0,0,0,1,1,0,1
50020,0033800002kBFjSAAW,0.0,90,1069.0,2878.0,0,1,0,0,0,1,0,0,0,0,0,1,1
50021,0033800002kBFuqAAG,0.0,0,0.0,4507.0,0,0,0,1,0,0,0,0,0,1,0,1,0
50023,0033800002kBFx6AAG,0.0,0,558.0,1460.0,0,0,0,1,0,0,1,0,0,0,1,0,0
50025,0033800002kBG5sAAG,0.0,0,0.0,3654.0,0,1,0,0,0,1,0,0,0,0,1,0,1
50026,0033800002kBG8DAAW,0.0,0,0.0,2778.0,0,0,0,1,0,0,1,0,0,0,0,1,1
50027,0033800002kBGIhAAO,0.0,0,0.0,7335.0,0,1,0,0,0,1,0,0,0,0,1,0,1
50028,0033800002kBGJMAA4,0.0,0,0.0,6279.0,0,0,0,1,0,0,1,0,0,0,0,1,1
50031,0033800002kBGOaAAO,0.0,30,1186.0,4710.0,0,0,0,1,0,0,1,0,0,0,0,1,0
50036,0033800002kBGoeAAG,0.0,0,0.0,6941.0,1,0,0,0,0,0,1,0,0,0,0,1,1
50038,0033800002kBGvGAAW,0.0,30,2926.0,1460.0,0,0,0,0,1,0,0,0,1,0,0,1,0
50039,0033800002kBGwYAAW,0.0,0,4487.0,4011.0,0,1,0,0,0,0,1,0,0,0,1,0,1
50041,0033800002kBH8KAAW,0.0,0,0.0,5633.0,1,0,0,0,0,0,1,0,0,0,1,0,0
50043,0033800002kBHKLAA4,0.0,0,0.0,2191.0,0,0,0,1,0,0,0,0,0,1,0,1,0
50044,0033800002kBHSPAA4,0.0,0,0.0,3303.0,0,1,0,0,0,0,0,0,1,0,0,1,1
50045,0033800002kBHVJAA4,0.0,0,0.0,7643.0,0,0,0,1,0,0,0,0,0,1,0,1,0
50046,0033800002kBHaqAAG,0.0,0,0.0,1460.0,0,0,0,1,0,0,0,0,0,1,0,1,1
50047,0033800002kBHccAAG,0.0,0,0.0,1461.0,1,0,0,0,0,1,0,0,0,0,0,1,1
50050,0033800002kBIKrAAO,0.0,0,0.0,7228.0,0,0,0,0,1,0,1,0,0,0,0,1,1
50052,0033800002kBIfCAAW,0.0,0,0.0,1462.0,0,0,0,1,0,0,0,0,1,0,0,1,1
50054,0033800002kBIfEAAW,0.0,0,0.0,1944.0,0,0,0,1,0,0,0,0,1,0,0,1,0
50055,0033800002kBIfFAAW,0.0,0,0.0,1828.0,0,0,0,1,0,0,0,0,1,0,0,1,1
50056,0033800002kBIfGAAW,0.0,0,0.0,1095.0,0,0,0,1,0,0,0,0,1,0,0,1,0
50058,0033800002kBIfIAAW,0.0,0,0.0,1826.0,0,0,0,1,0,0,0,0,1,0,0,1,0
50061,0033800002kBIfLAAW,0.0,0,0.0,1462.0,0,0,0,1,0,0,0,0,1,0,0,1,1
50062,0033800002kBIfNAAW,0.0,0,0.0,1827.0,0,0,0,1,0,0,0,0,1,0,0,1,1
50068,0033800002kBJJXAA4,0.0,0,0.0,6438.0,0,0,0,1,0,0,1,0,0,0,0,1,0
50069,0033800002kBJOSAA4,0.0,0,2550.0,2923.0,0,0,0,1,0,0,1,0,0,0,0,1,1
50072,0033800002kBJXAAA4,0.0,0,9111.0,2724.0,0,0,0,1,0,0,1,0,0,0,0,1,0
50074,0033800002kBJlBAAW,0.0,20,10295.0,731.0,1,0,0,0,0,0,1,0,0,0,0,1,0
50081,0033800002kBKcaAAG,0.0,0,1378.0,2192.0,0,0,0,1,0,1,0,0,0,0,0,1,1
50085,0033800002kBL8vAAG,0.0,0,332.0,1461.0,1,0,0,0,0,0,0,1,0,0,0,1,1
50087,0033800002kBLEPAA4,0.0,0,19.0,3922.0,0,0,0,1,0,0,0,0,1,0,0,1,1
50093,0033800002kBLa9AAG,0.0,0,2444.0,1585.0,0,0,0,1,0,0,1,0,0,0,1,0,1
50094,0033800002kBLaAAAW,0.0,0,0.0,7275.0,0,1,0,0,0,0,0,0,0,1,1,0,1
50095,0033800002kBLaBAAW,0.0,0,0.0,8706.0,0,1,0,0,0,0,1,0,0,0,0,1,1
50097,0033800002kBLaDAAW,0.0,0,740.0,9162.0,0,1,0,0,0,0,1,0,0,0,1,0,0
50098,0033800002kBLaEAAW,0.0,0,0.0,8555.0,0,1,0,0,0,1,0,0,0,0,0,1,1
50107,0033800002kBLgLAAW,0.0,70,1367.0,1775.0,0,0,0,1,0,0,0,0,0,1,1,0,0
50118,0033800002kBLlfAAG,0.0,0,408.0,1461.0,0,0,0,1,0,0,0,0,0,1,0,1,1
50119,0033800002kBLmdAAG,0.0,0,0.0,3308.0,0,0,0,1,0,0,1,0,0,0,1,0,1
50123,0033800002kBM3GAAW,0.0,0,0.0,638.0,0,0,0,1,0,0,1,0,0,0,1,0,0
50144,0033800002kBMX6AAO,0.0,0,4424.0,8129.0,0,0,0,1,0,0,1,0,0,0,0,1,1
50161,0033800002kBNB1AAO,0.0,0,0.0,3398.0,0,0,0,1,0,0,1,0,0,0,0,1,0
50163,0033800002kBNNWAA4,0.0,0,11.0,11298.0,0,1,0,0,0,0,0,0,1,0,0,1,0
50166,0033800002kBNhzAAG,0.0,0,0.0,4778.0,1,0,0,0,0,0,1,0,0,0,0,1,1
50170,0033800002kBNu3AAG,0.0,0,127.0,1460.0,0,0,0,1,0,0,0,0,0,1,0,1,1
50171,0033800002kBNwTAAW,0.0,0,287.0,1020.0,0,0,0,1,0,0,0,0,0,1,0,1,0
50172,0033800002kBO69AAG,0.0,0,399.0,5211.0,0,0,0,1,0,0,1,0,0,0,0,1,1
50173,0033800002kBO6YAAW,0.0,100,0.0,5195.0,0,0,0,0,1,0,1,0,0,0,0,1,1
50174,0033800002kBOC2AAO,0.0,0,0.0,8540.0,0,0,0,0,1,0,1,0,0,0,0,1,1
50176,0033800002kBOxIAAW,0.0,0,0.0,11140.0,0,1,0,0,0,0,1,0,0,0,0,1,0
50181,0033800002kBPDGAA4,0.0,0,0.0,8036.0,0,0,0,1,0,0,0,0,0,1,0,1,1
50182,0033800002kBPEiAAO,0.0,0,0.0,7312.0,0,0,0,0,1,0,0,0,0,1,0,1,0
50183,0033800002kBPHrAAO,0.0,0,13.0,2888.0,0,0,0,1,0,0,0,0,0,1,1,0,0
50185,0033800002kBPOTAA4,0.0,0,20.0,3387.0,0,1,0,0,0,1,0,0,0,0,0,1,1
50194,0033800002kBQ0XAAW,0.0,0,0.0,2637.0,1,0,0,0,0,0,0,0,0,1,0,1,1
50195,0033800002kBQ2OAAW,0.0,0,0.0,1771.0,0,1,0,0,0,0,1,0,0,0,0,1,1
50199,0033800002kBQGbAAO,0.0,0,101.0,8429.0,1,0,0,0,0,1,0,0,0,0,0,1,1
50202,0033800002kBQJSAA4,0.0,0,372.0,1098.0,0,0,0,0,1,0,1,0,0,0,0,1,1
50203,0033800002kBQLnAAO,0.0,0,68.0,3594.0,0,1,0,0,0,0,0,0,0,1,0,1,1
50204,0033800002kBQQiAAO,0.0,0,0.0,7305.0,0,1,0,0,0,0,1,0,0,0,0,1,0
50224,0033800002kBQXPAA4,0.0,80,5808.0,2885.0,0,0,0,1,0,1,0,0,0,0,0,1,0
50226,0033800002kBQadAAG,0.0,0,990.0,1460.0,1,0,0,0,0,0,0,0,1,0,0,1,0
50229,0033800002kBQzxAAG,0.0,0,193.0,1662.0,0,0,0,1,0,0,1,0,0,0,0,1,1
50236,0033800002kBRtzAAG,0.0,0,0.0,7322.0,1,0,0,0,0,1,0,0,0,0,0,1,1
50240,0033800002kBSj2AAG,0.0,0,4667.0,1461.0,0,0,0,0,1,0,0,0,1,0,1,0,0
50241,0033800002kBSjWAAW,0.0,0,3.0,138.0,0,0,0,1,0,0,1,0,0,0,0,1,1
50242,0033800002kBT8gAAG,0.0,0,1409.0,6918.0,0,0,1,0,0,1,0,0,0,0,0,1,1
50243,0033800002kBTAcAAO,0.0,0,0.0,2694.0,1,0,0,0,0,0,1,0,0,0,0,1,1
50244,0033800002kBTArAAO,0.0,0,0.0,9811.0,0,1,0,0,0,0,0,0,0,1,0,1,1
50245,0033800002kBTBQAA4,0.0,0,0.0,7823.0,0,0,0,0,1,1,0,0,0,0,0,1,1
50251,0033800002kBTo4AAG,0.0,0,0.0,781.0,0,1,0,0,0,0,0,1,0,0,0,1,0
50253,0033800002kBTp7AAG,0.0,0,2323.0,1538.0,0,0,0,1,0,1,0,0,0,0,1,0,1
50260,0033800002kBTvpAAG,0.0,10,375.0,2943.0,0,1,0,0,0,0,1,0,0,0,0,1,1
50263,0033800002kBU4NAAW,0.0,0,0.0,0.0,0,0,0,0,1,0,1,0,0,0,0,1,0
50265,0033800002kBU6OAAW,0.0,0,222.0,8765.0,0,0,0,1,0,0,0,0,0,1,1,0,1
50270,0033800002kBUH7AAO,0.0,0,5021.0,1924.0,0,0,0,1,0,0,0,0,0,1,0,1,1
50272,0033800002kBUR4AAO,0.0,100,408.0,8772.0,0,0,0,0,1,0,1,0,0,0,0,1,0
50273,0033800002kBUUmAAO,0.0,0,2365.0,3946.0,0,1,0,0,0,0,1,0,0,0,0,1,1
50275,0033800002kBUWYAA4,0.0,0,1661.0,1949.0,0,1,0,0,0,0,1,0,0,0,0,1,0
50276,0033800002kBUWiAAO,0.0,0,0.0,7326.0,0,0,0,1,0,0,0,0,0,1,0,1,1
50278,0033800002kBUYAAA4,0.0,0,0.0,1460.0,0,0,0,1,0,0,1,0,0,0,0,1,1
50280,0033800002kBUZhAAO,0.0,0,4715.0,3245.0,0,1,0,0,0,0,1,0,0,0,1,0,1
50283,0033800002kBUhbAAG,0.0,0,0.0,7255.0,0,1,0,0,0,1,0,0,0,0,0,1,1
50286,0033800002kBUoSAAW,0.0,0,2943.0,4413.0,0,0,0,1,0,0,1,0,0,0,0,1,1
50288,0033800002kBUrqAAG,0.0,0,0.0,7309.0,0,0,0,1,0,0,0,0,0,1,0,1,1
50291,0033800002kBVeUAAW,0.0,0,38.0,2901.0,0,0,0,1,0,1,0,0,0,0,0,1,0
50292,0033800002kBVfhAAG,1.0,80,52.0,1818.0,0,0,0,1,0,0,1,0,0,0,0,1,1
50293,0033800002kBVuwAAG,0.0,0,0.0,7336.0,0,0,0,1,0,1,0,0,0,0,0,1,0
50309,0033800002kBW8lAAG,0.0,0,0.0,3593.0,0,1,0,0,0,0,1,0,0,0,1,0,0
50310,0033800002kBWB1AAO,0.0,0,0.0,10981.0,0,0,0,1,0,0,0,0,0,1,1,0,1
50311,0033800002kBWIsAAO,0.0,0,0.0,9515.0,0,0,0,1,0,0,1,0,0,0,0,1,1
50312,0033800002kBWJlAAO,0.0,0,28.0,2674.0,0,0,0,1,0,0,1,0,0,0,0,1,0
50314,0033800002kBWOWAA4,0.0,0,0.0,9270.0,0,0,0,0,1,0,0,0,0,1,0,1,1
50316,0033800002kBWV3AAO,0.0,0,0.0,7508.0,0,1,0,0,0,1,0,0,0,0,0,1,1
50320,0033800002kBWakAAG,0.0,50,1051.0,3014.0,0,0,0,1,0,0,1,0,0,0,0,1,0
50324,0033800002kBWaoAAG,0.0,0,21.0,9527.0,0,0,0,1,0,0,1,0,0,0,0,1,0
50327,0033800002kBWnUAAW,3.0,0,0.0,8493.0,0,0,0,1,0,0,1,0,0,0,0,1,1
50330,0033800002kBWy3AAG,0.0,0,0.0,11254.0,0,0,0,0,1,0,1,0,0,0,0,1,1
50331,0033800002kBWzpAAG,0.0,0,0.0,3684.0,0,0,0,0,1,1,0,0,0,0,0,1,1
50332,0033800002kBX1WAAW,0.0,0,0.0,9586.0,1,0,0,0,0,0,1,0,0,0,0,1,1
50333,0033800002kBX2PAAW,0.0,0,0.0,9983.0,1,0,0,0,0,0,1,0,0,0,0,1,1
50335,0033800002kBXGbAAO,0.0,0,0.0,4746.0,0,0,0,1,0,0,1,0,0,0,0,1,0
50338,0033800002kBXb0AAG,0.0,60,1727.0,2221.0,0,0,0,0,1,1,0,0,0,0,0,1,1
50341,0033800002kBXgAAAW,0.0,0,0.0,7306.0,0,0,0,0,1,0,1,0,0,0,0,1,0
50342,0033800002kBXhwAAG,0.0,0,0.0,6030.0,1,0,0,0,0,1,0,0,0,0,0,1,0
50343,0033800002kBXi1AAG,0.0,0,0.0,13566.0,1,0,0,0,0,0,1,0,0,0,0,1,1
50345,0033800002kBXoEAAW,0.0,0,0.0,2070.0,0,0,0,0,1,0,1,0,0,0,0,1,1
50346,0033800002kBXu2AAG,0.0,0,0.0,8841.0,0,0,0,0,1,0,0,0,0,1,1,0,1
50349,0033800002kBYBSAA4,0.0,0,0.0,2193.0,0,0,0,1,0,0,0,0,0,1,0,1,0
50353,0033800002kBYh9AAG,0.0,0,0.0,8920.0,0,1,0,0,0,0,1,0,0,0,0,1,1
50357,0033800002kBYuxAAG,0.0,0,0.0,7697.0,0,0,0,1,0,0,1,0,0,0,0,1,0
50360,0033800002kBZ78AAG,0.0,0,0.0,7312.0,1,0,0,0,0,0,0,0,0,1,0,1,0
50361,0033800002kBZBZAA4,0.0,0,1040.0,2474.0,0,1,0,0,0,0,0,0,0,1,1,0,1
50362,0033800002kBZEOAA4,0.0,0,0.0,4274.0,0,0,0,1,0,0,1,0,0,0,0,1,1
50366,0033800002kBZSfAAO,0.0,0,0.0,1461.0,0,0,0,1,0,0,1,0,0,0,0,1,1
50370,0033800002kBZdEAAW,0.0,0,0.0,7726.0,0,0,0,0,1,1,0,0,0,0,0,1,1
50371,0033800002kBZgNAAW,0.0,0,3702.0,1856.0,0,1,0,0,0,0,1,0,0,0,0,1,1
50372,0033800002kBZnEAAW,0.0,0,0.0,1420.0,0,0,0,1,0,0,0,0,0,1,1,0,0
50374,0033800002kBZxdAAG,0.0,80,1483.0,3664.0,0,0,0,0,1,0,1,0,0,0,1,0,0
50376,0033800002kBa58AAC,0.0,0,0.0,4040.0,1,0,0,0,0,1,0,0,0,0,1,0,0
50378,0033800002kBa7JAAS,0.0,0,7.0,5546.0,0,0,0,0,1,0,1,0,0,0,0,1,1
50379,0033800002kBa8HAAS,0.0,0,0.0,2636.0,0,0,0,0,1,1,0,0,0,0,0,1,1
50380,0033800002kBa8vAAC,4.0,0,0.0,2191.0,1,0,0,0,0,1,0,0,0,0,0,1,1
50381,0033800002kBaClAAK,0.0,0,3771.0,3793.0,1,0,0,0,0,0,1,0,0,0,0,1,1
50386,0033800002kBaxPAAS,0.0,0,0.0,2195.0,0,0,0,1,0,0,1,0,0,0,0,1,0
50388,0033800002kBbJmAAK,0.0,0,0.0,8505.0,1,0,0,0,0,1,0,0,0,0,0,1,0
50390,0033800002kBbWCAA0,0.0,0,1903.0,3094.0,1,0,0,0,0,0,1,0,0,0,1,0,0
50395,0033800002kBbglAAC,0.0,0,84.0,7330.0,0,1,0,0,0,0,1,0,0,0,0,1,1
50401,0033800002kBc4YAAS,0.0,0,0.0,7328.0,1,0,0,0,0,1,0,0,0,0,0,1,1
50402,0033800002kBcBFAA0,0.0,0,0.0,11927.0,0,0,0,1,0,0,1,0,0,0,0,1,1
50403,0033800002kBcLFAA0,0.0,0,0.0,9557.0,0,1,0,0,0,0,1,0,0,0,0,1,0
50404,0033800002kBcSfAAK,0.0,0,846.0,1855.0,0,0,0,1,0,0,1,0,0,0,0,1,1
50405,0033800002kBcg8AAC,0.0,0,0.0,3174.0,0,0,0,1,0,0,0,0,1,0,0,1,0
50406,0033800002kBcpoAAC,0.0,0,6846.0,4061.0,0,1,0,0,0,0,0,0,0,1,0,1,1
50407,0033800002kBctqAAC,0.0,0,0.0,5570.0,0,1,0,0,0,0,1,0,0,0,0,1,0
50408,0033800002kBcxdAAC,0.0,0,0.0,3904.0,0,0,0,1,0,0,1,0,0,0,0,1,1
50410,0033800002kBd5XAAS,0.0,0,5460.0,1460.0,0,0,0,1,0,0,1,0,0,0,0,1,0
50412,0033800002kBdNqAAK,0.0,0,0.0,7328.0,0,1,0,0,0,0,1,0,0,0,0,1,1
50418,0033800002kBdhsAAC,0.0,0,0.0,10961.0,0,0,0,1,0,0,0,0,1,0,0,1,1
50420,0033800002kBdkSAAS,0.0,0,12505.0,1200.0,0,1,0,0,0,0,0,1,0,0,0,1,0
50421,0033800002kBdm9AAC,4.0,60,0.0,2636.0,0,0,0,1,0,0,1,0,0,0,0,1,1
50422,0033800002kBdvfAAC,0.0,0,0.0,3119.0,0,0,0,1,0,0,1,0,0,0,0,1,1
50423,0033800002kBdyPAAS,0.0,0,0.0,5892.0,0,0,0,1,0,0,1,0,0,0,0,1,0
50424,0033800002kBe81AAC,0.0,10,2530.0,1357.0,0,0,0,0,1,0,0,0,1,0,0,1,1
50426,0033800002kBeEYAA0,0.0,0,0.0,7841.0,0,0,0,1,0,0,1,0,0,0,0,1,1
50427,0033800002kBeMwAAK,0.0,0,0.0,1096.0,0,1,0,0,0,0,1,0,0,0,0,1,0
50428,0033800002kBeNVAA0,0.0,0,0.0,7744.0,0,0,0,1,0,0,1,0,0,0,0,1,1
50431,0033800002kBeckAAC,0.0,80,3382.0,1729.0,0,0,0,1,0,0,1,0,0,0,0,1,0
50438,0033800002kBfNLAA0,0.0,0,0.0,3469.0,1,0,0,0,0,1,0,0,0,0,1,0,0
50439,0033800002kBfOTAA0,0.0,0,0.0,7327.0,0,0,0,0,1,0,0,0,1,0,0,1,1
50441,0033800002kBfTsAAK,0.0,0,0.0,7753.0,0,0,0,1,0,0,0,0,1,0,0,1,0
50443,0033800002kBfZlAAK,0.0,0,0.0,1431.0,0,0,0,1,0,0,0,0,1,0,0,1,1
50444,0033800002kBfgXAAS,0.0,0,0.0,1521.0,0,0,0,0,1,0,1,0,0,0,0,1,0
50446,0033800002kBfhuAAC,0.0,70,807.0,6590.0,0,0,0,0,1,1,0,0,0,0,0,1,1
50450,0033800002kBflmAAC,0.0,0,0.0,8427.0,0,0,0,0,1,0,1,0,0,0,1,0,0
50451,0033800002kBfm6AAC,0.0,0,0.0,1460.0,0,0,0,1,0,0,0,0,1,0,0,1,0
50452,0033800002kBfmuAAC,0.0,0,0.0,3736.0,0,0,0,1,0,0,1,0,0,0,0,1,1
50456,0033800002kBftqAAC,0.0,0,712.0,1034.0,0,0,0,1,0,0,0,0,0,1,1,0,1
50458,0033800002kBg3jAAC,0.0,60,954.0,1346.0,0,0,0,1,0,0,1,0,0,0,0,1,0
50462,0033800002kBgleAAC,0.0,0,0.0,7746.0,0,1,0,0,0,1,0,0,0,0,0,1,1
50464,0033800002kBh3kAAC,0.0,30,3981.0,121.0,0,0,0,1,0,0,0,0,1,0,0,1,0
50465,0033800002kBhJnAAK,0.0,0,9904.0,3652.0,1,0,0,0,0,1,0,0,0,0,0,1,0
50466,0033800002kBhQkAAK,0.0,0,0.0,2597.0,0,0,0,1,0,0,0,0,1,0,0,1,1
50468,0033800002kBhY0AAK,0.0,0,2027.0,7688.0,0,1,0,0,0,0,0,0,0,1,0,1,1
50469,0033800002kBhZwAAK,0.0,0,0.0,1057.0,0,1,0,0,0,0,1,0,0,0,0,1,1
50470,0033800002kBhe4AAC,0.0,0,383.0,7534.0,0,0,0,0,1,1,0,0,0,0,0,1,0
50476,0033800002kBiHlAAK,0.0,0,0.0,7307.0,0,1,0,0,0,0,1,0,0,0,0,1,1
50477,0033800002kBiLnAAK,0.0,0,0.0,1783.0,0,0,0,1,0,0,1,0,0,0,0,1,1
50480,0033800002kBiTrAAK,0.0,0,8861.0,2807.0,0,1,0,0,0,0,0,0,0,1,0,1,1
50481,0033800002kBiX5AAK,0.0,0,0.0,5607.0,0,0,0,1,0,0,1,0,0,0,0,1,1
50482,0033800002kBiXZAA0,0.0,0,0.0,8837.0,0,1,0,0,0,0,0,0,1,0,0,1,1
50483,0033800002kBiZ6AAK,0.0,0,0.0,7661.0,0,1,0,0,0,0,1,0,0,0,1,0,1
50488,0033800002kBjD6AAK,0.0,0,0.0,9901.0,1,0,0,0,0,0,1,0,0,0,0,1,1
50491,0033800002kBjV5AAK,0.0,0,0.0,383.0,0,0,0,1,0,0,0,0,1,0,0,1,1
50494,0033800002kBjgwAAC,0.0,0,0.0,7429.0,0,0,0,0,1,0,0,0,0,1,0,1,1
50495,0033800002kBjiJAAS,0.0,0,0.0,1460.0,0,0,0,1,0,0,0,0,1,0,0,1,0
50496,0033800002kBjvSAAS,0.0,0,0.0,2922.0,0,1,0,0,0,0,1,0,0,0,0,1,0
50497,0033800002kBjygAAC,0.0,0,3.0,1461.0,0,0,0,1,0,0,1,0,0,0,1,0,0
50498,0033800002kBk29AAC,0.0,0,0.0,1825.0,0,1,0,0,0,0,1,0,0,0,0,1,0
50502,0033800002kBkGnAAK,0.0,0,0.0,1229.0,0,0,0,1,0,0,1,0,0,0,0,1,1
50505,0033800002kBkglAAC,0.0,0,0.0,7597.0,0,1,0,0,0,0,0,0,0,1,0,1,1
50509,0033800002kBl2XAAS,0.0,0,974.0,6872.0,0,1,0,0,0,0,1,0,0,0,1,0,0
50510,0033800002kBl4OAAS,0.0,100,1295.0,4423.0,0,0,0,1,0,0,0,0,1,0,1,0,1
50513,0033800002kBl6yAAC,0.0,0,5702.0,3269.0,0,0,0,1,0,1,0,0,0,0,1,0,0
50515,0033800002kBl99AAC,0.0,20,564.0,7328.0,0,0,0,1,0,0,1,0,0,0,1,0,0
50516,0033800002kBlAWAA0,0.0,0,0.0,1521.0,0,0,0,1,0,0,0,0,0,1,0,1,0
50517,0033800002kBlAvAAK,0.0,70,362.0,2836.0,0,0,0,1,0,0,1,0,0,0,0,1,1
50521,0033800002kBlMIAA0,0.0,0,0.0,1460.0,0,1,0,0,0,0,1,0,0,0,1,0,0
50524,0033800002kBlPqAAK,0.0,0,16.0,2223.0,1,0,0,0,0,0,1,0,0,0,0,1,1
50527,0033800002kBlSVAA0,0.0,0,0.0,7689.0,0,1,0,0,0,0,1,0,0,0,0,1,1
50528,0033800002kBlVAAA0,0.0,0,0.0,5113.0,1,0,0,0,0,0,1,0,0,0,0,1,0
50530,0033800002kBlXtAAK,0.0,0,0.0,4816.0,0,0,0,1,0,0,0,0,1,0,0,1,1
50533,0033800002kBllkAAC,0.0,0,0.0,7827.0,0,0,0,1,0,0,0,0,1,0,0,1,1
50536,0033800002kBmcAAAS,0.0,0,0.0,7305.0,0,1,0,0,0,0,0,0,0,1,0,1,1
50538,0033800002kBmcCAAS,0.0,0,0.0,10346.0,0,1,0,0,0,0,1,0,0,0,0,1,1
50541,0033800002kBmdCAAS,0.0,0,86.0,11120.0,0,0,0,0,1,0,1,0,0,0,0,1,1
50561,0033800002kBmmGAAS,0.0,0,58.0,1460.0,0,0,0,1,0,0,1,0,0,0,0,1,1
50578,0033800002kBmoRAAS,0.0,0,0.0,7324.0,0,0,0,0,1,0,1,0,0,0,0,1,1
50597,0033800002kBmr6AAC,0.0,0,0.0,7220.0,0,1,0,0,0,0,0,0,0,1,0,1,1
50613,0033800002kBmtMAAS,0.0,0,29.0,1457.0,0,1,0,0,0,0,0,0,0,1,1,0,1
50618,0033800002kBmuAAAS,0.0,0,1371.0,7664.0,1,0,0,0,0,0,1,0,0,0,0,1,0
50620,0033800002kBmwuAAC,0.0,0,620.0,1210.0,1,0,0,0,0,0,1,0,0,0,1,0,0
50621,0033800002kBn3WAAS,0.0,0,0.0,6270.0,1,0,0,0,0,0,1,0,0,0,1,0,0
50626,0033800002kBnKmAAK,0.0,0,0.0,9209.0,0,1,0,0,0,0,0,0,0,1,0,1,1
50632,0033800002kBndKAAS,0.0,0,0.0,11056.0,0,1,0,0,0,0,1,0,0,0,0,1,1
50633,0033800002kBndUAAS,0.0,0,0.0,4867.0,1,0,0,0,0,0,1,0,0,0,1,0,0
50634,0033800002kBnfGAAS,0.0,70,2290.0,1371.0,0,0,0,1,0,0,0,0,1,0,0,1,0
50635,0033800002kBnfaAAC,0.0,0,0.0,8402.0,0,1,0,0,0,0,1,0,0,0,0,1,0
50636,0033800002kBnfkAAC,0.0,0,0.0,2581.0,0,0,0,0,1,0,0,0,1,0,0,1,1
50639,0033800002kBnqOAAS,0.0,0,1406.0,1990.0,0,1,0,0,0,0,1,0,0,0,0,1,1
50642,0033800002kBo3mAAC,0.0,0,0.0,9513.0,1,0,0,0,0,0,1,0,0,0,0,1,1
50644,0033800002kBo4QAAS,0.0,0,0.0,2950.0,0,0,0,1,0,1,0,0,0,0,0,1,0
50645,0033800002kBoO6AAK,0.0,0,13.0,10738.0,0,1,0,0,0,0,1,0,0,0,0,1,1
50646,0033800002kBoOaAAK,0.0,0,0.0,2555.0,0,0,0,1,0,0,1,0,0,0,1,0,1
50647,0033800002kBoPJAA0,0.0,0,0.0,8836.0,0,0,0,1,0,0,1,0,0,0,0,1,1
50648,0033800002kBoPOAA0,0.0,0,0.0,7430.0,0,0,0,0,1,1,0,0,0,0,0,1,1
50649,0033800002kBoQ7AAK,0.0,0,0.0,9192.0,0,0,0,0,1,0,1,0,0,0,0,1,1
50650,0033800002kBoQMAA0,0.0,0,8330.0,8018.0,0,0,0,0,1,0,1,0,0,0,0,1,0
50651,0033800002kBoSDAA0,0.0,0,1588.0,1450.0,0,0,0,0,1,0,1,0,0,0,0,1,0
50652,0033800002kBoYBAA0,0.0,0,0.0,7783.0,1,0,0,0,0,0,1,0,0,0,0,1,1
50654,0033800002kBofvAAC,0.0,0,0.0,7318.0,0,0,0,1,0,0,1,0,0,0,0,1,1
50655,0033800002kBojxAAC,0.0,0,0.0,3930.0,0,0,0,1,0,0,0,0,0,1,0,1,0
50656,0033800002kBokbAAC,0.0,0,0.0,1461.0,0,0,0,1,0,0,1,0,0,0,0,1,0
50657,0033800002kBooiAAC,0.0,0,0.0,7328.0,0,0,0,1,0,0,0,0,0,1,0,1,1
50658,0033800002kBopRAAS,0.0,0,0.0,1552.0,0,1,0,0,0,0,1,0,0,0,1,0,1
50660,0033800002kBorrAAC,0.0,90,0.0,9154.0,1,0,0,0,0,0,1,0,0,0,0,1,0
50664,0033800002kBp8fAAC,0.0,30,10345.0,1248.0,0,0,0,0,1,0,0,0,0,1,0,1,0
50665,0033800002kBpCXAA0,0.0,0,33.0,2099.0,0,0,0,1,0,0,1,0,0,0,0,1,0
50666,0033800002kBpEEAA0,0.0,0,0.0,8475.0,0,0,0,1,0,0,1,0,0,0,0,1,0
50667,0033800002kBpGaAAK,0.0,0,0.0,3269.0,1,0,0,0,0,0,0,0,1,0,0,1,0
50675,0033800002kBqA6AAK,0.0,0,1504.0,1752.0,0,0,0,1,0,0,0,0,1,0,0,1,0
50677,0033800002kBqIKAA0,0.0,0,77.0,2802.0,0,0,0,0,1,0,0,0,0,1,0,1,1
50681,0033800002kBqSFAA0,0.0,50,934.0,1844.0,0,1,0,0,0,0,1,0,0,0,0,1,1
50682,0033800002kBqYXAA0,0.0,0,0.0,8588.0,0,0,0,0,1,1,0,0,0,0,1,0,1
50685,0033800002kBqb7AAC,0.0,0,2177.0,2183.0,0,0,0,1,0,0,0,0,1,0,0,1,0
50688,0033800002kBqhbAAC,0.0,40,199.0,2027.0,0,0,0,1,0,0,1,0,0,0,0,1,1
50690,0033800002kBqjhAAC,0.0,0,226.0,2329.0,0,0,0,1,0,0,0,0,0,1,0,1,1
50691,0033800002kBqowAAC,0.0,0,11133.0,1460.0,0,1,0,0,0,1,0,0,0,0,0,1,1
50701,0033800002kBsMeAAK,0.0,0,243.0,9069.0,0,1,0,0,0,1,0,0,0,0,0,1,1
50703,0033800002kBsUsAAK,0.0,0,1200.0,1461.0,0,1,0,0,0,0,0,0,0,1,0,1,1
50707,0033800002kBsn6AAC,0.0,0,0.0,2052.0,0,0,0,1,0,0,1,0,0,0,1,0,1
50708,0033800002kBso9AAC,0.0,0,0.0,1249.0,0,0,0,1,0,0,1,0,0,0,1,0,1
50709,0033800002kBspHAAS,3.0,90,0.0,7688.0,1,0,0,0,0,1,0,0,0,0,0,1,1
50710,0033800002kBszWAAS,0.0,90,1255.0,3725.0,0,0,0,1,0,0,1,0,0,0,0,1,0
50715,0033800002kBtKtAAK,0.0,0,0.0,3910.0,0,0,0,0,1,0,0,0,0,1,0,1,1
50717,0033800002kBtYvAAK,0.0,0,0.0,9506.0,0,1,0,0,0,0,0,0,1,0,0,1,1
50720,0033800002kBtnHAAS,0.0,0,0.0,7320.0,0,0,0,1,0,0,0,0,0,1,0,1,1
50724,0033800002kBuPQAA0,0.0,50,1559.0,1967.0,0,1,0,0,0,0,1,0,0,0,0,1,1
50727,0033800002kBuThAAK,0.0,0,1389.0,1532.0,0,0,0,1,0,0,0,0,1,0,0,1,1
50733,0033800002kBucZAAS,0.0,0,56.0,1827.0,0,0,0,1,0,0,0,0,1,0,0,1,1
50739,0033800002kBvEuAAK,0.0,60,291.0,4048.0,1,0,0,0,0,0,1,0,0,0,0,1,0
50740,0033800002kBvK9AAK,0.0,0,1373.0,1904.0,0,0,0,1,0,0,1,0,0,0,0,1,0
50746,0033800002kBvPnAAK,0.0,0,4849.0,2922.0,1,0,0,0,0,0,1,0,0,0,1,0,0
50751,0033800002kBvT1AAK,0.0,0,1837.0,1837.0,0,0,0,1,0,1,0,0,0,0,0,1,1
50752,0033800002kBvTaAAK,0.0,0,1453.0,1263.0,0,1,0,0,0,0,1,0,0,0,1,0,1
50753,0033800002kBvTvAAK,0.0,0,0.0,7312.0,1,0,0,0,0,1,0,0,0,0,0,1,1
50756,0033800002kBvoaAAC,0.0,0,0.0,7334.0,0,1,0,0,0,0,0,0,0,1,0,1,1
50758,0033800002kBvqRAAS,0.0,0,5.0,526.0,0,0,0,1,0,1,0,0,0,0,0,1,1
50760,0033800002kBvqgAAC,0.0,100,2288.0,5486.0,0,1,0,0,0,0,1,0,0,0,0,1,0
50763,0033800002kBvs3AAC,0.0,50,0.0,3329.0,1,0,0,0,0,0,1,0,0,0,0,1,1
50764,0033800002kBvwjAAC,0.0,50,170.0,3501.0,0,1,0,0,0,0,1,0,0,0,0,1,0
50766,0033800002kBvx3AAC,0.0,0,137.0,3045.0,0,0,0,0,1,0,0,0,0,1,0,1,0
50767,0033800002kBw1UAAS,0.0,0,5335.0,3357.0,0,0,0,0,1,1,0,0,0,0,0,1,1
50768,0033800002kBw4OAAS,0.0,0,0.0,2921.0,0,0,0,1,0,1,0,0,0,0,1,0,0
50771,0033800002kBwJ9AAK,0.0,0,0.0,8073.0,0,1,0,0,0,1,0,0,0,0,0,1,1
50772,0033800002kBwjkAAC,0.0,0,0.0,8781.0,1,0,0,0,0,1,0,0,0,0,0,1,1
50785,0033800002kBwzsAAC,0.0,0,9.0,2191.0,0,0,0,1,0,0,1,0,0,0,0,1,1
50788,0033800002kBxWSAA0,0.0,0,0.0,1460.0,0,0,0,1,0,0,1,0,0,0,0,1,1
50789,0033800002kBxayAAC,0.0,0,0.0,1825.0,0,0,0,1,0,0,1,0,0,0,0,1,1
50790,0033800002kBxeWAAS,0.0,0,0.0,7333.0,0,0,0,1,0,0,0,0,0,1,0,1,0
50792,0033800002kBxjRAAS,0.0,0,0.0,2359.0,0,0,0,1,0,0,1,0,0,0,1,0,1
50793,0033800002kBxw7AAC,0.0,50,6260.0,2230.0,0,1,0,0,0,0,1,0,0,0,0,1,1
50794,0033800002kBxyvAAC,0.0,0,0.0,1221.0,0,0,0,1,0,0,1,0,0,0,0,1,0
50797,0033800002kBy2sAAC,0.0,0,0.0,8280.0,0,0,0,0,1,0,1,0,0,0,0,1,1
50798,0033800002kByCOAA0,0.0,0,0.0,2601.0,0,0,0,1,0,0,1,0,0,0,0,1,1
50799,0033800002kByNRAA0,0.0,0,0.0,2948.0,0,0,0,0,1,0,1,0,0,0,0,1,1
50802,0033800002kBycqAAC,0.0,0,0.0,8209.0,0,1,0,0,0,0,1,0,0,0,0,1,1
50803,0033800002kBycvAAC,0.0,0,301.0,3638.0,0,0,0,1,0,0,1,0,0,0,0,1,1
50809,0033800002kByt8AAC,0.0,0,0.0,7305.0,1,0,0,0,0,0,1,0,0,0,0,1,0
50810,0033800002kBytNAAS,0.0,0,0.0,1460.0,0,0,0,1,0,0,1,0,0,0,0,1,0
50811,0033800002kByzkAAC,0.0,100,151.0,3006.0,0,0,0,0,1,0,1,0,0,0,0,1,0
50812,0033800002kBz8SAAS,0.0,0,0.0,1270.0,0,0,0,1,0,0,1,0,0,0,0,1,0
50815,0033800002kBzKsAAK,0.0,0,1657.0,2534.0,0,1,0,0,0,0,1,0,0,0,0,1,1
50818,0033800002kBzR5AAK,0.0,0,9970.0,1374.0,0,0,0,0,1,1,0,0,0,0,0,1,1
50822,0033800002kBzWoAAK,0.0,0,0.0,2217.0,0,1,0,0,0,0,1,0,0,0,0,1,1
50824,0033800002kBzczAAC,0.0,0,32.0,1983.0,0,0,0,1,0,1,0,0,0,0,0,1,1
50825,0033800002kBzegAAC,0.0,0,0.0,7708.0,0,0,0,1,0,0,1,0,0,0,0,1,0
50827,0033800002kBzkKAAS,0.0,0,0.0,7505.0,0,0,0,0,1,0,1,0,0,0,0,1,1
50829,0033800002kBznOAAS,0.0,0,0.0,2587.0,0,0,0,1,0,0,1,0,0,0,0,1,0
50832,0033800002kBzy7AAC,0.0,0,210.0,4368.0,0,0,0,1,0,0,0,0,0,1,0,1,0
50833,0033800002kBzzZAAS,0.0,0,0.0,8423.0,0,0,0,0,1,1,0,0,0,0,1,0,0
50834,0033800002kC0ASAA0,0.0,0,49.0,3603.0,1,0,0,0,0,0,0,0,0,1,0,1,0
50838,0033800002kC0PyAAK,0.0,0,0.0,3047.0,0,0,0,1,0,0,1,0,0,0,0,1,1
50840,0033800002kC0UFAA0,0.0,0,0.0,8788.0,0,1,0,0,0,0,1,0,0,0,0,1,1
50844,0033800002kC0X9AAK,0.0,0,1202.0,2191.0,1,0,0,0,0,0,0,0,0,1,1,0,0
50848,0033800002kC0cTAAS,0.0,80,814.0,7535.0,0,1,0,0,0,0,1,0,0,0,0,1,1
50851,0033800002kC0mfAAC,0.0,0,0.0,6574.0,0,1,0,0,0,0,1,0,0,0,0,1,1
50854,0033800002kC1PzAAK,0.0,90,2768.0,3924.0,1,0,0,0,0,0,0,0,1,0,0,1,0
50857,0033800002kC1ioAAC,0.0,0,3036.0,9766.0,1,0,0,0,0,0,1,0,0,0,0,1,1
50858,0033800002kC1mbAAC,0.0,0,0.0,3138.0,1,0,0,0,0,0,1,0,0,0,0,1,0
50859,0033800002kC1sPAAS,0.0,0,0.0,7381.0,0,0,0,0,1,1,0,0,0,0,0,1,1
50867,0033800002kC2ELAA0,0.0,80,1868.0,1828.0,0,0,0,1,0,0,1,0,0,0,0,1,1
50868,0033800002kC2I8AAK,0.0,40,4353.0,7812.0,0,1,0,0,0,0,0,0,0,1,0,1,1
50871,0033800002kC2WEAA0,0.0,0,0.0,4322.0,0,0,0,1,0,0,1,0,0,0,0,1,0
50873,0033800002kC2fGAAS,0.0,0,0.0,2586.0,0,0,0,1,0,0,1,0,0,0,0,1,1
50874,0033800002kC2kCAAS,0.0,0,0.0,8271.0,1,0,0,0,0,0,1,0,0,0,0,1,1
50875,0033800002kC2mvAAC,0.0,60,425.0,7388.0,1,0,0,0,0,1,0,0,0,0,1,0,0
50882,0033800002kC3BeAAK,0.0,0,0.0,1281.0,0,1,0,0,0,0,1,0,0,0,1,0,1
50883,0033800002kC3FwAAK,0.0,0,0.0,7495.0,1,0,0,0,0,0,0,0,0,1,0,1,1
50884,0033800002kC3HNAA0,0.0,0,0.0,920.0,0,0,0,1,0,1,0,0,0,0,0,1,1
50885,0033800002kC3ILAA0,0.0,0,183.0,2245.0,0,0,0,1,0,0,0,0,0,1,0,1,0
50886,0033800002kC3S2AAK,0.0,40,277.0,2668.0,0,1,0,0,0,0,0,0,0,1,0,1,0
50887,0033800002kC3eDAAS,0.0,0,0.0,3704.0,1,0,0,0,0,0,0,0,0,1,0,1,1
50888,0033800002kC3hYAAS,0.0,0,0.0,8317.0,1,0,0,0,0,0,1,0,0,0,0,1,1
50892,0033800002kC3tAAAS,0.0,0,0.0,1490.0,0,0,0,1,0,0,1,0,0,0,0,1,1
50894,0033800002kC41nAAC,0.0,0,2559.0,1796.0,0,1,0,0,0,0,0,0,0,1,1,0,0
50895,0033800002kC435AAC,0.0,0,0.0,7979.0,0,0,0,1,0,1,0,0,0,0,0,1,0
50896,0033800002kC45pAAC,0.0,0,0.0,7324.0,1,0,0,0,0,0,1,0,0,0,0,1,0
50898,0033800002kC4AfAAK,0.0,0,0.0,7408.0,1,0,0,0,0,0,1,0,0,0,0,1,0
50901,0033800002kC4ItAAK,0.0,0,0.0,1462.0,0,0,0,1,0,0,0,0,0,1,0,1,1
50902,0033800002kC4LTAA0,0.0,0,0.0,7313.0,0,1,0,0,0,1,0,0,0,0,0,1,1
50905,0033800002kC4WbAAK,0.0,0,0.0,1430.0,0,0,0,1,0,0,1,0,0,0,0,1,1
50908,0033800002kC4lgAAC,0.0,0,0.0,3409.0,1,0,0,0,0,1,0,0,0,0,0,1,0
50912,0033800002kC55TAAS,0.0,0,0.0,3619.0,0,0,0,1,0,0,1,0,0,0,0,1,1
50913,0033800002kC58OAAS,0.0,50,0.0,9215.0,1,0,0,0,0,0,1,0,0,0,0,1,1
50914,0033800002kC58dAAC,0.0,0,0.0,1460.0,0,0,0,1,0,0,0,0,0,1,0,1,0
50917,0033800002kC5BhAAK,0.0,0,0.0,3170.0,0,0,0,1,0,0,1,0,0,0,1,0,0
50920,0033800002kC5LNAA0,0.0,0,0.0,2737.0,1,0,0,0,0,0,1,0,0,0,0,1,1
50925,0033800002kC5ZyAAK,0.0,0,0.0,1461.0,0,0,0,1,0,0,0,0,1,0,0,1,0
50929,0033800002kC5mxAAC,0.0,0,0.0,8202.0,1,0,0,0,0,0,1,0,0,0,0,1,0
50931,0033800002kC5quAAC,0.0,0,0.0,6654.0,0,1,0,0,0,0,0,0,0,1,0,1,1
50935,0033800002kC5wYAAS,0.0,0,0.0,4140.0,1,0,0,0,0,0,0,0,0,1,0,1,0
50939,0033800002kC61sAAC,0.0,0,1768.0,1553.0,0,0,0,0,1,0,1,0,0,0,0,1,0
50940,0033800002kC61xAAC,0.0,0,8972.0,1913.0,0,1,0,0,0,0,1,0,0,0,0,1,0
50941,0033800002kC635AAC,0.0,0,0.0,2922.0,0,0,0,0,1,0,1,0,0,0,0,1,0
50943,0033800002kC64NAAS,0.0,0,4342.0,786.0,1,0,0,0,0,0,1,0,0,0,0,1,1
50945,0033800002kC6AkAAK,0.0,0,0.0,7955.0,1,0,0,0,0,0,0,0,0,1,0,1,1
50951,0033800002kC6KTAA0,0.0,90,0.0,4030.0,1,0,0,0,0,0,1,0,0,0,0,1,1
50953,0033800002kC6VHAA0,0.0,100,0.0,5710.0,0,0,0,1,0,0,1,0,0,0,0,1,1
50961,0033800002kC7FTAA0,0.0,0,0.0,3470.0,0,1,0,0,0,0,1,0,0,0,0,1,1
50962,0033800002kC7JfAAK,0.0,0,0.0,8098.0,0,1,0,0,0,0,0,0,0,1,0,1,0
50963,0033800002kC7ZRAA0,0.0,0,0.0,7887.0,0,0,0,0,1,1,0,0,0,0,1,0,0
50966,0033800002kC7iSAAS,0.0,0,0.0,7289.0,0,0,0,0,1,0,1,0,0,0,0,1,1
50969,0033800002kC7mEAAS,0.0,0,0.0,7327.0,0,0,0,1,0,0,0,0,0,1,0,1,0
50971,0033800002kC80fAAC,0.0,0,0.0,6151.0,0,0,0,1,0,0,1,0,0,0,0,1,0
50972,0033800002kC87qAAC,0.0,0,1279.0,1462.0,0,1,0,0,0,0,0,0,0,1,1,0,1
50978,0033800002kC8WMAA0,0.0,0,0.0,2192.0,0,1,0,0,0,1,0,0,0,0,1,0,1
50982,0033800002kC92cAAC,0.0,0,0.0,5574.0,1,0,0,0,0,1,0,0,0,0,0,1,1
50983,0033800002kC99YAAS,0.0,0,0.0,6711.0,0,0,0,1,0,0,0,0,1,0,0,1,0
50988,0033800002kC9eWAAS,0.0,0,0.0,8902.0,0,0,0,1,0,0,1,0,0,0,1,0,0
50992,0033800002kC9niAAC,0.0,70,2534.0,1203.0,0,1,0,0,0,0,1,0,0,0,0,1,1
50997,0033800002kC9z5AAC,0.0,0,13480.0,1461.0,0,0,0,0,1,0,0,0,0,1,0,1,1
51005,0033800002kCAZgAAO,0.0,0,0.0,4097.0,0,0,0,1,0,0,0,0,0,1,0,1,0
51011,0033800002kCAnoAAG,0.0,0,0.0,4595.0,0,0,0,1,0,0,0,0,1,0,0,1,0
51014,0033800002kCB0jAAG,0.0,50,7.0,2099.0,0,0,0,1,0,0,1,0,0,0,0,1,1
51018,0033800002kCBH6AAO,0.0,0,50.0,1460.0,0,0,0,1,0,0,0,0,0,1,0,1,0
51019,0033800002kCBNTAA4,0.0,0,0.0,7790.0,0,0,0,1,0,0,1,0,0,0,0,1,0
51020,0033800002kCBP0AAO,0.0,10,3378.0,2622.0,0,0,0,1,0,0,0,0,0,1,0,1,1
51022,0033800002kCBdCAAW,0.0,90,420.0,10983.0,0,1,0,0,0,0,1,0,0,0,0,1,0
51025,0033800002kCBsvAAG,0.0,0,0.0,7317.0,1,0,0,0,0,0,0,0,0,1,0,1,1
51026,0033800002kCBvBAAW,0.0,0,0.0,2426.0,0,1,0,0,0,0,0,0,0,1,0,1,1
51027,0033800002kCBw4AAG,0.0,0,10236.0,3351.0,0,1,0,0,0,0,0,0,1,0,1,0,1
51028,0033800002kCC6OAAW,0.0,0,0.0,7507.0,0,1,0,0,0,0,0,0,0,1,0,1,1
51032,0033800002kCCE8AAO,0.0,0,0.0,4420.0,0,1,0,0,0,0,1,0,0,0,0,1,1
51038,0033800002kCCOEAA4,0.0,0,441.0,7310.0,0,1,0,0,0,0,0,0,0,1,0,1,1
51041,0033800002kCCuEAAW,0.0,0,2878.0,691.0,0,0,0,1,0,0,1,0,0,0,1,0,1
51048,0033800002kCDPRAA4,0.0,70,0.0,10790.0,0,0,0,0,1,1,0,0,0,0,0,1,1
51055,0033800002kCE24AAG,0.0,0,11387.0,3137.0,1,0,0,0,0,0,1,0,0,0,0,1,0
51058,0033800002kCEaUAAW,0.0,0,0.0,2859.0,0,1,0,0,0,0,1,0,0,0,0,1,0
51061,0033800002kCEeHAAW,0.0,0,790.0,1932.0,0,0,0,1,0,0,1,0,0,0,0,1,0
51063,0033800002kCEpKAAW,0.0,0,0.0,4062.0,0,1,0,0,0,0,1,0,0,0,0,1,1
51064,0033800002kCEs4AAG,0.0,60,1750.0,2956.0,0,1,0,0,0,0,0,0,1,0,0,1,1
51067,0033800002kCEwCAAW,0.0,0,0.0,1207.0,1,0,0,0,0,0,1,0,0,0,0,1,0
51068,0033800002kCEzeAAG,0.0,0,0.0,1220.0,0,1,0,0,0,0,1,0,0,0,0,1,0
51071,0033800002kCFFSAA4,0.0,0,0.0,8786.0,1,0,0,0,0,0,0,0,1,0,0,1,0
51074,0033800002kCFP8AAO,0.0,0,0.0,10971.0,1,0,0,0,0,0,1,0,0,0,0,1,1
51075,0033800002kCFS7AAO,0.0,0,0.0,5300.0,0,0,0,1,0,0,1,0,0,0,0,1,1
51076,0033800002kCFWsAAO,0.0,100,367.0,9279.0,0,1,0,0,0,0,1,0,0,0,0,1,1
51077,0033800002kCFY0AAO,0.0,0,1018.0,1460.0,0,0,0,1,0,0,0,0,1,0,0,1,1
51080,0033800002kCFaVAAW,0.0,0,0.0,8435.0,0,1,0,0,0,0,1,0,0,0,0,1,1
51081,0033800002kCFafAAG,0.0,60,1623.0,1969.0,0,0,0,1,0,0,0,0,1,0,0,1,1
51082,0033800002kCFbEAAW,0.0,0,0.0,4383.0,1,0,0,0,0,1,0,0,0,0,0,1,1
51085,0033800002kCFhUAAW,0.0,0,0.0,8791.0,0,0,0,1,0,0,1,0,0,0,0,1,0
51086,0033800002kCFjuAAG,0.0,0,0.0,10600.0,1,0,0,0,0,0,1,0,0,0,0,1,0
51087,0033800002kCFlMAAW,0.0,0,0.0,11709.0,0,0,0,1,0,0,1,0,0,0,0,1,0
51097,0033800002kCG7mAAG,0.0,0,0.0,1868.0,1,0,0,0,0,0,1,0,0,0,0,1,0
51101,0033800002kCGLCAA4,0.0,0,0.0,9497.0,1,0,0,0,0,0,1,0,0,0,1,0,0
51103,0033800002kCGSrAAO,0.0,0,55.0,157.0,0,0,0,1,0,0,1,0,0,0,0,1,1
51106,0033800002kCGgUAAW,0.0,0,0.0,4587.0,0,1,0,0,0,0,1,0,0,0,0,1,0
51109,0033800002kCGqUAAW,0.0,0,0.0,2280.0,0,0,0,1,0,0,0,0,1,0,0,1,0
51111,0033800002kCGxfAAG,0.0,70,52.0,3717.0,0,0,0,1,0,0,1,0,0,0,0,1,1
51112,0033800002kCGz7AAG,0.0,0,0.0,7793.0,0,0,0,0,1,0,0,0,0,1,0,1,0
51115,0033800002kCH3sAAG,0.0,0,1621.0,1409.0,0,1,0,0,0,0,0,0,0,1,0,1,1
51118,0033800002kCH5FAAW,0.0,0,1744.0,2190.0,0,1,0,0,0,0,1,0,0,0,0,1,1
51120,0033800002kCH9HAAW,0.0,0,0.0,10233.0,0,0,0,1,0,0,1,0,0,0,0,1,1
51121,0033800002kCH9bAAG,0.0,0,0.0,3640.0,1,0,0,0,0,1,0,0,0,0,1,0,1
51122,0033800002kCHD0AAO,0.0,0,0.0,953.0,0,0,0,0,1,0,1,0,0,0,0,1,1
51124,0033800002kCHENAA4,0.0,90,1581.0,1298.0,0,1,0,0,0,0,1,0,0,0,0,1,0
51126,0033800002kCHIoAAO,0.0,0,0.0,3718.0,0,0,0,1,0,0,0,0,0,1,0,1,1
51127,0033800002kCHJjAAO,0.0,0,6.0,2801.0,1,0,0,0,0,0,0,0,0,1,0,1,1
51128,0033800002kCHffAAG,0.0,0,0.0,8032.0,0,1,0,0,0,0,0,0,0,1,1,0,1
51129,0033800002kCIFzAAO,0.0,70,2801.0,1827.0,0,1,0,0,0,0,0,0,0,1,1,0,1
51130,0033800002kCIKkAAO,0.0,0,262.0,1858.0,0,0,0,1,0,0,0,0,0,1,0,1,0
51131,0033800002kCIM7AAO,0.0,0,415.0,9547.0,0,1,0,0,0,0,1,0,0,0,0,1,0
51132,0033800002kCIPzAAO,0.0,0,0.0,2922.0,0,1,0,0,0,0,1,0,0,0,0,1,0
51133,0033800002kCIVTAA4,0.0,0,0.0,7527.0,1,0,0,0,0,0,1,0,0,0,0,1,0
51136,0033800002kCIXAAA4,0.0,0,0.0,1369.0,0,0,0,1,0,0,1,0,0,0,0,1,1
51137,0033800002kCIcAAAW,0.0,0,10237.0,2368.0,0,0,0,1,0,0,1,0,0,0,1,0,0
51138,0033800002kCIhZAAW,0.0,0,0.0,8111.0,1,0,0,0,0,0,1,0,0,0,0,1,0
51140,0033800002kCIlbAAG,0.0,0,0.0,7324.0,1,0,0,0,0,0,1,0,0,0,0,1,0
51144,0033800002kCJ0WAAW,0.0,0,6593.0,2556.0,1,0,0,0,0,1,0,0,0,0,1,0,1
51147,0033800002kCJQMAA4,0.0,0,0.0,8145.0,0,0,0,1,0,0,1,0,0,0,0,1,0
51149,0033800002kCJj9AAG,0.0,0,0.0,7260.0,0,0,0,0,1,0,0,0,1,0,0,1,1
51150,0033800002kCJkMAAW,0.0,100,421.0,4688.0,1,0,0,0,0,1,0,0,0,0,0,1,0
51153,0033800002kCK1IAAW,0.0,0,0.0,8172.0,0,0,0,0,1,1,0,0,0,0,0,1,0
51155,0033800002kCK5jAAG,0.0,0,0.0,7858.0,0,0,0,1,0,0,1,0,0,0,0,1,0
51157,0033800002kCKAZAA4,0.0,0,0.0,8223.0,0,1,0,0,0,1,0,0,0,0,0,1,0
51159,0033800002kCKBmAAO,0.0,0,27.0,7793.0,0,1,0,0,0,1,0,0,0,0,0,1,1
51160,0033800002kCKEvAAO,0.0,0,20.0,11474.0,1,0,0,0,0,1,0,0,0,0,0,1,1
51161,0033800002kCKJvAAO,0.0,0,0.0,7923.0,0,1,0,0,0,1,0,0,0,0,1,0,1
51162,0033800002kCKMDAA4,0.0,0,0.0,2923.0,0,1,0,0,0,0,1,0,0,0,1,0,0
51164,0033800002kCKQAAA4,0.0,100,206.0,7333.0,0,0,0,1,0,1,0,0,0,0,0,1,0
51168,0033800002kCLCeAAO,0.0,0,0.0,7185.0,0,0,0,0,1,0,1,0,0,0,0,1,0
51170,0033800002kCLSwAAO,0.0,30,2634.0,1825.0,0,0,0,0,1,0,0,0,1,0,0,1,1
51172,0033800002kCLTaAAO,0.0,0,169.0,2312.0,0,1,0,0,0,0,1,0,0,0,1,0,1
51178,0033800002kCMmNAAW,0.0,30,4493.0,1006.0,0,0,0,1,0,0,1,0,0,0,0,1,0
51183,0033800002kCOnTAAW,0.0,50,3261.0,1460.0,1,0,0,0,0,0,0,0,1,0,0,1,1
51185,0033800002kCOtqAAG,0.0,0,21.0,2181.0,0,1,0,0,0,0,1,0,0,0,0,1,0
51187,0033800002kCOvDAAW,0.0,0,0.0,2056.0,1,0,0,0,0,0,1,0,0,0,1,0,0
51192,0033800002kCOzoAAG,0.0,0,1.0,4323.0,0,0,0,1,0,0,1,0,0,0,1,0,0
51193,0033800002kCOzyAAG,0.0,0,0.0,9869.0,1,0,0,0,0,0,1,0,0,0,0,1,1
51196,0033800002kCP1VAAW,0.0,60,3096.0,2192.0,0,1,0,0,0,0,1,0,0,0,0,1,1
51197,0033800002kCP1fAAG,0.0,50,0.0,4383.0,0,0,0,0,1,1,0,0,0,0,0,1,1
51200,0033800002kCP3CAAW,0.0,0,0.0,853.0,0,0,0,1,0,0,0,0,0,1,0,1,0
51203,0033800002kCP4hAAG,0.0,0,0.0,14976.0,0,1,0,0,0,0,1,0,0,0,0,1,1
51205,0033800002kCP5jAAG,0.0,0,0.0,7310.0,0,0,0,1,0,0,0,0,0,1,0,1,1
51206,0033800002kCP70AAG,0.0,0,0.0,8772.0,0,0,0,0,1,0,0,0,0,1,0,1,1
51207,0033800002kCP88AAG,0.0,0,0.0,3795.0,0,0,0,1,0,0,1,0,0,0,0,1,0
51217,0033800002kCPQEAA4,0.0,0,24.0,8613.0,0,1,0,0,0,1,0,0,0,0,0,1,1
51220,0033800002kCPRCAA4,0.0,40,2491.0,4774.0,0,1,0,0,0,1,0,0,0,0,0,1,1
51222,0033800002kCPRbAAO,0.0,40,2614.0,2249.0,0,1,0,0,0,0,1,0,0,0,1,0,1
51224,0033800002kCPS0AAO,0.0,0,439.0,2697.0,0,0,0,1,0,0,1,0,0,0,0,1,1
51226,0033800002kCPTIAA4,0.0,0,0.0,3436.0,0,1,0,0,0,0,0,0,0,1,0,1,1
51231,0033800002kCPemAAG,0.0,0,0.0,8394.0,0,1,0,0,0,0,1,0,0,0,0,1,1
51234,0033800002kCPv4AAG,0.0,0,0.0,4018.0,0,1,0,0,0,1,0,0,0,0,1,0,0
51235,0033800002kCPv9AAG,0.0,0,0.0,8796.0,1,0,0,0,0,1,0,0,0,0,0,1,1
51236,0033800002kCQ5sAAG,0.0,0,0.0,5838.0,1,0,0,0,0,0,1,0,0,0,1,0,1
51237,0033800002kCQDSAA4,0.0,0,0.0,3978.0,0,0,0,1,0,1,0,0,0,0,0,1,1
51238,0033800002kCQFEAA4,0.0,0,0.0,7048.0,1,0,0,0,0,1,0,0,0,0,0,1,0
51241,0033800002kCQtxAAG,0.0,0,15820.0,1461.0,1,0,0,0,0,1,0,0,0,0,0,1,0
51248,0033800002kCR43AAG,0.0,0,0.0,1460.0,0,1,0,0,0,0,0,0,1,0,0,1,1
51254,0033800002kCR9IAAW,0.0,0,0.0,7431.0,0,0,0,0,1,0,1,0,0,0,0,1,1
51261,0033800002kCRTnAAO,0.0,0,0.0,1817.0,0,0,0,1,0,0,0,0,1,0,0,1,1
51263,0033800002kCRVFAA4,0.0,0,0.0,9517.0,0,1,0,0,0,0,0,0,0,1,0,1,1
51265,0033800002kCRrpAAG,0.0,0,0.0,7582.0,0,1,0,0,0,0,1,0,0,0,1,0,0
51266,0033800002kCRzPAAW,0.0,0,0.0,3013.0,0,0,0,1,0,0,1,0,0,0,0,1,1
51268,0033800002kCUoSAAW,0.0,100,0.0,8075.0,0,0,0,1,0,0,1,0,0,0,1,0,1
51272,0033800002kCV2PAAW,0.0,0,1430.0,8552.0,0,1,0,0,0,0,1,0,0,0,0,1,1
51273,0033800002kCV2QAAW,0.0,0,0.0,7457.0,0,1,0,0,0,0,1,0,0,0,0,1,0
51278,0033800002kCV2VAAW,0.0,0,0.0,7328.0,0,1,0,0,0,1,0,0,0,0,0,1,1
51281,0033800002kCV2YAAW,0.0,0,0.0,4319.0,0,1,0,0,0,0,0,0,1,0,0,1,1
51283,0033800002kCVIIAA4,0.0,0,0.0,10986.0,0,0,0,0,1,1,0,0,0,0,0,1,0
51288,0033800002kCVLlAAO,0.0,0,0.0,6940.0,1,0,0,0,0,1,0,0,0,0,0,1,1
51291,0033800002kCVLoAAO,0.0,0,0.0,8422.0,0,1,0,0,0,0,1,0,0,0,0,1,1
51292,0033800002kCVLpAAO,0.0,0,0.0,7305.0,1,0,0,0,0,0,0,0,1,0,0,1,1
51293,0033800002kCVLqAAO,0.0,0,129.0,8420.0,0,1,0,0,0,0,0,0,0,1,0,1,0
51314,0033800002kCVMBAA4,0.0,50,120.0,8068.0,0,1,0,0,0,1,0,0,0,0,0,1,1
51340,0033800002kCVMcAAO,0.0,60,3137.0,7334.0,0,1,0,0,0,0,0,0,0,1,0,1,0
51343,0033800002kCVMfAAO,0.0,0,8.0,4018.0,0,0,0,0,1,0,0,0,0,1,1,0,0
51345,0033800002kCVMhAAO,0.0,0,247.0,1857.0,0,1,0,0,0,0,0,0,0,1,0,1,1
51351,0033800002kCVMpAAO,0.0,0,115.0,392.0,0,0,0,1,0,0,0,0,0,1,0,1,1
51357,0033800002kCVMvAAO,0.0,0,1.0,7334.0,0,1,0,0,0,1,0,0,0,0,0,1,1
51361,0033800002kCVMzAAO,0.0,0,315.0,1767.0,0,0,0,1,0,0,1,0,0,0,0,1,0
51366,0033800002kCVN4AAO,0.0,0,10.0,3651.0,0,0,0,1,0,0,0,0,0,1,0,1,1
51384,0033800002kCVaDAAW,0.0,0,1371.0,7491.0,1,0,0,0,0,1,0,0,0,0,0,1,1
51385,0033800002kCVtjAAG,0.0,0,424.0,1521.0,0,1,0,0,0,0,1,0,0,0,0,1,1
51387,0033800002kCWNEAA4,0.0,0,0.0,3091.0,1,0,0,0,0,0,0,0,0,1,1,0,1
51388,0033800002kCWNsAAO,0.0,0,0.0,7700.0,0,1,0,0,0,0,0,0,0,1,0,1,1
51390,0033800002kCWTRAA4,0.0,40,1506.0,2192.0,0,1,0,0,0,1,0,0,0,0,1,0,1
51392,0033800002kCWW6AAO,0.0,80,1697.0,7468.0,0,0,0,0,1,0,1,0,0,0,1,0,1
51394,0033800002kCWYlAAO,0.0,0,60.0,2184.0,0,0,0,1,0,0,1,0,0,0,0,1,1
51402,0033800002kCWv6AAG,0.0,0,0.0,5124.0,0,0,0,1,0,0,0,0,0,1,1,0,0
51403,0033800002kCWx7AAG,0.0,50,2141.0,2983.0,0,0,0,0,1,0,0,0,1,0,0,1,1
51404,0033800002kCX22AAG,0.0,70,0.0,4352.0,1,0,0,0,0,1,0,0,0,0,0,1,1
51405,0033800002kCX2bAAG,0.0,0,0.0,1628.0,0,0,0,1,0,0,1,0,0,0,1,0,0
51410,0033800002kCXTgAAO,4.0,80,0.0,3793.0,1,0,0,0,0,1,0,0,0,0,1,0,1
51411,0033800002kCXTqAAO,0.0,0,6078.0,1580.0,0,1,0,0,0,1,0,0,0,0,1,0,0
51412,0033800002kCXhEAAW,0.0,0,0.0,7305.0,0,0,0,0,1,0,1,0,0,0,1,0,1
51413,0033800002kCXq1AAG,0.0,0,674.0,10677.0,0,0,0,1,0,0,1,0,0,0,0,1,1
51414,0033800002kCXqLAAW,0.0,80,2648.0,4307.0,0,1,0,0,0,0,0,0,0,1,0,1,1
51415,0033800002kCXxgAAG,0.0,0,0.0,2192.0,1,0,0,0,0,1,0,0,0,0,1,0,0
51416,0033800002kCY4hAAG,0.0,0,0.0,7391.0,0,1,0,0,0,1,0,0,0,0,0,1,1
51419,0033800002kCYF6AAO,0.0,0,0.0,7861.0,0,1,0,0,0,0,1,0,0,0,0,1,1
51420,0033800002kCYJIAA4,0.0,0,0.0,7502.0,0,1,0,0,0,0,1,0,0,0,0,1,0
51424,0033800002kCYUkAAO,0.0,0,3615.0,1459.0,0,0,0,0,1,1,0,0,0,0,0,1,0
51428,0033800002kCYdmAAG,0.0,0,0.0,3652.0,1,0,0,0,0,1,0,0,0,0,0,1,0
51433,0033800002kCZSVAA4,0.0,0,0.0,2191.0,0,1,0,0,0,1,0,0,0,0,0,1,1
51436,0033800002kCZqxAAG,0.0,0,24.0,2893.0,0,1,0,0,0,0,0,0,0,1,0,1,1
51439,0033800002kCaVPAA0,0.0,0,1357.0,2192.0,0,1,0,0,0,0,0,0,1,0,0,1,0
51442,0033800002kCanPAAS,0.0,0,2209.0,1735.0,0,1,0,0,0,0,0,0,1,0,0,1,1
51446,0033800002kCaw7AAC,0.0,0,2263.0,1888.0,0,0,0,0,1,0,0,0,0,1,0,1,1
51448,0033800002kCbFiAAK,0.0,0,9.0,9103.0,0,0,0,0,1,0,1,0,0,0,0,1,1
51450,0033800002kCbPsAAK,0.0,60,3465.0,3236.0,0,0,0,0,1,0,0,0,0,1,0,1,0
51459,0033800002kCbpWAAS,0.0,0,2.0,10805.0,0,1,0,0,0,0,1,0,0,0,0,1,1
51461,0033800002kCbqAAAS,0.0,20,186.0,8311.0,0,0,0,1,0,0,0,0,0,1,0,1,1
51464,0033800002kCbrDAAS,0.0,0,5105.0,742.0,1,0,0,0,0,0,1,0,0,0,0,1,0
51469,0033800002kCcc9AAC,0.0,0,0.0,2270.0,1,0,0,0,0,0,1,0,0,0,1,0,0
51470,0033800002kCceFAAS,0.0,0,0.0,3292.0,0,0,0,1,0,0,0,0,1,0,0,1,0
51471,0033800002kCcfhAAC,0.0,0,4722.0,721.0,1,0,0,0,0,0,1,0,0,0,0,1,0
51474,0033800002kCcigAAC,0.0,0,0.0,8392.0,0,1,0,0,0,0,1,0,0,0,0,1,0
51476,0033800002kCdgcAAC,0.0,0,0.0,5995.0,0,0,0,1,0,0,1,0,0,0,0,1,1
51477,0033800002kCdgeAAC,0.0,0,51.0,1300.0,0,0,0,1,0,0,1,0,0,0,1,0,0
51478,0033800002kCdgfAAC,0.0,0,1613.0,366.0,0,1,0,0,0,0,1,0,0,0,0,1,1
51480,0033800002kCdghAAC,0.0,0,147.0,1765.0,0,0,0,1,0,0,1,0,0,0,0,1,0
51481,0033800002kCdgoAAC,0.0,0,42.0,7379.0,0,0,0,1,0,0,0,0,0,1,0,1,1
51482,0033800002kCdjZAAS,0.0,0,7711.0,1462.0,0,0,0,1,0,0,0,0,1,0,0,1,0
51483,0033800002kCdtaAAC,0.0,0,0.0,1461.0,1,0,0,0,0,1,0,0,0,0,0,1,0
51487,0033800002kCe1LAAS,0.0,0,0.0,5123.0,1,0,0,0,0,0,1,0,0,0,1,0,0
51491,0033800002kCe5rAAC,0.0,0,0.0,7245.0,1,0,0,0,0,0,1,0,0,0,0,1,1
51494,0033800002kCeDMAA0,0.0,10,2340.0,1825.0,0,0,0,0,1,0,0,0,1,0,0,1,1
51500,0033800002kCemwAAC,0.0,70,1012.0,1460.0,1,0,0,0,0,0,1,0,0,0,0,1,1
51503,0033800002kCf2HAAS,0.0,0,0.0,2738.0,0,0,0,1,0,0,1,0,0,0,0,1,1
51511,0033800002kCfh7AAC,0.0,0,3531.0,7304.0,0,0,0,0,1,0,0,0,0,1,0,1,1
51512,0033800002kCfiKAAS,0.0,0,35.0,5680.0,0,1,0,0,0,0,0,0,1,0,0,1,0
51514,0033800002kCfkzAAC,0.0,0,0.0,8968.0,0,0,0,0,1,0,1,0,0,0,0,1,1
51515,0033800002kCflYAAS,0.0,0,6606.0,1339.0,0,1,0,0,0,0,0,0,0,1,1,0,1
51516,0033800002kCflsAAC,0.0,70,412.0,2396.0,0,0,0,1,0,0,1,0,0,0,0,1,1
51517,0033800002kCfmqAAC,0.0,0,16.0,1826.0,0,0,0,1,0,0,1,0,0,0,0,1,0
51521,0033800002kCgAsAAK,0.0,0,6267.0,3043.0,0,0,0,1,0,0,0,0,1,0,0,1,1
51522,0033800002kCgBHAA0,0.0,0,0.0,3338.0,0,0,0,1,0,0,1,0,0,0,0,1,1
51528,0033800002kCgemAAC,0.0,0,0.0,9527.0,0,0,0,1,0,0,1,0,0,0,0,1,1
51529,0033800002kCgfVAAS,0.0,0,0.0,11583.0,0,1,0,0,0,0,1,0,0,0,0,1,0
51530,0033800002kCgiFAAS,0.0,0,1532.0,4700.0,0,1,0,0,0,1,0,0,0,0,0,1,1
51532,0033800002kChLjAAK,0.0,0,0.0,7333.0,0,0,0,0,1,0,1,0,0,0,0,1,1
51538,0033800002kChsBAAS,0.0,0,89.0,7331.0,1,0,0,0,0,0,0,1,0,0,0,1,1
51541,0033800002kCi7kAAC,0.0,0,0.0,3988.0,1,0,0,0,0,0,1,0,0,0,0,1,1
51544,0033800002kCiQnAAK,0.0,100,0.0,2466.0,1,0,0,0,0,0,1,0,0,0,0,1,0
51545,0033800002kCiR7AAK,0.0,70,703.0,2557.0,0,0,0,1,0,0,1,0,0,0,0,1,0
51563,0033800002kCj9UAAS,0.0,70,423.0,1978.0,0,0,0,1,0,0,1,0,0,0,1,0,1
51564,0033800002kCj9VAAS,0.0,0,152.0,4492.0,0,0,0,0,1,1,0,0,0,0,0,1,1
51565,0033800002kCjHTAA0,0.0,0,0.0,9423.0,0,1,0,0,0,0,1,0,0,0,0,1,1
51567,0033800002kCjTPAA0,0.0,0,0.0,2922.0,0,0,0,1,0,1,0,0,0,0,0,1,1
51571,0033800002kCjieAAC,4.0,80,0.0,4798.0,0,0,0,1,0,1,0,0,0,0,0,1,1
51573,0033800002kCjo3AAC,0.0,0,0.0,7429.0,0,0,0,0,1,1,0,0,0,0,0,1,1
51574,0033800002kCjpQAAS,0.0,0,1858.0,3420.0,0,0,0,1,0,0,0,0,1,0,0,1,0
51575,0033800002kCjpaAAC,0.0,20,3364.0,2344.0,0,1,0,0,0,0,1,0,0,0,0,1,1
51580,0033800002kCjycAAC,0.0,90,943.0,2830.0,0,0,0,1,0,0,0,0,0,1,0,1,1
51582,0033800002kCjygAAC,0.0,80,1642.0,3867.0,1,0,0,0,0,0,1,0,0,0,0,1,1
51584,0033800002kCjykAAC,0.0,0,7060.0,1461.0,0,1,0,0,0,0,0,0,0,1,0,1,0
51586,0033800002kCjyoAAC,0.0,90,1005.0,1522.0,1,0,0,0,0,0,1,0,0,0,1,0,0
51587,0033800002kCjypAAC,0.0,40,889.0,548.0,1,0,0,0,0,0,1,0,0,0,0,1,1
51588,0033800002kCjyqAAC,0.0,0,5753.0,792.0,0,0,0,0,1,0,0,0,1,0,0,1,1
51589,0033800002kCjyrAAC,0.0,20,698.0,4153.0,0,0,0,0,1,0,1,0,0,0,0,1,1
51591,0033800002kCjyvAAC,0.0,0,2528.0,3407.0,1,0,0,0,0,0,1,0,0,0,0,1,1
51592,0033800002kCjywAAC,0.0,30,1828.0,1888.0,0,1,0,0,0,0,0,0,1,0,0,1,1
51593,0033800002kCjyyAAC,0.0,0,1918.0,1614.0,0,1,0,0,0,0,1,0,0,0,0,1,1
51594,0033800002kCjyzAAC,0.0,0,3371.0,2922.0,1,0,0,0,0,0,1,0,0,0,0,1,1
51595,0033800002kCjz0AAC,0.0,0,335.0,3014.0,0,0,0,0,1,0,1,0,0,0,0,1,1
51596,0033800002kCjz1AAC,0.0,70,2375.0,7314.0,0,0,0,1,0,0,0,1,0,0,0,1,1
51599,0033800002kCk7nAAC,0.0,100,2677.0,7915.0,0,0,0,0,1,0,1,0,0,0,0,1,1
51600,0033800002kCkPFAA0,0.0,0,0.0,8765.0,0,1,0,0,0,0,1,0,0,0,1,0,0
51601,0033800002kCkPyAAK,0.0,0,0.0,3662.0,1,0,0,0,0,1,0,0,0,0,1,0,0
51604,0033800002kCkl0AAC,4.0,0,0.0,5858.0,1,0,0,0,0,0,1,0,0,0,1,0,1
51605,0033800002kCkoOAAS,0.0,0,191.0,1826.0,0,0,0,1,0,1,0,0,0,0,0,1,1
51606,0033800002kCkpgAAC,0.0,60,1955.0,4133.0,0,0,0,1,0,1,0,0,0,0,0,1,1
51607,0033800002kCkqeAAC,0.0,0,9251.0,1799.0,1,0,0,0,0,1,0,0,0,0,0,1,1
51610,0033800002kCksfAAC,0.0,0,0.0,10389.0,1,0,0,0,0,0,1,0,0,0,0,1,1
51611,0033800002kCkskAAC,0.0,0,4504.0,7316.0,0,0,1,0,0,0,0,0,1,0,0,1,1
51612,0033800002kCkuqAAC,0.0,0,208.0,4767.0,1,0,0,0,0,1,0,0,0,0,0,1,0
51613,0033800002kCl13AAC,0.0,0,0.0,2386.0,0,0,1,0,0,1,0,0,0,0,0,1,1
51617,0033800002kClAqAAK,0.0,0,0.0,7514.0,0,1,0,0,0,0,1,0,0,0,1,0,1
51625,0033800002kClq3AAC,0.0,0,0.0,10974.0,1,0,0,0,0,0,0,0,0,1,0,1,1
51629,0033800002kCm4pAAC,0.0,0,694.0,3394.0,0,0,0,1,0,0,0,0,1,0,0,1,0
51632,0033800002kSUTGAA4,0.0,60,329.0,2815.0,0,0,0,1,0,0,0,0,1,0,0,1,0
51644,0033800002kSVbRAAW,0.0,0,0.0,9860.0,1,0,0,0,0,0,1,0,0,0,0,1,1
51645,0033800002kSVc5AAG,0.0,0,0.0,7359.0,0,0,0,1,0,0,1,0,0,0,0,1,0
51647,0033800002kSVf4AAG,0.0,0,0.0,1621.0,0,1,0,0,0,0,0,0,1,0,1,0,0
51653,0033800002kSVkuAAG,0.0,0,4976.0,1095.0,0,1,0,0,0,1,0,0,0,0,0,1,1
51656,0033800002kSVkyAAG,0.0,0,14.0,9221.0,0,0,1,0,0,0,0,0,0,1,0,1,1
51658,0033800002kSVl0AAG,0.0,0,0.0,5725.0,0,1,0,0,0,0,0,0,0,1,0,1,0
51659,0033800002kSVl1AAG,0.0,0,0.0,10046.0,0,1,0,0,0,0,1,0,0,0,0,1,0
51662,0033800002kSVl4AAG,0.0,0,0.0,8448.0,0,1,0,0,0,1,0,0,0,0,0,1,1
51663,0033800002kSVl5AAG,0.0,0,0.0,8014.0,0,1,0,0,0,0,0,0,0,1,0,1,1
51667,0033800002kSVwxAAG,0.0,60,0.0,2086.0,0,0,0,1,0,1,0,0,0,0,0,1,0
51668,0033800002kSVz8AAG,0.0,0,0.0,3520.0,0,0,0,0,1,1,0,0,0,0,0,1,1
51677,0033800002kSWqLAAW,0.0,80,742.0,945.0,1,0,0,0,0,0,1,0,0,0,0,1,1
51684,0033800002kSWveAAG,0.0,0,0.0,7318.0,0,1,0,0,0,0,0,0,0,1,1,0,1
51692,0033800002kSXHVAA4,0.0,0,0.0,2192.0,0,1,0,0,0,1,0,0,0,0,1,0,1
51694,0033800002kSXIdAAO,0.0,0,68.0,5504.0,0,0,0,1,0,0,1,0,0,0,1,0,0
51695,0033800002kSXO2AAO,0.0,0,152.0,8399.0,0,1,0,0,0,0,1,0,0,0,0,1,1
51698,0033800002kSXd7AAG,0.0,0,0.0,5329.0,0,0,0,0,1,0,1,0,0,0,0,1,1
51700,0033800002kSXi7AAG,0.0,0,0.0,2854.0,0,0,0,0,1,0,1,0,0,0,1,0,1
51703,0033800002kSXo0AAG,0.0,90,2621.0,7455.0,0,0,0,1,0,0,1,0,0,0,0,1,0
51704,0033800002kSXpIAAW,0.0,0,0.0,3824.0,0,1,0,0,0,0,1,0,0,0,0,1,1
51715,0033800002kSYIwAAO,0.0,100,700.0,11902.0,0,0,0,0,1,0,1,0,0,0,0,1,1
51716,0033800002kSYM0AAO,0.0,0,0.0,8779.0,0,0,0,1,0,0,0,0,0,1,0,1,1
51722,0033800002kSYXWAA4,0.0,20,104.0,2191.0,1,0,0,0,0,1,0,0,0,0,0,1,1
51724,0033800002kSYbdAAG,0.0,0,0.0,3376.0,0,0,0,1,0,0,1,0,0,0,0,1,1
51725,0033800002kSYe8AAG,0.0,60,0.0,2904.0,0,1,0,0,0,1,0,0,0,0,1,0,1
51726,0033800002kSYqFAAW,0.0,10,12.0,6540.0,0,0,0,0,1,0,0,0,0,1,0,1,1
51727,0033800002kSYuCAAW,0.0,0,0.0,8248.0,0,0,0,1,0,0,1,0,0,0,1,0,1
51729,0033800002kSYyKAAW,0.0,100,0.0,9740.0,0,1,0,0,0,0,0,0,1,0,0,1,1
51735,0033800002kSZ5uAAG,0.0,0,0.0,9297.0,0,0,0,1,0,0,1,0,0,0,0,1,1
51736,0033800002kSZALAA4,0.0,0,181.0,5159.0,0,0,0,1,0,0,1,0,0,0,0,1,0
51743,0033800002kSajgAAC,0.0,10,1876.0,2497.0,0,0,0,1,0,0,1,0,0,0,0,1,0
51744,0033800002kSan9AAC,0.0,0,0.0,6996.0,0,0,0,0,1,0,0,0,1,0,1,0,1
51747,0033800002kSawpAAC,0.0,0,782.0,310.0,0,0,0,1,0,0,1,0,0,0,1,0,0
51767,0033800002kSdBYAA0,0.0,0,0.0,9131.0,1,0,0,0,0,0,1,0,0,0,0,1,1
51771,0033800002kSdKBAA0,0.0,0,361.0,2825.0,0,0,0,1,0,0,1,0,0,0,1,0,1
51776,0033800002kSddxAAC,0.0,0,0.0,409.0,1,0,0,0,0,0,1,0,0,0,0,1,1
51778,0033800002kSdm6AAC,0.0,0,0.0,3398.0,0,0,0,1,0,0,1,0,0,0,0,1,0
51785,0033800002kSeFDAA0,0.0,0,0.0,7786.0,0,1,0,0,0,0,1,0,0,0,0,1,0
51786,0033800002kSeFSAA0,0.0,0,0.0,7320.0,1,0,0,0,0,1,0,0,0,0,0,1,1
51788,0033800002kSeNWAA0,0.0,0,3.0,1051.0,0,0,0,1,0,1,0,0,0,0,1,0,1
51795,0033800002kSfIZAA0,0.0,0,3348.0,1461.0,1,0,0,0,0,0,0,0,1,0,0,1,1
51796,0033800002kSfM2AAK,0.0,0,8405.0,5498.0,0,0,0,0,1,0,1,0,0,0,1,0,1
51797,0033800002kSfVJAA0,0.0,0,1912.0,4938.0,0,1,0,0,0,0,0,0,0,1,0,1,0
51798,0033800002kSfXoAAK,0.0,0,0.0,8822.0,0,0,0,0,1,0,1,0,0,0,0,1,1
51803,0033800002kSfuJAAS,0.0,0,80.0,1461.0,0,0,0,1,0,0,0,0,1,0,0,1,1
51810,0033800002kSgAqAAK,0.0,0,0.0,7333.0,0,1,0,0,0,0,0,0,0,1,0,1,1
51811,0033800002kSgB0AAK,0.0,0,0.0,7327.0,1,0,0,0,0,1,0,0,0,0,0,1,1
51813,0033800002kSgFjAAK,0.0,0,2229.0,612.0,0,0,0,1,0,1,0,0,0,0,0,1,0
51815,0033800002kSgk8AAC,0.0,0,0.0,8190.0,0,0,0,1,0,0,1,0,0,0,0,1,1
51819,0033800002kSgyyAAC,0.0,0,3782.0,2706.0,0,0,0,1,0,0,0,0,0,1,0,1,0
51822,0033800002kSh7HAAS,0.0,0,0.0,2313.0,0,0,0,1,0,0,1,0,0,0,0,1,1
51823,0033800002kSh7MAAS,0.0,0,12767.0,1094.0,0,0,0,0,1,0,1,0,0,0,0,1,0
51826,0033800002kShAQAA0,0.0,100,1298.0,3736.0,0,1,0,0,0,0,0,0,1,0,0,1,1
51828,0033800002kShWQAA0,0.0,0,2479.0,3094.0,0,1,0,0,0,0,0,0,0,1,1,0,1
51829,0033800002kShb1AAC,0.0,0,0.0,8081.0,0,0,0,0,1,0,0,0,1,0,0,1,1
51830,0033800002kShcYAAS,0.0,0,0.0,11607.0,1,0,0,0,0,0,1,0,0,0,0,1,1
51831,0033800002kShePAAS,0.0,30,234.0,4532.0,0,1,0,0,0,0,1,0,0,0,0,1,1
51832,0033800002kShgGAAS,0.0,0,0.0,9133.0,1,0,0,0,0,0,1,0,0,0,0,1,1
51837,0033800002kShwdAAC,0.0,0,897.0,1461.0,0,0,0,1,0,0,0,0,0,1,0,1,1
51841,0033800002kSi8KAAS,0.0,0,66.0,8234.0,0,0,0,1,0,0,0,0,0,1,0,1,1
51842,0033800002kSifOAAS,0.0,0,0.0,3391.0,1,0,0,0,0,0,0,0,0,1,0,1,0
51843,0033800002kSifTAAS,0.0,30,819.0,2912.0,1,0,0,0,0,0,1,0,0,0,0,1,0
51847,0033800002kSiyYAAS,0.0,0,0.0,2194.0,0,1,0,0,0,0,0,0,1,0,0,1,1
51851,0033800002kSj19AAC,0.0,0,2260.0,2955.0,1,0,0,0,0,0,1,0,0,0,0,1,0
51853,0033800002kSj1BAAS,0.0,0,5088.0,7671.0,0,0,0,0,1,0,1,0,0,0,0,1,1
51856,0033800002kSjIjAAK,0.0,0,0.0,6733.0,0,1,0,0,0,0,1,0,0,0,1,0,1
51877,0033800002kSk7OAAS,0.0,70,1600.0,1116.0,0,0,0,1,0,1,0,0,0,0,0,1,0
51878,0033800002kSkBGAA0,0.0,0,0.0,7327.0,0,0,0,1,0,0,1,0,0,0,0,1,0
51879,0033800002kSkD2AAK,0.0,100,2000.0,1057.0,0,0,0,1,0,0,1,0,0,0,0,1,0
51880,0033800002kSkEKAA0,0.0,0,0.0,2916.0,0,0,0,1,0,1,0,0,0,0,0,1,1
51882,0033800002kSkHnAAK,0.0,0,0.0,4702.0,0,0,0,1,0,0,0,0,0,1,0,1,0
51887,0033800002kSkiZAAS,0.0,0,2570.0,5004.0,0,0,0,1,0,0,0,0,1,0,0,1,1
51888,0033800002kSkpLAAS,0.0,0,0.0,7469.0,0,0,0,1,0,0,1,0,0,0,0,1,1
51889,0033800002kSksyAAC,0.0,0,0.0,8047.0,0,0,0,1,0,0,0,0,0,1,0,1,0
51892,0033800002kSkvTAAS,0.0,0,411.0,2339.0,0,0,0,1,0,0,1,0,0,0,0,1,1
51894,0033800002kSl9kAAC,0.0,0,0.0,5081.0,0,0,0,0,1,0,1,0,0,0,1,0,1
51895,0033800002kSlGMAA0,0.0,0,0.0,1942.0,1,0,0,0,0,0,0,0,0,1,0,1,1
51896,0033800002kSlU9AAK,0.0,0,0.0,8401.0,0,0,0,0,1,1,0,0,0,0,0,1,0
51897,0033800002kSliBAAS,0.0,0,0.0,2249.0,0,0,0,1,0,0,1,0,0,0,0,1,1
51909,0033800002kSmPjAAK,0.0,0,988.0,2905.0,1,0,0,0,0,1,0,0,0,0,1,0,0
51910,0033800002kSmR6AAK,0.0,0,0.0,2070.0,1,0,0,0,0,0,1,0,0,0,0,1,0
51911,0033800002kSmZeAAK,0.0,0,3923.0,1460.0,0,0,0,1,0,0,0,0,1,0,0,1,0
51923,0033800002kSnAkAAK,0.0,0,0.0,7333.0,0,1,0,0,0,1,0,0,0,0,0,1,1
51928,0033800002kSngiAAC,0.0,30,537.0,3314.0,0,0,0,1,0,0,0,0,1,0,0,1,1
51936,0033800002kSnzLAAS,0.0,0,0.0,1207.0,0,0,0,1,0,0,1,0,0,0,0,1,1
51938,0033800002kSo3mAAC,0.0,70,3781.0,2343.0,1,0,0,0,0,0,0,0,0,1,1,0,1
51940,0033800002kSo5YAAS,0.0,100,0.0,4711.0,0,0,0,1,0,0,0,0,0,1,1,0,0
51948,0033800002kSoJ5AAK,0.0,0,208.0,2214.0,0,0,0,1,0,0,0,0,0,1,0,1,1
51949,0033800002kSoKXAA0,0.0,0,0.0,4380.0,0,0,0,0,1,1,0,0,0,0,0,1,0
51952,0033800002kSoTeAAK,0.0,0,0.0,8241.0,0,1,0,0,0,0,1,0,0,0,0,1,1
51953,0033800002kSoY0AAK,0.0,0,0.0,8764.0,0,0,0,0,1,1,0,0,0,0,0,1,1
51959,0033800002kSpAiAAK,0.0,0,0.0,9883.0,1,0,0,0,0,0,1,0,0,0,0,1,1
51960,0033800002kSpDNAA0,0.0,0,0.0,11187.0,0,0,0,0,1,0,0,0,0,1,0,1,1
51963,0033800002kSpekAAC,0.0,70,0.0,7604.0,0,0,0,0,1,1,0,0,0,0,1,0,0
51965,0033800002kSpu4AAC,0.0,0,0.0,1196.0,1,0,0,0,0,0,1,0,0,0,0,1,1
51966,0033800002kSq2mAAC,0.0,0,0.0,8671.0,0,0,0,0,1,0,1,0,0,0,0,1,1
51970,0033800002kSqcoAAC,0.0,0,0.0,7648.0,0,0,0,1,0,0,0,0,0,1,0,1,0
51971,0033800002kSqi3AAC,0.0,0,80.0,2630.0,0,0,0,1,0,0,1,0,0,0,1,0,1
51977,0033800002kSrbwAAC,5.0,60,0.0,2551.0,0,0,0,1,0,0,0,0,0,1,0,1,1
51980,0033800002kSrfTAAS,0.0,0,3734.0,1491.0,0,0,0,1,0,0,1,0,0,0,1,0,0
51981,0033800002kSrheAAC,0.0,0,0.0,8775.0,0,1,0,0,0,0,0,0,0,1,0,1,0
51982,0033800002kSrhoAAC,0.0,0,0.0,3675.0,0,0,0,0,1,0,1,0,0,0,0,1,1
51984,0033800002kSrmAAAS,0.0,0,0.0,8227.0,0,0,0,1,0,0,0,0,0,1,0,1,0
51985,0033800002kSrnhAAC,0.0,60,1011.0,6457.0,1,0,0,0,0,1,0,0,0,0,1,0,1
51987,0033800002kSs2vAAC,0.0,0,0.0,3280.0,0,0,0,1,0,0,1,0,0,0,0,1,1
51988,0033800002kSsHqAAK,0.0,0,828.0,8843.0,1,0,0,0,0,0,1,0,0,0,1,0,0
51989,0033800002kSsR2AAK,0.0,0,39.0,7514.0,1,0,0,0,0,0,1,0,0,0,0,1,1
51991,0033800002kSsdIAAS,0.0,0,0.0,3488.0,0,0,0,1,0,0,1,0,0,0,0,1,0
51992,0033800002kSsjIAAS,0.0,0,0.0,1274.0,0,0,0,1,0,0,1,0,0,0,1,0,0
51996,0033800002kSszkAAC,0.0,100,932.0,6491.0,0,0,0,0,1,0,1,0,0,0,0,1,0
52005,0033800002kStUEAA0,0.0,0,1.0,3028.0,0,1,0,0,0,0,1,0,0,0,0,1,0
52006,0033800002kStchAAC,0.0,60,742.0,7717.0,0,0,0,0,1,0,1,0,0,0,0,1,1
52007,0033800002kStcmAAC,0.0,0,0.0,4889.0,1,0,0,0,0,1,0,0,0,0,0,1,0
52010,0033800002kSu0UAAS,0.0,0,0.0,7635.0,0,0,0,1,0,0,1,0,0,0,0,1,0
52012,0033800002kSuAKAA0,0.0,100,3264.0,8432.0,0,1,0,0,0,0,1,0,0,0,0,1,1
52014,0033800002kSuPoAAK,0.0,0,0.0,1460.0,0,0,0,1,0,0,0,0,1,0,0,1,0
52016,0033800002kSuWaAAK,0.0,80,1806.0,8884.0,0,0,0,0,1,0,1,0,0,0,0,1,0
52017,0033800002kSubQAAS,0.0,0,0.0,7307.0,0,0,0,0,1,0,1,0,0,0,0,1,1
52020,0033800002kSum9AAC,0.0,0,2514.0,1380.0,0,1,0,0,0,0,0,0,1,0,0,1,1
52025,0033800002kSusRAAS,0.0,0,924.0,4108.0,0,0,0,1,0,0,1,0,0,0,1,0,1
52026,0033800002kSutKAAS,0.0,30,2818.0,1461.0,1,0,0,0,0,0,1,0,0,0,0,1,1
52028,0033800002kSuvLAAS,0.0,0,0.0,8045.0,0,0,0,1,0,0,1,0,0,0,0,1,1
52029,0033800002kSuvzAAC,0.0,90,0.0,4668.0,1,0,0,0,0,1,0,0,0,0,0,1,1
52034,0033800002kSuyKAAS,0.0,0,0.0,7574.0,0,0,0,0,1,0,0,0,0,1,1,0,1
52035,0033800002kSv5NAAS,0.0,0,0.0,3032.0,0,0,0,1,0,0,1,0,0,0,0,1,0
52036,0033800002kSv66AAC,0.0,0,0.0,8649.0,0,0,0,1,0,0,1,0,0,0,0,1,1
52039,0033800002kSvIcAAK,0.0,0,0.0,2191.0,0,0,0,1,0,1,0,0,0,0,0,1,0
52043,0033800002kSwCjAAK,0.0,0,0.0,1460.0,0,0,0,1,0,0,0,0,1,0,0,1,1
52045,0033800002kSwIwAAK,0.0,0,0.0,2069.0,0,1,0,0,0,0,0,0,0,1,0,1,1
52047,0033800002kSwQlAAK,0.0,0,103.0,2557.0,0,0,0,1,0,0,1,0,0,0,0,1,0
52049,0033800002kSwYaAAK,0.0,0,0.0,8841.0,0,1,0,0,0,0,1,0,0,0,0,1,0
52050,0033800002kSwjJAAS,0.0,0,0.0,8040.0,0,1,0,0,0,1,0,0,0,0,1,0,1
52052,0033800002kSwurAAC,0.0,0,3235.0,5374.0,0,1,0,0,0,1,0,0,0,0,0,1,1
52056,0033800002kSx6PAAS,0.0,60,5.0,4819.0,0,0,0,1,0,0,0,0,0,1,0,1,0
52061,0033800002kSxEMAA0,0.0,0,0.0,7280.0,0,1,0,0,0,0,1,0,0,0,0,1,1
52066,0033800002kSxSEAA0,0.0,0,0.0,10603.0,0,1,0,0,0,0,1,0,0,0,0,1,0
52071,0033800002kSy2HAAS,0.0,0,0.0,2557.0,0,1,0,0,0,0,1,0,0,0,0,1,0
52072,0033800002kSy3KAAS,0.0,0,0.0,2922.0,0,0,0,1,0,0,0,0,0,1,0,1,0
52074,0033800002kSy80AAC,0.0,0,0.0,1937.0,0,0,0,0,1,0,0,0,0,1,0,1,1
52076,0033800002kSyHCAA0,0.0,0,0.0,9251.0,0,0,0,1,0,0,1,0,0,0,0,1,0
52077,0033800002kSyPzAAK,0.0,50,0.0,7417.0,0,0,0,0,1,0,1,0,0,0,0,1,1
52082,0033800002kSyc5AAC,0.0,0,0.0,2191.0,0,0,0,1,0,0,0,0,0,1,0,1,0
52083,0033800002kSyqwAAC,0.0,0,0.0,7973.0,0,0,0,1,0,0,1,0,0,0,0,1,1
52084,0033800002kSyrBAAS,0.0,0,0.0,7812.0,0,1,0,0,0,0,0,0,0,1,0,1,1
52085,0033800002kSyvmAAC,0.0,0,0.0,8768.0,0,1,0,0,0,0,0,0,0,1,0,1,0
52087,0033800002kSzInAAK,0.0,0,321.0,8800.0,0,0,1,0,0,1,0,0,0,0,0,1,1
52089,0033800002kSzNYAA0,0.0,0,0.0,6050.0,0,0,0,1,0,1,0,0,0,0,1,0,0
52090,0033800002kSzRVAA0,0.0,0,71.0,10974.0,1,0,0,0,0,1,0,0,0,0,0,1,1
52093,0033800002kSzk7AAC,0.0,0,742.0,3449.0,0,0,0,1,0,0,1,0,0,0,0,1,0
52096,0033800002kSzodAAC,0.0,0,0.0,7312.0,1,0,0,0,0,1,0,0,0,0,0,1,1
52100,0033800002kT0DsAAK,0.0,0,0.0,1460.0,1,0,0,0,0,0,0,0,1,0,0,1,0
52102,0033800002kT0FoAAK,0.0,0,0.0,1826.0,0,0,0,1,0,0,0,0,1,0,0,1,1
52103,0033800002kT0GcAAK,0.0,0,0.0,9497.0,1,0,0,0,0,0,0,0,0,1,0,1,1
52105,0033800002kT0PZAA0,0.0,0,2910.0,2869.0,0,0,0,1,0,0,0,0,1,0,0,1,0
52107,0033800002kT0eFAAS,0.0,0,0.0,2875.0,1,0,0,0,0,1,0,0,0,0,0,1,1
52108,0033800002kT0gMAAS,0.0,0,9474.0,1480.0,0,1,0,0,0,0,0,0,0,1,1,0,0
52110,0033800002kT0uEAAS,0.0,0,0.0,1461.0,0,0,0,1,0,0,0,0,1,0,0,1,1
52112,0033800002kT1OTAA0,0.0,80,2168.0,1593.0,1,0,0,0,0,0,1,0,0,0,0,1,1
52116,0033800002kT258AAC,0.0,50,0.0,7226.0,1,0,0,0,0,1,0,0,0,0,0,1,1
52117,0033800002kT27wAAC,0.0,80,1174.0,2193.0,0,0,0,1,0,1,0,0,0,0,0,1,1
52118,0033800002kT2EdAAK,0.0,0,0.0,12563.0,0,1,0,0,0,0,1,0,0,0,0,1,1
52120,0033800002kT2HXAA0,0.0,60,4786.0,7765.0,0,0,0,0,1,0,0,0,1,0,0,1,1
52125,0033800002kT2aqAAC,0.0,0,0.0,5402.0,1,0,0,0,0,0,1,0,0,0,0,1,1
52126,0033800002kT2btAAC,0.0,0,0.0,8768.0,0,0,0,1,0,0,1,0,0,0,0,1,1
52127,0033800002kT2dlAAC,0.0,0,0.0,3394.0,1,0,0,0,0,0,1,0,0,0,0,1,1
52128,0033800002kT2noAAC,4.0,0,185.0,8461.0,0,0,0,1,0,0,1,0,0,0,0,1,1
52129,0033800002kT2vlAAC,0.0,0,2412.0,2284.0,0,0,0,1,0,1,0,0,0,0,0,1,0
52131,0033800002kT3xAAAS,0.0,0,0.0,5653.0,0,1,0,0,0,0,1,0,0,0,1,0,1
52137,0033800002kT3xIAAS,0.0,50,452.0,1899.0,0,1,0,0,0,0,0,0,0,1,0,1,1
52139,0033800002kT3xKAAS,0.0,0,0.0,11323.0,0,1,0,0,0,0,1,0,0,0,1,0,1
52142,0033800002kT3xNAAS,0.0,0,0.0,8554.0,0,1,0,0,0,0,1,0,0,0,0,1,1
52145,0033800002kT3xQAAS,0.0,0,0.0,10500.0,0,1,0,0,0,0,0,1,0,0,0,1,1
52146,0033800002kT3xRAAS,0.0,0,0.0,9102.0,0,1,0,0,0,0,1,0,0,0,0,1,1
52150,0033800002kT3xVAAS,0.0,0,0.0,7406.0,0,1,0,0,0,0,0,0,0,1,0,1,1
52152,0033800002kT3zNAAS,0.0,100,943.0,7296.0,0,1,0,0,0,0,0,0,0,1,0,1,0
52158,0033800002kT4IIAA0,0.0,0,1061.0,2836.0,0,1,0,0,0,0,0,0,0,1,1,0,1
52160,0033800002kT4hRAAS,0.0,0,4427.0,1460.0,0,0,1,0,0,0,0,0,1,0,0,1,0
52161,0033800002kT4mCAAS,0.0,0,0.0,1249.0,0,0,0,1,0,0,1,0,0,0,0,1,1
52166,0033800002kT512AAC,0.0,0,0.0,8770.0,0,0,0,0,1,1,0,0,0,0,0,1,0
52171,0033800002kT5GsAAK,0.0,0,0.0,2974.0,0,1,0,0,0,0,1,0,0,0,0,1,1
52172,0033800002kT5JSAA0,0.0,20,242.0,1256.0,0,1,0,0,0,0,1,0,0,0,0,1,0
52173,0033800002kT5JXAA0,0.0,0,47.0,1825.0,0,0,0,1,0,0,0,0,0,1,1,0,0
52177,0033800002kT5dyAAC,0.0,0,0.0,10581.0,0,0,0,1,0,0,1,0,0,0,0,1,1
52180,0033800002kT5lJAAS,0.0,0,0.0,7319.0,0,0,0,1,0,0,0,0,0,1,0,1,1
52182,0033800002kT5x9AAC,0.0,0,1116.0,2397.0,0,0,0,1,0,0,0,0,0,1,1,0,0
52184,0033800002kT5xsAAC,0.0,0,0.0,7306.0,0,0,0,1,0,0,1,0,0,0,0,1,1
52185,0033800002kT5y7AAC,0.0,0,0.0,8785.0,0,0,0,1,0,0,1,0,0,0,0,1,1
52186,0033800002kT5yCAAS,0.0,0,4604.0,1461.0,0,0,0,1,0,0,0,0,1,0,1,0,0
52190,0033800002kT6DHAA0,0.0,70,829.0,9664.0,0,0,0,0,1,0,1,0,0,0,1,0,1
52191,0033800002kT6DMAA0,0.0,100,569.0,3617.0,0,0,0,0,1,1,0,0,0,0,1,0,0
52196,0033800002kT6fPAAS,0.0,0,0.0,1460.0,0,1,0,0,0,0,1,0,0,0,0,1,0
52197,0033800002kT6fjAAC,0.0,0,0.0,7309.0,0,0,0,1,0,0,1,0,0,0,0,1,1
52198,0033800002kT6w0AAC,0.0,0,0.0,5566.0,1,0,0,0,0,0,0,0,0,1,0,1,1
52202,0033800002kT7JSAA0,0.0,0,25.0,766.0,1,0,0,0,0,0,1,0,0,0,1,0,1
52204,0033800002kT7hyAAC,0.0,0,12060.0,1582.0,1,0,0,0,0,0,0,0,1,0,0,1,0
52210,0033800002kT8GlAAK,0.0,0,0.0,3926.0,0,1,0,0,0,1,0,0,0,0,0,1,1
52211,0033800002kT8HZAA0,0.0,0,0.0,2668.0,1,0,0,0,0,0,1,0,0,0,1,0,1
52212,0033800002kT8J1AAK,0.0,0,4246.0,1552.0,0,0,1,0,0,0,0,0,1,0,0,1,0
52213,0033800002kT8PpAAK,0.0,0,1299.0,3193.0,0,0,0,0,1,0,0,0,0,1,1,0,1
52216,0033800002kT8ShAAK,0.0,40,2139.0,1550.0,1,0,0,0,0,0,1,0,0,0,1,0,1
52217,0033800002kT8wwAAC,0.0,0,0.0,3374.0,1,0,0,0,0,0,0,0,0,1,0,1,1
52220,0033800002kT9kDAAS,0.0,90,39.0,1487.0,0,1,0,0,0,0,0,0,1,0,0,1,1
52222,0033800002kTAAZAA4,0.0,0,0.0,9589.0,0,0,0,0,1,1,0,0,0,0,0,1,1
52226,0033800002kTArzAAG,0.0,0,0.0,12243.0,0,0,0,0,1,1,0,0,0,0,0,1,1
52227,0033800002kTBLSAA4,0.0,0,0.0,8374.0,0,0,0,0,1,1,0,0,0,0,0,1,0
52228,0033800002kTBmgAAG,0.0,50,1680.0,3411.0,0,0,0,0,1,0,1,0,0,0,0,1,0
52234,0033800002kTCgRAAW,0.0,40,1300.0,3237.0,0,0,0,1,0,0,0,0,1,0,0,1,0
52235,0033800002kTCotAAG,0.0,30,677.0,2661.0,1,0,0,0,0,0,1,0,0,0,0,1,0
52236,0033800002kTCqQAAW,0.0,0,2199.0,1095.0,0,0,0,0,1,0,1,0,0,0,0,1,1
52237,0033800002kTCrxAAG,0.0,0,119.0,3427.0,0,0,0,1,0,0,1,0,0,0,0,1,0
52238,0033800002kTCslAAG,0.0,0,6562.0,2185.0,1,0,0,0,0,0,1,0,0,0,1,0,0
52240,0033800002kTD64AAG,0.0,0,4824.0,1460.0,0,1,0,0,0,0,1,0,0,0,0,1,0
52245,0033800002kTE2KAAW,0.0,0,0.0,7421.0,1,0,0,0,0,1,0,0,0,0,1,0,0
52246,0033800002kTE8hAAG,0.0,0,0.0,9131.0,0,0,0,0,1,0,0,0,0,1,0,1,1
52249,0033800002kTEXiAAO,0.0,0,0.0,8793.0,0,0,0,1,0,0,0,0,0,1,0,1,1
52251,0033800002kTEn0AAG,0.0,0,807.0,2603.0,0,0,0,1,0,0,0,0,0,1,0,1,1
52252,0033800002kTF4wAAG,0.0,0,4285.0,1536.0,0,0,0,0,1,0,1,0,0,0,1,0,1
52253,0033800002kTF51AAG,0.0,0,0.0,13231.0,0,0,0,1,0,0,1,0,0,0,0,1,1
52254,0033800002kTF8lAAG,0.0,0,105.0,4383.0,1,0,0,0,0,0,1,0,0,0,0,1,1
52260,0033800002kTGLNAA4,0.0,70,0.0,5077.0,0,0,0,1,0,0,0,0,0,1,0,1,1
52261,0033800002kTGWoAAO,0.0,0,0.0,3571.0,0,0,0,1,0,0,0,0,0,1,0,1,1
52265,0033800002kTHkUAAW,0.0,0,0.0,2558.0,0,0,0,0,1,1,0,0,0,0,0,1,1
52268,0033800002kTIMvAAO,0.0,0,0.0,4067.0,0,1,0,0,0,0,1,0,0,0,0,1,0
52273,0033800002kTIbTAAW,0.0,0,166.0,3339.0,0,0,0,1,0,1,0,0,0,0,0,1,0
52275,0033800002kTIeTAAW,0.0,100,1896.0,8917.0,0,0,1,0,0,0,1,0,0,0,0,1,1
52279,0033800002kTJ0dAAG,0.0,0,0.0,6010.0,0,1,0,0,0,0,1,0,0,0,0,1,1
52280,0033800002kTJ5qAAG,0.0,0,0.0,7324.0,0,1,0,0,0,0,0,0,0,1,0,1,0
52281,0033800002kTJ7TAAW,0.0,80,3427.0,1461.0,0,1,0,0,0,0,1,0,0,0,0,1,0
52283,0033800002kTJ7sAAG,0.0,0,0.0,7324.0,0,0,0,0,1,0,0,0,0,1,1,0,0
52291,0033800002kTJdDAAW,0.0,0,0.0,7327.0,0,0,0,1,0,0,0,0,0,1,0,1,0
52292,0033800002kTJdSAAW,0.0,0,2062.0,2284.0,0,0,0,0,1,0,1,0,0,0,1,0,1
52294,0033800002kTKcZAAW,0.0,0,0.0,8423.0,0,0,0,0,1,0,0,0,0,1,1,0,1
52301,0033800002kTKmwAAG,0.0,30,2939.0,1827.0,0,1,0,0,0,0,1,0,0,0,0,1,1
52302,0033800002kTKpWAAW,0.0,50,5455.0,2515.0,0,0,0,0,1,0,1,0,0,0,0,1,1
52304,0033800002kTL33AAG,0.0,0,0.0,457.0,0,0,0,0,1,1,0,0,0,0,0,1,1
52306,0033800002kTLOaAAO,0.0,10,168.0,1484.0,0,0,0,1,0,0,1,0,0,0,1,0,1
52307,0033800002kTLPJAA4,0.0,0,10168.0,1461.0,0,0,0,0,1,0,0,0,0,1,0,1,0
52308,0033800002kTLTaAAO,0.0,0,0.0,7381.0,0,1,0,0,0,1,0,0,0,0,1,0,1
52309,0033800002kTLV7AAO,0.0,0,0.0,672.0,0,1,0,0,0,0,1,0,0,0,0,1,1
52311,0033800002kTLXhAAO,0.0,100,958.0,9394.0,0,1,0,0,0,0,1,0,0,0,0,1,1
52313,0033800002kTLaPAAW,0.0,0,0.0,2889.0,1,0,0,0,0,0,0,0,0,1,1,0,0
52315,0033800002kTLdsAAG,0.0,0,0.0,10243.0,0,0,0,1,0,0,1,0,0,0,0,1,0
52316,0033800002kTLjqAAG,0.0,0,0.0,7337.0,0,0,0,1,0,0,0,0,0,1,0,1,0
52319,0033800002kTLuZAAW,0.0,0,0.0,7963.0,0,1,0,0,0,0,1,0,0,0,0,1,1
52320,0033800002kTLvhAAG,0.0,0,0.0,4968.0,0,1,0,0,0,0,1,0,0,0,0,1,1
52322,0033800002kTMIFAA4,0.0,0,0.0,9525.0,0,0,0,1,0,0,1,0,0,0,0,1,1
52324,0033800002kTMXPAA4,0.0,0,6.0,3011.0,0,0,0,0,1,0,0,0,0,1,0,1,1
52326,0033800002kTMy1AAG,0.0,0,1217.0,2696.0,0,0,0,1,0,0,1,0,0,0,0,1,1
52327,0033800002kTMz4AAG,0.0,0,0.0,9140.0,0,0,0,1,0,0,1,0,0,0,0,1,0
52329,0033800002kTN6xAAG,0.0,0,30.0,445.0,0,1,0,0,0,0,1,0,0,0,0,1,1
52330,0033800002kTN9mAAG,0.0,0,0.0,9560.0,0,0,0,0,1,0,1,0,0,0,0,1,1
52331,0033800002kTNIUAA4,0.0,40,4031.0,3003.0,0,0,0,0,1,0,0,0,0,1,1,0,0
52333,0033800002kTNcyAAG,0.0,0,0.0,2191.0,0,0,0,1,0,1,0,0,0,0,1,0,0
52337,0033800002kTOAAAA4,0.0,0,0.0,9181.0,1,0,0,0,0,0,1,0,0,0,0,1,0
52338,0033800002kTOAsAAO,0.0,0,0.0,729.0,0,0,0,1,0,0,0,0,1,0,0,1,1
52339,0033800002kTOBHAA4,0.0,70,1064.0,2190.0,0,0,0,1,0,1,0,0,0,0,0,1,1
52340,0033800002kTOELAA4,0.0,0,0.0,7736.0,1,0,0,0,0,0,1,0,0,0,1,0,1
52341,0033800002kTOEaAAO,0.0,0,0.0,10181.0,0,0,0,0,1,0,1,0,0,0,1,0,0
52346,0033800002kTOzJAAW,0.0,0,0.0,1785.0,0,0,0,1,0,1,0,0,0,0,0,1,0
52348,0033800002kTPLGAA4,0.0,0,14.0,7306.0,0,0,0,0,1,1,0,0,0,0,0,1,1
52349,0033800002kTPNgAAO,0.0,90,92.0,2551.0,1,0,0,0,0,0,1,0,0,0,0,1,1
52350,0033800002kTPPOAA4,0.0,0,0.0,2645.0,0,0,0,1,0,0,1,0,0,0,0,1,1
52353,0033800002kTPUxAAO,0.0,0,0.0,3296.0,0,0,0,1,0,0,0,0,1,0,0,1,1
52354,0033800002kTPWjAAO,0.0,0,0.0,2192.0,0,0,0,1,0,1,0,0,0,0,0,1,0
52355,0033800002kTPYLAA4,0.0,0,0.0,3607.0,0,0,0,1,0,0,1,0,0,0,0,1,0
52356,0033800002kTPZtAAO,0.0,0,0.0,8053.0,0,0,0,1,0,0,1,0,0,0,1,0,0
52358,0033800002kTPbGAAW,0.0,0,1993.0,1674.0,0,0,0,0,1,0,1,0,0,0,0,1,1
52359,0033800002kTPc4AAG,0.0,0,0.0,5706.0,1,0,0,0,0,0,1,0,0,0,0,1,1
52361,0033800002kTPmrAAG,0.0,0,1808.0,1460.0,0,1,0,0,0,0,0,0,1,0,0,1,0
52363,0033800002kTPxyAAG,0.0,0,0.0,2921.0,0,0,0,1,0,1,0,0,0,0,0,1,0
52364,0033800002kTPzGAAW,0.0,0,0.0,1826.0,0,0,0,1,0,0,0,0,1,0,0,1,1
52366,0033800002kTQ2PAAW,0.0,50,1035.0,2589.0,0,0,0,1,0,0,1,0,0,0,0,1,1
52369,0033800002kTROSAA4,0.0,0,0.0,4546.0,1,0,0,0,0,0,1,0,0,0,0,1,0
52376,0033800002kTRrNAAW,0.0,0,2401.0,1735.0,1,0,0,0,0,0,0,0,0,1,0,1,0
52379,0033800002kTS6XAAW,0.0,10,82.0,1491.0,0,0,0,1,0,0,1,0,0,0,0,1,1
52380,0033800002kTSAoAAO,0.0,0,7920.0,2901.0,0,0,0,1,0,0,1,0,0,0,1,0,0
52381,0033800002kTSBSAA4,0.0,80,0.0,4322.0,0,0,0,1,0,1,0,0,0,0,0,1,1
52385,0033800002kTSLXAA4,0.0,70,4702.0,7451.0,0,0,1,0,0,0,1,0,0,0,0,1,0
52386,0033800002kTSMRAA4,0.0,0,199.0,9804.0,0,0,0,0,1,0,1,0,0,0,0,1,1
52390,0033800002kTSqhAAG,0.0,0,0.0,8789.0,0,1,0,0,0,1,0,0,0,0,0,1,0
52396,0033800002kTTYsAAO,0.0,0,1402.0,1460.0,0,0,0,0,1,0,0,0,1,0,0,1,0
52399,0033800002kTTcGAAW,0.0,0,0.0,4726.0,0,0,0,1,0,0,1,0,0,0,0,1,1
52400,0033800002kTThHAAW,0.0,10,445.0,4995.0,1,0,0,0,0,1,0,0,0,0,1,0,0
52401,0033800002kTTkuAAG,0.0,70,4974.0,1464.0,0,0,0,1,0,0,0,0,0,1,0,1,0
52402,0033800002kTTqJAAW,0.0,0,0.0,4535.0,0,1,0,0,0,0,1,0,0,0,1,0,0
52404,0033800002kTU38AAG,0.0,0,653.0,3134.0,0,0,0,0,1,0,1,0,0,0,0,1,1
52405,0033800002kTU7jAAG,0.0,0,0.0,1221.0,0,0,0,1,0,0,1,0,0,0,0,1,0
52406,0033800002kTUDvAAO,0.0,0,8061.0,4629.0,0,0,0,0,1,1,0,0,0,0,0,1,1
52407,0033800002kTUHfAAO,0.0,0,0.0,8527.0,0,0,0,1,0,1,0,0,0,0,0,1,1
52411,0033800002kTUaNAAW,0.0,0,0.0,1461.0,0,0,0,1,0,0,1,0,0,0,1,0,0
52412,0033800002kTUejAAG,5.0,0,0.0,2375.0,1,0,0,0,0,1,0,0,0,0,1,0,1
52415,0033800002kTUnmAAG,0.0,0,0.0,9524.0,0,1,0,0,0,1,0,0,0,0,0,1,1
52416,0033800002kTUvHAAW,0.0,0,2803.0,2580.0,0,1,0,0,0,0,1,0,0,0,0,1,1
52420,0033800002kTVFnAAO,0.0,0,0.0,1537.0,0,0,0,1,0,0,1,0,0,0,0,1,0
52423,0033800002kTVfUAAW,0.0,0,0.0,5022.0,1,0,0,0,0,0,1,0,0,0,0,1,0
52426,0033800002kTW2SAAW,0.0,0,0.0,2900.0,0,1,0,0,0,0,1,0,0,0,0,1,1
52428,0033800002kTW7LAAW,0.0,0,0.0,12499.0,0,0,0,0,1,0,1,0,0,0,0,1,1
52431,0033800002kTWBUAA4,0.0,0,0.0,3580.0,0,0,0,0,1,0,1,0,0,0,1,0,1
52432,0033800002kTWEWAA4,0.0,0,0.0,7305.0,1,0,0,0,0,0,1,0,0,0,0,1,0
52439,0033800002kTWVEAA4,0.0,0,7.0,1641.0,1,0,0,0,0,1,0,0,0,0,1,0,1
52440,0033800002kTWWlAAO,0.0,0,0.0,7319.0,0,0,0,1,0,0,0,0,0,1,1,0,1
52441,0033800002kTWXjAAO,0.0,0,0.0,0.0,1,0,0,0,0,0,0,0,0,1,0,1,1
52442,0033800002kTWbEAAW,0.0,0,0.0,3294.0,0,0,0,0,1,0,1,0,0,0,1,0,1
52443,0033800002kTX3LAAW,0.0,0,4491.0,1432.0,1,0,0,0,0,0,0,0,1,0,1,0,0
52446,0033800002kTgqJAAS,0.0,0,0.0,1644.0,0,0,0,1,0,0,0,0,1,0,0,1,0
52447,0033800002kTgqKAAS,0.0,0,0.0,1764.0,0,0,0,1,0,0,0,0,1,0,0,1,0
52449,0033800002kTgqMAAS,0.0,0,0.0,2418.0,0,0,0,1,0,0,0,0,1,0,0,1,0
52450,0033800002kTgqNAAS,0.0,0,0.0,1461.0,0,0,0,1,0,0,0,0,1,0,0,1,0
52456,0033800002kTgqTAAS,0.0,0,0.0,2922.0,1,0,0,0,0,0,0,0,0,1,0,1,1
52460,0033800002kTgqXAAS,0.0,0,0.0,7203.0,0,0,0,1,0,0,0,0,0,1,0,1,0
52461,0033800002kTgqYAAS,0.0,0,0.0,2136.0,0,0,0,1,0,0,0,0,1,0,0,1,1
52469,0033800002kTifAAAS,5.0,90,0.0,7385.0,0,1,0,0,0,1,0,0,0,0,1,0,1
52470,0033800002kTijrAAC,0.0,0,0.0,1918.0,0,0,0,1,0,0,0,0,1,0,0,1,1
52471,0033800002kTikkAAC,0.0,0,0.0,3325.0,0,0,0,1,0,0,0,0,0,1,0,1,1
52475,0033800002kTiuhAAC,0.0,60,0.0,6213.0,0,1,0,0,0,0,1,0,0,0,0,1,0
52477,0033800002kTj2vAAC,0.0,0,0.0,1460.0,0,0,0,1,0,0,1,0,0,0,0,1,0
52478,0033800002kTj4wAAC,0.0,0,0.0,1788.0,0,0,0,1,0,0,0,0,1,0,0,1,1
52481,0033800002kTj9rAAC,0.0,0,0.0,1645.0,0,0,0,1,0,0,1,0,0,0,0,1,0
52483,0033800002kTjKBAA0,0.0,0,0.0,7739.0,1,0,0,0,0,0,1,0,0,0,1,0,1
52484,0033800002kTjOJAA0,0.0,0,257.0,7327.0,0,0,0,1,0,0,1,0,0,0,0,1,0
52485,0033800002kTjQZAA0,0.0,0,0.0,7305.0,0,0,0,1,0,0,0,0,0,1,0,1,1
52486,0033800002kTjTnAAK,0.0,90,987.0,4208.0,0,0,0,0,1,0,0,0,1,0,0,1,1
52488,0033800002kTjZMAA0,0.0,0,0.0,3527.0,0,0,0,1,0,0,1,0,0,0,0,1,1
52490,0033800002kTjc4AAC,5.0,0,0.0,1645.0,0,0,0,1,0,0,0,0,0,1,0,1,1
52493,0033800002kTjgBAAS,0.0,0,0.0,3489.0,0,0,0,1,0,0,0,1,0,0,0,1,1
52494,0033800002kTjnXAAS,0.0,0,0.0,1460.0,0,0,0,1,0,0,0,0,1,0,1,0,0
52496,0033800002kTjvMAAS,0.0,0,0.0,3927.0,0,0,0,1,0,0,1,0,0,0,0,1,1
52497,0033800002kTjwVAAS,0.0,0,0.0,4920.0,0,0,0,1,0,0,0,0,0,1,0,1,1
52498,0033800002kTjyTAAS,0.0,100,241.0,2588.0,0,0,0,1,0,0,1,0,0,0,0,1,0
52501,0033800002kTkJ3AAK,0.0,0,0.0,8423.0,1,0,0,0,0,0,1,0,0,0,0,1,1
52505,0033800002kTkdNAAS,0.0,0,0.0,1444.0,0,0,0,1,0,0,0,0,1,0,0,1,0
52506,0033800002kTkmQAAS,0.0,0,0.0,8059.0,1,0,0,0,0,0,0,0,0,1,0,1,0
52507,0033800002kTkq8AAC,0.0,0,0.0,10241.0,0,1,0,0,0,0,1,0,0,0,0,1,1
52509,0033800002kTkrkAAC,0.0,0,0.0,8045.0,1,0,0,0,0,1,0,0,0,0,0,1,1
52510,0033800002kTkybAAC,0.0,0,0.0,2076.0,0,1,0,0,0,0,1,0,0,0,0,1,1
52512,0033800002kTl8sAAC,0.0,60,380.0,8702.0,0,0,0,1,0,0,0,1,0,0,0,1,1
52514,0033800002kTlNXAA0,0.0,0,1690.0,2922.0,0,1,0,0,0,0,1,0,0,0,0,1,0
52515,0033800002kTlVbAAK,0.0,0,0.0,1461.0,0,0,0,1,0,0,1,0,0,0,0,1,1
52520,0033800002kTlrTAAS,0.0,0,0.0,6661.0,0,1,0,0,0,0,1,0,0,0,0,1,0
52524,0033800002kTm9EAAS,0.0,0,1834.0,1925.0,0,0,0,1,0,0,1,0,0,0,0,1,0
52525,0033800002kTm9JAAS,0.0,0,4651.0,2193.0,0,1,0,0,0,0,1,0,0,0,0,1,0
52526,0033800002kTmA2AAK,0.0,0,2657.0,2193.0,0,0,0,1,0,0,1,0,0,0,0,1,1
52527,0033800002kTmGiAAK,0.0,0,0.0,3035.0,0,0,0,1,0,0,0,0,0,1,0,1,0
52531,0033800002kTmkoAAC,0.0,0,0.0,7861.0,0,0,0,1,0,0,1,0,0,0,0,1,0
52535,0033800002kToBoAAK,0.0,0,0.0,8794.0,1,0,0,0,0,1,0,0,0,0,0,1,0
52540,0033800002kToI2AAK,0.0,100,0.0,2615.0,1,0,0,0,0,0,0,0,1,0,0,1,1
52542,0033800002kToI4AAK,0.0,0,46.0,7670.0,0,0,0,0,1,0,0,0,1,0,0,1,1
52545,0033800002kToI7AAK,0.0,80,104.0,7509.0,0,1,0,0,0,0,0,0,0,1,0,1,1
52549,0033800002kToIBAA0,0.0,80,903.0,8232.0,0,1,0,0,0,0,0,0,1,0,0,1,0
52552,0033800002kToMKAA0,0.0,50,0.0,1948.0,0,0,0,0,1,0,0,0,0,1,0,1,1
52557,0033800002kToabAAC,0.0,0,844.0,1460.0,0,0,0,0,1,0,1,0,0,0,1,0,1
52558,0033800002kTolCAAS,0.0,60,1572.0,1707.0,0,0,0,1,0,0,1,0,0,0,1,0,0
52559,0033800002kTovvAAC,0.0,0,0.0,7390.0,1,0,0,0,0,0,1,0,0,0,0,1,1
52561,0033800002kTp2qAAC,0.0,0,0.0,572.0,0,1,0,0,0,0,1,0,0,0,0,1,1
52562,0033800002kTp5aAAC,0.0,0,0.0,7315.0,0,1,0,0,0,0,1,0,0,0,0,1,1
52563,0033800002kTp64AAC,0.0,0,0.0,1429.0,0,0,0,1,0,0,0,0,1,0,0,1,1
52564,0033800002kTp8PAAS,0.0,0,0.0,7330.0,0,0,0,1,0,0,0,0,0,1,0,1,0
52567,0033800002kTpGJAA0,0.0,0,0.0,8779.0,0,1,0,0,0,0,0,0,0,1,0,1,1
52569,0033800002kTpKzAAK,0.0,0,631.0,4017.0,0,1,0,0,0,1,0,0,0,0,1,0,0
52570,0033800002kTpMHAA0,0.0,0,356.0,7383.0,0,1,0,0,0,0,1,0,0,0,0,1,1
52572,0033800002kTpQYAA0,0.0,0,927.0,11383.0,0,0,0,0,1,0,1,0,0,0,0,1,1
52574,0033800002kTpVxAAK,0.0,0,0.0,2419.0,1,0,0,0,0,1,0,0,0,0,0,1,1
52576,0033800002kTpezAAC,0.0,0,0.0,8594.0,0,0,0,0,1,0,0,0,0,1,0,1,1
52577,0033800002kTpiXAAS,0.0,0,1125.0,3761.0,0,0,0,0,1,1,0,0,0,0,1,0,1
52578,0033800002kTpksAAC,0.0,0,0.0,3634.0,0,0,0,1,0,0,1,0,0,0,0,1,0
52579,0033800002kTpoGAAS,0.0,90,1145.0,4925.0,0,1,0,0,0,0,1,0,0,0,1,0,0
52582,0033800002kTpuTAAS,0.0,0,0.0,7998.0,1,0,0,0,0,0,0,0,0,1,0,1,0
52583,0033800002kTpusAAC,0.0,0,1444.0,3610.0,0,1,0,0,0,0,0,0,1,0,1,0,1
52584,0033800002kTq3LAAS,0.0,0,0.0,7305.0,0,0,0,0,1,0,1,0,0,0,0,1,0
52587,0033800002kTqNQAA0,0.0,0,0.0,2939.0,0,0,0,1,0,0,1,0,0,0,0,1,0
52599,0033800002kTs5LAAS,0.0,0,3423.0,1745.0,0,0,0,0,1,0,0,0,0,1,0,1,1
52602,0033800002kTseBAAS,0.0,0,5.0,542.0,0,0,0,1,0,0,0,0,1,0,0,1,0
52604,0033800002kTsnnAAC,0.0,100,319.0,7325.0,0,1,0,0,0,0,1,0,0,0,0,1,1
52605,0033800002kTsxCAAS,0.0,0,0.0,8416.0,0,0,0,1,0,0,1,0,0,0,0,1,1
52608,0033800002kTt2MAAS,0.0,0,558.0,1603.0,0,0,0,1,0,0,0,0,0,1,0,1,1
52609,0033800002kTt8lAAC,0.0,0,0.0,4351.0,0,0,0,1,0,0,0,0,0,1,0,1,0
52612,0033800002kTuKyAAK,0.0,0,0.0,3508.0,1,0,0,0,0,0,0,0,0,1,0,1,0
52613,0033800002kTuNYAA0,0.0,0,9.0,3183.0,0,1,0,0,0,0,0,0,0,1,1,0,1
52614,0033800002kTulXAAS,0.0,0,8356.0,2799.0,0,1,0,0,0,0,0,0,1,0,0,1,0
52615,0033800002kTuuFAAS,0.0,0,0.0,7600.0,0,0,0,0,1,1,0,0,0,0,0,1,1
52617,0033800002kTuwVAAS,0.0,0,1368.0,2190.0,0,0,0,1,0,0,0,0,1,0,0,1,1
52618,0033800002kTv0YAAS,0.0,0,1070.0,2191.0,0,0,0,1,0,0,0,0,0,1,0,1,1
52622,0033800002kTvC6AAK,0.0,100,244.0,8772.0,1,0,0,0,0,1,0,0,0,0,1,0,1
52623,0033800002kTvGwAAK,0.0,40,167.0,8526.0,1,0,0,0,0,0,1,0,0,0,0,1,0
52628,0033800002kTvlnAAC,0.0,0,0.0,701.0,0,0,0,1,0,0,1,0,0,0,0,1,0
52629,0033800002kTvrgAAC,0.0,0,0.0,7350.0,0,1,0,0,0,1,0,0,0,0,0,1,1
52630,0033800002kTvt9AAC,0.0,30,104.0,7307.0,0,0,0,1,0,0,0,0,0,1,0,1,1
52631,0033800002kTvuVAAS,0.0,0,0.0,2191.0,0,0,0,1,0,1,0,0,0,0,1,0,1
52632,0033800002kTvy3AAC,0.0,0,3719.0,1706.0,0,0,0,1,0,0,1,0,0,0,0,1,1
52633,0033800002kTvzGAAS,0.0,0,0.0,2192.0,1,0,0,0,0,0,0,0,0,1,0,1,0
52634,0033800002kTvzLAAS,0.0,100,1352.0,10793.0,1,0,0,0,0,0,1,0,0,0,0,1,0
52635,0033800002kTw4uAAC,0.0,10,7675.0,930.0,0,0,0,1,0,0,0,0,0,1,0,1,1
52636,0033800002kTwC0AAK,0.0,0,0.0,4747.0,1,0,0,0,0,1,0,0,0,0,0,1,1
52642,0033800002kTwf0AAC,0.0,0,6137.0,2557.0,0,0,0,0,1,0,1,0,0,0,0,1,1
52644,0033800002kTwygAAC,0.0,10,912.0,1461.0,0,0,0,0,1,0,0,0,1,0,0,1,1
52645,0033800002kTx3RAAS,0.0,0,0.0,5144.0,0,0,0,1,0,0,1,0,0,0,0,1,1
52646,0033800002kTx3bAAC,0.0,0,0.0,4479.0,0,0,0,1,0,1,0,0,0,0,1,0,0
52647,0033800002kTx3gAAC,0.0,0,0.0,1846.0,0,0,0,1,0,0,1,0,0,0,0,1,1
52650,0033800002kTx87AAC,0.0,90,320.0,11067.0,0,1,0,0,0,0,1,0,0,0,0,1,0
52651,0033800002kTxEUAA0,0.0,0,0.0,7306.0,0,1,0,0,0,0,1,0,0,0,1,0,0
52653,0033800002kTxeTAAS,0.0,0,3521.0,2192.0,0,1,0,0,0,0,0,0,0,1,0,1,1
52654,0033800002kTxi1AAC,0.0,0,0.0,9397.0,0,1,0,0,0,0,1,0,0,0,0,1,0
52655,0033800002kTxkvAAC,0.0,0,0.0,4860.0,0,0,0,1,0,0,1,0,0,0,0,1,0
52658,0033800002kTxzHAAS,0.0,50,0.0,7305.0,0,0,0,0,1,0,1,0,0,0,0,1,0
52662,0033800002kTyJAAA0,0.0,0,0.0,6560.0,0,0,0,1,0,0,0,0,0,1,0,1,1
52663,0033800002kTyJPAA0,0.0,0,1790.0,2842.0,0,0,0,1,0,0,0,0,1,0,0,1,1
52664,0033800002kTyKPAA0,0.0,0,0.0,10985.0,1,0,0,0,0,1,0,0,0,0,0,1,1
52667,0033800002kTyYtAAK,0.0,0,0.0,8137.0,1,0,0,0,0,0,0,0,1,0,0,1,1
52672,0033800002kTzGWAA0,0.0,0,0.0,11349.0,0,1,0,0,0,0,1,0,0,0,0,1,1
52673,0033800002kTzHZAA0,0.0,0,0.0,1949.0,0,0,0,1,0,0,1,0,0,0,0,1,1
52675,0033800002kTzIvAAK,0.0,0,0.0,7579.0,0,0,0,0,1,0,0,0,0,1,0,1,1
52676,0033800002kTzJtAAK,0.0,0,0.0,9505.0,0,0,0,0,1,1,0,0,0,0,0,1,1
52678,0033800002kTzPKAA0,0.0,40,972.0,4217.0,0,1,0,0,0,0,1,0,0,0,0,1,0
52681,0033800002kTzRiAAK,0.0,60,77.0,7312.0,0,0,0,1,0,0,1,0,0,0,0,1,1
52685,0033800002kTzWFAA0,0.0,40,2355.0,1743.0,0,1,0,0,0,0,1,0,0,0,1,0,0
52686,0033800002kTzY4AAK,0.0,0,688.0,4051.0,0,1,0,0,0,0,0,0,1,0,0,1,0
52687,0033800002kTzYEAA0,0.0,0,514.0,2752.0,0,0,0,1,0,0,0,0,1,0,0,1,1
52688,0033800002kTzYJAA0,0.0,70,1723.0,3366.0,1,0,0,0,0,0,1,0,0,0,1,0,1
52693,0033800002kU02nAAC,0.0,0,0.0,7849.0,0,0,0,0,1,1,0,0,0,0,0,1,1
52697,0033800002kU0QYAA0,0.0,0,0.0,8048.0,0,1,0,0,0,0,0,0,0,1,0,1,1
52700,0033800002kU0WfAAK,0.0,0,6286.0,937.0,0,0,0,1,0,0,1,0,0,0,1,0,0
52704,0033800002kU0iSAAS,0.0,0,0.0,3683.0,0,0,0,0,1,1,0,0,0,0,0,1,1
52708,0033800002kU0udAAC,0.0,0,3279.0,9560.0,0,0,0,0,1,0,0,0,0,1,0,1,0
52720,0033800002kU2ILAA0,0.0,0,12553.0,1461.0,0,0,0,1,0,0,0,0,0,1,0,1,0
52721,0033800002kU2JnAAK,0.0,60,1596.0,3288.0,0,0,0,1,0,0,1,0,0,0,1,0,1
52723,0033800002kU2T4AAK,0.0,0,0.0,7328.0,0,0,0,1,0,0,1,0,0,0,0,1,1
52726,0033800002kU2nBAAS,0.0,0,0.0,8948.0,1,0,0,0,0,1,0,0,0,0,0,1,1
52731,0033800002kU3eLAAS,0.0,0,0.0,10426.0,0,0,0,0,1,1,0,0,0,0,0,1,0
52732,0033800002kU3imAAC,0.0,0,0.0,8051.0,0,0,0,1,0,0,0,0,1,0,0,1,1
52733,0033800002kU3yfAAC,0.0,0,4103.0,2324.0,0,1,0,0,0,0,0,0,0,1,0,1,0
52735,0033800002kU4I1AAK,0.0,0,0.0,8602.0,0,1,0,0,0,0,0,0,1,0,0,1,0
52743,0033800002kU4NvAAK,0.0,0,0.0,1440.0,1,0,0,0,0,1,0,0,0,0,0,1,1
52747,0033800002kU4boAAC,0.0,0,0.0,2191.0,0,0,0,1,0,1,0,0,0,0,0,1,1
52749,0033800002kU4crAAC,0.0,0,0.0,4611.0,0,0,0,1,0,0,1,0,0,0,0,1,1
52750,0033800002kU4gZAAS,0.0,0,0.0,8043.0,0,1,0,0,0,0,0,0,1,0,0,1,1
52752,0033800002kU4xWAAS,0.0,0,0.0,2010.0,0,0,0,1,0,0,1,0,0,0,0,1,1
52753,0033800002kU4yyAAC,0.0,30,0.0,3049.0,1,0,0,0,0,0,1,0,0,0,0,1,1
52754,0033800002kU55aAAC,0.0,0,0.0,8271.0,0,1,0,0,0,0,1,0,0,0,1,0,1
52762,0033800002kU5B8AAK,0.0,10,0.0,9620.0,0,1,0,0,0,0,1,0,0,0,0,1,1
52764,0033800002kU5HGAA0,0.0,0,585.0,3150.0,0,1,0,0,0,0,1,0,0,0,0,1,0
52765,0033800002kU5I4AAK,0.0,0,0.0,444.0,0,0,0,1,0,0,1,0,0,0,1,0,0
52766,0033800002kU5JMAA0,0.0,0,2215.0,8041.0,0,1,0,0,0,0,0,0,0,1,0,1,1
52767,0033800002kU5MaAAK,0.0,0,141.0,1460.0,0,0,0,1,0,0,1,0,0,0,0,1,0
52768,0033800002kU5PzAAK,0.0,0,0.0,7374.0,1,0,0,0,0,1,0,0,0,0,1,0,0
52773,0033800002kU5ZhAAK,0.0,0,0.0,2996.0,0,0,0,1,0,0,0,0,1,0,0,1,0
52774,0033800002kU5bsAAC,5.0,0,1028.0,4407.0,1,0,0,0,0,0,0,0,0,1,0,1,1
52776,0033800002kU5eEAAS,0.0,100,231.0,9900.0,0,1,0,0,0,0,0,0,0,1,0,1,0
52777,0033800002kU5exAAC,0.0,80,693.0,8565.0,0,0,0,1,0,0,0,0,0,1,0,1,0
52779,0033800002kU66OAAS,0.0,0,0.0,2190.0,0,1,0,0,0,1,0,0,0,0,0,1,0
52782,0033800002kU6RkAAK,5.0,0,0.0,8780.0,0,0,0,1,0,0,0,0,0,1,0,1,1
52783,0033800002kU6ZjAAK,0.0,70,2305.0,406.0,1,0,0,0,0,0,1,0,0,0,1,0,0
52786,0033800002kU6lwAAC,0.0,40,1681.0,2651.0,1,0,0,0,0,0,1,0,0,0,0,1,0
52787,0033800002kU6mBAAS,0.0,100,9.0,7400.0,1,0,0,0,0,0,0,0,1,0,0,1,0
52789,0033800002kU6pPAAS,0.0,0,981.0,10708.0,0,0,0,0,1,0,1,0,0,0,0,1,1
52790,0033800002kU6pjAAC,0.0,0,0.0,2925.0,1,0,0,0,0,0,1,0,0,0,0,1,0
52792,0033800002kU6raAAC,0.0,40,2215.0,1756.0,1,0,0,0,0,0,0,0,1,0,0,1,0
52793,0033800002kU6u5AAC,0.0,0,0.0,1228.0,0,0,0,1,0,0,1,0,0,0,0,1,1
52794,0033800002kU728AAC,0.0,80,742.0,2190.0,0,1,0,0,0,1,0,0,0,0,1,0,0
52797,0033800002kU7piAAC,0.0,0,0.0,4772.0,0,1,0,0,0,0,0,0,0,1,0,1,1
52799,0033800002kU86wAAC,0.0,0,0.0,7890.0,0,0,0,0,1,0,0,0,0,1,0,1,1
52800,0033800002kU8PRAA0,0.0,20,2528.0,2983.0,0,0,0,0,1,0,1,0,0,0,0,1,1
52802,0033800002kU8mxAAC,0.0,0,0.0,1994.0,0,0,0,1,0,1,0,0,0,0,0,1,0
52804,0033800002kU90BAAS,0.0,50,2482.0,1461.0,1,0,0,0,0,0,0,0,1,0,0,1,0
52808,0033800002kU9XfAAK,0.0,0,0.0,7502.0,1,0,0,0,0,0,0,1,0,0,0,1,0
52809,0033800002kU9ckAAC,0.0,0,0.0,2635.0,0,0,0,0,1,1,0,0,0,0,0,1,1
52810,0033800002kU9d4AAC,0.0,0,0.0,1672.0,0,0,0,1,0,0,0,0,1,0,0,1,1
52812,0033800002kU9r1AAC,0.0,0,0.0,7306.0,0,1,0,0,0,0,1,0,0,0,0,1,1
52813,0033800002kU9tvAAC,0.0,0,911.0,2726.0,0,1,0,0,0,0,1,0,0,0,0,1,1
52814,0033800002kUA0hAAG,0.0,0,0.0,4017.0,0,1,0,0,0,0,1,0,0,0,0,1,1
52815,0033800002kUA2zAAG,0.0,0,0.0,7832.0,0,0,0,0,1,1,0,0,0,0,0,1,1
52816,0033800002kUA7aAAG,0.0,0,0.0,7306.0,1,0,0,0,0,0,1,0,0,0,0,1,1
52817,0033800002kUA7zAAG,0.0,70,2106.0,1379.0,0,1,0,0,0,0,1,0,0,0,0,1,1
52818,0033800002kUAFjAAO,0.0,0,0.0,3753.0,1,0,0,0,0,0,0,0,0,1,1,0,1
52819,0033800002kUAMQAA4,0.0,0,293.0,4271.0,0,0,0,1,0,1,0,0,0,0,1,0,0
52821,0033800002kUAQIAA4,0.0,0,0.0,1460.0,0,1,0,0,0,1,0,0,0,0,0,1,1
52822,0033800002kUAQNAA4,0.0,0,0.0,5469.0,1,0,0,0,0,0,1,0,0,0,0,1,0
52824,0033800002kUAZsAAO,5.0,80,0.0,1699.0,1,0,0,0,0,0,1,0,0,0,0,1,1
52832,0033800002kUBJ5AAO,0.0,0,375.0,6575.0,0,0,0,0,1,0,1,0,0,0,0,1,0
52833,0033800002kUBS7AAO,0.0,0,14956.0,1865.0,0,1,0,0,0,1,0,0,0,0,0,1,0
52835,0033800002kUBc6AAG,0.0,0,0.0,7236.0,1,0,0,0,0,1,0,0,0,0,0,1,0
52836,0033800002kUBeHAAW,0.0,0,0.0,8791.0,0,0,0,1,0,0,1,0,0,0,0,1,0
52837,0033800002kUBxTAAW,0.0,0,1543.0,1695.0,0,0,0,0,1,0,1,0,0,0,0,1,1
52841,0033800002kUCJVAA4,0.0,0,356.0,7329.0,0,1,0,0,0,0,1,0,0,0,0,1,0
52842,0033800002kUCNIAA4,0.0,0,0.0,2173.0,1,0,0,0,0,1,0,0,0,0,0,1,1
52843,0033800002kUCcFAAW,0.0,0,0.0,5412.0,0,0,0,1,0,0,1,0,0,0,0,1,0
52844,0033800002kUCqVAAW,0.0,0,0.0,2313.0,0,0,0,1,0,0,0,0,0,1,0,1,1
52848,0033800002kUD1BAAW,0.0,0,600.0,1826.0,0,1,0,0,0,0,0,0,1,0,0,1,1
52849,0033800002kUD5mAAG,0.0,0,3222.0,2263.0,0,1,0,0,0,0,1,0,0,0,1,0,1
52852,0033800002kUDBEAA4,0.0,0,0.0,7329.0,0,1,0,0,0,0,1,0,0,0,0,1,1
52853,0033800002kUDBiAAO,0.0,0,0.0,2201.0,0,0,0,1,0,0,0,0,0,1,1,0,0
52856,0033800002kUDPKAA4,0.0,0,697.0,3266.0,0,0,0,1,0,0,0,0,1,0,0,1,1
52858,0033800002kUDUwAAO,0.0,0,0.0,9906.0,1,0,0,0,0,0,1,0,0,0,0,1,1
52859,0033800002kUDVQAA4,0.0,100,872.0,7546.0,1,0,0,0,0,1,0,0,0,0,0,1,0
52860,0033800002kUDZJAA4,0.0,0,692.0,6950.0,0,1,0,0,0,0,1,0,0,0,1,0,1
52862,0033800002kUDnwAAG,0.0,0,0.0,10977.0,1,0,0,0,0,1,0,0,0,0,0,1,0
52863,0033800002kUDt1AAG,0.0,0,3667.0,1832.0,0,0,0,1,0,0,0,0,0,1,0,1,0
52865,0033800002kUE9tAAG,0.0,0,1749.0,2192.0,0,1,0,0,0,0,0,0,1,0,0,1,1
52866,0033800002kUEv3AAG,0.0,0,0.0,2191.0,0,1,0,0,0,0,0,0,0,1,1,0,1
52872,0033800002kUFr7AAG,0.0,0,0.0,10987.0,0,0,0,1,0,0,0,0,1,0,0,1,1
52874,0033800002kUG0nAAG,0.0,0,264.0,4963.0,0,0,0,1,0,0,1,0,0,0,0,1,0
52876,0033800002kUG6tAAG,0.0,0,0.0,2204.0,0,1,0,0,0,0,1,0,0,0,0,1,1
52877,0033800002kUGA2AAO,0.0,0,0.0,717.0,0,0,0,1,0,0,1,0,0,0,0,1,0
52878,0033800002kUGCmAAO,0.0,0,0.0,7305.0,0,1,0,0,0,0,1,0,0,0,0,1,0
52882,0033800002kUGTJAA4,0.0,0,4953.0,461.0,0,0,0,1,0,1,0,0,0,0,1,0,0
52884,0033800002kUGfdAAG,0.0,0,10002.0,4480.0,0,0,0,1,0,0,0,0,0,1,0,1,1
52886,0033800002kUGxXAAW,0.0,0,0.0,7373.0,0,1,0,0,0,0,1,0,0,0,0,1,1
52888,0033800002kUGznAAG,5.0,100,0.0,3121.0,0,0,0,1,0,0,1,0,0,0,0,1,1
52889,0033800002kUHFbAAO,0.0,0,0.0,4878.0,0,0,0,0,1,0,1,0,0,0,0,1,0
52892,0033800002kUHN1AAO,0.0,0,0.0,1573.0,0,1,0,0,0,0,1,0,0,0,1,0,0
52893,0033800002kUHNBAA4,0.0,0,0.0,8041.0,0,0,0,0,1,0,1,0,0,0,1,0,0
52894,0033800002kUHTTAA4,0.0,0,0.0,7314.0,0,0,0,1,0,0,0,0,0,1,0,1,0
52897,0033800002kUIDsAAO,0.0,0,0.0,9248.0,0,0,0,0,1,1,0,0,0,0,0,1,1
52900,0033800002kUIPjAAO,0.0,0,0.0,3502.0,0,1,0,0,0,0,1,0,0,0,0,1,0
52902,0033800002kUIfBAAW,0.0,0,0.0,3400.0,1,0,0,0,0,1,0,0,0,0,0,1,1
52904,0033800002kUJ3ZAAW,0.0,30,5128.0,1397.0,0,1,0,0,0,0,1,0,0,0,0,1,1
52905,0033800002kUJ8UAAW,0.0,100,1238.0,7327.0,0,1,0,0,0,1,0,0,0,0,0,1,1
52910,0033800002kUJeWAAW,0.0,0,0.0,7515.0,0,1,0,0,0,0,1,0,0,0,0,1,1
52912,0033800002kUJgMAAW,0.0,0,641.0,1698.0,0,0,0,0,1,0,1,0,0,0,0,1,1
52916,0033800002kUJsAAAW,0.0,0,20.0,3546.0,0,0,0,1,0,0,1,0,0,0,0,1,1
52923,0033800002kUK26AAG,0.0,0,0.0,7681.0,0,0,0,1,0,0,1,0,0,0,0,1,0
52925,0033800002kUL9WAAW,0.0,0,0.0,335.0,0,0,0,1,0,1,0,0,0,0,0,1,0
52929,0033800002kULh2AAG,0.0,0,0.0,4353.0,0,0,0,1,0,1,0,0,0,0,0,1,0
52933,0033800002kULq5AAG,0.0,0,294.0,1158.0,0,1,0,0,0,0,0,0,0,1,0,1,0
52934,0033800002kULq6AAG,0.0,0,0.0,9101.0,0,1,0,0,0,0,1,0,0,0,0,1,0
52936,0033800002kULq8AAG,0.0,90,386.0,8552.0,0,1,0,0,0,0,1,0,0,0,1,0,0
52941,0033800002kULqDAAW,0.0,70,593.0,6308.0,0,1,0,0,0,0,0,0,1,0,0,1,1
52942,0033800002kULqEAAW,0.0,0,0.0,8466.0,0,1,0,0,0,0,0,0,0,1,0,1,1
52943,0033800002kULqFAAW,0.0,70,0.0,1264.0,0,1,0,0,0,0,1,0,0,0,0,1,1
52944,0033800002kULqGAAW,0.0,0,0.0,8387.0,0,1,0,0,0,1,0,0,0,0,0,1,1
52947,0033800002kUM4nAAG,0.0,0,0.0,7254.0,1,0,0,0,0,0,1,0,0,0,0,1,0
52948,0033800002kUMMnAAO,0.0,0,0.0,2191.0,0,0,0,1,0,0,0,0,0,1,0,1,1
52949,0033800002kUMQjAAO,0.0,0,0.0,3514.0,0,0,0,1,0,0,1,0,0,0,0,1,1
52950,0033800002kUMQoAAO,0.0,0,0.0,8057.0,0,0,0,1,0,0,0,0,0,1,0,1,0
52975,0033800002kUMdLAAW,0.0,90,73.0,3895.0,0,1,0,0,0,0,0,0,1,0,0,1,1
52986,0033800002kUMflAAG,0.0,0,0.0,7396.0,0,0,0,1,0,0,0,0,0,1,0,1,1
52990,0033800002kUMizAAG,0.0,0,0.0,7334.0,0,0,0,1,0,0,1,0,0,0,0,1,1
52993,0033800002kUMyTAAW,0.0,0,3602.0,2159.0,0,0,0,1,0,0,0,0,0,1,0,1,1
52996,0033800002kUNBiAAO,0.0,0,5.0,9904.0,0,0,0,0,1,0,0,0,0,1,0,1,1
52997,0033800002kUNa4AAG,0.0,0,0.0,2823.0,0,0,0,1,0,0,0,0,0,1,1,0,1
52999,0033800002kUNgvAAG,0.0,90,2093.0,4020.0,0,1,0,0,0,0,0,0,1,0,0,1,0
53000,0033800002kUO1fAAG,0.0,0,0.0,9387.0,1,0,0,0,0,0,1,0,0,0,0,1,1
53002,0033800002kUO9ZAAW,0.0,0,0.0,8195.0,0,0,0,1,0,0,1,0,0,0,0,1,1
53004,0033800002kUOKgAAO,0.0,0,0.0,11334.0,0,0,0,0,1,0,1,0,0,0,1,0,0
53005,0033800002kUOMIAA4,0.0,0,4.0,4657.0,0,1,0,0,0,1,0,0,0,0,0,1,1
53009,0033800002kUOeMAAW,0.0,0,1764.0,1828.0,1,0,0,0,0,0,0,0,0,1,1,0,1
53010,0033800002kUOgDAAW,0.0,100,0.0,7763.0,0,0,0,1,0,1,0,0,0,0,0,1,1
53012,0033800002kUOwaAAG,0.0,0,0.0,7828.0,1,0,0,0,0,0,1,0,0,0,1,0,1
53013,0033800002kUOx9AAG,0.0,0,0.0,1498.0,0,0,0,1,0,0,0,0,0,1,0,1,1
53016,0033800002kUPNiAAO,0.0,0,0.0,2192.0,0,0,0,1,0,1,0,0,0,0,0,1,0
53019,0033800002kUPUXAA4,0.0,0,14629.0,1099.0,0,1,0,0,0,0,1,0,0,0,1,0,1
53022,0033800002kUPWiAAO,0.0,0,173.0,10965.0,1,0,0,0,0,1,0,0,0,0,1,0,0
53026,0033800002kUPbEAAW,0.0,0,0.0,8768.0,0,1,0,0,0,0,1,0,0,0,0,1,1
53028,0033800002kUPmgAAG,0.0,0,52.0,9711.0,0,0,0,0,1,0,1,0,0,0,0,1,1
53030,0033800002kUQ0ZAAW,0.0,0,6946.0,2960.0,0,1,0,0,0,0,0,0,1,0,0,1,0
53033,0033800002kUSAvAAO,0.0,0,0.0,3907.0,0,0,0,1,0,0,1,0,0,0,0,1,1
53034,0033800002kUTATAA4,0.0,0,0.0,7311.0,1,0,0,0,0,0,0,0,0,1,0,1,0
53036,0033800002kUTXcAAO,0.0,0,0.0,3659.0,0,0,0,1,0,1,0,0,0,0,0,1,1
53038,0033800002kUTffAAG,0.0,0,0.0,9697.0,0,0,0,0,1,0,0,0,1,0,0,1,1
53041,0033800002kUUCUAA4,0.0,0,508.0,3174.0,0,1,0,0,0,1,0,0,0,0,0,1,1
53042,0033800002kUUE1AAO,0.0,0,3609.0,1465.0,0,0,0,1,0,0,0,0,0,1,0,1,0
53043,0033800002kUUJfAAO,0.0,0,0.0,1655.0,0,1,0,0,0,0,1,0,0,0,1,0,1
53044,0033800002kUUMBAA4,0.0,60,722.0,6604.0,0,0,0,1,0,0,1,0,0,0,0,1,1
53045,0033800002kUUhiAAG,0.0,0,22.0,7508.0,0,0,0,0,1,1,0,0,0,0,1,0,1
53046,0033800002kUUmoAAG,0.0,90,929.0,3809.0,0,0,0,1,0,0,1,0,0,0,0,1,1
53047,0033800002kUUnNAAW,0.0,0,0.0,7308.0,0,0,0,1,0,0,0,0,0,1,0,1,1
53049,0033800002kUUpdAAG,0.0,0,738.0,1796.0,1,0,0,0,0,1,0,0,0,0,0,1,0
53051,0033800002kUUz4AAG,0.0,0,4.0,375.0,0,1,0,0,0,1,0,0,0,0,1,0,0
53053,0033800002kUV3QAAW,0.0,50,3095.0,7333.0,0,0,0,0,1,0,1,0,0,0,1,0,1
53054,0033800002kUV6AAAW,0.0,0,0.0,10525.0,0,0,0,0,1,0,0,0,0,1,0,1,1
53055,0033800002kUV6tAAG,0.0,0,0.0,5361.0,0,0,0,1,0,0,1,0,0,0,0,1,0
53057,0033800002kUVITAA4,0.0,0,0.0,9892.0,0,0,0,0,1,0,1,0,0,0,0,1,0
53061,0033800002kUVVNAA4,0.0,0,0.0,4422.0,0,0,0,1,0,0,1,0,0,0,0,1,0
53063,0033800002kUViHAAW,0.0,70,0.0,7314.0,1,0,0,0,0,0,1,0,0,0,0,1,1
53065,0033800002kUVypAAG,0.0,0,1149.0,9572.0,1,0,0,0,0,0,1,0,0,0,0,1,1
53067,0033800002kUWZEAA4,0.0,0,0.0,2771.0,0,0,0,1,0,0,1,0,0,0,0,1,1
53068,0033800002kUWcwAAG,0.0,0,0.0,489.0,0,0,0,0,1,0,1,0,0,0,0,1,1
53070,0033800002kUWjsAAG,0.0,0,866.0,1429.0,0,0,0,1,0,0,1,0,0,0,0,1,0
53071,0033800002kUWoOAAW,0.0,0,129.0,3175.0,0,0,0,1,0,0,1,0,0,0,0,1,1
53072,0033800002kUWz2AAG,0.0,0,0.0,1207.0,0,0,0,1,0,0,1,0,0,0,0,1,0
53074,0033800002kUX3sAAG,0.0,0,0.0,2920.0,0,0,0,1,0,0,1,0,0,0,0,1,1
53075,0033800002kUXCfAAO,0.0,0,0.0,2885.0,1,0,0,0,0,0,0,0,0,1,1,0,0
53076,0033800002kUXEbAAO,0.0,0,0.0,7321.0,0,0,0,1,0,1,0,0,0,0,0,1,1
53079,0033800002kUXLnAAO,0.0,80,880.0,668.0,0,0,0,1,0,0,1,0,0,0,1,0,0
53084,0033800002kUXQjAAO,0.0,0,0.0,10961.0,0,0,0,0,1,1,0,0,0,0,0,1,1
53089,0033800002kUYmTAAW,0.0,40,4556.0,2032.0,0,0,0,0,1,0,0,0,1,0,0,1,1
53091,0033800002kUYq0AAG,0.0,90,0.0,7487.0,0,0,0,1,0,0,0,0,1,0,0,1,1
53092,0033800002kUZAVAA4,0.0,0,0.0,9778.0,0,0,0,0,1,0,1,0,0,0,1,0,0
53093,0033800002kUZDcAAO,0.0,0,2906.0,7663.0,0,1,0,0,0,0,0,0,0,1,1,0,0
53095,0033800002kUZFkAAO,0.0,0,2356.0,598.0,1,0,0,0,0,0,0,0,0,1,1,0,0
53097,0033800002kUZOlAAO,0.0,0,0.0,7310.0,0,0,0,1,0,0,0,0,0,1,0,1,1
53108,0033800002kUZxMAAW,0.0,30,765.0,4980.0,0,1,0,0,0,1,0,0,0,0,1,0,1
53112,0033800002kUa11AAC,0.0,0,0.0,2922.0,0,0,0,1,0,0,0,0,1,0,0,1,1
53113,0033800002kUaWEAA0,0.0,0,1571.0,1950.0,0,1,0,0,0,0,0,0,1,0,0,1,1
53118,0033800002kUadjAAC,0.0,0,709.0,2930.0,0,0,0,1,0,0,0,1,0,0,0,1,0
53122,0033800002kUavlAAC,0.0,0,541.0,7320.0,1,0,0,0,0,0,0,1,0,0,0,1,1
53123,0033800002kUb0YAAS,0.0,0,881.0,2191.0,0,1,0,0,0,0,1,0,0,0,0,1,1
53131,0033800002kUcPjAAK,0.0,0,92.0,2196.0,0,0,0,0,1,0,1,0,0,0,1,0,1
53133,0033800002kUcU0AAK,0.0,0,0.0,1039.0,0,0,0,1,0,0,1,0,0,0,0,1,1
53134,0033800002kUcUAAA0,0.0,0,134.0,2658.0,0,1,0,0,0,0,0,0,0,1,0,1,1
53141,0033800002kUckIAAS,0.0,0,0.0,10964.0,1,0,0,0,0,0,0,0,0,1,0,1,0
53144,0033800002kUcs9AAC,0.0,10,1787.0,1918.0,0,0,0,1,0,0,0,0,1,0,0,1,0
53145,0033800002kUcsAAAS,0.0,30,2310.0,7474.0,0,0,0,1,0,1,0,0,0,0,0,1,1
53146,0033800002kUcsBAAS,0.0,0,172.0,2272.0,0,0,0,1,0,0,1,0,0,0,0,1,1
53150,0033800002kUdA9AAK,0.0,0,0.0,2933.0,0,1,0,0,0,0,0,0,1,0,0,1,1
53152,0033800002kUdLZAA0,0.0,0,0.0,8058.0,1,0,0,0,0,0,0,0,0,1,0,1,0
53154,0033800002kUdXBAA0,0.0,0,177.0,7783.0,0,1,0,0,0,0,1,0,0,0,0,1,1
53161,0033800002kUeSPAA0,5.0,0,0.0,5593.0,0,0,0,1,0,0,0,0,0,1,0,1,1
53169,0033800002kUenrAAC,0.0,0,0.0,9481.0,0,0,0,0,1,0,1,0,0,0,0,1,1
53171,0033800002kUepEAAS,0.0,100,378.0,2834.0,0,0,0,1,0,0,1,0,0,0,0,1,0
53174,0033800002kUexZAAS,0.0,0,93.0,1827.0,0,0,0,1,0,0,1,0,0,0,0,1,0
53175,0033800002kUf1vAAC,0.0,0,0.0,7318.0,0,0,0,1,0,0,1,0,0,0,0,1,1
53177,0033800002kUf8LAAS,0.0,0,6178.0,761.0,0,0,0,0,1,0,0,0,0,1,0,1,0
53179,0033800002kUfMOAA0,0.0,100,112.0,3508.0,0,0,0,1,0,0,1,0,0,0,0,1,0
53181,0033800002kUfXbAAK,0.0,0,26.0,1915.0,0,0,0,1,0,0,0,0,1,0,0,1,1
53182,0033800002kUfYoAAK,0.0,100,116.0,4922.0,0,0,0,0,1,1,0,0,0,0,0,1,1
53185,0033800002kUfhnAAC,0.0,0,0.0,3563.0,0,0,0,1,0,0,1,0,0,0,1,0,0
53189,0033800002kUfykAAC,0.0,0,0.0,9693.0,1,0,0,0,0,0,1,0,0,0,0,1,1
53191,0033800002kUgEuAAK,0.0,80,4592.0,2335.0,0,0,0,0,1,0,1,0,0,0,1,0,1
53193,0033800002kUgKnAAK,0.0,0,0.0,1540.0,0,0,0,1,0,1,0,0,0,0,0,1,0
53194,0033800002kUglzAAC,0.0,20,1156.0,7873.0,1,0,0,0,0,0,0,0,1,0,0,1,0
53197,0033800002kUhdIAAS,0.0,0,0.0,3951.0,0,0,0,1,0,0,0,0,1,0,0,1,1
53198,0033800002kUhdmAAC,0.0,90,150.0,7095.0,0,1,0,0,0,0,1,0,0,0,0,1,1
53202,0033800002kUncaAAC,0.0,0,0.0,8647.0,0,1,0,0,0,0,1,0,0,0,0,1,0
53203,0033800002kUoKrAAK,0.0,0,0.0,3406.0,0,0,0,0,1,0,0,0,0,1,0,1,1
53204,0033800002kUweIAAS,5.0,0,0.0,4473.0,0,1,0,0,0,0,1,0,0,0,0,1,1
53207,0033800002kUx2vAAC,0.0,0,7521.0,4049.0,0,0,1,0,0,0,1,0,0,0,0,1,1
53209,0033800002kUxLEAA0,0.0,0,0.0,4283.0,1,0,0,0,0,0,0,0,0,1,0,1,1
53218,0033800002kUxtZAAS,0.0,0,455.0,2793.0,0,0,0,1,0,0,0,0,0,1,0,1,0
53220,0033800002kUy3AAAS,0.0,0,0.0,1572.0,0,0,0,1,0,0,1,0,0,0,0,1,1
53222,0033800002kUyBmAAK,0.0,0,0.0,7890.0,0,0,0,1,0,1,0,0,0,0,0,1,0
53223,0033800002kUyI9AAK,0.0,0,0.0,7505.0,0,0,0,1,0,0,1,0,0,0,0,1,1
53225,0033800002kUyKyAAK,0.0,90,2218.0,2874.0,1,0,0,0,0,0,0,0,1,0,0,1,1
53228,0033800002kUyZFAA0,0.0,0,5458.0,2801.0,0,1,0,0,0,0,1,0,0,0,0,1,1
53234,0033800002kUyriAAC,0.0,0,1089.0,1461.0,0,1,0,0,0,0,0,0,1,0,1,0,0
53240,0033800002kUzBoAAK,0.0,0,0.0,3799.0,1,0,0,0,0,0,0,0,1,0,0,1,1
53243,0033800002kUzgRAAS,0.0,0,0.0,7255.0,0,0,0,1,0,0,1,0,0,0,0,1,1
53245,0033800002kUzofAAC,0.0,0,960.0,2251.0,0,0,0,1,0,0,1,0,0,0,0,1,1
53249,0033800002kV0FPAA0,0.0,0,1430.0,7333.0,0,1,0,0,0,0,1,0,0,0,0,1,0
53252,0033800002kV0eKAAS,0.0,0,0.0,1221.0,0,0,0,1,0,0,1,0,0,0,0,1,0
53257,0033800002lNa8tAAC,5.0,0,0.0,8790.0,1,0,0,0,0,1,0,0,0,0,0,1,1
53260,0033800002lNan7AAC,0.0,0,0.0,7402.0,0,1,0,0,0,0,0,0,1,0,0,1,0
53262,0033800002lNcDrAAK,0.0,60,0.0,1232.0,1,0,0,0,0,0,1,0,0,0,0,1,1
53263,0033800002lNcEaAAK,0.0,0,2376.0,1462.0,0,0,0,1,0,0,0,0,1,0,1,0,1
53267,0033800002lNe9zAAC,0.0,0,0.0,7333.0,1,0,0,0,0,1,0,0,0,0,1,0,1
53268,0033800002lNeL1AAK,0.0,0,1461.0,4834.0,0,1,0,0,0,0,0,0,1,0,0,1,0
53271,0033800002lNfNSAA0,0.0,0,0.0,5390.0,0,0,0,0,1,0,1,0,0,0,0,1,0
53272,0033800002lNfjIAAS,0.0,100,1245.0,8623.0,0,0,0,0,1,0,1,0,0,0,0,1,0
53275,0033800002lNggKAAS,0.0,0,62.0,1825.0,0,1,0,0,0,0,0,0,0,1,0,1,1
53276,0033800002lNhJGAA0,0.0,0,0.0,9417.0,0,1,0,0,0,0,0,0,1,0,1,0,1
53277,0033800002lNjAnAAK,0.0,0,0.0,2191.0,0,0,0,0,1,1,0,0,0,0,1,0,1
53281,0033800002lNjVHAA0,0.0,0,0.0,6742.0,0,0,0,1,0,0,1,0,0,0,0,1,0
53285,0033800002lNl4yAAC,0.0,60,1754.0,4152.0,1,0,0,0,0,0,0,0,1,0,0,1,0
53288,0033800002lNlLiAAK,0.0,30,6817.0,4869.0,0,0,0,0,1,0,0,0,1,0,0,1,1
53293,0033800002lNm1fAAC,0.0,0,1889.0,1256.0,0,0,0,1,0,0,1,0,0,0,1,0,1
53298,0033800002lNmaJAAS,0.0,0,0.0,1460.0,0,0,0,1,0,0,1,0,0,0,0,1,1
53301,0033800002lNmjLAAS,0.0,0,0.0,1221.0,0,0,0,1,0,0,1,0,0,0,0,1,1
53302,0033800002lNmzuAAC,0.0,0,35.0,2921.0,0,0,0,1,0,0,0,0,0,1,0,1,1
53309,0033800002lNnQ4AAK,0.0,0,0.0,5503.0,0,1,0,0,0,0,1,0,0,0,0,1,1
53313,0033800002lNnjNAAS,0.0,0,0.0,7861.0,1,0,0,0,0,1,0,0,0,0,0,1,1
53319,0033800002lNorQAAS,0.0,0,0.0,10482.0,0,1,0,0,0,0,1,0,0,0,1,0,0
53324,0033800002lNorVAAS,0.0,0,0.0,7376.0,0,0,0,1,0,0,1,0,0,0,0,1,0
53325,0033800002lNorWAAS,0.0,0,0.0,1553.0,0,0,0,1,0,0,1,0,0,0,1,0,0
53329,0033800002lNovCAAS,0.0,0,0.0,7262.0,0,0,0,1,0,0,0,0,0,1,0,1,1
53331,0033800002lNp43AAC,0.0,0,0.0,1460.0,1,0,0,0,0,0,1,0,0,0,0,1,0
53337,0033800002lNps1AAC,0.0,0,0.0,7319.0,1,0,0,0,0,1,0,0,0,0,1,0,0
53340,0033800002lNpwNAAS,0.0,0,0.0,7224.0,0,1,0,0,0,1,0,0,0,0,0,1,1
53342,0033800002lNq0KAAS,0.0,0,466.0,2140.0,0,1,0,0,0,0,1,0,0,0,1,0,1
53343,0033800002lNqHMAA0,0.0,0,4685.0,639.0,1,0,0,0,0,0,1,0,0,0,1,0,1
53349,0033800002lNr3kAAC,0.0,0,0.0,2192.0,0,1,0,0,0,0,1,0,0,0,0,1,1
53352,0033800002lNrVKAA0,0.0,50,1109.0,1822.0,1,0,0,0,0,0,1,0,0,0,0,1,1
53353,0033800002lNrY3AAK,0.0,0,825.0,2666.0,0,1,0,0,0,0,1,0,0,0,1,0,1
53354,0033800002lNrlTAAS,0.0,0,322.0,1599.0,0,0,0,1,0,0,1,0,0,0,0,1,0
53356,0033800002lNsvOAAS,0.0,90,610.0,7595.0,1,0,0,0,0,1,0,0,0,0,0,1,1
53359,0033800002lNtdVAAS,0.0,0,0.0,5267.0,0,0,0,0,1,0,1,0,0,0,1,0,1
53364,0033800002lNtusAAC,0.0,0,0.0,7311.0,1,0,0,0,0,1,0,0,0,0,1,0,0
53369,0033800002lNu9FAAS,0.0,0,1177.0,2498.0,1,0,0,0,0,0,1,0,0,0,1,0,0
53380,0033800002lNuJhAAK,0.0,0,0.0,7753.0,0,1,0,0,0,0,1,0,0,0,0,1,1
53383,0033800002lNuJkAAK,0.0,0,0.0,2915.0,0,1,0,0,0,1,0,0,0,0,0,1,0
53385,0033800002lNuJmAAK,0.0,0,0.0,4065.0,0,1,0,0,0,1,0,0,0,0,0,1,0
53402,0033800002lNuW2AAK,0.0,0,1253.0,7330.0,1,0,0,0,0,0,0,0,0,1,1,0,0
53407,0033800002lNuaoAAC,0.0,50,216.0,4658.0,0,0,0,1,0,1,0,0,0,0,0,1,1
53411,0033800002lNuasAAC,0.0,0,1.0,10830.0,1,0,0,0,0,1,0,0,0,0,1,0,1
53415,0033800002lNuawAAC,0.0,80,4262.0,7330.0,1,0,0,0,0,0,0,0,0,1,0,1,1
53439,0033800002lNubKAAS,0.0,10,3354.0,7326.0,0,1,0,0,0,0,0,0,0,1,0,1,0
53446,0033800002lNubRAAS,0.0,0,42.0,4041.0,0,0,0,1,0,0,0,0,0,1,1,0,0
53448,0033800002lNubTAAS,0.0,40,4630.0,7427.0,0,0,0,0,1,0,0,0,0,1,1,0,1
53455,0033800002lNubbAAC,0.0,90,851.0,8445.0,0,0,0,1,0,0,0,0,0,1,0,1,1
53456,0033800002lNubcAAC,0.0,0,62.0,1554.0,0,1,0,0,0,0,0,0,0,1,0,1,1
53467,0033800002lNubnAAC,0.0,0,96.0,7456.0,0,0,0,0,1,0,0,0,0,1,0,1,1
53472,0033800002lNubsAAC,0.0,30,1366.0,3537.0,0,1,0,0,0,0,0,0,0,1,1,0,0
53474,0033800002lNubuAAC,0.0,0,5092.0,5113.0,0,1,0,0,0,1,0,0,0,0,0,1,1
53489,0033800002lNuzQAAS,0.0,0,4475.0,2677.0,0,1,0,0,0,0,1,0,0,0,1,0,0
53490,0033800002lNv2XAAS,0.0,0,5.0,5113.0,0,0,0,1,0,0,0,0,0,1,0,1,1
53491,0033800002lNv6PAAS,0.0,0,0.0,7329.0,0,0,0,1,0,0,1,0,0,0,0,1,1
53496,0033800002lNvWIAA0,0.0,70,1247.0,7333.0,0,1,0,0,0,0,1,0,0,0,0,1,1
53500,0033800002lNwJcAAK,0.0,0,272.0,7315.0,0,0,0,0,1,1,0,0,0,0,0,1,1
53506,0033800002lNwmXAAS,0.0,0,3988.0,2719.0,0,0,0,0,1,0,1,0,0,0,0,1,1
53508,0033800002lNxFjAAK,0.0,0,1978.0,8943.0,0,1,0,0,0,1,0,0,0,0,1,0,0
53509,0033800002lNxV8AAK,0.0,0,0.0,7320.0,0,1,0,0,0,0,0,0,0,1,0,1,1
53511,0033800002lNxcuAAC,0.0,0,0.0,9939.0,1,0,0,0,0,0,1,0,0,0,0,1,1
53523,0033800002lNySYAA0,0.0,0,224.0,3115.0,0,1,0,0,0,0,0,0,0,1,0,1,1
53526,0033800002lNylFAAS,0.0,80,163.0,5827.0,0,0,0,1,0,0,1,0,0,0,1,0,0
53529,0033800002lNzz8AAC,0.0,0,2706.0,1096.0,0,1,0,0,0,0,1,0,0,0,0,1,1
53530,0033800002lNzzNAAS,0.0,0,834.0,5284.0,0,1,0,0,0,1,0,0,0,0,0,1,1
53537,0033800002lO0orAAC,0.0,0,13.0,13176.0,0,0,0,1,0,1,0,0,0,0,0,1,0
53543,0033800002lO0rIAAS,0.0,0,210.0,7529.0,0,1,0,0,0,0,1,0,0,0,1,0,1
53544,0033800002lO0rJAAS,0.0,0,20572.0,1096.0,0,1,0,0,0,0,1,0,0,0,0,1,1
53545,0033800002lO0rKAAS,0.0,0,3406.0,1461.0,0,0,0,0,1,0,0,0,0,1,0,1,1
53548,0033800002lO1F7AAK,0.0,40,7276.0,1821.0,0,0,0,0,1,0,1,0,0,0,0,1,0
53549,0033800002lO1H8AAK,0.0,0,0.0,2556.0,0,1,0,0,0,0,1,0,0,0,1,0,0
53556,0033800002lO3aXAAS,0.0,0,596.0,3204.0,0,1,0,0,0,0,1,0,0,0,0,1,1
53564,0033800002lO4MmAAK,0.0,0,2654.0,4984.0,0,0,0,1,0,0,0,0,0,1,0,1,1
53565,0033800002lO4PlAAK,0.0,90,1703.0,8287.0,0,0,0,0,1,0,1,0,0,0,0,1,1
53566,0033800002lO4XeAAK,0.0,0,1332.0,892.0,0,1,0,0,0,0,1,0,0,0,0,1,1
53569,0033800002lO4fsAAC,0.0,0,730.0,3623.0,0,0,0,0,1,1,0,0,0,0,0,1,1
53572,0033800002lO54SAAS,0.0,0,1199.0,1587.0,0,0,0,0,1,0,1,0,0,0,0,1,0
53575,0033800002lO7thAAC,0.0,0,3074.0,3162.0,0,0,0,0,1,0,0,0,0,1,0,1,0
53578,0033800002lOBgNAAW,0.0,70,851.0,8056.0,0,0,0,0,1,0,0,0,0,1,0,1,1
53580,0033800002lOLO6AAO,0.0,0,4240.0,2998.0,0,0,0,0,1,0,1,0,0,0,0,1,1
53581,0033800002lOLlKAAW,0.0,30,4523.0,1460.0,0,1,0,0,0,0,0,0,0,1,0,1,0
53589,0033800002lOM4iAAG,0.0,0,20108.0,1460.0,0,1,0,0,0,1,0,0,0,0,0,1,0
53590,0033800002lOMD5AAO,0.0,20,150.0,8233.0,0,1,0,0,0,1,0,0,0,0,0,1,1
53591,0033800002lOMDYAA4,0.0,60,1530.0,2186.0,1,0,0,0,0,0,1,0,0,0,0,1,1
53595,0033800002lOMcqAAG,0.0,0,115.0,9524.0,0,0,0,0,1,1,0,0,0,0,1,0,1
53603,0033800002lOMpfAAG,0.0,0,5058.0,7352.0,0,0,0,0,1,0,1,0,0,0,0,1,1
53605,0033800002lOMr3AAG,0.0,0,0.0,1461.0,0,0,0,1,0,0,0,0,1,0,0,1,0
53607,0033800002lOMscAAG,0.0,0,2190.0,3073.0,0,1,0,0,0,0,0,0,1,0,0,1,0
53608,0033800002lOMswAAG,0.0,0,485.0,10624.0,0,1,0,0,0,0,0,0,1,0,0,1,1
53611,0033800002lONYDAA4,0.0,0,0.0,2193.0,0,0,0,0,1,0,0,0,0,1,1,0,1
53612,0033800002lOO61AAG,0.0,0,797.0,567.0,0,1,0,0,0,0,0,0,1,0,0,1,1
53616,0033800002lOORDAA4,0.0,0,916.0,2192.0,0,0,0,1,0,1,0,0,0,0,1,0,0
53618,0033800002lOOa0AAG,0.0,0,0.0,7846.0,0,1,0,0,0,0,1,0,0,0,0,1,1
53624,0033800002lOP3kAAG,0.0,0,11230.0,1035.0,1,0,0,0,0,0,1,0,0,0,0,1,0
53629,0033800002lOPN3AAO,0.0,0,1180.0,1461.0,0,0,0,1,0,0,1,0,0,0,1,0,0
53630,0033800002lOPSXAA4,0.0,0,0.0,1614.0,1,0,0,0,0,0,1,0,0,0,0,1,0
53631,0033800002lOPSqAAO,0.0,0,39.0,192.0,0,1,0,0,0,0,0,0,1,0,0,1,1
53645,0033800002lOPhOAAW,0.0,0,1635.0,1461.0,1,0,0,0,0,0,0,0,0,1,1,0,0
53648,0033800002lOPhxAAG,0.0,80,1111.0,8034.0,0,0,0,0,1,0,1,0,0,0,0,1,1
53649,0033800002lOPi2AAG,0.0,0,1072.0,7515.0,0,1,0,0,0,1,0,0,0,0,0,1,1
53650,0033800002lOPibAAG,0.0,90,568.0,4500.0,0,0,0,1,0,0,1,0,0,0,0,1,1
53661,0033800002lOSkJAAW,0.0,0,0.0,2310.0,0,0,0,1,0,0,1,0,0,0,0,1,0
53662,0033800002lOSycAAG,0.0,60,978.0,5201.0,0,1,0,0,0,0,0,0,1,0,0,1,1
53666,0033800002lOTOcAAO,0.0,80,14.0,5767.0,0,0,0,1,0,0,0,0,1,0,0,1,1
53668,0033800002lOTOeAAO,0.0,0,0.0,7306.0,0,0,0,1,0,0,0,0,0,1,1,0,0
53669,0033800002lOTR6AAO,0.0,0,47.0,6569.0,0,1,0,0,0,0,1,0,0,0,0,1,0
53671,0033800002lOTU5AAO,0.0,80,181.0,2506.0,1,0,0,0,0,0,1,0,0,0,0,1,1
53672,0033800002lOTW2AAO,0.0,0,0.0,7198.0,0,1,0,0,0,0,1,0,0,0,0,1,1
53673,0033800002lOTWWAA4,0.0,0,3823.0,8063.0,1,0,0,0,0,0,1,0,0,0,0,1,0
53677,0033800002lOU1oAAG,0.0,0,0.0,1547.0,1,0,0,0,0,0,1,0,0,0,0,1,0
53678,0033800002lOU4YAAW,0.0,0,0.0,13008.0,0,0,0,0,1,0,1,0,0,0,0,1,0
53679,0033800002lOU81AAG,0.0,0,0.0,8111.0,0,0,0,1,0,0,1,0,0,0,0,1,0
53682,0033800002lOUYlAAO,0.0,0,95.0,107.0,1,0,0,0,0,0,0,0,0,1,0,1,1
53683,0033800002lOUZ0AAO,0.0,0,0.0,7728.0,0,0,0,1,0,0,1,0,0,0,0,1,0
53685,0033800002lOVFgAAO,0.0,0,0.0,7823.0,1,0,0,0,0,0,1,0,0,0,1,0,0
53689,0033800002lOWeNAAW,0.0,0,0.0,7305.0,1,0,0,0,0,1,0,0,0,0,0,1,1
53691,0033800002lOWhMAAW,0.0,100,0.0,5985.0,1,0,0,0,0,0,1,0,0,0,0,1,1
53693,0033800002lOXA3AAO,0.0,60,3994.0,7677.0,0,1,0,0,0,0,0,1,0,0,0,1,1
53695,0033800002lOXQjAAO,0.0,0,0.0,2794.0,0,0,0,1,0,0,0,0,0,1,1,0,1
53698,0033800002lOXVPAA4,0.0,0,1558.0,3909.0,0,1,0,0,0,0,0,0,1,0,0,1,1
53701,0033800002lOXdgAAG,0.0,0,4977.0,769.0,1,0,0,0,0,0,1,0,0,0,0,1,0
53703,0033800002lOXp3AAG,0.0,0,0.0,1379.0,0,0,0,1,0,0,1,0,0,0,1,0,1
53704,0033800002lOXsMAAW,0.0,0,0.0,4123.0,0,1,0,0,0,1,0,0,0,0,0,1,1
53705,0033800002lOYKSAA4,0.0,70,0.0,10561.0,0,0,0,0,1,0,1,0,0,0,0,1,1
53709,0033800002lOZJuAAO,0.0,0,0.0,5634.0,1,0,0,0,0,1,0,0,0,0,1,0,1
53721,0033800002lObYAAA0,0.0,0,0.0,10641.0,1,0,0,0,0,0,1,0,0,0,1,0,0
53725,0033800002lObqQAAS,0.0,0,0.0,2913.0,1,0,0,0,0,0,0,0,0,1,0,1,0
53726,0033800002lObr4AAC,0.0,0,0.0,3878.0,0,0,0,0,1,0,1,0,0,0,0,1,1
53732,0033800002lOcmTAAS,0.0,0,0.0,10729.0,0,0,0,0,1,0,1,0,0,0,1,0,0
53733,0033800002lOd78AAC,0.0,0,5417.0,1519.0,0,0,0,1,0,0,1,0,0,0,0,1,0
53735,0033800002lOe9UAAS,0.0,0,287.0,2779.0,0,0,0,1,0,0,0,1,0,0,0,1,0
53741,0033800002lOecSAAS,0.0,0,777.0,804.0,0,0,0,1,0,0,1,0,0,0,0,1,0
53752,0033800002lOfOXAA0,0.0,0,0.0,7319.0,0,0,0,1,0,0,0,0,0,1,1,0,1
53753,0033800002lOfS5AAK,0.0,100,0.0,7322.0,0,0,0,1,0,0,0,0,0,1,0,1,1
53754,0033800002lOffOAAS,0.0,0,0.0,2923.0,0,1,0,0,0,0,0,0,1,0,1,0,0
53755,0033800002lOfgHAAS,0.0,0,0.0,6443.0,0,0,0,0,1,0,1,0,0,0,0,1,0
53757,0033800002lOfouAAC,0.0,0,0.0,2191.0,0,0,0,1,0,0,1,0,0,0,0,1,1
53762,0033800002lOgAlAAK,0.0,0,2247.0,2821.0,0,0,0,1,0,0,0,0,1,0,0,1,1
53763,0033800002lOgBPAA0,0.0,0,159.0,4071.0,0,0,0,1,0,0,1,0,0,0,0,1,0
53764,0033800002lOgesAAC,0.0,0,0.0,9266.0,0,0,0,1,0,0,1,0,0,0,0,1,1
53767,0033800002lOgjdAAC,0.0,0,0.0,2040.0,0,1,0,0,0,0,1,0,0,0,0,1,1
53772,0033800002lOh3sAAC,0.0,0,0.0,11029.0,0,1,0,0,0,0,1,0,0,0,0,1,1
53775,0033800002lOhPVAA0,0.0,0,3741.0,5420.0,0,0,0,0,1,0,1,0,0,0,0,1,1
53780,0033800002lOhjxAAC,0.0,0,15870.0,1693.0,0,1,0,0,0,0,1,0,0,0,0,1,1
53785,0033800002lOi9JAAS,0.0,0,0.0,2618.0,0,1,0,0,0,0,0,0,1,0,0,1,1
53790,0033800002lOiQ3AAK,0.0,0,0.0,7324.0,0,1,0,0,0,0,1,0,0,0,0,1,1
53791,0033800002lOiiRAAS,0.0,0,0.0,9913.0,0,0,0,1,0,0,1,0,0,0,0,1,1
53793,0033800002lOiwfAAC,0.0,0,0.0,9092.0,0,0,1,0,0,1,0,0,0,0,0,1,1
53795,0033800002lOjCUAA0,5.0,90,0.0,2582.0,0,0,0,0,1,1,0,0,0,0,0,1,1
53796,0033800002lOjDbAAK,0.0,0,453.0,2585.0,1,0,0,0,0,0,1,0,0,0,0,1,1
53800,0033800002lOjucAAC,0.0,0,0.0,8747.0,0,0,0,1,0,0,0,0,0,1,0,1,1
53807,0033800002lOlisAAC,0.0,0,0.0,2191.0,0,0,0,1,0,1,0,0,0,0,0,1,1
53808,0033800002lOm6fAAC,0.0,0,13059.0,1370.0,1,0,0,0,0,0,0,0,0,1,0,1,0
53809,0033800002lOmP8AAK,0.0,0,4727.0,3224.0,0,0,0,1,0,0,1,0,0,0,0,1,1
53810,0033800002lOmPlAAK,0.0,0,0.0,9094.0,0,1,0,0,0,0,0,0,0,1,0,1,1
53812,0033800002lOmbXAAS,0.0,0,156.0,7674.0,0,0,0,0,1,0,1,0,0,0,1,0,1
53813,0033800002lOmcpAAC,0.0,0,631.0,2680.0,0,0,0,1,0,0,1,0,0,0,1,0,1
53815,0033800002lOmhdAAC,0.0,0,0.0,8561.0,0,1,0,0,0,0,1,0,0,0,0,1,1
53817,0033800002lOn52AAC,0.0,0,0.0,8229.0,0,0,0,0,1,0,0,0,1,0,0,1,1
53818,0033800002lOn6PAAS,0.0,0,1739.0,4717.0,0,0,0,0,1,0,0,0,0,1,1,0,1
53819,0033800002lOo7KAAS,0.0,0,0.0,2938.0,0,1,0,0,0,0,1,0,0,0,0,1,0
53821,0033800002lOoj1AAC,0.0,0,1738.0,1841.0,0,0,0,1,0,0,0,0,0,1,0,1,1
53823,0033800002lOojgAAC,0.0,0,5271.0,1240.0,0,1,0,0,0,0,1,0,0,0,1,0,0
53824,0033800002lOojhAAC,0.0,70,308.0,10975.0,0,0,0,0,1,1,0,0,0,0,0,1,1
53825,0033800002lOokxAAC,0.0,0,0.0,7488.0,0,0,0,0,1,0,0,0,1,0,0,1,0
53826,0033800002lOoxoAAC,0.0,0,0.0,2896.0,0,0,0,1,0,1,0,0,0,0,0,1,1
53832,0033800002lOpMFAA0,0.0,0,0.0,4187.0,0,0,0,1,0,1,0,0,0,0,0,1,1
53847,0033800002lOpePAAS,0.0,0,0.0,2676.0,0,1,0,0,0,0,1,0,0,0,1,0,0
53848,0033800002lOpeZAAS,0.0,0,0.0,7346.0,1,0,0,0,0,1,0,0,0,0,0,1,0
53853,0033800002lOpwdAAC,0.0,0,0.0,8068.0,0,0,0,1,0,0,1,0,0,0,0,1,0
53856,0033800002lOqByAAK,0.0,0,0.0,8053.0,0,0,0,1,0,0,1,0,0,0,0,1,1
53857,0033800002lOqN4AAK,0.0,0,0.0,8471.0,1,0,0,0,0,0,0,0,0,1,0,1,0
53860,0033800002lOqXsAAK,0.0,0,0.0,1118.0,0,0,0,1,0,0,0,0,1,0,1,0,0
53861,0033800002lOqaNAAS,0.0,0,0.0,2056.0,0,0,0,1,0,0,1,0,0,0,0,1,1
53863,0033800002lOqfNAAS,0.0,60,1224.0,7309.0,1,0,0,0,0,0,0,0,0,1,0,1,0
53864,0033800002lOqmxAAC,0.0,0,8192.0,7325.0,0,1,0,0,0,0,0,0,1,0,0,1,1
53865,0033800002lOqq6AAC,0.0,0,0.0,2757.0,0,0,0,0,1,1,0,0,0,0,1,0,0
53866,0033800002lOqtyAAC,0.0,0,0.0,7320.0,0,1,0,0,0,1,0,0,0,0,1,0,0
53867,0033800002lOqyAAAS,0.0,0,0.0,8766.0,1,0,0,0,0,0,1,0,0,0,0,1,1
53868,0033800002lOr3VAAS,0.0,0,0.0,1298.0,0,0,0,1,0,0,1,0,0,0,0,1,0
53869,0033800002lOr3tAAC,0.0,0,0.0,2161.0,0,0,0,1,0,0,1,0,0,0,0,1,0
53870,0033800002lOr7RAAS,0.0,0,0.0,2660.0,1,0,0,0,0,0,0,0,0,1,0,1,1
53871,0033800002lOrCbAAK,0.0,0,0.0,6918.0,1,0,0,0,0,0,1,0,0,0,0,1,0
53872,0033800002lOrM5AAK,0.0,0,0.0,7284.0,0,0,0,1,0,0,1,0,0,0,0,1,1
53873,0033800002lOrRjAAK,0.0,0,0.0,1966.0,0,0,0,1,0,0,1,0,0,0,0,1,1
53876,0033800002lOs3EAAS,0.0,0,0.0,5444.0,0,0,0,0,1,1,0,0,0,0,1,0,1
53878,0033800002lOsKtAAK,0.0,20,3879.0,867.0,0,0,0,1,0,0,1,0,0,0,0,1,1
53880,0033800002lOsNxAAK,0.0,0,0.0,8451.0,0,0,0,1,0,0,1,0,0,0,0,1,1
53883,0033800002lOsUPAA0,0.0,0,269.0,1985.0,1,0,0,0,0,0,1,0,0,0,0,1,0
53886,0033800002lOsl6AAC,0.0,0,0.0,8398.0,0,1,0,0,0,1,0,0,0,0,0,1,1
53887,0033800002lOslVAAS,0.0,0,0.0,7311.0,1,0,0,0,0,1,0,0,0,0,0,1,0
53888,0033800002lOslfAAC,0.0,0,183.0,2057.0,0,0,0,1,0,0,1,0,0,0,1,0,1
53890,0033800002lOsucAAC,0.0,0,0.0,9461.0,0,0,0,0,1,1,0,0,0,0,0,1,1
53892,0033800002lOszmAAC,0.0,90,0.0,2800.0,0,0,0,1,0,0,1,0,0,0,0,1,1
53893,0033800002lOu4JAAS,0.0,0,0.0,7329.0,0,0,0,1,0,0,0,0,1,0,0,1,0
53894,0033800002lOu6tAAC,0.0,0,0.0,8099.0,0,0,0,0,1,0,0,0,1,0,0,1,0
53896,0033800002lOuDpAAK,0.0,0,184.0,5479.0,1,0,0,0,0,1,0,0,0,0,0,1,1
53899,0033800002lOuc5AAC,0.0,0,0.0,8285.0,0,0,0,0,1,0,0,0,0,1,0,1,1
53901,0033800002lOvmmAAC,0.0,0,675.0,1673.0,1,0,0,0,0,0,0,0,0,1,0,1,0
53902,0033800002lOvnfAAC,0.0,30,369.0,1827.0,0,0,0,1,0,0,0,0,0,1,0,1,1
53904,0033800002lOvoOAAS,0.0,0,0.0,1854.0,0,0,0,1,0,1,0,0,0,0,0,1,1
53905,0033800002lOvqZAAS,0.0,0,0.0,9512.0,0,0,0,1,0,0,1,0,0,0,0,1,1
53906,0033800002lOvt9AAC,0.0,20,6824.0,14251.0,0,1,0,0,0,0,0,0,0,1,0,1,1
53911,0033800002lOwKWAA0,0.0,0,0.0,7310.0,0,0,0,1,0,0,1,0,0,0,0,1,1
53912,0033800002lOwSVAA0,0.0,0,0.0,9496.0,0,1,0,0,0,0,1,0,0,0,0,1,0
53915,0033800002lOwmMAAS,0.0,70,1817.0,1512.0,0,0,0,0,1,0,0,0,1,0,0,1,1
53921,0033800002lOxLNAA0,0.0,0,0.0,9499.0,0,0,0,0,1,0,1,0,0,0,0,1,1
53922,0033800002lOxNdAAK,0.0,0,0.0,1908.0,1,0,0,0,0,0,1,0,0,0,0,1,1
53927,0033800002lOymFAAS,0.0,0,0.0,7219.0,1,0,0,0,0,1,0,0,0,0,0,1,1
53930,0033800002lOzKdAAK,0.0,0,0.0,9439.0,1,0,0,0,0,0,1,0,0,0,0,1,1
53936,0033800002lP0wEAAS,0.0,0,0.0,2700.0,0,1,0,0,0,0,1,0,0,0,0,1,1
53938,0033800002lP0zZAAS,0.0,0,63.0,3668.0,0,1,0,0,0,0,0,0,0,1,0,1,1
53939,0033800002lP0zyAAC,0.0,0,63.0,1391.0,0,1,0,0,0,1,0,0,0,0,0,1,1
53940,0033800002lP10DAAS,0.0,0,0.0,3895.0,0,0,0,0,1,1,0,0,0,0,0,1,0
53943,0033800002lP17TAAS,0.0,0,0.0,9887.0,0,0,0,0,1,0,0,1,0,0,0,1,1
53944,0033800002lP1MgAAK,0.0,0,0.0,1461.0,0,1,0,0,0,0,1,0,0,0,0,1,1
53948,0033800002lP5LaAAK,0.0,0,72.0,2101.0,0,0,0,1,0,0,0,0,1,0,0,1,0
53949,0033800002lP5MYAA0,0.0,90,1718.0,7762.0,0,1,0,0,0,0,1,0,0,0,0,1,1
53951,0033800002lP5bbAAC,0.0,0,45.0,4383.0,1,0,0,0,0,0,1,0,0,0,0,1,1
53955,0033800002lP60xAAC,0.0,100,0.0,4510.0,0,0,0,1,0,0,1,0,0,0,0,1,0
53957,0033800002lP65NAAS,0.0,0,0.0,3386.0,0,0,0,0,1,0,0,0,0,1,0,1,1
53958,0033800002lP679AAC,0.0,0,324.0,2678.0,0,0,0,0,1,1,0,0,0,0,0,1,1
53959,0033800002lP69yAAC,0.0,0,0.0,1460.0,0,0,0,1,0,0,0,0,0,1,1,0,0
53964,0033800002lP7AXAA0,0.0,0,0.0,7336.0,0,1,0,0,0,0,1,0,0,0,0,1,1
53965,0033800002lP7CqAAK,0.0,0,122.0,1461.0,0,0,0,1,0,0,0,0,1,0,0,1,0
53966,0033800002lP7F7AAK,0.0,0,0.0,3809.0,0,0,0,1,0,0,1,0,0,0,0,1,0
53967,0033800002lP7IrAAK,0.0,0,826.0,2555.0,0,1,0,0,0,0,1,0,0,0,0,1,0
53970,0033800002lP7P5AAK,0.0,20,11402.0,2304.0,1,0,0,0,0,0,0,0,0,1,0,1,0
53971,0033800002lP7QqAAK,0.0,0,7.0,11696.0,0,0,0,0,1,0,1,0,0,0,0,1,0
53972,0033800002lP7R5AAK,0.0,0,11327.0,7670.0,0,0,1,0,0,1,0,0,0,0,0,1,1
53974,0033800002lP7RPAA0,0.0,0,0.0,2192.0,0,0,0,1,0,1,0,0,0,0,0,1,1
53977,0033800002lP7VPAA0,0.0,0,0.0,1461.0,1,0,0,0,0,0,1,0,0,0,1,0,1
53978,0033800002lP7WKAA0,0.0,0,0.0,3633.0,0,1,0,0,0,0,0,0,1,0,0,1,1
53980,0033800002lP7ZpAAK,0.0,20,211.0,1826.0,0,0,0,1,0,0,0,0,0,1,0,1,1
53982,0033800002lP7rUAAS,0.0,0,0.0,3430.0,0,0,0,1,0,0,1,0,0,0,0,1,0
53985,0033800002lP864AAC,0.0,80,1715.0,3843.0,1,0,0,0,0,0,0,0,0,1,0,1,0
53988,0033800002lP8JxAAK,0.0,0,0.0,7869.0,0,1,0,0,0,1,0,0,0,0,0,1,1
53992,0033800002lP8S0AAK,0.0,90,20.0,10438.0,0,0,0,0,1,1,0,0,0,0,0,1,1
53993,0033800002lP8SAAA0,0.0,0,0.0,2707.0,1,0,0,0,0,0,0,0,0,1,1,0,1
53994,0033800002lP8UAAA0,0.0,100,0.0,8016.0,0,0,0,1,0,0,1,0,0,0,0,1,1
53996,0033800002lP8hKAAS,0.0,0,0.0,7310.0,1,0,0,0,0,0,1,0,0,0,0,1,1
53999,0033800002lP9TqAAK,0.0,40,534.0,3055.0,1,0,0,0,0,0,1,0,0,0,0,1,1
54007,0033800002lP9ZqAAK,0.0,0,10017.0,3287.0,0,1,0,0,0,0,1,0,0,0,0,1,1
54009,0033800002lP9gDAAS,0.0,0,900.0,3433.0,0,0,0,1,0,0,1,0,0,0,0,1,1
54012,0033800002lPA2iAAG,0.0,0,0.0,2142.0,0,0,0,1,0,1,0,0,0,0,1,0,1
54018,0033800002lPAf6AAG,0.0,0,0.0,2361.0,0,1,0,0,0,0,1,0,0,0,0,1,1
54021,0033800002lPArRAAW,0.0,0,0.0,9068.0,0,1,0,0,0,0,1,0,0,0,0,1,1
54022,0033800002lPAtmAAG,0.0,0,0.0,1826.0,0,1,0,0,0,0,0,0,0,1,0,1,1
54023,0033800002lPAtwAAG,0.0,10,105.0,3367.0,0,1,0,0,0,1,0,0,0,0,0,1,1
54026,0033800002lPBBrAAO,0.0,0,0.0,5683.0,1,0,0,0,0,0,1,0,0,0,0,1,0
54027,0033800002lPBIPAA4,0.0,0,1075.0,2925.0,0,0,0,0,1,0,0,0,1,0,0,1,0
54029,0033800002lPBYyAAO,0.0,0,12.0,8059.0,0,1,0,0,0,0,0,0,1,0,0,1,1
54030,0033800002lPBZhAAO,0.0,0,0.0,9663.0,0,0,0,0,1,0,0,0,0,1,0,1,1
54031,0033800002lPCQcAAO,0.0,80,893.0,3825.0,1,0,0,0,0,0,0,0,1,0,0,1,1
54034,0033800002lPDI3AAO,0.0,100,0.0,5110.0,1,0,0,0,0,1,0,0,0,0,0,1,0
54035,0033800002lPDOzAAO,0.0,0,0.0,3688.0,0,0,0,1,0,0,1,0,0,0,0,1,0
54040,0033800002lPDs1AAG,0.0,90,0.0,8354.0,1,0,0,0,0,1,0,0,0,0,0,1,1
54041,0033800002lPDsVAAW,0.0,0,0.0,5596.0,0,0,0,1,0,0,0,0,0,1,0,1,1
54043,0033800002lPEEMAA4,0.0,0,9238.0,3533.0,0,0,0,1,0,0,1,0,0,0,1,0,0
54046,0033800002lPEfIAAW,0.0,0,243.0,387.0,0,0,0,0,1,0,1,0,0,0,1,0,1
54047,0033800002lPEjZAAW,0.0,0,52.0,2181.0,0,0,0,1,0,1,0,0,0,0,0,1,1
54048,0033800002lPEnWAAW,0.0,0,621.0,1028.0,0,1,0,0,0,0,0,0,0,1,1,0,1
54051,0033800002lPFwdAAG,0.0,0,0.0,11509.0,0,1,0,0,0,0,1,0,0,0,0,1,1
54054,0033800002lPGJXAA4,0.0,0,0.0,3635.0,0,0,0,1,0,0,0,0,1,0,0,1,1
54056,0033800002lPGZsAAO,0.0,0,21.0,1792.0,0,0,0,1,0,0,0,0,1,0,0,1,1
54063,0033800002lPH9CAAW,0.0,80,80.0,7330.0,1,0,0,0,0,1,0,0,0,0,1,0,0
54064,0033800002lPHCvAAO,0.0,90,0.0,4450.0,1,0,0,0,0,1,0,0,0,0,0,1,1
54066,0033800002lPHFtAAO,0.0,0,0.0,7577.0,1,0,0,0,0,0,1,0,0,0,0,1,1
54068,0033800002lPHUGAA4,0.0,0,2562.0,1104.0,0,0,0,1,0,0,1,0,0,0,0,1,0
54069,0033800002lPHVYAA4,0.0,0,0.0,7333.0,0,1,0,0,0,0,0,0,0,1,1,0,1
54070,0033800002lPHWMAA4,0.0,10,13441.0,1085.0,0,0,0,1,0,0,1,0,0,0,0,1,0
54075,0033800002lPHgCAAW,0.0,0,2461.0,1130.0,0,0,0,0,1,0,1,0,0,0,0,1,0
54078,0033800002lPHvoAAG,0.0,0,0.0,8787.0,0,0,0,1,0,0,1,0,0,0,0,1,0
54083,0033800002lPIONAA4,0.0,0,0.0,11018.0,0,1,0,0,0,0,0,0,0,1,0,1,0
54084,0033800002lPIRgAAO,0.0,0,32.0,1460.0,0,0,0,1,0,0,0,0,1,0,0,1,1
54085,0033800002lPIk7AAG,0.0,100,4734.0,7305.0,0,1,0,0,0,0,1,0,0,0,0,1,1
54088,0033800002lPJAfAAO,0.0,0,0.0,7323.0,0,0,0,0,1,1,0,0,0,0,0,1,1
54089,0033800002lPJCrAAO,0.0,0,0.0,3214.0,0,0,0,1,0,0,0,0,0,1,0,1,1
54092,0033800002lPJSwAAO,0.0,0,880.0,2150.0,1,0,0,0,0,0,1,0,0,0,0,1,1
54095,0033800002lPJtPAAW,0.0,30,1433.0,9129.0,0,0,0,0,1,1,0,0,0,0,1,0,1
54096,0033800002lPJtjAAG,0.0,0,0.0,9573.0,1,0,0,0,0,1,0,0,0,0,0,1,1
54101,0033800002lPK4IAAW,0.0,0,15324.0,426.0,0,0,0,0,1,0,1,0,0,0,1,0,0
54102,0033800002lPK6JAAW,0.0,0,378.0,5587.0,0,0,0,1,0,0,1,0,0,0,0,1,0
54106,0033800002lPKK5AAO,0.0,0,1329.0,3771.0,1,0,0,0,0,0,1,0,0,0,0,1,0
54107,0033800002lPKK7AAO,0.0,0,5023.0,2434.0,0,0,0,1,0,0,0,0,0,1,1,0,0
54109,0033800002lPKKCAA4,0.0,80,6007.0,8036.0,0,1,0,0,0,0,1,0,0,0,1,0,0
54114,0033800002lPKNCAA4,0.0,0,1282.0,2142.0,0,0,0,1,0,0,1,0,0,0,0,1,1
54115,0033800002lPKOyAAO,0.0,0,0.0,10245.0,0,1,0,0,0,0,1,0,0,0,0,1,0
54119,0033800002lPKhCAAW,0.0,0,0.0,760.0,0,1,0,0,0,0,1,0,0,0,0,1,1
54121,0033800002lPKo9AAG,0.0,0,3755.0,2662.0,1,0,0,0,0,0,1,0,0,0,1,0,0
54130,0033800002lPLbEAAW,0.0,0,0.0,3764.0,0,0,0,1,0,0,1,0,0,0,0,1,1
54131,0033800002lPLbnAAG,0.0,0,0.0,7639.0,0,1,0,0,0,0,1,0,0,0,0,1,0
54132,0033800002lPLhRAAW,0.0,0,0.0,1825.0,0,0,0,1,0,0,0,0,0,1,0,1,1
54134,0033800002lPLnvAAG,0.0,0,7256.0,1780.0,0,0,0,1,0,0,0,0,1,0,0,1,1
54136,0033800002lPLtUAAW,0.0,0,0.0,12533.0,1,0,0,0,0,0,1,0,0,0,0,1,1
54137,0033800002lPM27AAG,0.0,0,0.0,7322.0,1,0,0,0,0,0,1,0,0,0,0,1,1
54139,0033800002lPMDFAA4,0.0,50,1600.0,2711.0,0,1,0,0,0,0,1,0,0,0,1,0,1
54140,0033800002lPMIZAA4,0.0,0,0.0,7456.0,1,0,0,0,0,1,0,0,0,0,0,1,1
54151,0033800002lPMfKAAW,0.0,0,0.0,9596.0,0,0,0,1,0,0,1,0,0,0,0,1,1
54154,0033800002lPMrEAAW,0.0,0,155.0,5480.0,0,0,0,1,0,1,0,0,0,0,0,1,1
54163,0033800002lPNU0AAO,0.0,30,240.0,7323.0,0,0,0,1,0,0,1,0,0,0,0,1,1
54167,0033800002lPNlsAAG,0.0,0,0.0,5139.0,0,0,0,1,0,0,1,0,0,0,0,1,1
54170,0033800002lPO28AAG,0.0,80,11731.0,2437.0,1,0,0,0,0,0,1,0,0,0,1,0,1
54173,0033800002lPOCoAAO,0.0,0,0.0,3498.0,0,0,0,1,0,0,1,0,0,0,1,0,1
54174,0033800002lPOGVAA4,0.0,0,0.0,3672.0,0,0,0,1,0,1,0,0,0,0,1,0,1
54176,0033800002lPONrAAO,0.0,80,1079.0,2566.0,0,0,0,1,0,0,1,0,0,0,0,1,0
54179,0033800002lPOPTAA4,0.0,30,134.0,8782.0,0,1,0,0,0,1,0,0,0,0,1,0,1
54182,0033800002lPOWLAA4,0.0,0,3576.0,2922.0,0,0,0,0,1,0,1,0,0,0,1,0,1
54185,0033800002lPOn2AAG,0.0,0,0.0,7308.0,0,0,0,1,0,0,0,0,0,1,0,1,0
54189,0033800002lPPjNAAW,0.0,0,0.0,7835.0,1,0,0,0,0,0,1,0,0,0,0,1,0
54192,0033800002lPQZZAA4,0.0,0,0.0,7310.0,0,1,0,0,0,0,0,0,0,1,0,1,1
54194,0033800002lPQfrAAG,0.0,0,0.0,7558.0,0,1,0,0,0,0,0,0,0,1,0,1,0
54197,0033800002lPQocAAG,0.0,0,0.0,7767.0,0,1,0,0,0,1,0,0,0,0,0,1,1
54200,0033800002lPR01AAG,0.0,0,0.0,10184.0,0,1,0,0,0,0,1,0,0,0,0,1,1
54202,0033800002lPRA1AAO,0.0,0,118.0,1504.0,1,0,0,0,0,0,1,0,0,0,1,0,0
54204,0033800002lPRJNAA4,0.0,0,993.0,2672.0,0,1,0,0,0,0,1,0,0,0,0,1,0
54205,0033800002lPRVCAA4,0.0,0,0.0,7308.0,0,0,0,1,0,0,1,0,0,0,0,1,0
54209,0033800002lPS5wAAG,0.0,0,257.0,7305.0,1,0,0,0,0,0,1,0,0,0,0,1,0
54210,0033800002lPS6aAAG,0.0,30,2811.0,7410.0,0,1,0,0,0,0,0,0,1,0,0,1,1
54221,0033800002lPSpgAAG,0.0,0,7.0,3645.0,0,1,0,0,0,0,1,0,0,0,0,1,1
54227,0033800002lPTKBAA4,0.0,0,0.0,7359.0,1,0,0,0,0,0,1,0,0,0,1,0,0
54233,0033800002lPTtOAAW,0.0,0,3664.0,7316.0,0,1,0,0,0,0,0,0,0,1,0,1,0
54238,0033800002lPV0CAAW,0.0,0,66.0,203.0,1,0,0,0,0,0,1,0,0,0,0,1,1
54240,0033800002lPVZeAAO,0.0,0,0.0,7367.0,1,0,0,0,0,0,1,0,0,0,0,1,0
54241,0033800002lPVbpAAG,0.0,0,0.0,9327.0,0,0,0,0,1,0,0,0,0,1,0,1,1
54242,0033800002lPVcEAAW,0.0,0,445.0,608.0,0,0,0,1,0,0,1,0,0,0,0,1,0
54243,0033800002lPVdbAAG,0.0,0,38.0,1461.0,0,0,0,1,0,0,0,0,0,1,0,1,0
54255,0033800002lPWFFAA4,0.0,0,894.0,8065.0,0,1,0,0,0,1,0,0,0,0,1,0,1
54256,0033800002lPWTEAA4,0.0,0,0.0,7310.0,0,0,0,1,0,0,0,0,0,1,0,1,0
54259,0033800002lPXhfAAG,0.0,0,0.0,10248.0,0,0,0,0,1,0,1,0,0,0,1,0,1
54260,0033800002lPXhpAAG,0.0,0,3507.0,2158.0,1,0,0,0,0,0,0,0,1,0,0,1,0
54263,0033800002lPXktAAG,0.0,0,2555.0,2191.0,0,1,0,0,0,0,1,0,0,0,1,0,1
54266,0033800002lPXnZAAW,0.0,0,15270.0,1092.0,0,0,0,1,0,0,0,0,0,1,0,1,0
54269,0033800002lPXtxAAG,0.0,0,0.0,10546.0,0,1,0,0,0,0,1,0,0,0,0,1,0
54279,0033800002lPXuAAAW,0.0,70,60.0,1656.0,0,0,0,1,0,0,1,0,0,0,1,0,0
54284,0033800002lPXuFAAW,0.0,0,15.0,1483.0,0,0,0,0,1,0,1,0,0,0,1,0,1
54306,0033800002lPYVCAA4,0.0,0,0.0,2443.0,0,0,0,0,1,0,1,0,0,0,1,0,1
54309,0033800002lPYf4AAG,0.0,0,0.0,8279.0,0,1,0,0,0,1,0,0,0,0,1,0,1
54312,0033800002lPYz8AAG,0.0,0,92.0,5498.0,1,0,0,0,0,0,1,0,0,0,0,1,1
54320,0033800002lPZJNAA4,0.0,0,0.0,7389.0,0,1,0,0,0,0,1,0,0,0,0,1,0
54323,0033800002lPZNaAAO,0.0,0,0.0,8067.0,0,1,0,0,0,1,0,0,0,0,0,1,1
54325,0033800002lPZTEAA4,0.0,0,0.0,9056.0,0,0,0,1,0,0,0,0,1,0,0,1,0
54327,0033800002lPZiSAAW,0.0,0,0.0,4705.0,0,0,0,0,1,0,1,0,0,0,1,0,1
54329,0033800002lPZnDAAW,0.0,0,0.0,7991.0,0,0,0,1,0,0,1,0,0,0,0,1,0
54331,0033800002lPZp9AAG,0.0,0,12.0,2575.0,0,1,0,0,0,0,1,0,0,0,0,1,1
54332,0033800002lPZpEAAW,0.0,0,631.0,1460.0,0,1,0,0,0,0,0,0,0,1,1,0,1
54333,0033800002lPZrtAAG,0.0,0,0.0,4000.0,1,0,0,0,0,0,1,0,0,0,0,1,0
54338,0033800002lPalSAAS,0.0,0,1343.0,4290.0,1,0,0,0,0,1,0,0,0,0,0,1,1
54341,0033800002lPbJAAA0,0.0,0,990.0,4606.0,1,0,0,0,0,1,0,0,0,0,1,0,0
54344,0033800002lPbsbAAC,0.0,0,9712.0,756.0,0,0,0,1,0,0,1,0,0,0,0,1,0
54346,0033800002lPcKJAA0,0.0,0,0.0,7349.0,1,0,0,0,0,0,1,0,0,0,0,1,1
54348,0033800002lPcqXAAS,0.0,0,17.0,1207.0,0,0,0,1,0,0,1,0,0,0,0,1,1
54362,0033800002lPexkAAC,0.0,0,0.0,2911.0,0,0,0,1,0,0,1,0,0,0,0,1,1
54365,0033800002lPf1eAAC,0.0,0,13.0,965.0,0,1,0,0,0,0,1,0,0,0,0,1,0
54367,0033800002lPf3xAAC,0.0,0,3293.0,1461.0,0,1,0,0,0,0,0,0,1,0,0,1,1
54371,0033800002lPf5jAAC,0.0,0,0.0,3750.0,1,0,0,0,0,0,1,0,0,0,0,1,0
54377,0033800002lPg1DAAS,0.0,70,190.0,1722.0,0,0,0,1,0,0,1,0,0,0,0,1,1
54380,0033800002lPgGDAA0,0.0,50,2322.0,4292.0,0,0,0,1,0,0,0,0,0,1,0,1,0
54381,0033800002lPgJlAAK,0.0,0,43.0,8145.0,0,0,0,0,1,0,1,0,0,0,1,0,1
54386,0033800002lPgwfAAC,0.0,0,6540.0,1461.0,1,0,0,0,0,0,0,0,1,0,0,1,1
54387,0033800002lPgwkAAC,0.0,0,1419.0,1829.0,0,1,0,0,0,0,0,0,0,1,1,0,1
54388,0033800002lPgxTAAS,0.0,0,24.0,3014.0,0,1,0,0,0,0,0,0,0,1,1,0,1
54392,0033800002lPhUMAA0,0.0,0,0.0,7379.0,0,1,0,0,0,1,0,0,0,0,0,1,1
54398,0033800002lPi7cAAC,0.0,50,443.0,8003.0,0,1,0,0,0,0,1,0,0,0,0,1,1
54401,0033800002lPifvAAC,0.0,60,2096.0,1462.0,0,0,0,1,0,0,0,0,1,0,1,0,0
54404,0033800002lPj31AAC,0.0,0,1316.0,2968.0,1,0,0,0,0,1,0,0,0,0,0,1,1
54405,0033800002lPj4JAAS,0.0,0,0.0,2433.0,0,0,0,1,0,0,1,0,0,0,0,1,0
54407,0033800002lPj7XAAS,0.0,0,0.0,10540.0,0,0,0,0,1,0,0,0,0,1,0,1,1
54408,0033800002lPj97AAC,0.0,0,0.0,2276.0,0,0,0,1,0,0,0,0,0,1,1,0,1
54413,0033800002lPjeQAAS,0.0,0,0.0,3430.0,0,0,0,1,0,0,0,0,0,1,0,1,1
54414,0033800002lPjsOAAS,0.0,80,3450.0,10403.0,0,0,0,0,1,0,0,0,0,1,0,1,1
54415,0033800002lPjvhAAC,0.0,0,0.0,1825.0,1,0,0,0,0,0,0,0,1,0,0,1,0
54419,0033800002lPjztAAC,0.0,0,0.0,2193.0,0,0,0,1,0,1,0,0,0,0,0,1,0
54420,0033800002lPm00AAC,0.0,0,0.0,1826.0,0,0,0,1,0,0,0,0,0,1,0,1,1
54421,0033800002lPmhiAAC,0.0,0,1695.0,1608.0,0,1,0,0,0,0,1,0,0,0,0,1,1
54422,0033800002lPmjyAAC,0.0,0,0.0,2590.0,0,0,0,1,0,0,1,0,0,0,0,1,0
54424,0033800002lPmm9AAC,0.0,50,349.0,2162.0,0,0,0,1,0,0,0,0,0,1,0,1,1
54430,0033800002lPntHAAS,0.0,0,0.0,7682.0,0,0,0,1,0,0,0,0,1,0,0,1,1
54434,0033800002lPoClAAK,0.0,0,378.0,2932.0,0,0,0,1,0,0,0,0,1,0,0,1,1
54435,0033800002lPoFVAA0,0.0,0,0.0,4209.0,0,1,0,0,0,0,1,0,0,0,0,1,0
54438,0033800002lPog2AAC,0.0,0,111.0,2661.0,0,0,0,1,0,1,0,0,0,0,1,0,0
54441,0033800002lPopxAAC,0.0,0,0.0,2191.0,0,0,0,1,0,1,0,0,0,0,0,1,1
54443,0033800002lPov2AAC,0.0,0,98.0,3200.0,0,1,0,0,0,0,1,0,0,0,0,1,0
54444,0033800002lPox3AAC,0.0,0,0.0,6309.0,0,1,0,0,0,0,1,0,0,0,0,1,1
54446,0033800002lPp1PAAS,0.0,0,2278.0,1461.0,1,0,0,0,0,0,0,0,1,0,0,1,0
54447,0033800002lPp1jAAC,0.0,0,7118.0,1460.0,0,0,0,1,0,0,0,0,1,0,0,1,0
54450,0033800002lPprGAAS,0.0,0,0.0,7311.0,0,1,0,0,0,1,0,0,0,0,0,1,1
54460,0033800002lPrUqAAK,0.0,0,0.0,7690.0,0,1,0,0,0,1,0,0,0,0,1,0,1
54462,0033800002lPrkeAAC,0.0,0,11175.0,1973.0,0,1,0,0,0,0,0,0,1,0,0,1,0
54466,0033800002lPsJ2AAK,0.0,80,0.0,2961.0,0,0,0,1,0,0,1,0,0,0,0,1,1
54467,0033800002lPsVXAA0,0.0,0,1929.0,1654.0,0,1,0,0,0,0,0,0,1,0,0,1,0
54468,0033800002lPsbgAAC,0.0,0,0.0,7323.0,1,0,0,0,0,1,0,0,0,0,1,0,1
54474,0033800002lPt0nAAC,0.0,0,3286.0,1461.0,0,0,0,0,1,0,0,0,1,0,0,1,1
54480,0033800002lPtZoAAK,0.0,0,0.0,1440.0,0,0,0,1,0,0,0,0,1,0,0,1,1
54481,0033800002lPtivAAC,0.0,0,97.0,421.0,0,1,0,0,0,0,1,0,0,0,1,0,1
54482,0033800002lPtmdAAC,0.0,0,0.0,1461.0,0,0,0,1,0,0,0,0,0,1,1,0,0
54483,0033800002lPtmxAAC,0.0,0,0.0,5470.0,0,0,0,1,0,0,1,0,0,0,0,1,0
54494,0033800002lPuLgAAK,0.0,0,0.0,2611.0,0,0,0,0,1,0,0,0,1,0,1,0,1
54495,0033800002lPuS3AAK,0.0,0,0.0,7490.0,1,0,0,0,0,1,0,0,0,0,1,0,1
54497,0033800002lPuaCAAS,0.0,0,0.0,9179.0,1,0,0,0,0,0,1,0,0,0,0,1,1
54500,0033800002lPuf7AAC,0.0,0,867.0,7304.0,0,0,0,0,1,0,0,0,1,0,0,1,1
54501,0033800002lPufRAAS,0.0,0,66.0,1950.0,0,0,0,1,0,0,0,0,1,0,0,1,1
54502,0033800002lPuspAAC,0.0,0,0.0,7307.0,0,0,0,1,0,0,0,0,1,0,0,1,1
54503,0033800002lPuvFAAS,0.0,0,0.0,3964.0,0,0,0,1,0,0,0,0,0,1,0,1,1
54505,0033800002lPvMfAAK,0.0,0,0.0,1826.0,0,0,0,1,0,1,0,0,0,0,1,0,1
54506,0033800002lPvPZAA0,0.0,0,0.0,7327.0,0,0,0,1,0,1,0,0,0,0,1,0,1
54508,0033800002lPvTlAAK,0.0,0,0.0,3312.0,1,0,0,0,0,0,0,0,1,0,0,1,1
54509,0033800002lPvU0AAK,0.0,0,4057.0,1424.0,0,0,0,1,0,0,0,0,1,0,0,1,0
54514,0033800002lPvjPAAS,0.0,0,0.0,1432.0,1,0,0,0,0,0,1,0,0,0,0,1,1
54516,0033800002lPvr9AAC,0.0,0,0.0,3057.0,0,1,0,0,0,0,1,0,0,0,0,1,1
54518,0033800002lPvz3AAC,0.0,40,1255.0,7379.0,1,0,0,0,0,0,1,0,0,0,0,1,1
54520,0033800002lPw7RAAS,0.0,0,52.0,2192.0,0,1,0,0,0,0,1,0,0,0,0,1,0
54522,0033800002lPwKpAAK,0.0,0,2284.0,2879.0,0,1,0,0,0,0,1,0,0,0,0,1,0
54526,0033800002lPxFsAAK,0.0,0,0.0,2334.0,0,1,0,0,0,0,1,0,0,0,0,1,1
54527,0033800002lPxLqAAK,0.0,0,115.0,1460.0,0,1,0,0,0,0,0,0,0,1,0,1,0
54529,0033800002lPxLsAAK,0.0,40,23.0,4740.0,0,1,0,0,0,0,0,0,1,0,0,1,0
54531,0033800002lPxPSAA0,0.0,0,0.0,3833.0,0,1,0,0,0,0,1,0,0,0,1,0,1
54532,0033800002lPxRTAA0,0.0,0,0.0,1460.0,0,0,0,1,0,0,1,0,0,0,0,1,1
54533,0033800002lPxT0AAK,0.0,0,0.0,7938.0,1,0,0,0,0,0,0,0,0,1,0,1,1
54536,0033800002lPxcMAAS,0.0,0,1818.0,7312.0,0,1,0,0,0,0,0,0,0,1,0,1,0
54540,0033800002lPxk6AAC,0.0,0,0.0,10253.0,0,1,0,0,0,0,1,0,0,0,0,1,1
54541,0033800002lPxp3AAC,0.0,0,2926.0,1611.0,0,0,0,1,0,0,0,0,1,0,0,1,1
54542,0033800002lPxp7AAC,0.0,0,79.0,3442.0,0,1,0,0,0,0,0,0,0,1,0,1,1
54544,0033800002lPxslAAC,0.0,0,0.0,7309.0,1,0,0,0,0,1,0,0,0,0,0,1,0
54546,0033800002lPxyLAAS,0.0,0,0.0,2191.0,0,0,0,1,0,0,1,0,0,0,0,1,0
54549,0033800002lPyJAAA0,0.0,0,0.0,8098.0,0,1,0,0,0,0,1,0,0,0,0,1,0
54550,0033800002lPyLkAAK,0.0,0,510.0,2978.0,0,1,0,0,0,0,1,0,0,0,0,1,1
54552,0033800002lPydlAAC,0.0,0,0.0,7453.0,0,0,0,0,1,0,1,0,0,0,1,0,0
54554,0033800002lPygGAAS,0.0,0,0.0,5236.0,0,0,0,1,0,0,1,0,0,0,0,1,1
54555,0033800002lPyj5AAC,0.0,0,6797.0,1440.0,0,1,0,0,0,0,1,0,0,0,0,1,0
54557,0033800002lPyn0AAC,0.0,0,1567.0,2255.0,0,1,0,0,0,0,1,0,0,0,0,1,0
54558,0033800002lPyoSAAS,0.0,0,0.0,243.0,0,1,0,0,0,1,0,0,0,0,0,1,0
54565,0033800002lPzZ0AAK,0.0,0,0.0,7883.0,0,1,0,0,0,0,0,0,0,1,0,1,1
54566,0033800002lPzaXAAS,0.0,0,0.0,4071.0,0,0,0,1,0,0,1,0,0,0,0,1,1
54567,0033800002lPze8AAC,0.0,0,3034.0,1335.0,1,0,0,0,0,0,0,0,0,1,1,0,0
54568,0033800002lPznpAAC,0.0,0,0.0,1826.0,0,0,0,1,0,0,0,0,0,1,0,1,1
54569,0033800002lPzqOAAS,0.0,0,0.0,4358.0,0,0,0,1,0,1,0,0,0,0,0,1,1
54572,0033800002lQ00dAAC,0.0,0,0.0,7276.0,0,1,0,0,0,0,1,0,0,0,0,1,0
54577,0033800002lQ0PzAAK,0.0,0,0.0,5875.0,1,0,0,0,0,0,1,0,0,0,0,1,1
54578,0033800002lQ0YMAA0,0.0,0,0.0,1498.0,0,0,0,1,0,0,1,0,0,0,1,0,1
54580,0033800002lQ0csAAC,0.0,0,0.0,7252.0,1,0,0,0,0,0,1,0,0,0,0,1,0
54583,0033800002lQ0jjAAC,0.0,0,0.0,2460.0,0,0,0,1,0,0,0,0,0,1,0,1,1
54584,0033800002lQ14BAAS,0.0,40,786.0,11394.0,0,0,0,1,0,1,0,0,0,0,0,1,0
54585,0033800002lQ1BvAAK,0.0,0,3042.0,4298.0,0,1,0,0,0,0,1,0,0,0,0,1,1
54586,0033800002lQ1DcAAK,0.0,0,0.0,8051.0,0,0,0,1,0,0,1,0,0,0,0,1,1
54591,0033800002lQ1o9AAC,0.0,0,0.0,4054.0,1,0,0,0,0,1,0,0,0,0,0,1,0
54593,0033800002lQ1zvAAC,0.0,0,0.0,1160.0,0,0,0,1,0,0,0,0,0,1,0,1,0
54597,0033800002lQ2PqAAK,0.0,0,1416.0,1593.0,0,1,0,0,0,0,1,0,0,0,0,1,1
54601,0033800002lQ32SAAS,0.0,100,1987.0,2525.0,0,0,0,1,0,0,1,0,0,0,0,1,0
54607,0033800002lQ4DDAA0,0.0,0,0.0,2539.0,0,1,0,0,0,0,0,0,1,0,0,1,0
54608,0033800002lQ4GQAA0,0.0,0,0.0,4071.0,0,0,0,1,0,0,0,1,0,0,0,1,0
54611,0033800002lQ4zkAAC,0.0,0,0.0,11041.0,0,0,0,0,1,0,0,0,1,0,0,1,0
54615,0033800002lQ5JxAAK,0.0,0,7880.0,1461.0,0,0,0,0,1,0,1,0,0,0,0,1,1
54616,0033800002lQ5boAAC,0.0,0,0.0,4528.0,0,0,0,1,0,1,0,0,0,0,0,1,1
54629,0033800002lQ6N9AAK,0.0,0,81.0,10371.0,1,0,0,0,0,0,0,0,0,1,0,1,1
54631,0033800002lQ6dvAAC,0.0,0,0.0,5117.0,1,0,0,0,0,1,0,0,0,0,0,1,0
54636,0033800002lQ6lVAAS,0.0,0,869.0,3402.0,0,0,0,0,1,0,0,1,0,0,0,1,1
54637,0033800002lQ748AAC,0.0,0,0.0,7833.0,0,0,0,1,0,0,1,0,0,0,0,1,1
54642,0033800002lQ7UQAA0,0.0,0,0.0,2191.0,0,1,0,0,0,1,0,0,0,0,1,0,0
54644,0033800002lQ7bXAAS,0.0,0,0.0,2921.0,0,0,0,1,0,1,0,0,0,0,1,0,0
54647,0033800002lQ7ygAAC,0.0,0,0.0,12769.0,0,0,0,1,0,0,1,0,0,0,0,1,1
54649,0033800002lQ8DNAA0,0.0,0,0.0,1492.0,0,0,0,1,0,0,1,0,0,0,0,1,0
54652,0033800002lQ92nAAC,0.0,0,4429.0,1461.0,0,1,0,0,0,0,0,0,1,0,0,1,1
54653,0033800002lQ93bAAC,0.0,0,629.0,3344.0,0,0,0,1,0,0,1,0,0,0,1,0,0
54655,0033800002lQ9JNAA0,0.0,10,8755.0,1612.0,0,0,0,1,0,0,0,0,0,1,1,0,0
54656,0033800002lQ9MMAA0,0.0,0,0.0,4291.0,0,1,0,0,0,0,1,0,0,0,0,1,0
54657,0033800002lQ9NZAA0,0.0,0,0.0,1461.0,0,0,0,0,1,0,1,0,0,0,1,0,1
54659,0033800002lQ9eFAAS,0.0,10,4668.0,1202.0,0,0,0,1,0,0,1,0,0,0,0,1,0
54662,0033800002lQ9ynAAC,0.0,100,0.0,201.0,0,0,0,1,0,0,1,0,0,0,1,0,1
54663,0033800002lQANxAAO,0.0,0,0.0,3190.0,0,0,0,0,1,0,1,0,0,0,0,1,1
54664,0033800002lQAXCAA4,0.0,0,0.0,2700.0,0,0,0,1,0,0,0,0,0,1,0,1,1
54669,0033800002lQBnCAAW,0.0,0,0.0,2132.0,1,0,0,0,0,1,0,0,0,0,1,0,1
54672,0033800002lQBsCAAW,0.0,0,0.0,2927.0,1,0,0,0,0,1,0,0,0,0,0,1,1
54676,0033800002lQC7gAAG,0.0,0,0.0,7329.0,0,1,0,0,0,1,0,0,0,0,1,0,1
54678,0033800002lQCAiAAO,0.0,0,11836.0,2160.0,1,0,0,0,0,1,0,0,0,0,0,1,1
54686,0033800002lQCdKAAW,0.0,0,0.0,7979.0,0,0,0,1,0,0,1,0,0,0,0,1,1
54693,0033800002lQCwZAAW,0.0,0,0.0,1642.0,0,0,0,0,1,1,0,0,0,0,1,0,0
54696,0033800002lQD6UAAW,0.0,0,1269.0,8842.0,0,1,0,0,0,0,1,0,0,0,1,0,0
54706,0033800002lQDVtAAO,0.0,0,0.0,7393.0,0,1,0,0,0,0,1,0,0,0,0,1,1
54711,0033800002lQDmuAAG,0.0,0,4294.0,465.0,0,0,0,1,0,0,0,0,0,1,0,1,1
54714,0033800002lQE5IAAW,0.0,0,13070.0,1461.0,0,1,0,0,0,0,1,0,0,0,0,1,1
54719,0033800002lQEgOAAW,0.0,0,543.0,9781.0,0,0,0,0,1,0,1,0,0,0,0,1,1
54725,0033800002lQF6RAAW,0.0,80,1542.0,8788.0,1,0,0,0,0,1,0,0,0,0,0,1,1
54727,0033800002lQFTGAA4,0.0,0,2195.0,1460.0,0,1,0,0,0,0,1,0,0,0,1,0,0
54730,0033800002lQFbUAAW,0.0,0,3589.0,2738.0,0,0,0,0,1,1,0,0,0,0,0,1,1
54733,0033800002lQFfMAAW,0.0,0,14.0,1590.0,0,0,0,1,0,0,0,0,0,1,0,1,1
54734,0033800002lQFjdAAG,0.0,100,2576.0,1807.0,1,0,0,0,0,0,1,0,0,0,0,1,0
54738,0033800002lQHK9AAO,0.0,10,2496.0,3139.0,1,0,0,0,0,0,1,0,0,0,0,1,0
54741,0033800002lQHQ8AAO,0.0,0,18.0,9283.0,0,0,0,1,0,0,1,0,0,0,0,1,1
54742,0033800002lQHS4AAO,0.0,30,931.0,5448.0,1,0,0,0,0,0,1,0,0,0,1,0,0
54748,0033800002lQHwuAAG,0.0,10,2010.0,1461.0,0,0,0,1,0,0,0,0,0,1,0,1,0
54751,0033800002lQIT9AAO,0.0,0,0.0,7328.0,1,0,0,0,0,0,0,0,0,1,0,1,0
54753,0033800002lQIxhAAG,0.0,100,130.0,9644.0,1,0,0,0,0,0,1,0,0,0,0,1,1
54755,0033800002lQJ6PAAW,0.0,0,0.0,7329.0,0,1,0,0,0,0,0,0,0,1,0,1,1
54761,0033800002lQJiPAAW,0.0,0,0.0,3653.0,1,0,0,0,0,0,1,0,0,0,0,1,1
54762,0033800002lQJl4AAG,0.0,0,0.0,3783.0,0,0,0,1,0,0,0,0,0,1,0,1,0
54764,0033800002lQJvnAAG,0.0,0,13445.0,836.0,0,0,0,1,0,0,1,0,0,0,0,1,0
54765,0033800002lQKB2AAO,0.0,0,5159.0,1265.0,0,0,0,0,1,0,1,0,0,0,1,0,0
54767,0033800002lQKPsAAO,0.0,0,0.0,1460.0,1,0,0,0,0,0,0,0,1,0,0,1,1
54772,0033800002lQL2KAAW,0.0,0,7674.0,1004.0,1,0,0,0,0,0,0,0,0,1,0,1,1
54775,0033800002lQL75AAG,0.0,100,0.0,6969.0,0,0,0,0,1,0,1,0,0,0,0,1,1
54777,0033800002lQLAEAA4,0.0,0,0.0,7332.0,0,0,0,1,0,0,0,0,0,1,0,1,1
54780,0033800002lQLC5AAO,0.0,0,2016.0,2918.0,0,0,0,1,0,0,0,1,0,0,0,1,0
54781,0033800002lQLTpAAO,0.0,0,0.0,1826.0,0,0,0,1,0,0,0,0,0,1,0,1,1
54782,0033800002lQLV0AAO,0.0,0,82.0,9587.0,0,0,0,1,0,0,0,0,0,1,0,1,1
54788,0033800002lQM0HAAW,0.0,0,3323.0,7952.0,0,0,0,0,1,0,1,0,0,0,0,1,0
54789,0033800002lQM0MAAW,0.0,0,5011.0,1772.0,0,0,0,1,0,0,0,0,0,1,0,1,1
54791,0033800002lQM2hAAG,0.0,20,1929.0,1096.0,0,1,0,0,0,0,1,0,0,0,1,0,1
54792,0033800002lQM36AAG,0.0,70,1671.0,1138.0,1,0,0,0,0,0,0,0,0,1,0,1,0
54795,0033800002lQM6UAAW,0.0,0,0.0,1236.0,1,0,0,0,0,0,1,0,0,0,0,1,1
54801,0033800002lQMcLAAW,0.0,0,619.0,4404.0,0,0,0,1,0,0,1,0,0,0,0,1,0
54802,0033800002lQMsiAAG,0.0,0,0.0,1852.0,0,0,0,0,1,1,0,0,0,0,1,0,1
54804,0033800002lQMyWAAW,0.0,0,4.0,737.0,0,0,0,1,0,0,1,0,0,0,0,1,0
54808,0033800002lQNArAAO,0.0,0,0.0,5901.0,0,0,0,1,0,1,0,0,0,0,0,1,1
54813,0033800002lQNEAAA4,0.0,40,5421.0,938.0,0,0,0,0,1,1,0,0,0,0,0,1,0
54814,0033800002lQNFcAAO,0.0,100,3755.0,4939.0,0,0,0,0,1,0,1,0,0,0,0,1,1
54815,0033800002lQNJtAAO,0.0,0,7118.0,5479.0,0,0,0,1,0,0,1,0,0,0,0,1,0
54819,0033800002lQNnGAAW,0.0,0,0.0,7326.0,0,1,0,0,0,1,0,0,0,0,0,1,0
54820,0033800002lQOGhAAO,0.0,0,0.0,3917.0,0,0,0,1,0,1,0,0,0,0,0,1,1
54821,0033800002lQOePAAW,0.0,0,0.0,1887.0,0,1,0,0,0,1,0,0,0,0,0,1,0
54822,0033800002lQOluAAG,0.0,0,0.0,6208.0,0,1,0,0,0,0,1,0,0,0,1,0,1
54823,0033800002lQOm9AAG,0.0,0,0.0,11834.0,0,1,0,0,0,0,1,0,0,0,0,1,1
54835,0033800002lQPALAA4,0.0,100,278.0,7892.0,0,1,0,0,0,0,1,0,0,0,1,0,0
54836,0033800002lQPCqAAO,0.0,0,0.0,7332.0,0,1,0,0,0,0,1,0,0,0,0,1,1
54838,0033800002lQPLYAA4,0.0,0,0.0,10564.0,0,0,0,1,0,0,1,0,0,0,0,1,0
54848,0033800002lQPihAAG,0.0,100,2552.0,7643.0,0,1,0,0,0,0,1,0,0,0,0,1,1
54852,0033800002lQPjVAAW,0.0,0,320.0,1261.0,0,0,0,1,0,0,0,0,1,0,0,1,0
54853,0033800002lQPjXAAW,0.0,0,6504.0,5876.0,0,0,0,1,0,0,1,0,0,0,0,1,1
54857,0033800002lQPlMAAW,0.0,100,1189.0,2773.0,0,1,0,0,0,0,1,0,0,0,1,0,1
54861,0033800002lQQC8AAO,0.0,0,0.0,8351.0,0,1,0,0,0,1,0,0,0,0,0,1,1
54874,0033800002lQR5xAAG,0.0,90,506.0,2471.0,0,1,0,0,0,0,1,0,0,0,0,1,0
54879,0033800002lQRISAA4,0.0,30,0.0,7331.0,0,0,0,0,1,0,0,0,0,1,0,1,1
54886,0033800002lQRUsAAO,0.0,0,568.0,1124.0,0,0,0,1,0,0,0,0,0,1,1,0,1
54889,0033800002lQRyGAAW,0.0,100,973.0,5538.0,0,1,0,0,0,0,1,0,0,0,0,1,1
54890,0033800002lQS07AAG,0.0,0,7263.0,1461.0,0,1,0,0,0,0,0,0,1,0,0,1,0
54904,0033800002lQSnmAAG,0.0,0,1431.0,1460.0,1,0,0,0,0,0,0,0,1,0,0,1,0
54905,0033800002lQSqgAAG,0.0,0,0.0,3380.0,0,1,0,0,0,0,1,0,0,0,1,0,0
54906,0033800002lQSqvAAG,0.0,0,1005.0,1516.0,0,0,0,1,0,0,0,0,1,0,0,1,1
54914,0033800002lQTFMAA4,0.0,0,60.0,4125.0,0,0,0,1,0,0,0,0,0,1,1,0,1
54916,0033800002lQTMRAA4,0.0,0,0.0,8766.0,0,0,0,0,1,1,0,0,0,0,0,1,1
54918,0033800002lQUCQAA4,0.0,0,0.0,2196.0,0,0,0,1,0,1,0,0,0,0,0,1,1
54919,0033800002lQUDsAAO,0.0,0,0.0,10978.0,0,1,0,0,0,0,0,0,0,1,0,1,1
54936,0033800002lQW60AAG,0.0,10,11492.0,521.0,0,0,0,1,0,0,1,0,0,0,0,1,1
54938,0033800002lQWPiAAO,0.0,0,0.0,7597.0,0,1,0,0,0,1,0,0,0,0,0,1,1
54940,0033800002lQWc3AAG,0.0,0,0.0,8287.0,1,0,0,0,0,1,0,0,0,0,0,1,1
54948,0033800002lQXNvAAO,0.0,0,0.0,8264.0,0,0,0,1,0,0,1,0,0,0,0,1,1
54949,0033800002lQXQGAA4,0.0,80,0.0,6099.0,0,1,0,0,0,1,0,0,0,0,1,0,1
54951,0033800002lQXSlAAO,0.0,0,0.0,7306.0,0,0,0,1,0,0,1,0,0,0,0,1,1
54953,0033800002lQXlxAAG,0.0,0,1895.0,3184.0,0,0,0,1,0,0,1,0,0,0,0,1,0
54956,0033800002lQYH5AAO,0.0,80,498.0,4284.0,0,0,0,0,1,1,0,0,0,0,1,0,1
54958,0033800002lQYLMAA4,0.0,0,1032.0,3938.0,0,1,0,0,0,0,0,0,1,0,0,1,0
54962,0033800002lQZy9AAG,0.0,0,6542.0,7305.0,0,0,0,1,0,0,0,0,1,0,0,1,0
54966,0033800002lQaSaAAK,0.0,0,1700.0,1259.0,0,1,0,0,0,0,1,0,0,0,1,0,1
54971,0033800002lQb3BAAS,0.0,0,0.0,6659.0,0,0,0,0,1,0,1,0,0,0,0,1,0
54990,0033800002lQcIhAAK,0.0,0,548.0,1649.0,1,0,0,0,0,1,0,0,0,0,0,1,0
55003,0033800002lQdRaAAK,0.0,0,0.0,10165.0,1,0,0,0,0,0,1,0,0,0,1,0,1
55004,0033800002lQdTMAA0,0.0,20,2708.0,902.0,0,1,0,0,0,0,1,0,0,0,0,1,1
55007,0033800002lQdh9AAC,0.0,0,8181.0,1124.0,0,0,0,0,1,0,0,0,0,1,0,1,0
55017,0033800002lQeD4AAK,0.0,0,0.0,7474.0,0,1,0,0,0,0,0,0,0,1,0,1,1
55028,0033800002lQf1sAAC,0.0,0,5849.0,738.0,0,0,1,0,0,0,0,0,1,0,0,1,1
55030,0033800002lQf3jAAC,0.0,0,7957.0,8226.0,0,1,0,0,0,0,1,0,0,0,0,1,0
55031,0033800002lQf5GAAS,0.0,0,3.0,3287.0,0,1,0,0,0,0,0,0,1,0,0,1,1
55034,0033800002lQfYNAA0,0.0,70,361.0,2821.0,0,0,0,1,0,0,0,0,0,1,0,1,1
55040,0033800002lQfs3AAC,0.0,10,1438.0,2393.0,0,0,0,1,0,0,0,0,1,0,0,1,0
55041,0033800002lQfvHAAS,0.0,0,529.0,5303.0,1,0,0,0,0,0,1,0,0,0,0,1,1
55055,0033800002lQgpHAAS,0.0,60,2781.0,1460.0,0,1,0,0,0,1,0,0,0,0,1,0,1
55067,0033800002lQigUAAS,0.0,80,0.0,1452.0,0,1,0,0,0,0,1,0,0,0,0,1,1
55071,0033800002lQigZAAS,0.0,70,3798.0,1570.0,0,0,0,0,1,1,0,0,0,0,1,0,1
55072,0033800002lQigaAAC,0.0,0,5085.0,1825.0,0,1,0,0,0,0,0,0,1,0,0,1,1
55073,0033800002lQigbAAC,0.0,0,195.0,2556.0,0,0,0,1,0,0,0,0,0,1,0,1,0
55076,0033800002lQiz5AAC,0.0,100,275.0,5208.0,0,1,0,0,0,0,1,0,0,0,0,1,0
55084,0033800002lQjM7AAK,0.0,0,0.0,10330.0,0,0,0,1,0,0,1,0,0,0,0,1,1
55085,0033800002lQjV0AAK,0.0,0,0.0,4125.0,1,0,0,0,0,0,1,0,0,0,0,1,1
55086,0033800002lQjVUAA0,0.0,80,361.0,8481.0,0,0,0,1,0,0,1,0,0,0,0,1,1
55089,0033800002lQk1aAAC,0.0,0,0.0,7310.0,0,1,0,0,0,1,0,0,0,0,1,0,1
55090,0033800002lQk45AAC,0.0,0,0.0,2088.0,0,1,0,0,0,0,1,0,0,0,1,0,0
55094,0033800002lQkcNAAS,0.0,0,118.0,7818.0,0,0,0,0,1,0,1,0,0,0,1,0,1
55095,0033800002lQkiGAAS,0.0,0,0.0,5524.0,0,0,0,1,0,1,0,0,0,0,0,1,1
55101,0033800002lQl6QAAS,0.0,0,0.0,1460.0,0,0,0,1,0,0,0,0,0,1,0,1,1
55104,0033800002lQlC9AAK,0.0,0,0.0,5974.0,0,0,0,1,0,0,0,0,0,1,0,1,0
55106,0033800002lQlL1AAK,0.0,0,0.0,8790.0,1,0,0,0,0,1,0,0,0,0,0,1,1
55114,0033800002lQm4BAAS,0.0,0,713.0,2535.0,0,1,0,0,0,0,0,0,0,1,1,0,1
55126,0033800002lQn8tAAC,0.0,0,10750.0,4877.0,1,0,0,0,0,0,1,0,0,0,0,1,1
55131,0033800002lQnsMAAS,0.0,0,567.0,1460.0,1,0,0,0,0,0,0,0,0,1,0,1,1
55142,0033800002lQpL3AAK,0.0,0,0.0,8418.0,0,0,0,1,0,0,0,0,0,1,0,1,0
55145,0033800002lQpfVAAS,0.0,0,0.0,7328.0,0,1,0,0,0,1,0,0,0,0,0,1,1
55148,0033800002lQq1vAAC,0.0,0,0.0,1274.0,0,0,0,0,1,0,1,0,0,0,0,1,1
55160,0033800002lQrEuAAK,0.0,0,2364.0,2115.0,0,1,0,0,0,0,1,0,0,0,0,1,0
55168,0033800002lQsDVAA0,0.0,0,0.0,396.0,0,0,0,1,0,0,1,0,0,0,0,1,0
55177,0033800002lQt84AAC,0.0,0,0.0,2191.0,0,1,0,0,0,0,0,0,0,1,0,1,1
55184,0033800002lQuJlAAK,0.0,0,0.0,9905.0,0,1,0,0,0,0,1,0,0,0,0,1,1
55222,0033800002lQvoTAAS,0.0,0,0.0,10539.0,1,0,0,0,0,0,1,0,0,0,0,1,1
55229,0033800002lQxL4AAK,0.0,100,582.0,7629.0,0,1,0,0,0,1,0,0,0,0,1,0,0
55232,0033800002lQxW4AAK,0.0,0,0.0,8784.0,0,1,0,0,0,0,1,0,0,0,0,1,1
55234,0033800002lQxcfAAC,0.0,0,924.0,3099.0,0,0,0,1,0,0,1,0,0,0,1,0,1
55236,0033800002lQxhpAAC,0.0,0,8040.0,6945.0,0,0,0,0,1,1,0,0,0,0,0,1,1
55244,0033800002lQybkAAC,0.0,0,5998.0,1858.0,0,1,0,0,0,0,1,0,0,0,0,1,0
55253,0033800002lQz5rAAC,0.0,60,3784.0,1462.0,0,1,0,0,0,0,0,0,1,0,0,1,0
55256,0033800002lQzD2AAK,0.0,0,369.0,8066.0,0,0,0,1,0,0,1,0,0,0,0,1,1
55257,0033800002lQzKQAA0,0.0,70,10973.0,2830.0,0,0,0,1,0,1,0,0,0,0,1,0,1
55260,0033800002lQzKTAA0,0.0,100,2369.0,8035.0,0,0,0,1,0,0,1,0,0,0,1,0,1
55261,0033800002lQzLTAA0,0.0,0,0.0,6781.0,0,1,0,0,0,0,1,0,0,0,1,0,0
55265,0033800002lQzVDAA0,0.0,0,4003.0,2374.0,0,0,0,1,0,1,0,0,0,0,0,1,0
55268,0033800002lQzkhAAC,0.0,0,0.0,7672.0,0,0,0,0,1,1,0,0,0,0,0,1,1
55270,0033800002lQzlxAAC,0.0,0,731.0,3157.0,0,0,0,1,0,0,0,0,1,0,0,1,0
55271,0033800002lQzlyAAC,0.0,10,1261.0,1460.0,0,0,0,1,0,0,0,0,0,1,1,0,0
55274,0033800002lQzm1AAC,0.0,0,959.0,2285.0,0,0,0,1,0,0,1,0,0,0,0,1,1
55275,0033800002lQzm2AAC,0.0,0,466.0,2352.0,0,0,0,1,0,0,0,0,0,1,0,1,0
55276,0033800002lQzm3AAC,0.0,0,36.0,2191.0,0,1,0,0,0,1,0,0,0,0,0,1,0
55277,0033800002lQzm4AAC,0.0,70,1184.0,3942.0,0,0,0,1,0,1,0,0,0,0,0,1,0
55278,0033800002lQzm5AAC,0.0,0,1121.0,10970.0,0,0,0,0,1,0,1,0,0,0,0,1,1
55279,0033800002lQzm6AAC,0.0,80,4778.0,7624.0,0,0,0,0,1,0,1,0,0,0,0,1,0
55280,0033800002lQzm7AAC,0.0,0,3618.0,7846.0,0,1,0,0,0,1,0,0,0,0,0,1,0
55281,0033800002lQzm8AAC,0.0,80,1637.0,6667.0,0,1,0,0,0,0,0,0,1,0,0,1,1
55282,0033800002lQzmAAAS,0.0,70,546.0,693.0,0,0,0,1,0,1,0,0,0,0,0,1,1
55284,0033800002lQzmCAAS,0.0,20,1957.0,1241.0,1,0,0,0,0,0,1,0,0,0,1,0,1
55285,0033800002lQzmDAAS,0.0,80,120.0,14331.0,0,1,0,0,0,0,1,0,0,0,0,1,0
55286,0033800002lQznIAAS,0.0,30,2416.0,3081.0,0,0,0,1,0,1,0,0,0,0,1,0,1
55292,0033800002lR091AAC,0.0,90,128.0,3196.0,1,0,0,0,0,0,1,0,0,0,0,1,1
55293,0033800002lR0EVAA0,0.0,100,0.0,7459.0,0,0,0,1,0,0,1,0,0,0,0,1,0
55295,0033800002lR0I7AAK,0.0,70,752.0,1825.0,0,0,0,1,0,0,0,0,1,0,1,0,1
55296,0033800002lR0OPAA0,0.0,0,0.0,7413.0,0,0,0,0,1,0,0,1,0,0,0,1,0
55297,0033800002lR0e8AAC,0.0,40,2563.0,1462.0,0,0,0,0,1,0,1,0,0,0,1,0,0
55298,0033800002lR0lZAAS,0.0,0,0.0,9006.0,0,1,0,0,0,0,1,0,0,0,0,1,1
55304,0033800002lR1ApAAK,0.0,0,0.0,2561.0,0,1,0,0,0,0,1,0,0,0,0,1,1
55305,0033800002lR1GMAA0,0.0,90,442.0,1815.0,0,0,0,1,0,0,1,0,0,0,0,1,0
55307,0033800002lR1UsAAK,0.0,60,1058.0,4933.0,0,1,0,0,0,0,1,0,0,0,0,1,1
55313,0033800002lR1ieAAC,0.0,0,0.0,7160.0,1,0,0,0,0,0,1,0,0,0,0,1,0
55320,0033800002lR2rCAAS,0.0,0,6047.0,2626.0,0,0,0,1,0,0,1,0,0,0,0,1,0
55323,0033800002lR39vAAC,0.0,100,1488.0,4296.0,0,0,0,1,0,0,1,0,0,0,0,1,0
55325,0033800002lR3ClAAK,0.0,0,4071.0,8550.0,0,1,0,0,0,1,0,0,0,0,0,1,1
55326,0033800002lR3CmAAK,0.0,60,2308.0,1642.0,0,0,0,1,0,0,1,0,0,0,0,1,1
55329,0033800002lR3FeAAK,0.0,0,1763.0,4582.0,0,0,0,1,0,0,0,0,0,1,1,0,0
55330,0033800002lR3FfAAK,0.0,0,16372.0,882.0,0,0,0,0,1,1,0,0,0,0,0,1,1
55333,0033800002lR3FjAAK,0.0,10,5977.0,7077.0,0,0,0,1,0,0,1,0,0,0,0,1,0
55334,0033800002lR3FlAAK,0.0,0,5934.0,3560.0,0,0,1,0,0,0,0,0,0,1,0,1,0
55337,0033800002lR3FoAAK,0.0,0,0.0,4109.0,0,0,0,1,0,0,0,0,0,1,1,0,0
55338,0033800002lR3FpAAK,0.0,0,4988.0,7513.0,0,1,0,0,0,1,0,0,0,0,0,1,0
55352,0033800002lR3uqAAC,0.0,0,1384.0,1864.0,0,1,0,0,0,0,1,0,0,0,1,0,0
55358,0033800002lR4RdAAK,0.0,20,1849.0,1400.0,1,0,0,0,0,1,0,0,0,0,0,1,1
55362,0033800002lR4irAAC,0.0,0,0.0,7556.0,0,0,0,1,0,0,1,0,0,0,0,1,1
55363,0033800002lR4yBAAS,0.0,50,106.0,4559.0,0,0,0,1,0,0,1,0,0,0,0,1,0
55364,0033800002lR52SAAS,0.0,60,405.0,3929.0,0,0,0,1,0,0,1,0,0,0,0,1,0
55369,0033800002lR5c3AAC,0.0,0,0.0,7851.0,1,0,0,0,0,0,1,0,0,0,0,1,1
55370,0033800002lR5kRAAS,0.0,0,6869.0,2922.0,0,1,0,0,0,0,1,0,0,0,1,0,1
55372,0033800002lR5p2AAC,0.0,70,2702.0,1856.0,1,0,0,0,0,0,0,0,1,0,0,1,0
55374,0033800002lR5s1AAC,0.0,0,3064.0,2921.0,0,0,0,1,0,0,0,0,0,1,1,0,1
55375,0033800002lR5tsAAC,0.0,0,0.0,9192.0,0,0,0,1,0,0,1,0,0,0,0,1,1
55379,0033800002lR6EZAA0,0.0,0,45.0,1319.0,0,1,0,0,0,0,1,0,0,0,0,1,1
55382,0033800002lR79VAAS,0.0,0,0.0,9495.0,1,0,0,0,0,0,1,0,0,0,1,0,0
55383,0033800002lR79fAAC,0.0,0,1251.0,2009.0,0,0,0,1,0,1,0,0,0,0,0,1,1
55387,0033800002lR7NSAA0,0.0,0,0.0,9512.0,0,0,0,0,1,0,1,0,0,0,0,1,0
55388,0033800002lR7NmAAK,0.0,0,0.0,4942.0,0,1,0,0,0,0,1,0,0,0,1,0,1
55393,0033800002lR8BjAAK,0.0,80,1573.0,2992.0,0,0,0,1,0,0,1,0,0,0,0,1,0
55395,0033800002lR8JOAA0,0.0,0,0.0,9473.0,0,1,0,0,0,1,0,0,0,0,1,0,1
55396,0033800002lR8K7AAK,0.0,0,0.0,9247.0,0,1,0,0,0,0,1,0,0,0,0,1,1
55397,0033800002lR8M8AAK,0.0,0,0.0,2945.0,0,1,0,0,0,0,1,0,0,0,0,1,1
55401,0033800002lR8kXAAS,0.0,0,373.0,2360.0,0,0,0,1,0,0,0,0,0,1,0,1,0
55402,0033800002lR8qaAAC,0.0,90,278.0,7888.0,0,0,0,0,1,0,1,0,0,0,0,1,1
55404,0033800002lR8teAAC,0.0,90,0.0,1374.0,0,1,0,0,0,0,1,0,0,0,0,1,1
55406,0033800002lR8uSAAS,0.0,90,2835.0,7322.0,0,1,0,0,0,0,0,0,0,1,0,1,0
55410,0033800002lR9AxAAK,0.0,0,2349.0,1461.0,0,0,0,1,0,0,0,0,1,0,1,0,1
55413,0033800002lR9VAAA0,0.0,0,0.0,1826.0,0,0,0,1,0,0,1,0,0,0,0,1,1
55422,0033800002lRBHMAA4,0.0,0,0.0,2627.0,0,1,0,0,0,0,1,0,0,0,0,1,1
55424,0033800002lRBsBAAW,0.0,100,562.0,5997.0,0,0,0,0,1,0,1,0,0,0,0,1,0
55428,0033800002lRCAyAAO,0.0,0,0.0,7315.0,0,0,0,1,0,0,0,0,0,1,0,1,0
55433,0033800002lRDFzAAO,0.0,0,0.0,2120.0,0,1,0,0,0,1,0,0,0,0,0,1,0
55437,0033800002lRDcRAAW,0.0,0,1462.0,2369.0,0,0,0,1,0,0,1,0,0,0,0,1,1
55448,0033800002lREbQAAW,0.0,0,0.0,4210.0,1,0,0,0,0,0,1,0,0,0,0,1,0
55456,0033800002lRFInAAO,0.0,0,0.0,4155.0,0,1,0,0,0,0,1,0,0,0,0,1,0
55460,0033800002lRFoZAAW,0.0,0,265.0,2191.0,0,1,0,0,0,1,0,0,0,0,0,1,1
55465,0033800002lRFu1AAG,0.0,0,3155.0,2193.0,1,0,0,0,0,0,0,0,0,1,0,1,0
55466,0033800002lRFwHAAW,0.0,0,603.0,1461.0,0,0,0,1,0,0,0,0,1,0,0,1,1
55467,0033800002lRG7oAAG,0.0,0,1753.0,3888.0,1,0,0,0,0,1,0,0,0,0,1,0,0
55468,0033800002lRG88AAG,0.0,100,11322.0,4055.0,0,0,0,1,0,1,0,0,0,0,0,1,0
55471,0033800002lRHA2AAO,0.0,0,817.0,4292.0,0,1,0,0,0,1,0,0,0,0,1,0,1
55499,0033800002lRHNuAAO,0.0,0,229.0,3752.0,1,0,0,0,0,1,0,0,0,0,0,1,1
55504,0033800002lRHNzAAO,0.0,0,1080.0,8460.0,0,1,0,0,0,1,0,0,0,0,0,1,1
55505,0033800002lRHaPAAW,0.0,0,18134.0,1237.0,0,1,0,0,0,1,0,0,0,0,0,1,1
55511,0033800002lRINQAA4,0.0,0,0.0,2952.0,1,0,0,0,0,0,1,0,0,0,0,1,1
55514,0033800002lRIqvAAG,0.0,0,342.0,2768.0,0,0,0,0,1,1,0,0,0,0,0,1,1
55517,0033800002lRJ4YAAW,0.0,0,0.0,7328.0,0,0,0,1,0,1,0,0,0,0,0,1,0
55524,0033800002lRJbIAAW,0.0,0,0.0,2190.0,0,1,0,0,0,0,0,0,0,1,1,0,0
55531,0033800002lRKBLAA4,0.0,0,0.0,9644.0,0,0,0,1,0,0,0,0,0,1,0,1,1
55532,0033800002lRKVWAA4,0.0,0,0.0,10969.0,0,1,0,0,0,0,0,0,0,1,1,0,1
55537,0033800002lRLBcAAO,0.0,0,5209.0,1218.0,0,1,0,0,0,0,0,0,0,1,1,0,1
55541,0033800002lRM9fAAG,0.0,0,0.0,3075.0,0,1,0,0,0,0,1,0,0,0,0,1,0
55550,0033800002lRMTAAA4,0.0,80,1552.0,2191.0,0,0,0,1,0,0,1,0,0,0,0,1,0
55552,0033800002lRMlTAAW,0.0,0,0.0,10925.0,0,0,1,0,0,0,1,0,0,0,0,1,1
55554,0033800002lRO9JAAW,0.0,0,524.0,6315.0,0,0,0,1,0,1,0,0,0,0,0,1,0
55564,0033800002lROydAAG,0.0,70,0.0,4579.0,0,0,0,1,0,0,1,0,0,0,1,0,1
55570,0033800002lRPV2AAO,0.0,0,0.0,8127.0,0,0,0,1,0,0,1,0,0,0,0,1,1
55576,0033800002lRQ2FAAW,0.0,60,2564.0,3667.0,0,0,0,1,0,0,0,0,1,0,0,1,1
55584,0033800002lRR0wAAG,0.0,0,0.0,4598.0,0,1,0,0,0,0,0,0,0,1,0,1,1
55589,0033800002lRSUQAA4,0.0,0,159.0,7335.0,1,0,0,0,0,0,1,0,0,0,0,1,0
55591,0033800002lRSZdAAO,0.0,90,1504.0,1492.0,1,0,0,0,0,0,1,0,0,0,1,0,0
55594,0033800002lRSwcAAG,0.0,0,1058.0,2536.0,0,1,0,0,0,0,1,0,0,0,0,1,0
55595,0033800002lRTCEAA4,0.0,0,3539.0,2413.0,0,1,0,0,0,0,1,0,0,0,0,1,1
55600,0033800002lRTkRAAW,0.0,90,1761.0,2905.0,0,0,0,0,1,1,0,0,0,0,1,0,1
55602,0033800002lRTmMAAW,0.0,70,1652.0,7834.0,1,0,0,0,0,0,1,0,0,0,0,1,1
55606,0033800002lRUDrAAO,0.0,20,1100.0,698.0,0,0,0,1,0,0,1,0,0,0,0,1,1
55608,0033800002lRUGjAAO,0.0,0,0.0,1863.0,0,0,0,0,1,0,1,0,0,0,1,0,1
55609,0033800002lRULtAAO,0.0,0,0.0,4975.0,0,0,0,1,0,0,1,0,0,0,0,1,1
55612,0033800002lRUf9AAG,0.0,0,4394.0,3046.0,0,1,0,0,0,1,0,0,0,0,1,0,0
55619,0033800002lRjcFAAS,0.0,0,42.0,7310.0,0,0,0,0,1,0,0,0,1,0,0,1,1
55622,0033800002lRjkKAAS,0.0,0,0.0,10001.0,0,0,0,1,0,0,1,0,0,0,0,1,1
55623,0033800002lRjtqAAC,0.0,0,0.0,1221.0,0,0,0,1,0,0,1,0,0,0,0,1,0
55624,0033800002lRk1dAAC,0.0,0,1458.0,4646.0,0,1,0,0,0,0,0,0,0,1,0,1,1
55625,0033800002lRk2bAAC,0.0,0,631.0,1979.0,0,0,0,1,0,0,1,0,0,0,0,1,0
55627,0033800002lRkA3AAK,0.0,0,0.0,6256.0,0,0,0,1,0,0,1,0,0,0,0,1,0
55628,0033800002lRkD2AAK,0.0,0,0.0,9780.0,1,0,0,0,0,1,0,0,0,0,0,1,0
55629,0033800002lRkDbAAK,0.0,0,0.0,2317.0,0,0,0,1,0,0,1,0,0,0,0,1,0
55635,0033800002lRkuqAAC,0.0,0,1153.0,1667.0,0,0,0,1,0,0,1,0,0,0,0,1,0
55636,0033800002lRl8mAAC,0.0,0,0.0,3669.0,0,0,0,1,0,0,1,0,0,0,0,1,0
55639,0033800002lzLP4AAM,0.0,0,5244.0,4597.0,0,1,0,0,0,0,1,0,0,0,0,1,1
55644,0033800002lzMCYAA2,0.0,0,1004.0,1826.0,0,0,0,1,0,0,0,0,1,0,0,1,0
55650,0033800002lzMz4AAE,0.0,10,2045.0,3295.0,0,0,0,1,0,1,0,0,0,0,0,1,0
55655,0033800002lzOOKAA2,0.0,0,0.0,6349.0,1,0,0,0,0,0,1,0,0,0,0,1,1
55656,0033800002lzORiAAM,0.0,0,392.0,1253.0,0,0,0,1,0,0,1,0,0,0,0,1,1
55659,0033800002lzOkTAAU,0.0,0,6.0,3255.0,1,0,0,0,0,1,0,0,0,0,0,1,0
55662,0033800002lzOuRAAU,0.0,0,12.0,7822.0,0,1,0,0,0,0,0,0,0,1,0,1,1
55665,0033800002lzP93AAE,0.0,0,9096.0,5481.0,0,0,0,1,0,1,0,0,0,0,0,1,0
55667,0033800002lzPE9AAM,0.0,0,3084.0,11368.0,0,1,0,0,0,0,1,0,0,0,0,1,0
55669,0033800002lzPFgAAM,0.0,0,0.0,9502.0,0,0,0,0,1,0,1,0,0,0,0,1,1
55670,0033800002lzPTjAAM,0.0,0,983.0,8775.0,0,0,0,0,1,0,0,0,0,1,0,1,1
55671,0033800002lzPXfAAM,0.0,0,0.0,3439.0,0,0,0,1,0,0,0,0,0,1,0,1,0
55684,0033800002lzR2UAAU,0.0,100,0.0,4461.0,0,0,0,1,0,0,1,0,0,0,0,1,1
55701,0033800002lzRqdAAE,0.0,0,0.0,7807.0,0,0,0,1,0,0,0,0,0,1,0,1,1
55705,0033800002lzS7iAAE,0.0,0,0.0,512.0,0,1,0,0,0,0,1,0,0,0,0,1,1
55707,0033800002lzSBGAA2,0.0,0,619.0,8553.0,0,0,0,0,1,0,1,0,0,0,0,1,0
55710,0033800002lzSGuAAM,0.0,0,0.0,9525.0,1,0,0,0,0,0,0,0,1,0,0,1,1
55712,0033800002lzSK4AAM,0.0,0,0.0,5405.0,0,1,0,0,0,0,1,0,0,0,0,1,0
55713,0033800002lzSL7AAM,0.0,0,3491.0,5478.0,1,0,0,0,0,0,1,0,0,0,0,1,1
55714,0033800002lzSUJAA2,0.0,0,0.0,12164.0,0,0,0,0,1,0,1,0,0,0,0,1,0
55715,0033800002lzSV2AAM,0.0,0,0.0,11150.0,0,1,0,0,0,0,1,0,0,0,0,1,0
55717,0033800002lzScCAAU,0.0,80,0.0,1245.0,0,0,0,1,0,0,1,0,0,0,0,1,1
55718,0033800002lzSeDAAU,0.0,0,392.0,1827.0,0,0,0,1,0,0,0,0,1,0,0,1,0
55719,0033800002lzSpMAAU,0.0,0,0.0,7543.0,0,0,0,1,0,1,0,0,0,0,0,1,1
55720,0033800002lzSrhAAE,0.0,0,985.0,8793.0,0,1,0,0,0,1,0,0,0,0,0,1,1
55722,0033800002lzTDeAAM,0.0,0,2179.0,1460.0,0,1,0,0,0,1,0,0,0,0,0,1,1
55725,0033800002lzTRPAA2,0.0,0,0.0,10555.0,0,0,0,0,1,0,1,0,0,0,0,1,1
55726,0033800002lzTRjAAM,0.0,0,537.0,7654.0,0,1,0,0,0,1,0,0,0,0,0,1,1
55729,0033800002lzTlPAAU,0.0,0,0.0,10958.0,0,0,0,1,0,0,0,0,0,1,0,1,1
55730,0033800002lzTuSAAU,0.0,0,0.0,7307.0,0,0,0,1,0,0,1,0,0,0,0,1,1
55731,0033800002lzTv1AAE,0.0,0,0.0,12235.0,0,0,0,0,1,0,1,0,0,0,0,1,1
55732,0033800002lzTzIAAU,0.0,0,0.0,8787.0,0,0,0,1,0,1,0,0,0,0,0,1,0
55733,0033800002lzU5LAAU,0.0,0,0.0,4008.0,0,0,0,1,0,0,1,0,0,0,0,1,0
55737,0033800002lzUdSAAU,0.0,0,0.0,10693.0,0,1,0,0,0,0,1,0,0,0,0,1,0
55738,0033800002lzUgYAAU,0.0,0,5032.0,343.0,0,0,0,0,1,0,1,0,0,0,1,0,1
55739,0033800002lzUnbAAE,0.0,0,2042.0,1825.0,0,1,0,0,0,0,0,0,0,1,0,1,1
55740,0033800002lzV2UAAU,0.0,100,44.0,8075.0,0,1,0,0,0,1,0,0,0,0,0,1,0
55745,0033800002lzVRtAAM,0.0,0,0.0,7223.0,0,0,0,0,1,0,0,0,0,1,0,1,1
55748,0033800002lzWNQAA2,0.0,60,0.0,1336.0,0,1,0,0,0,0,0,1,0,0,0,1,1
55749,0033800002lzWNRAA2,0.0,0,862.0,2981.0,0,1,0,0,0,0,1,0,0,0,0,1,1
55750,0033800002lzWNSAA2,0.0,0,10.0,8097.0,0,0,0,0,1,1,0,0,0,0,0,1,1
55757,0033800002lzWbjAAE,0.0,40,0.0,2105.0,0,0,0,1,0,0,1,0,0,0,0,1,0
55759,0033800002lzWpgAAE,0.0,0,0.0,3858.0,0,1,0,0,0,1,0,0,0,0,0,1,1
55760,0033800002lzWu2AAE,0.0,0,13327.0,693.0,0,0,0,1,0,0,0,0,0,1,0,1,0
55764,0033800002lzWu6AAE,0.0,0,2195.0,2192.0,0,1,0,0,0,0,1,0,0,0,0,1,1
55768,0033800002lzX2kAAE,0.0,0,15167.0,730.0,0,0,0,1,0,0,1,0,0,0,0,1,0
55777,0033800002lzXaBAAU,0.0,0,152.0,2192.0,0,0,0,1,0,0,1,0,0,0,1,0,1
55780,0033800002lzXerAAE,0.0,0,2292.0,9188.0,0,1,0,0,0,1,0,0,0,0,0,1,1
55782,0033800002lzXnAAAU,0.0,0,0.0,7262.0,0,1,0,0,0,1,0,0,0,0,1,0,0
55785,0033800002lzY1lAAE,0.0,0,0.0,4101.0,1,0,0,0,0,0,0,0,0,1,0,1,0
55786,0033800002lzY8uAAE,0.0,0,0.0,11699.0,0,1,0,0,0,0,1,0,0,0,0,1,1
55787,0033800002lzYA7AAM,0.0,0,2711.0,1825.0,1,0,0,0,0,0,0,0,0,1,1,0,1
55788,0033800002lzYTkAAM,0.0,0,0.0,11140.0,0,1,0,0,0,0,1,0,0,0,0,1,0
55789,0033800002lzYXnAAM,0.0,100,519.0,2100.0,0,0,0,0,1,0,0,0,0,1,0,1,1
55794,0033800002lzZRgAAM,0.0,0,0.0,10964.0,0,0,0,0,1,0,1,0,0,0,0,1,1
55800,0033800002lza3jAAA,0.0,0,0.0,7460.0,0,0,0,1,0,0,1,0,0,0,0,1,0
55801,0033800002lza4dAAA,0.0,0,0.0,2709.0,0,0,0,1,0,0,1,0,0,0,0,1,1
55803,0033800002lzaG3AAI,0.0,0,0.0,2451.0,0,1,0,0,0,0,1,0,0,0,0,1,1
55805,0033800002lzaovAAA,0.0,0,6479.0,3495.0,0,0,0,0,1,1,0,0,0,0,1,0,0
55809,0033800002lzbLQAAY,0.0,20,3557.0,1825.0,0,1,0,0,0,0,0,0,1,0,0,1,1
55812,0033800002lzbdXAAQ,0.0,0,0.0,3875.0,0,0,0,0,1,0,1,0,0,0,1,0,1
55814,0033800002lzc7mAAA,0.0,0,0.0,2922.0,0,0,0,1,0,0,0,0,0,1,0,1,1
55817,0033800002lzcLVAAY,0.0,0,0.0,9599.0,0,0,0,0,1,1,0,0,0,0,0,1,1
55819,0033800002lzcN7AAI,0.0,0,0.0,4466.0,0,1,0,0,0,0,1,0,0,0,0,1,1
55822,0033800002lzcewAAA,0.0,0,0.0,3531.0,0,1,0,0,0,0,0,0,0,1,1,0,0
55825,0033800002lzeKhAAI,0.0,0,9.0,5114.0,0,0,0,1,0,0,0,0,0,1,0,1,1
55830,0033800002lzebiAAA,0.0,0,1228.0,7327.0,0,0,0,1,0,0,0,0,0,1,0,1,0
55836,0033800002lzfHVAAY,0.0,0,0.0,3890.0,1,0,0,0,0,1,0,0,0,0,0,1,0
55841,0033800002lzfsNAAQ,0.0,0,0.0,3234.0,0,0,0,1,0,0,0,0,0,1,0,1,1
55842,0033800002lzfyfAAA,0.0,0,4376.0,1460.0,0,0,0,1,0,0,0,0,1,0,0,1,1
55846,0033800002lzgQvAAI,0.0,0,0.0,8785.0,1,0,0,0,0,1,0,0,0,0,0,1,0
55848,0033800002lzhYLAAY,0.0,50,0.0,2190.0,1,0,0,0,0,1,0,0,0,0,0,1,0
55850,0033800002lzhhrAAA,0.0,0,7524.0,3136.0,0,0,0,1,0,1,0,0,0,0,0,1,0
55858,0033800002lzjOgAAI,0.0,0,47.0,7314.0,1,0,0,0,0,0,1,0,0,0,0,1,1
55859,0033800002lzjP5AAI,0.0,0,772.0,2578.0,0,0,0,0,1,0,0,0,1,0,1,0,1
55864,0033800002lzjwEAAQ,0.0,0,0.0,8514.0,0,0,0,1,0,0,0,0,0,1,0,1,1
55869,0033800002lzkEpAAI,0.0,10,3260.0,2737.0,0,1,0,0,0,1,0,0,0,0,1,0,1
55870,0033800002lzkKYAAY,0.0,0,0.0,1298.0,0,1,0,0,0,0,1,0,0,0,0,1,1
55873,0033800002lzkMeAAI,0.0,0,0.0,2259.0,0,0,0,1,0,0,1,0,0,0,0,1,0
55879,0033800002lzkU9AAI,0.0,0,0.0,8791.0,1,0,0,0,0,1,0,0,0,0,0,1,1
55883,0033800002lzl0CAAQ,0.0,0,405.0,2907.0,0,0,0,1,0,0,0,0,1,0,0,1,1
55884,0033800002lzl1UAAQ,0.0,0,0.0,7312.0,0,1,0,0,0,0,0,0,1,0,0,1,1
55890,0033800002lzlXaAAI,0.0,0,8146.0,4039.0,1,0,0,0,0,0,1,0,0,0,1,0,1
55891,0033800002lzlXuAAI,0.0,0,0.0,9861.0,1,0,0,0,0,0,1,0,0,0,0,1,1
55892,0033800002lzlXzAAI,0.0,40,2431.0,2922.0,0,0,0,0,1,0,1,0,0,0,0,1,1
55893,0033800002lzlYJAAY,0.0,30,0.0,302.0,0,0,0,1,0,0,1,0,0,0,0,1,1
55894,0033800002lzlYOAAY,0.0,0,0.0,2647.0,0,1,0,0,0,0,0,0,1,0,0,1,0
55897,0033800002lzlbhAAA,0.0,0,6877.0,1461.0,0,0,0,1,0,0,0,0,1,0,0,1,1
55898,0033800002lzljlAAA,0.0,0,0.0,2360.0,0,0,0,1,0,0,1,0,0,0,0,1,1
55900,0033800002lzlvYAAQ,0.0,0,0.0,2193.0,0,0,0,1,0,1,0,0,0,0,0,1,1
55908,0033800002lzn65AAA,0.0,80,2153.0,4783.0,0,0,0,1,0,1,0,0,0,0,1,0,1
55916,0033800002lznbrAAA,0.0,60,2640.0,7305.0,0,0,0,1,0,0,0,0,0,1,0,1,1
55917,0033800002lzneHAAQ,0.0,0,396.0,6410.0,0,0,1,0,0,0,0,0,0,1,0,1,1
55918,0033800002lznonAAA,0.0,0,712.0,4944.0,0,0,0,0,1,0,1,0,0,0,0,1,0
55919,0033800002lznugAAA,0.0,0,0.0,1827.0,0,0,0,1,0,0,1,0,0,0,0,1,1
55920,0033800002lzoIYAAY,0.0,60,1118.0,1462.0,0,0,0,1,0,0,1,0,0,0,1,0,1
55923,0033800002lzogaAAA,0.0,0,7529.0,1735.0,0,0,0,1,0,0,0,0,1,0,0,1,1
55924,0033800002lzohEAAQ,0.0,0,1682.0,1614.0,1,0,0,0,0,0,1,0,0,0,0,1,1
55925,0033800002lzohxAAA,0.0,20,86.0,7322.0,0,0,0,1,0,0,1,0,0,0,0,1,0
55926,0033800002lzotPAAQ,0.0,100,7550.0,2193.0,1,0,0,0,0,0,0,0,0,1,0,1,0
55928,0033800002lzp30AAA,0.0,50,0.0,2280.0,0,0,0,1,0,1,0,0,0,0,0,1,1
55929,0033800002lzpHCAAY,0.0,0,718.0,2921.0,0,0,0,1,0,0,1,0,0,0,0,1,0
55931,0033800002lzpUAAAY,0.0,0,0.0,4492.0,0,0,0,1,0,0,1,0,0,0,0,1,1
55932,0033800002lzpfxAAA,0.0,0,3935.0,7089.0,0,1,0,0,0,0,0,1,0,0,1,0,1
55934,0033800002lzqBUAAY,0.0,0,4154.0,1461.0,0,0,0,1,0,0,0,0,0,1,0,1,1
55935,0033800002lzqGUAAY,0.0,0,3512.0,1498.0,0,1,0,0,0,0,0,0,0,1,0,1,0
55936,0033800002lzqGjAAI,0.0,50,5853.0,1816.0,0,1,0,0,0,0,1,0,0,0,0,1,0
55937,0033800002lzqJJAAY,0.0,0,7396.0,1766.0,0,0,0,0,1,0,0,0,0,1,1,0,1
55939,0033800002lzqYYAAY,0.0,10,0.0,3657.0,0,1,0,0,0,0,0,0,1,0,0,1,1
55941,0033800002lzqkeAAA,0.0,100,46.0,1822.0,1,0,0,0,0,0,1,0,0,0,0,1,0
55943,0033800002lzqqrAAA,0.0,0,0.0,5610.0,1,0,0,0,0,0,1,0,0,0,0,1,0
55945,0033800002lzqu5AAA,0.0,0,188.0,1095.0,0,0,0,1,0,0,0,0,1,0,0,1,1
55946,0033800002lzquPAAQ,0.0,0,1056.0,1460.0,0,0,0,1,0,0,0,0,1,0,0,1,1
55948,0033800002lzr06AAA,0.0,100,769.0,1789.0,0,0,0,1,0,0,0,0,1,0,0,1,1
55949,0033800002lzr5aAAA,0.0,0,0.0,7516.0,0,1,0,0,0,0,1,0,0,0,0,1,1
55950,0033800002lzrFiAAI,0.0,0,1780.0,7332.0,0,0,0,1,0,0,1,0,0,0,0,1,0
55952,0033800002lzrOeAAI,0.0,30,7.0,1565.0,0,0,0,1,0,0,1,0,0,0,0,1,1
55955,0033800002lzrUvAAI,0.0,0,0.0,3602.0,0,0,0,1,0,1,0,0,0,0,0,1,0
55959,0033800002lzsmMAAQ,0.0,0,320.0,4536.0,0,1,0,0,0,0,0,0,1,0,1,0,1
55960,0033800002lzso3AAA,0.0,100,0.0,3586.0,0,0,1,0,0,0,0,0,0,1,0,1,1
55962,0033800002lzsoSAAQ,0.0,30,153.0,6147.0,0,1,0,0,0,0,0,0,1,0,0,1,1
55975,0033800002lzsuHAAQ,0.0,30,3405.0,9770.0,0,0,0,0,1,1,0,0,0,0,0,1,1
55976,0033800002lzsuQAAQ,0.0,0,114.0,3888.0,0,1,0,0,0,0,0,0,0,1,0,1,1
55981,0033800002lzswqAAA,0.0,0,0.0,2280.0,0,1,0,0,0,0,1,0,0,0,0,1,1
55982,0033800002lzswvAAA,0.0,0,0.0,11854.0,0,0,0,1,0,0,1,0,0,0,0,1,1
55991,0033800002lzt4aAAA,0.0,0,0.0,10970.0,0,1,0,0,0,0,0,0,0,1,0,1,1
55992,0033800002lzt6HAAQ,0.0,100,41.0,968.0,1,0,0,0,0,0,1,0,0,0,0,1,0
55994,0033800002lztJMAAY,0.0,90,1129.0,3299.0,0,1,0,0,0,0,0,0,1,0,0,1,1
55997,0033800002lztmuAAA,0.0,0,0.0,7868.0,1,0,0,0,0,0,1,0,0,0,1,0,1
56001,0033800002lzuFtAAI,0.0,0,0.0,9817.0,1,0,0,0,0,0,1,0,0,0,0,1,1
56002,0033800002lzuLNAAY,0.0,90,1084.0,9151.0,0,1,0,0,0,0,1,0,0,0,0,1,0
56003,0033800002lzuQ3AAI,0.0,0,0.0,7872.0,0,0,0,0,1,0,1,0,0,0,0,1,1
56004,0033800002lzuU0AAI,0.0,0,0.0,7375.0,1,0,0,0,0,0,1,0,0,0,0,1,1
56006,0033800002lzukSAAQ,0.0,0,0.0,8408.0,0,1,0,0,0,1,0,0,0,0,0,1,1
56007,0033800002lzuzXAAQ,0.0,0,0.0,8599.0,1,0,0,0,0,0,0,0,0,1,0,1,1
56016,0033800002lzw1QAAQ,0.0,0,0.0,2734.0,0,0,0,1,0,0,0,0,0,1,0,1,1
56018,0033800002lzw6BAAQ,0.0,0,0.0,7462.0,1,0,0,0,0,0,0,0,0,1,0,1,1
56019,0033800002lzw90AAA,0.0,0,0.0,7328.0,0,1,0,0,0,1,0,0,0,0,1,0,0
56020,0033800002lzwQ6AAI,0.0,0,3912.0,8308.0,0,0,0,0,1,1,0,0,0,0,0,1,0
56023,0033800002lzxU8AAI,0.0,0,2148.0,7590.0,0,0,0,0,1,0,1,0,0,0,1,0,1
56028,0033800002lzzWDAAY,0.0,0,535.0,5754.0,0,1,0,0,0,0,1,0,0,0,0,1,1
56031,0033800002lzzguAAA,0.0,40,864.0,3492.0,0,1,0,0,0,0,1,0,0,0,1,0,1
56032,0033800002lzzkXAAQ,0.0,80,5559.0,7392.0,0,1,0,0,0,0,1,0,0,0,0,1,0
56033,0033800002lzznEAAQ,0.0,0,0.0,5497.0,1,0,0,0,0,0,1,0,0,0,0,1,1
56037,0033800002lzzyfAAA,0.0,0,0.0,3345.0,0,0,0,1,0,0,1,0,0,0,0,1,1
56040,0033800002m005AAAQ,0.0,80,1022.0,9756.0,0,0,0,0,1,1,0,0,0,0,0,1,0
56043,0033800002m00UtAAI,0.0,0,18.0,1263.0,0,0,0,1,0,0,0,0,1,0,0,1,1
56044,0033800002m00tgAAA,0.0,0,0.0,7678.0,1,0,0,0,0,1,0,0,0,0,1,0,0
56046,0033800002m012JAAQ,0.0,0,1239.0,3437.0,0,0,0,0,1,0,0,0,0,1,0,1,1
56058,0033800002m01jJAAQ,0.0,0,1676.0,4370.0,0,0,0,1,0,0,1,0,0,0,0,1,0
56059,0033800002m01npAAA,0.0,0,0.0,12661.0,0,1,0,0,0,0,1,0,0,0,0,1,1
56060,0033800002m01wiAAA,0.0,0,1993.0,10368.0,1,0,0,0,0,0,1,0,0,0,0,1,0
56064,0033800002m0256AAA,0.0,0,0.0,7485.0,1,0,0,0,0,1,0,0,0,0,1,0,0
56066,0033800002m02JTAAY,0.0,20,1782.0,3999.0,0,1,0,0,0,1,0,0,0,0,1,0,0
56067,0033800002m02JnAAI,0.0,0,6461.0,1094.0,1,0,0,0,0,0,1,0,0,0,1,0,1
56070,0033800002m02JrAAI,0.0,0,170.0,4759.0,0,1,0,0,0,0,1,0,0,0,0,1,1
56071,0033800002m02JsAAI,0.0,0,1722.0,2191.0,0,0,0,1,0,0,1,0,0,0,0,1,0
56073,0033800002m02LfAAI,0.0,0,0.0,2951.0,0,0,0,1,0,0,0,0,0,1,0,1,1
56075,0033800002m02T0AAI,0.0,0,140.0,4351.0,0,1,0,0,0,0,1,0,0,0,0,1,1
56076,0033800002m02ZPAAY,0.0,0,0.0,3162.0,0,0,0,0,1,0,1,0,0,0,0,1,1
56078,0033800002m02o0AAA,0.0,0,513.0,1826.0,1,0,0,0,0,0,1,0,0,0,0,1,1
56079,0033800002m030QAAQ,0.0,0,0.0,1509.0,0,0,0,1,0,0,1,0,0,0,0,1,0
56081,0033800002m0330AAA,0.0,0,0.0,8052.0,0,0,0,1,0,0,1,0,0,0,0,1,0
56083,0033800002m035aAAA,0.0,0,0.0,2473.0,0,1,0,0,0,0,1,0,0,0,0,1,1
56091,0033800002m03eAAAQ,0.0,0,0.0,2852.0,0,0,0,1,0,0,0,0,1,0,0,1,0
56112,0033800002m03rdAAA,0.0,0,411.0,6361.0,0,1,0,0,0,0,0,0,0,1,0,1,1
56113,0033800002m03uJAAQ,0.0,0,118.0,3597.0,0,0,0,1,0,0,1,0,0,0,0,1,0
56114,0033800002m04KcAAI,0.0,0,0.0,8496.0,0,1,0,0,0,0,1,0,0,0,0,1,0
56118,0033800002m04trAAA,0.0,0,0.0,2191.0,0,1,0,0,0,1,0,0,0,0,0,1,1
56119,0033800002m05ADAAY,0.0,0,8693.0,860.0,1,0,0,0,0,1,0,0,0,0,1,0,1
56120,0033800002m05EZAAY,0.0,70,1346.0,486.0,1,0,0,0,0,0,0,0,0,1,0,1,1
56123,0033800002m05VfAAI,0.0,0,16.0,9678.0,0,0,0,1,0,0,0,0,0,1,0,1,1
56124,0033800002m05ijAAA,0.0,0,1817.0,1460.0,1,0,0,0,0,0,0,0,1,0,0,1,0
56125,0033800002m05jXAAQ,0.0,0,0.0,2070.0,0,0,0,1,0,0,0,0,0,1,0,1,0
56128,0033800002m05p2AAA,0.0,0,0.0,7876.0,0,0,0,0,1,0,1,0,0,0,1,0,0
56131,0033800002m05xrAAA,0.0,60,1782.0,4652.0,0,1,0,0,0,0,0,0,0,1,0,1,1
56133,0033800002m061cAAA,0.0,0,517.0,2191.0,0,0,0,1,0,1,0,0,0,0,0,1,1
56135,0033800002m064hAAA,0.0,80,40.0,1460.0,0,0,0,1,0,0,0,0,0,1,0,1,1
56137,0033800002m068IAAQ,0.0,0,0.0,8160.0,1,0,0,0,0,1,0,0,0,0,1,0,1
56138,0033800002m068hAAA,0.0,0,559.0,2028.0,0,0,0,0,1,0,1,0,0,0,1,0,0
56140,0033800002m06USAAY,0.0,10,72.0,1826.0,0,0,0,1,0,0,0,0,1,0,0,1,1
56141,0033800002m06hCAAQ,0.0,0,0.0,1620.0,0,1,0,0,0,0,1,0,0,0,1,0,1
56147,0033800002m08KeAAI,0.0,0,0.0,2379.0,1,0,0,0,0,0,0,0,0,1,1,0,0
56148,0033800002m08SOAAY,0.0,0,0.0,9864.0,0,0,0,1,0,0,1,0,0,0,0,1,1
56150,0033800002m08YRAAY,0.0,0,0.0,4359.0,0,0,0,1,0,0,0,0,0,1,0,1,1
56151,0033800002m08yfAAA,0.0,0,0.0,9476.0,0,0,0,1,0,0,0,0,0,1,0,1,0
56155,0033800002m09WmAAI,0.0,0,9755.0,1822.0,1,0,0,0,0,1,0,0,0,0,0,1,1
56157,0033800002m09vsAAA,0.0,10,0.0,4633.0,0,0,0,1,0,0,1,0,0,0,0,1,0
56159,0033800002m0A1UAAU,0.0,0,0.0,8038.0,1,0,0,0,0,0,0,0,0,1,0,1,1
56162,0033800002m0AHIAA2,0.0,0,0.0,1095.0,1,0,0,0,0,0,1,0,0,0,0,1,1
56165,0033800002m0AaBAAU,0.0,100,239.0,3135.0,0,0,0,1,0,0,1,0,0,0,0,1,1
56166,0033800002m0B5iAAE,0.0,0,17003.0,872.0,0,0,0,0,1,0,0,0,0,1,0,1,1
56169,0033800002m0BAEAA2,0.0,0,1625.0,2070.0,0,1,0,0,0,0,1,0,0,0,0,1,0
56170,0033800002m0BMuAAM,0.0,0,2692.0,4323.0,1,0,0,0,0,0,1,0,0,0,1,0,0
56173,0033800002m0BdgAAE,0.0,0,9281.0,1105.0,1,0,0,0,0,0,1,0,0,0,0,1,0
56174,0033800002m0BgpAAE,0.0,0,0.0,10981.0,0,0,0,1,0,0,0,0,0,1,0,1,0
56176,0033800002m0BnlAAE,0.0,0,6497.0,1460.0,0,0,0,0,1,1,0,0,0,0,0,1,1
56179,0033800002m0BwnAAE,0.0,0,19.0,1444.0,0,0,0,1,0,0,1,0,0,0,0,1,0
56181,0033800002m0CCgAAM,0.0,0,0.0,7938.0,0,0,0,1,0,0,0,0,1,0,0,1,1
56182,0033800002m0CDZAA2,0.0,0,0.0,9142.0,0,0,0,1,0,0,1,0,0,0,0,1,1
56184,0033800002m0CH6AAM,0.0,80,1090.0,2192.0,0,0,0,1,0,0,1,0,0,0,0,1,0
56185,0033800002m0CJWAA2,0.0,0,0.0,8220.0,0,0,0,0,1,0,0,0,0,1,0,1,1
56189,0033800002m0F5hAAE,0.0,0,0.0,7473.0,1,0,0,0,0,1,0,0,0,0,0,1,1
56193,0033800002m0FVOAA2,0.0,60,0.0,2770.0,0,0,0,1,0,0,1,0,0,0,1,0,1
56194,0033800002m0FWgAAM,0.0,50,0.0,2411.0,0,1,0,0,0,0,1,0,0,0,0,1,1
56195,0033800002m0FdBAAU,0.0,0,9132.0,730.0,0,0,1,0,0,0,0,1,0,0,1,0,0
56196,0033800002m0Ff7AAE,0.0,0,0.0,705.0,0,0,0,1,0,0,1,0,0,0,0,1,1
56197,0033800002m0FlKAAU,0.0,0,0.0,7570.0,0,1,0,0,0,0,0,0,0,1,0,1,1
56199,0033800002m0FrXAAU,0.0,0,0.0,9873.0,0,1,0,0,0,0,1,0,0,0,0,1,1
56201,0033800002m0G9WAAU,0.0,0,0.0,5372.0,0,0,0,0,1,0,1,0,0,0,1,0,0
56203,0033800002m0GGrAAM,0.0,50,417.0,779.0,1,0,0,0,0,0,0,0,0,1,1,0,1
56204,0033800002m0GIEAA2,0.0,0,0.0,9084.0,0,0,0,0,1,0,1,0,0,0,1,0,0
56205,0033800002m0GUyAAM,0.0,0,1203.0,979.0,0,0,0,1,0,0,0,0,0,1,0,1,0
56206,0033800002m0GZ0AAM,0.0,0,8837.0,1339.0,0,0,0,1,0,1,0,0,0,0,0,1,0
56207,0033800002m0GdcAAE,0.0,0,0.0,7484.0,0,1,0,0,0,1,0,0,0,0,0,1,0
56209,0033800002m0GkdAAE,0.0,0,0.0,5853.0,0,0,0,1,0,0,0,1,0,0,0,1,0
56210,0033800002m0GmjAAE,0.0,0,569.0,1737.0,0,1,0,0,0,0,0,0,0,1,0,1,1
56211,0033800002m0H8tAAE,0.0,0,0.0,7918.0,0,1,0,0,0,0,1,0,0,0,0,1,1
56212,0033800002m0HBxAAM,0.0,0,0.0,3408.0,0,1,0,0,0,0,1,0,0,0,1,0,0
56213,0033800002m0HIFAA2,0.0,0,0.0,7322.0,1,0,0,0,0,1,0,0,0,0,0,1,0
56214,0033800002m0HIZAA2,0.0,0,313.0,2191.0,0,0,0,1,0,0,0,0,0,1,0,1,1
56215,0033800002m0HIoAAM,0.0,0,0.0,7305.0,1,0,0,0,0,1,0,0,0,0,1,0,0
56217,0033800002m0HVzAAM,0.0,0,0.0,2191.0,0,1,0,0,0,0,0,0,0,1,0,1,0
56218,0033800002m0HZIAA2,0.0,0,7385.0,7455.0,0,0,0,1,0,1,0,0,0,0,0,1,1
56220,0033800002m0HmWAAU,0.0,0,1509.0,11924.0,0,1,0,0,0,1,0,0,0,0,0,1,1
56224,0033800002m0HyHAAU,0.0,0,2201.0,1460.0,0,0,0,0,1,0,0,0,1,0,0,1,0
56225,0033800002m0I0hAAE,0.0,100,3917.0,3313.0,0,0,0,1,0,0,1,0,0,0,0,1,1
56227,0033800002m0IEdAAM,0.0,0,90.0,2339.0,1,0,0,0,0,0,1,0,0,0,0,1,0
56228,0033800002m0ISFAA2,0.0,0,631.0,2191.0,0,0,0,1,0,0,0,0,0,1,0,1,0
56232,0033800002m0IfxAAE,0.0,60,109.0,2519.0,0,1,0,0,0,0,0,0,0,1,0,1,0
56236,0033800002m0IuTAAU,0.0,0,0.0,1495.0,0,0,0,1,0,0,1,0,0,0,1,0,0
56239,0033800002m0IyRAAU,0.0,0,4105.0,2670.0,1,0,0,0,0,0,1,0,0,0,0,1,1
56240,0033800002m0J02AAE,0.0,90,1046.0,2165.0,0,0,0,0,1,0,1,0,0,0,1,0,1
56241,0033800002m0JT3AAM,0.0,30,2547.0,2849.0,0,1,0,0,0,0,1,0,0,0,0,1,1
56243,0033800002m0JjtAAE,0.0,0,451.0,2921.0,0,1,0,0,0,0,1,0,0,0,0,1,0
56244,0033800002m0JjyAAE,0.0,0,2907.0,9077.0,1,0,0,0,0,1,0,0,0,0,1,0,0
56245,0033800002m0Jk3AAE,0.0,0,0.0,8790.0,0,0,0,1,0,0,0,0,0,1,0,1,1
56247,0033800002m0JoKAAU,0.0,0,0.0,3419.0,1,0,0,0,0,0,0,0,0,1,0,1,0
56249,0033800002m0JqgAAE,0.0,0,0.0,8340.0,1,0,0,0,0,0,1,0,0,0,1,0,1
56250,0033800002m0JsXAAU,0.0,90,265.0,2464.0,0,0,0,1,0,0,1,0,0,0,0,1,0
56253,0033800002m0K5vAAE,0.0,0,0.0,7401.0,1,0,0,0,0,0,1,0,0,0,1,0,0
56256,0033800002m0KY0AAM,0.0,70,401.0,3011.0,0,1,0,0,0,0,0,0,0,1,0,1,1
56259,0033800002m0KerAAE,0.0,30,6019.0,2559.0,0,1,0,0,0,0,0,0,0,1,1,0,1
56261,0033800002m0KffAAE,0.0,0,0.0,4840.0,0,0,0,0,1,0,0,0,0,1,0,1,1
56262,0033800002m0KgnAAE,0.0,0,14.0,3051.0,0,0,0,0,1,0,1,0,0,0,0,1,0
56263,0033800002m0KgxAAE,0.0,70,0.0,5064.0,0,1,0,0,0,0,1,0,0,0,0,1,1
56265,0033800002m0KioAAE,0.0,0,798.0,3435.0,0,0,0,0,1,0,0,0,0,1,0,1,1
56266,0033800002m0Kj8AAE,0.0,100,594.0,7634.0,0,0,0,1,0,0,1,0,0,0,0,1,1
56267,0033800002m0KmMAAU,0.0,0,0.0,3886.0,0,1,0,0,0,0,1,0,0,0,0,1,1
56270,0033800002m0KuGAAU,0.0,0,0.0,8413.0,1,0,0,0,0,1,0,0,0,0,0,1,0
56277,0033800002m0LbuAAE,0.0,0,0.0,8778.0,1,0,0,0,0,0,0,0,0,1,0,1,0
56278,0033800002m0LkrAAE,0.0,0,1773.0,9062.0,0,0,0,0,1,0,1,0,0,0,1,0,1
56281,0033800002m0LpcAAE,0.0,0,8784.0,1156.0,1,0,0,0,0,0,1,0,0,0,0,1,1
56282,0033800002m0LphAAE,0.0,0,550.0,2404.0,0,1,0,0,0,1,0,0,0,0,0,1,1
56286,0033800002m0N1GAAU,0.0,0,0.0,1460.0,0,0,0,1,0,1,0,0,0,0,0,1,0
56288,0033800002m0NCdAAM,0.0,0,2306.0,9121.0,0,1,0,0,0,1,0,0,0,0,0,1,1
56290,0033800002m0NFNAA2,0.0,0,3446.0,1564.0,0,1,0,0,0,0,1,0,0,0,1,0,1
56292,0033800002m0NdUAAU,0.0,0,0.0,8512.0,0,1,0,0,0,0,0,0,1,0,0,1,1
56294,0033800002m0NeIAAU,0.0,0,101.0,3117.0,1,0,0,0,0,1,0,0,0,0,0,1,1
56296,0033800002m0O3OAAU,0.0,100,2754.0,9477.0,0,1,0,0,0,0,1,0,0,0,0,1,0
56297,0033800002m0O3rAAE,0.0,0,0.0,9276.0,0,0,0,1,0,0,1,0,0,0,0,1,1
56298,0033800002m0O4aAAE,0.0,10,0.0,1080.0,0,0,0,1,0,0,0,0,1,0,0,1,0
56299,0033800002m0O6lAAE,0.0,0,0.0,3783.0,0,0,0,1,0,0,0,0,0,1,1,0,0
56300,0033800002m0ONwAAM,0.0,0,0.0,7949.0,0,1,0,0,0,1,0,0,0,0,0,1,0
56303,0033800002m0OkkAAE,0.0,0,0.0,2633.0,0,0,0,1,0,0,0,0,1,0,0,1,1
56304,0033800002m0P6lAAE,0.0,0,0.0,7668.0,0,0,0,1,0,0,1,0,0,0,0,1,0
56306,0033800002m0PHAAA2,0.0,0,0.0,6205.0,0,0,0,0,1,0,0,0,1,0,0,1,1
56311,0033800002m0PkbAAE,0.0,0,0.0,2345.0,0,0,0,1,0,0,1,0,0,0,0,1,1
56312,0033800002m0PklAAE,0.0,90,363.0,8917.0,0,1,0,0,0,1,0,0,0,0,0,1,1
56315,0033800002m0Pp2AAE,0.0,0,4672.0,1877.0,0,0,0,0,1,0,1,0,0,0,1,0,1
56316,0033800002m0Pr8AAE,0.0,0,0.0,7685.0,0,0,0,0,1,0,1,0,0,0,1,0,1
56317,0033800002m0PrwAAE,0.0,20,6154.0,1403.0,0,0,0,0,1,0,1,0,0,0,0,1,0
56318,0033800002m0PsQAAU,0.0,0,0.0,2776.0,0,0,0,1,0,0,1,0,0,0,0,1,0
56319,0033800002m0Q0UAAU,0.0,0,1360.0,2182.0,0,1,0,0,0,1,0,0,0,0,0,1,0
56322,0033800002m0QM1AAM,0.0,0,0.0,8491.0,0,1,0,0,0,0,1,0,0,0,1,0,1
56324,0033800002m0QOqAAM,0.0,20,7510.0,1420.0,1,0,0,0,0,0,1,0,0,0,0,1,0
56326,0033800002m0QPtAAM,0.0,0,87.0,9575.0,0,1,0,0,0,0,1,0,0,0,0,1,1
56327,0033800002m0QPyAAM,0.0,0,1507.0,2902.0,0,1,0,0,0,1,0,0,0,0,1,0,0
56329,0033800002m0QSTAA2,0.0,0,0.0,7401.0,1,0,0,0,0,0,0,0,0,1,0,1,1
56330,0033800002m0QZhAAM,0.0,60,4284.0,2625.0,0,0,0,0,1,0,1,0,0,0,0,1,1
56331,0033800002m0QZmAAM,0.0,50,1611.0,2517.0,0,1,0,0,0,0,1,0,0,0,0,1,1
56334,0033800002m0QgMAAU,0.0,0,10.0,9163.0,1,0,0,0,0,0,0,0,1,0,0,1,1
56335,0033800002m0QhUAAU,0.0,0,348.0,2953.0,0,0,0,1,0,0,0,0,0,1,0,1,1
56336,0033800002m0Ql7AAE,0.0,0,6847.0,1096.0,0,0,0,0,1,0,1,0,0,0,0,1,1
56337,0033800002m0QyuAAE,0.0,0,0.0,2495.0,0,0,0,1,0,1,0,0,0,0,0,1,1
56340,0033800002m0SLHAA2,0.0,0,2750.0,2016.0,0,0,0,1,0,0,0,0,1,0,0,1,1
56341,0033800002m0SOzAAM,0.0,0,0.0,3560.0,0,1,0,0,0,0,1,0,0,0,0,1,0
56343,0033800002m0So7AAE,0.0,0,0.0,2573.0,0,0,0,1,0,0,1,0,0,0,1,0,1
56346,0033800002m0SvaAAE,0.0,0,0.0,7328.0,0,0,0,1,0,0,1,0,0,0,0,1,1
56347,0033800002m0TFHAA2,0.0,0,0.0,7311.0,0,0,0,1,0,1,0,0,0,0,1,0,0
56348,0033800002m0TJiAAM,0.0,0,0.0,5847.0,0,0,0,0,1,1,0,0,0,0,0,1,1
56349,0033800002m0TSQAA2,0.0,0,0.0,7334.0,0,0,0,1,0,0,0,0,1,0,0,1,0
56353,0033800002m0TdOAAU,0.0,0,0.0,2931.0,1,0,0,0,0,1,0,0,0,0,0,1,0
56354,0033800002m0TssAAE,0.0,0,0.0,8626.0,0,1,0,0,0,0,1,0,0,0,0,1,0
56355,0033800002m0TtHAAU,0.0,0,0.0,4967.0,0,0,0,1,0,0,1,0,0,0,1,0,0
56357,0033800002m0TxxAAE,0.0,50,535.0,7928.0,0,0,0,0,1,0,0,0,0,1,0,1,0
56359,0033800002m0U6VAAU,0.0,0,0.0,8781.0,0,1,0,0,0,0,1,0,0,0,0,1,1
56360,0033800002m0UGLAA2,0.0,0,663.0,3136.0,0,1,0,0,0,0,0,0,1,0,0,1,1
56361,0033800002m0UZIAA2,0.0,0,0.0,7401.0,1,0,0,0,0,1,0,0,0,0,0,1,0
56362,0033800002m0UcMAAU,0.0,0,0.0,10524.0,0,1,0,0,0,0,1,0,0,0,0,1,1
56363,0033800002m0UitAAE,0.0,30,681.0,5478.0,1,0,0,0,0,1,0,0,0,0,1,0,1
56364,0033800002m0UsNAAU,0.0,0,235.0,6774.0,0,1,0,0,0,0,1,0,0,0,0,1,1
56366,0033800002m0V94AAE,0.0,0,0.0,7412.0,0,0,0,1,0,0,1,0,0,0,0,1,1
56367,0033800002m0VD6AAM,0.0,0,0.0,8340.0,0,1,0,0,0,0,1,0,0,0,0,1,1
56368,0033800002m0VDGAA2,0.0,80,269.0,1342.0,0,0,0,1,0,1,0,0,0,0,1,0,0
56369,0033800002m0VEEAA2,0.0,0,0.0,2727.0,0,0,0,1,0,0,1,0,0,0,0,1,0
56370,0033800002m0VFgAAM,0.0,90,358.0,7325.0,0,1,0,0,0,0,1,0,0,0,0,1,0
56371,0033800002m0VGjAAM,0.0,0,0.0,7308.0,1,0,0,0,0,0,1,0,0,0,0,1,1
56373,0033800002m0VLFAA2,0.0,0,3271.0,1357.0,0,1,0,0,0,0,1,0,0,0,0,1,1
56375,0033800002m0VYYAA2,0.0,0,0.0,1461.0,0,1,0,0,0,0,1,0,0,0,0,1,1
56376,0033800002m0VkFAAU,0.0,0,0.0,3652.0,1,0,0,0,0,1,0,0,0,0,0,1,0
56377,0033800002m0VxOAAU,0.0,0,0.0,10207.0,0,0,0,1,0,0,1,0,0,0,0,1,1
56378,0033800002m0VyMAAU,0.0,0,0.0,7324.0,0,0,0,1,0,0,1,0,0,0,0,1,1
56381,0033800002m0W5hAAE,0.0,0,82.0,6148.0,0,0,0,1,0,1,0,0,0,0,0,1,0
56382,0033800002m0WG4AAM,0.0,70,0.0,7884.0,0,0,0,0,1,0,0,0,1,0,0,1,0
56384,0033800002m0WS4AAM,0.0,0,0.0,7333.0,0,1,0,0,0,0,0,1,0,0,0,1,1
56390,0033800002m0WlVAAU,0.0,0,0.0,1305.0,1,0,0,0,0,0,1,0,0,0,0,1,0
56391,0033800002m0Wn7AAE,0.0,0,0.0,9614.0,0,1,0,0,0,0,1,0,0,0,0,1,1
56392,0033800002m0WuFAAU,0.0,0,0.0,2922.0,1,0,0,0,0,0,0,0,0,1,1,0,0
56394,0033800002m0WxOAAU,0.0,0,0.0,8775.0,1,0,0,0,0,1,0,0,0,0,0,1,1
56396,0033800002m0XJCAA2,0.0,0,0.0,7316.0,0,1,0,0,0,0,1,0,0,0,0,1,1
56402,0033800002m0YjzAAE,0.0,0,8334.0,3623.0,1,0,0,0,0,1,0,0,0,0,0,1,0
56406,0033800002m0ZOoAAM,0.0,80,0.0,1632.0,0,0,0,1,0,0,0,0,1,0,0,1,1
56407,0033800002m0ZXyAAM,0.0,0,0.0,10962.0,1,0,0,0,0,0,1,0,0,0,1,0,0
56408,0033800002m0Zi4AAE,0.0,0,0.0,2796.0,0,0,0,1,0,0,1,0,0,0,0,1,1
56411,0033800002m0a3XAAQ,0.0,0,0.0,2922.0,0,0,0,1,0,0,0,0,0,1,1,0,1
56415,0033800002m0aSCAAY,0.0,0,0.0,2917.0,0,0,0,1,0,0,1,0,0,0,0,1,1
56416,0033800002m0aSMAAY,0.0,0,0.0,7216.0,0,1,0,0,0,1,0,0,0,0,0,1,0
56417,0033800002m0aU3AAI,0.0,0,2361.0,1540.0,0,1,0,0,0,0,1,0,0,0,1,0,0
56422,0033800002m0aoIAAQ,0.0,0,2278.0,1391.0,0,1,0,0,0,0,0,0,1,0,0,1,1
56423,0033800002m0awgAAA,0.0,0,0.0,1460.0,0,0,0,1,0,0,0,0,1,0,0,1,1
56425,0033800002m0bJQAAY,0.0,0,0.0,2556.0,0,0,0,1,0,1,0,0,0,0,1,0,0
56426,0033800002m0bO6AAI,0.0,0,0.0,441.0,0,0,0,1,0,0,1,0,0,0,0,1,0
56427,0033800002m0bRyAAI,0.0,0,95.0,668.0,0,0,0,1,0,0,0,0,0,1,1,0,0
56428,0033800002m0bj4AAA,0.0,0,1082.0,2802.0,0,1,0,0,0,0,1,0,0,0,0,1,1
56430,0033800002m0c7mAAA,0.0,90,2119.0,1332.0,0,1,0,0,0,0,1,0,0,0,1,0,1
56433,0033800002m0clIAAQ,0.0,60,8322.0,2191.0,0,1,0,0,0,0,0,0,0,1,0,1,1
56434,0033800002m0cuUAAQ,0.0,0,9528.0,906.0,0,0,1,0,0,0,1,0,0,0,1,0,0
56436,0033800002m0d4eAAA,0.0,0,0.0,3210.0,0,0,0,1,0,0,1,0,0,0,0,1,0
56438,0033800002m0dMFAAY,0.0,30,1623.0,3225.0,0,0,0,1,0,0,1,0,0,0,0,1,1
56439,0033800002m0dMPAAY,0.0,0,0.0,1826.0,0,0,0,1,0,0,0,0,1,0,0,1,0
56442,0033800002m0dXcAAI,0.0,0,0.0,2980.0,0,0,0,1,0,0,1,0,0,0,0,1,1
56443,0033800002m0dodAAA,0.0,0,0.0,3421.0,0,0,0,0,1,0,0,1,0,0,0,1,1
56446,0033800002m0eNiAAI,0.0,0,0.0,8794.0,0,0,0,1,0,0,0,0,0,1,0,1,0
56448,0033800002m0efjAAA,0.0,0,0.0,10380.0,0,0,0,0,1,0,0,0,0,1,0,1,1
56449,0033800002m0erKAAQ,0.0,0,0.0,3624.0,1,0,0,0,0,1,0,0,0,0,0,1,1
56451,0033800002m0f5CAAQ,0.0,0,1857.0,2876.0,0,0,0,1,0,0,0,0,1,0,0,1,0
56456,0033800002m0fpGAAQ,0.0,0,0.0,2805.0,0,0,0,1,0,0,1,0,0,0,0,1,0
56459,0033800002m0g6OAAQ,0.0,100,358.0,9173.0,0,1,0,0,0,0,0,0,0,1,0,1,0
56462,0033800002m0gihAAA,0.0,0,0.0,8669.0,0,0,0,1,0,0,1,0,0,0,0,1,1
56463,0033800002m0gkTAAQ,0.0,70,1013.0,1807.0,0,0,0,1,0,0,1,0,0,0,0,1,0
56468,0033800002m0hiQAAQ,0.0,60,0.0,2987.0,0,0,0,1,0,0,1,0,0,0,0,1,0
56469,0033800002m0hlyAAA,0.0,0,24.0,9674.0,0,1,0,0,0,0,1,0,0,0,0,1,1
56471,0033800002m0i1wAAA,0.0,0,0.0,7314.0,0,0,0,1,0,0,0,0,0,1,0,1,1
56473,0033800002m0lSTAAY,0.0,0,0.0,7567.0,0,1,0,0,0,1,0,0,0,0,0,1,1
56474,0033800002m0lT7AAI,0.0,0,435.0,3648.0,1,0,0,0,0,1,0,0,0,0,0,1,0
56476,0033800002m0lWVAAY,0.0,0,1029.0,8778.0,0,1,0,0,0,0,0,0,0,1,0,1,0
56479,0033800002m0m1xAAA,0.0,0,0.0,8335.0,0,0,0,1,0,0,1,0,0,0,0,1,1
56480,0033800002m0m4wAAA,0.0,0,16794.0,23.0,0,0,0,1,0,0,0,0,0,1,1,0,1
56482,0033800002m0mDUAAY,0.0,0,0.0,7570.0,0,0,0,1,0,0,1,0,0,0,0,1,1
56487,0033800002m0mXiAAI,0.0,0,2124.0,1138.0,0,0,0,1,0,0,0,0,0,1,0,1,1
56488,0033800002m0mZZAAY,0.0,0,580.0,2555.0,0,0,0,0,1,0,1,0,0,0,0,1,0
56490,0033800002m0mgqAAA,0.0,90,2185.0,7313.0,0,1,0,0,0,0,1,0,0,0,0,1,1
56491,0033800002m0mi4AAA,0.0,0,4.0,7289.0,0,1,0,0,0,0,1,0,0,0,0,1,1
56492,0033800002m0mmzAAA,0.0,90,540.0,3954.0,0,0,0,1,0,0,1,0,0,0,1,0,0
56500,0033800002m0oTyAAI,0.0,0,0.0,4020.0,0,0,0,0,1,0,1,0,0,0,0,1,1
56501,0033800002m0ohbAAA,0.0,0,4757.0,1613.0,0,1,0,0,0,0,1,0,0,0,1,0,1
56504,0033800002m0ozVAAQ,0.0,0,2505.0,2011.0,0,0,0,0,1,0,0,0,1,0,0,1,1
56506,0033800002m0pCHAAY,0.0,0,0.0,1759.0,0,1,0,0,0,0,0,0,0,1,0,1,1
56508,0033800002m0pD0AAI,0.0,0,873.0,1849.0,0,1,0,0,0,0,1,0,0,0,0,1,1
56509,0033800002m0ppdAAA,0.0,0,1046.0,563.0,0,0,0,1,0,0,1,0,0,0,1,0,1
56510,0033800002m0q4OAAQ,0.0,0,0.0,6653.0,1,0,0,0,0,0,1,0,0,0,1,0,1
56511,0033800002m0qEYAAY,0.0,0,0.0,1668.0,0,0,0,0,1,1,0,0,0,0,0,1,1
56513,0033800002m0qI3AAI,0.0,0,0.0,1825.0,0,0,0,1,0,0,0,0,1,0,0,1,0
56526,0033800002m0qefAAA,0.0,0,0.0,11377.0,0,0,0,0,1,0,0,0,1,0,0,1,1
56529,0033800002m0qoHAAQ,0.0,0,53.0,7400.0,0,1,0,0,0,1,0,0,0,0,1,0,0
56531,0033800002m0rsvAAA,0.0,0,0.0,2937.0,0,0,0,0,1,0,0,0,0,1,0,1,1
56532,0033800002m0ruTAAQ,0.0,0,18.0,1782.0,0,0,0,1,0,0,0,0,1,0,0,1,0
56534,0033800002m0sZGAAY,0.0,0,0.0,7522.0,0,0,0,1,0,0,1,0,0,0,0,1,1
56536,0033800002m0sa4AAA,0.0,0,8505.0,1460.0,0,1,0,0,0,1,0,0,0,0,0,1,1
56537,0033800002m0sc0AAA,0.0,0,0.0,3989.0,0,1,0,0,0,0,1,0,0,0,0,1,1
56538,0033800002m0scjAAA,0.0,0,2125.0,2481.0,0,1,0,0,0,0,0,0,1,0,0,1,0
56541,0033800002m0sirAAA,0.0,0,0.0,2557.0,0,0,0,1,0,1,0,0,0,0,0,1,0
56542,0033800002m0sjaAAA,0.0,50,2850.0,2523.0,0,0,0,0,1,0,1,0,0,0,1,0,1
56545,0033800002m0t7PAAQ,0.0,0,0.0,7330.0,0,1,0,0,0,0,1,0,0,0,0,1,1
56546,0033800002m0tAsAAI,0.0,0,0.0,2618.0,0,0,0,1,0,1,0,0,0,0,0,1,0
56547,0033800002m0tKXAAY,0.0,0,0.0,3697.0,0,1,0,0,0,0,0,0,0,1,1,0,1
56554,0033800002m0tTAAAY,0.0,0,2224.0,1429.0,1,0,0,0,0,0,0,0,0,1,0,1,1
56555,0033800002m0tTyAAI,0.0,0,851.0,2189.0,0,0,0,1,0,0,0,0,0,1,0,1,0
56556,0033800002m0tXgAAI,0.0,80,966.0,9671.0,0,0,0,0,1,0,0,0,0,1,0,1,1
56557,0033800002m0tYjAAI,0.0,0,3638.0,3683.0,0,1,0,0,0,1,0,0,0,0,1,0,1
56558,0033800002m0tc7AAA,0.0,100,589.0,5941.0,0,1,0,0,0,0,1,0,0,0,0,1,0
56563,0033800002m0tstAAA,0.0,0,0.0,8192.0,1,0,0,0,0,0,1,0,0,0,0,1,0
56566,0033800002m0ttwAAA,0.0,0,0.0,1249.0,0,0,0,1,0,0,1,0,0,0,0,1,1
56567,0033800002m0tu1AAA,0.0,0,0.0,7626.0,0,0,0,1,0,0,1,0,0,0,0,1,0
56570,0033800002m0uy4AAA,0.0,0,0.0,8035.0,0,0,0,0,1,0,1,0,0,0,0,1,0
56573,0033800002m0v7kAAA,0.0,0,0.0,3775.0,0,0,0,0,1,1,0,0,0,0,0,1,1
56576,0033800002m0vTRAAY,0.0,0,1037.0,8553.0,0,1,0,0,0,0,1,0,0,0,0,1,1
56577,0033800002m0vTgAAI,0.0,0,0.0,5173.0,1,0,0,0,0,0,1,0,0,0,1,0,1
56578,0033800002m0vXBAAY,0.0,30,1979.0,7589.0,0,0,0,1,0,0,0,0,1,0,0,1,0
56579,0033800002m0vtzAAA,0.0,20,5241.0,1348.0,0,1,0,0,0,0,1,0,0,0,1,0,1
56583,0033800002m0w7KAAQ,0.0,0,9497.0,2618.0,0,1,0,0,0,1,0,0,0,0,0,1,1
56590,0033800002m0wOPAAY,0.0,100,3014.0,3653.0,0,1,0,0,0,0,1,0,0,0,0,1,1
56596,0033800002m0wOVAAY,0.0,0,77.0,1229.0,0,1,0,0,0,0,1,0,0,0,0,1,0
56599,0033800002m0wOYAAY,0.0,0,0.0,3968.0,0,0,0,1,0,0,1,0,0,0,0,1,0
56601,0033800002m0wOaAAI,0.0,0,5077.0,1460.0,0,1,0,0,0,0,0,0,1,0,0,1,1
56603,0033800002m0wOcAAI,0.0,0,333.0,2923.0,0,0,0,1,0,0,0,0,0,1,0,1,0
56609,0033800002m0wi2AAA,0.0,0,7639.0,7759.0,0,0,0,0,1,1,0,0,0,0,0,1,0
56619,0033800002m0wyFAAQ,0.0,80,6550.0,1826.0,0,0,0,1,0,0,0,0,0,1,0,1,0
56621,0033800002m0xbGAAQ,0.0,90,2085.0,3669.0,1,0,0,0,0,0,1,0,0,0,0,1,1
56622,0033800002m0xe5AAA,0.0,0,7453.0,1101.0,0,0,0,0,1,0,1,0,0,0,1,0,1
56623,0033800002m0xgGAAQ,0.0,0,0.0,9520.0,0,1,0,0,0,1,0,0,0,0,0,1,1
56624,0033800002m0xiMAAQ,0.0,0,1036.0,3240.0,0,0,0,0,1,1,0,0,0,0,0,1,1
56629,0033800002m0yQeAAI,0.0,0,0.0,1515.0,1,0,0,0,0,0,0,0,1,0,0,1,1
56632,0033800002m0ybRAAQ,0.0,0,1204.0,1449.0,0,0,1,0,0,0,0,0,0,1,1,0,0
56636,0033800002m0z7UAAQ,0.0,70,999.0,4744.0,0,1,0,0,0,0,0,0,1,0,0,1,1
56638,0033800002m0zBeAAI,0.0,0,0.0,10397.0,0,0,0,1,0,0,1,0,0,0,0,1,1
56640,0033800002m0zC8AAI,0.0,10,1524.0,1348.0,1,0,0,0,0,0,0,0,1,0,0,1,0
56644,0033800002m0zsoAAA,0.0,0,0.0,8782.0,0,1,0,0,0,1,0,0,0,0,0,1,1
56646,0033800002m10q5AAA,0.0,0,15147.0,1094.0,0,0,1,0,0,0,1,0,0,0,0,1,1
56651,0033800002m114RAAQ,0.0,0,0.0,7330.0,0,0,0,0,1,0,1,0,0,0,0,1,1
56657,0033800002m11qYAAQ,0.0,50,1024.0,2799.0,1,0,0,0,0,0,1,0,0,0,0,1,0
56658,0033800002m11v7AAA,0.0,0,0.0,9104.0,0,0,0,0,1,0,0,0,0,1,0,1,0
56661,0033800002m12MmAAI,0.0,0,0.0,3331.0,0,0,0,1,0,0,0,0,0,1,0,1,1
56667,0033800002m12qFAAQ,0.0,0,0.0,250.0,1,0,0,0,0,1,0,0,0,0,1,0,0
56669,0033800002m1342AAA,0.0,0,1410.0,3704.0,0,1,0,0,0,0,1,0,0,0,1,0,1
56670,0033800002m138EAAQ,0.0,40,5174.0,1982.0,1,0,0,0,0,0,0,0,1,0,0,1,0
56673,0033800002m13GmAAI,0.0,0,0.0,1242.0,0,0,0,1,0,0,1,0,0,0,0,1,0
56674,0033800002m13IYAAY,0.0,0,0.0,7631.0,0,0,0,0,1,0,1,0,0,0,0,1,1
56678,0033800002m13QDAAY,0.0,80,1613.0,3168.0,0,0,0,1,0,0,0,0,1,0,0,1,1
56680,0033800002m13aSAAQ,0.0,0,0.0,4310.0,0,0,0,1,0,0,0,0,0,1,0,1,0
56681,0033800002m13fAAAQ,0.0,0,0.0,8397.0,0,0,0,1,0,0,0,0,0,1,0,1,1
56684,0033800002m13swAAA,0.0,0,0.0,3648.0,0,1,0,0,0,0,1,0,0,0,0,1,1
56688,0033800002m14UAAAY,0.0,0,2270.0,5842.0,0,1,0,0,0,0,1,0,0,0,1,0,0
56689,0033800002m14W1AAI,0.0,0,0.0,7727.0,0,1,0,0,0,0,0,0,0,1,0,1,0
56692,0033800002m14cnAAA,0.0,70,991.0,1460.0,0,0,0,1,0,0,0,0,1,0,1,0,0
56696,0033800002m152FAAQ,0.0,0,0.0,3038.0,0,0,0,1,0,0,1,0,0,0,0,1,0
56697,0033800002m153SAAQ,0.0,0,0.0,7336.0,0,1,0,0,0,0,1,0,0,0,0,1,1
56698,0033800002m154fAAA,0.0,0,0.0,5530.0,1,0,0,0,0,0,1,0,0,0,0,1,0
56701,0033800002m159BAAQ,0.0,80,1220.0,6425.0,0,0,0,1,0,0,0,0,1,0,0,1,1
56703,0033800002m15EaAAI,0.0,0,0.0,2032.0,1,0,0,0,0,0,0,0,0,1,0,1,1
56706,0033800002m15PQAAY,0.0,0,0.0,7434.0,0,0,0,1,0,0,1,0,0,0,0,1,1
56710,0033800002m15weAAA,0.0,0,0.0,8785.0,0,1,0,0,0,0,1,0,0,0,1,0,0
56711,0033800002m16ChAAI,0.0,0,0.0,2005.0,1,0,0,0,0,0,1,0,0,0,0,1,1
56712,0033800002m16J4AAI,0.0,0,0.0,3793.0,0,1,0,0,0,1,0,0,0,0,0,1,0
56713,0033800002m16RkAAI,0.0,0,0.0,8649.0,1,0,0,0,0,1,0,0,0,0,0,1,1
56715,0033800002m16UWAAY,0.0,100,588.0,4939.0,0,1,0,0,0,0,1,0,0,0,1,0,1
56716,0033800002m16UXAAY,0.0,90,123.0,7321.0,0,0,0,1,0,0,0,0,0,1,0,1,0
56718,0033800002m16UZAAY,0.0,0,669.0,2040.0,0,0,0,0,1,0,0,1,0,0,0,1,1
56723,0033800002m16UfAAI,0.0,0,0.0,8776.0,0,1,0,0,0,0,0,0,0,1,1,0,0
56730,0033800002m16UnAAI,0.0,0,60.0,7975.0,1,0,0,0,0,1,0,0,0,0,0,1,1
56738,0033800002m16VNAAY,0.0,0,32.0,11544.0,0,0,0,0,1,0,1,0,0,0,0,1,1
56739,0033800002m16VOAAY,0.0,0,0.0,7305.0,0,1,0,0,0,0,0,0,0,1,0,1,0
56744,0033800002m16VTAAY,0.0,0,5144.0,4829.0,0,1,0,0,0,0,0,0,1,0,1,0,1
56745,0033800002m16VtAAI,0.0,50,30.0,5149.0,0,0,0,1,0,0,1,0,0,0,0,1,1
56747,0033800002m16XpAAI,0.0,0,153.0,5039.0,0,1,0,0,0,0,1,0,0,0,0,1,1
56748,0033800002m16ZgAAI,0.0,0,0.0,9194.0,0,1,0,0,0,0,1,0,0,0,0,1,1
56750,0033800002m16ZiAAI,0.0,0,121.0,4627.0,0,0,0,1,0,0,0,0,0,1,1,0,1
56755,0033800002m16ZnAAI,0.0,0,133.0,6498.0,0,1,0,0,0,0,1,0,0,0,0,1,1
56757,0033800002m16ZpAAI,0.0,0,0.0,1433.0,0,1,0,0,0,0,0,0,0,1,1,0,0
56760,0033800002m16ZtAAI,0.0,0,374.0,3334.0,1,0,0,0,0,0,1,0,0,0,0,1,1
56763,0033800002m16ZwAAI,0.0,0,4739.0,9524.0,0,1,0,0,0,1,0,0,0,0,1,0,0
56764,0033800002m16ZxAAI,0.0,0,66.0,1670.0,0,1,0,0,0,0,1,0,0,0,0,1,1
56767,0033800002m177fAAA,0.0,0,0.0,2947.0,0,0,0,1,0,0,0,0,1,0,0,1,0
56775,0033800002m17dgAAA,0.0,80,1161.0,1694.0,0,0,0,0,1,0,1,0,0,0,0,1,0
56781,0033800002m188KAAQ,0.0,0,0.0,3289.0,0,1,0,0,0,0,1,0,0,0,0,1,0
56783,0033800002m18GdAAI,0.0,0,0.0,4234.0,0,0,0,0,1,0,1,0,0,0,0,1,1
56785,0033800002m18XUAAY,0.0,0,0.0,3804.0,0,1,0,0,0,1,0,0,0,0,1,0,1
56787,0033800002m18dXAAQ,0.0,0,0.0,4994.0,0,1,0,0,0,0,1,0,0,0,1,0,1
56788,0033800002m18eLAAQ,0.0,0,0.0,945.0,0,0,0,1,0,0,1,0,0,0,1,0,1
56791,0033800002m18uGAAQ,0.0,0,0.0,10551.0,0,0,0,1,0,0,0,0,0,1,0,1,1
56793,0033800002m195YAAQ,0.0,60,2100.0,8258.0,0,0,0,0,1,1,0,0,0,0,0,1,1
56794,0033800002m19FAAAY,0.0,0,0.0,8147.0,1,0,0,0,0,0,1,0,0,0,1,0,1
56795,0033800002m19FtAAI,0.0,0,0.0,10007.0,0,0,0,0,1,0,1,0,0,0,0,1,0
56798,0033800002m19QdAAI,0.0,0,0.0,12450.0,0,0,0,1,0,0,1,0,0,0,0,1,0
56802,0033800002m19maAAA,0.0,0,0.0,3377.0,1,0,0,0,0,0,1,0,0,0,0,1,1
56804,0033800002m19rMAAQ,0.0,10,2099.0,1156.0,0,0,0,0,1,0,1,0,0,0,0,1,1
56809,0033800002m19rTAAQ,0.0,30,1712.0,10039.0,0,1,0,0,0,1,0,0,0,0,0,1,1
56811,0033800002m19tJAAQ,0.0,0,77.0,2107.0,0,0,0,1,0,0,0,0,0,1,1,0,0
56813,0033800002m19tVAAQ,0.0,0,60.0,1826.0,0,0,0,1,0,0,0,0,0,1,1,0,0
56814,0033800002m19tYAAQ,0.0,0,4693.0,1461.0,0,1,0,0,0,0,0,0,1,0,1,0,1
56817,0033800002m1A61AAE,0.0,0,0.0,7322.0,0,0,0,1,0,1,0,0,0,0,0,1,0
56819,0033800002m1AASAA2,0.0,0,1423.0,6039.0,0,1,0,0,0,0,0,0,0,1,0,1,0
56820,0033800002m1AD7AAM,0.0,0,0.0,8887.0,0,1,0,0,0,0,1,0,0,0,1,0,0
56821,0033800002m1ASqAAM,0.0,0,0.0,2920.0,0,0,0,1,0,0,1,0,0,0,0,1,0
56823,0033800002m1AbTAAU,0.0,0,0.0,9246.0,0,0,0,0,1,0,1,0,0,0,0,1,1
56824,0033800002m1Ah1AAE,0.0,80,1859.0,7634.0,1,0,0,0,0,0,1,0,0,0,0,1,1
56826,0033800002m1AkBAAU,0.0,0,0.0,2922.0,0,0,0,1,0,0,0,0,0,1,1,0,1
56827,0033800002m1AlrAAE,0.0,0,0.0,2309.0,0,0,0,1,0,0,1,0,0,0,1,0,0
56834,0033800002m1B20AAE,0.0,0,3742.0,2627.0,0,0,0,0,1,0,0,1,0,0,1,0,1
56837,0033800002m1BKBAA2,0.0,10,2383.0,2244.0,0,1,0,0,0,0,0,0,1,0,0,1,1
56839,0033800002m1BOcAAM,0.0,70,1805.0,2192.0,0,1,0,0,0,0,1,0,0,0,0,1,0
56844,0033800002m1CvdAAE,0.0,0,0.0,7321.0,0,0,0,1,0,1,0,0,0,0,0,1,0
56847,0033800002m1DFUAA2,0.0,0,0.0,8950.0,0,1,0,0,0,0,1,0,0,0,0,1,0
56851,0033800002m1Da7AAE,0.0,0,0.0,2816.0,0,0,0,1,0,0,1,0,0,0,0,1,1
56853,0033800002m1DuGAAU,0.0,0,0.0,1998.0,0,1,0,0,0,0,1,0,0,0,1,0,0
56854,0033800002m1DwvAAE,0.0,20,8421.0,1819.0,0,0,0,1,0,0,1,0,0,0,0,1,1
56855,0033800002m1DywAAE,0.0,50,6606.0,1276.0,1,0,0,0,0,0,1,0,0,0,1,0,0
56856,0033800002m1E8IAAU,0.0,0,0.0,7309.0,1,0,0,0,0,0,1,0,0,0,0,1,0
56860,0033800002m1EhXAAU,0.0,0,0.0,8407.0,0,1,0,0,0,0,0,0,0,1,1,0,1
56861,0033800002m1Ei1AAE,0.0,80,0.0,5446.0,1,0,0,0,0,0,1,0,0,0,0,1,1
56862,0033800002m1EiaAAE,0.0,0,792.0,6946.0,0,0,0,0,1,0,0,0,1,0,0,1,1
56863,0033800002m1EnLAAU,0.0,0,2961.0,4753.0,1,0,0,0,0,0,0,0,0,1,0,1,0
56868,0033800002m1FUwAAM,0.0,0,0.0,7034.0,0,0,0,1,0,0,0,0,1,0,0,1,0
56869,0033800002m1FcMAAU,0.0,0,0.0,5331.0,0,1,0,0,0,0,1,0,0,0,0,1,0
56874,0033800002m1G3uAAE,0.0,0,2571.0,1709.0,0,0,0,1,0,0,1,0,0,0,0,1,1
56880,0033800002m1GcfAAE,0.0,0,0.0,7692.0,1,0,0,0,0,0,1,0,0,0,0,1,0
56881,0033800002m1GfZAAU,0.0,20,6597.0,626.0,0,1,0,0,0,0,1,0,0,0,0,1,1
56882,0033800002m1GfoAAE,0.0,0,1158.0,10237.0,0,0,0,0,1,0,0,0,0,1,0,1,0
56883,0033800002m1GlwAAE,0.0,0,0.0,11352.0,1,0,0,0,0,0,1,0,0,0,0,1,0
56885,0033800002m1Gn9AAE,0.0,0,334.0,6087.0,0,0,0,0,1,0,1,0,0,0,0,1,1
56887,0033800002m1GybAAE,0.0,0,631.0,4294.0,0,0,0,1,0,0,1,0,0,0,1,0,1
56888,0033800002m1H4aAAE,0.0,0,0.0,2750.0,0,0,0,1,0,0,1,0,0,0,0,1,1
56890,0033800002m1H8SAAU,0.0,0,0.0,1885.0,1,0,0,0,0,1,0,0,0,0,0,1,1
56894,0033800002m1HLgAAM,0.0,0,197.0,7322.0,0,0,0,1,0,0,0,0,1,0,0,1,0
56897,0033800002m1HSNAA2,0.0,0,0.0,7310.0,0,1,0,0,0,1,0,0,0,0,0,1,1
56899,0033800002m1HkOAAU,0.0,0,0.0,868.0,0,0,0,1,0,0,0,0,0,1,0,1,0
56903,0033800002m1IgRAAU,0.0,0,0.0,7523.0,0,0,0,1,0,0,0,0,0,1,0,1,1
56906,0033800002m1JC7AAM,0.0,0,0.0,7420.0,0,0,0,1,0,0,1,0,0,0,1,0,0
56912,0033800002m1JqRAAU,0.0,0,0.0,7318.0,1,0,0,0,0,0,1,0,0,0,0,1,0
56916,0033800002m1KCBAA2,0.0,0,0.0,8590.0,0,0,0,0,1,1,0,0,0,0,0,1,1
56917,0033800002m1KFEAA2,0.0,70,579.0,10972.0,0,0,0,0,1,1,0,0,0,0,0,1,1
56918,0033800002m1KNSAA2,0.0,0,0.0,9880.0,0,1,0,0,0,0,1,0,0,0,0,1,0
56924,0033800002m1L4NAAU,0.0,0,0.0,3834.0,0,0,0,1,0,0,1,0,0,0,0,1,0
56926,0033800002m1LgwAAE,0.0,0,0.0,7392.0,0,0,0,1,0,0,1,0,0,0,0,1,1
56928,0033800002m1MI7AAM,0.0,100,0.0,2490.0,0,0,0,1,0,0,1,0,0,0,1,0,0
56929,0033800002m1MRTAA2,0.0,10,2437.0,2463.0,0,1,0,0,0,0,1,0,0,0,1,0,0
56934,0033800002m1MY0AAM,0.0,0,784.0,2920.0,0,0,0,1,0,0,1,0,0,0,0,1,0
56935,0033800002m1MliAAE,0.0,100,0.0,8607.0,1,0,0,0,0,0,1,0,0,0,0,1,0
56937,0033800002m1MnAAAU,0.0,0,0.0,8288.0,0,0,0,1,0,0,0,0,0,1,0,1,1
56942,0033800002m1N8zAAE,0.0,0,1489.0,1826.0,0,0,0,1,0,0,0,0,0,1,0,1,1
56944,0033800002m1NxQAAU,0.0,0,0.0,7305.0,0,1,0,0,0,0,1,0,0,0,1,0,1
56949,0033800002m1O3iAAE,0.0,0,4560.0,1130.0,0,1,0,0,0,1,0,0,0,0,0,1,1
56956,0033800002m1OrWAAU,0.0,0,0.0,3043.0,0,0,0,1,0,0,0,0,1,0,0,1,0
56971,0033800002m1R4rAAE,0.0,0,0.0,10962.0,0,1,0,0,0,0,0,0,0,1,0,1,1
56972,0033800002m1R6HAAU,0.0,0,0.0,7335.0,0,1,0,0,0,0,0,0,0,1,1,0,1
56980,0033800002m1RK6AAM,0.0,0,5075.0,2911.0,0,0,0,0,1,0,0,0,1,0,0,1,1
56987,0033800002m1SDqAAM,0.0,0,0.0,2289.0,0,1,0,0,0,0,1,0,0,0,0,1,1
56989,0033800002m1SPFAA2,0.0,0,0.0,5456.0,1,0,0,0,0,1,0,0,0,0,1,0,0
56992,0033800002m1Sk3AAE,0.0,80,676.0,1578.0,0,0,0,1,0,0,1,0,0,0,0,1,1
56994,0033800002m1Sk5AAE,0.0,0,54.0,2703.0,0,0,0,1,0,0,0,0,0,1,0,1,0
56995,0033800002m1Sk6AAE,0.0,50,2130.0,1461.0,0,0,0,1,0,0,0,0,1,0,0,1,1
56996,0033800002m1Sk7AAE,0.0,60,1144.0,2557.0,0,1,0,0,0,0,0,1,0,0,0,1,0
57001,0033800002m1SkCAAU,0.0,40,3932.0,1460.0,0,0,0,0,1,0,0,0,1,0,0,1,1
57002,0033800002m1SkDAAU,0.0,50,765.0,1251.0,0,0,0,0,1,0,1,0,0,0,0,1,1
57006,0033800002m1SkHAAU,0.0,0,10981.0,1914.0,0,0,0,0,1,0,1,0,0,0,0,1,0
57008,0033800002m1SkJAAU,0.0,0,189.0,2925.0,0,0,0,1,0,0,0,0,0,1,0,1,0
57010,0033800002m1SkLAAU,0.0,40,7889.0,1461.0,0,0,0,1,0,0,0,0,1,0,0,1,1
57011,0033800002m1SwYAAU,0.0,0,2953.0,1826.0,0,1,0,0,0,0,0,0,1,0,1,0,1
57012,0033800002m1SzhAAE,0.0,0,0.0,9480.0,0,1,0,0,0,0,1,0,0,0,0,1,1
57013,0033800002m1T0zAAE,0.0,0,0.0,1460.0,0,0,0,1,0,0,1,0,0,0,0,1,0
57014,0033800002m1T1OAAU,0.0,0,0.0,12143.0,0,1,0,0,0,0,1,0,0,0,0,1,0
57016,0033800002m1T3ZAAU,0.0,80,1103.0,8138.0,0,0,0,1,0,0,1,0,0,0,0,1,0
57019,0033800002m1THAAA2,0.0,0,0.0,4045.0,0,0,0,1,0,0,0,0,0,1,0,1,1
57023,0033800002m1TbyAAE,0.0,0,2702.0,1429.0,0,1,0,0,0,0,0,0,1,0,1,0,1
57026,0033800002m1Tn6AAE,0.0,0,408.0,6275.0,0,1,0,0,0,0,0,0,0,1,0,1,0
57029,0033800002m1TzMAAU,0.0,0,5483.0,1825.0,0,1,0,0,0,0,1,0,0,0,0,1,1
57030,0033800002m1U1wAAE,0.0,0,9008.0,3593.0,0,0,0,1,0,1,0,0,0,0,0,1,1
57034,0033800002m1U4rAAE,0.0,0,0.0,7313.0,1,0,0,0,0,0,0,0,0,1,1,0,1
57035,0033800002m1U50AAE,0.0,0,351.0,1826.0,0,0,0,1,0,0,0,0,1,0,0,1,1
57037,0033800002m1UFPAA2,0.0,0,0.0,7941.0,0,0,0,1,0,0,1,0,0,0,0,1,1
57043,0033800002m1UX9AAM,0.0,70,787.0,2922.0,0,0,0,0,1,0,1,0,0,0,1,0,1
57046,0033800002m1UbaAAE,0.0,0,13969.0,1434.0,0,0,0,1,0,0,0,0,0,1,0,1,1
57051,0033800002m1UoyAAE,0.0,50,1006.0,2977.0,0,1,0,0,0,0,1,0,0,0,1,0,1
57052,0033800002m1UqLAAU,0.0,0,0.0,7307.0,0,0,0,1,0,0,0,0,0,1,0,1,0
57055,0033800002m1UvaAAE,0.0,0,0.0,1772.0,0,1,0,0,0,0,1,0,0,0,0,1,1
57058,0033800002m1V0pAAE,0.0,0,1030.0,1204.0,0,0,0,1,0,0,0,0,0,1,0,1,1
57059,0033800002m1V3KAAU,0.0,0,4662.0,2983.0,0,0,0,0,1,0,1,0,0,0,1,0,1
57063,0033800002m1VTQAA2,0.0,0,0.0,7370.0,1,0,0,0,0,0,1,0,0,0,0,1,0
57068,0033800002m1WEZAA2,0.0,0,0.0,4374.0,0,0,0,1,0,0,0,0,0,1,0,1,1
57070,0033800002m1WkyAAE,0.0,0,0.0,5479.0,1,0,0,0,0,1,0,0,0,0,0,1,1
57071,0033800002m1WofAAE,0.0,0,0.0,7312.0,0,0,0,1,0,0,0,0,1,0,0,1,1
57080,0033800002m1YPWAA2,0.0,0,0.0,1460.0,0,1,0,0,0,0,1,0,0,0,1,0,1
57081,0033800002m1YRmAAM,0.0,100,133.0,5011.0,0,0,0,1,0,0,1,0,0,0,0,1,1
57082,0033800002m1YV0AAM,0.0,0,0.0,2190.0,0,1,0,0,0,1,0,0,0,0,0,1,1
57083,0033800002m1YYiAAM,0.0,80,0.0,2113.0,0,1,0,0,0,0,1,0,0,0,0,1,0
57085,0033800002m1YjuAAE,0.0,90,1315.0,3016.0,0,0,0,1,0,0,1,0,0,0,0,1,1
57095,0033800002m1ZLFAA2,0.0,80,1087.0,2923.0,0,0,0,1,0,1,0,0,0,0,1,0,1
57098,0033800002m1ZSuAAM,0.0,0,4056.0,1507.0,0,0,0,1,0,0,0,0,0,1,0,1,1
57100,0033800002m1ZcBAAU,0.0,0,0.0,5549.0,0,1,0,0,0,0,1,0,0,0,0,1,1
57103,0033800002m1ZliAAE,0.0,0,0.0,7314.0,1,0,0,0,0,0,1,0,0,0,0,1,1
57107,0033800002m1a4AAAQ,0.0,0,0.0,1778.0,0,0,0,1,0,0,1,0,0,0,0,1,1
57110,0033800002m1aFwAAI,0.0,0,0.0,5622.0,1,0,0,0,0,0,1,0,0,0,0,1,0
57114,0033800002m1abwAAA,0.0,0,63.0,6701.0,1,0,0,0,0,1,0,0,0,0,0,1,1
57116,0033800002m1ahzAAA,0.0,0,0.0,1450.0,0,0,0,1,0,0,0,0,0,1,0,1,1
57117,0033800002m1am1AAA,0.0,0,0.0,11947.0,0,0,0,0,1,0,1,0,0,0,1,0,1
57118,0033800002m1aqhAAA,0.0,50,2047.0,9975.0,0,1,0,0,0,1,0,0,0,0,0,1,0
57119,0033800002m1aujAAA,0.0,0,0.0,4456.0,0,0,0,1,0,0,1,0,0,0,1,0,0
57123,0033800002m1bDgAAI,0.0,0,0.0,4488.0,0,0,0,1,0,0,1,0,0,0,1,0,1
57124,0033800002m1bOFAAY,0.0,0,319.0,1463.0,0,0,0,1,0,0,0,0,0,1,0,1,0
57128,0033800002m1bbVAAQ,0.0,0,0.0,7741.0,0,0,0,1,0,0,0,0,0,1,0,1,1
57129,0033800002m1bf8AAA,0.0,0,290.0,1826.0,0,0,0,1,0,0,0,0,1,0,0,1,1
57130,0033800002m1bnGAAQ,0.0,90,2047.0,8213.0,0,0,0,0,1,0,1,0,0,0,0,1,1
57134,0033800002m1cwfAAA,0.0,0,0.0,11188.0,1,0,0,0,0,0,1,0,0,0,0,1,1
57135,0033800002m1dIyAAI,0.0,0,0.0,851.0,0,0,0,1,0,0,1,0,0,0,0,1,0
57136,0033800002m1dVnAAI,0.0,0,0.0,7326.0,0,0,0,1,0,1,0,0,0,0,1,0,1
57137,0033800002m1dY3AAI,0.0,0,0.0,8695.0,0,0,0,0,1,1,0,0,0,0,0,1,0
57141,0033800002m1ezFAAQ,0.0,0,4339.0,3258.0,0,0,0,0,1,0,0,0,1,0,0,1,0
57147,0033800002m1fLbAAI,0.0,0,0.0,7322.0,0,0,0,1,0,1,0,0,0,0,0,1,0
57149,0033800002m1fQhAAI,0.0,0,0.0,7469.0,0,0,0,1,0,0,1,0,0,0,0,1,1
57150,0033800002m1fUuAAI,0.0,60,861.0,10121.0,0,1,0,0,0,0,1,0,0,0,0,1,1
57153,0033800002m1frHAAQ,0.0,0,0.0,7316.0,1,0,0,0,0,1,0,0,0,0,1,0,1
57154,0033800002m1fxDAAQ,0.0,0,0.0,2995.0,0,0,0,0,1,0,0,0,0,1,0,1,0
57155,0033800002m1g10AAA,0.0,0,0.0,2192.0,0,0,0,1,0,1,0,0,0,0,1,0,0
57159,0033800002m1gX8AAI,0.0,0,68.0,7365.0,0,0,0,0,1,1,0,0,0,0,0,1,1
57161,0033800002m1gzmAAA,0.0,0,6983.0,1461.0,0,1,0,0,0,0,0,0,1,0,1,0,0
57162,0033800002m1h98AAA,0.0,60,3208.0,1826.0,1,0,0,0,0,0,0,0,1,0,0,1,1
57165,0033800002m1hI3AAI,0.0,0,4832.0,2423.0,0,0,0,0,1,0,0,0,1,0,0,1,1
57170,0033800002m1hs6AAA,0.0,0,855.0,616.0,0,0,0,1,0,0,0,0,1,0,0,1,0
57175,0033800002m1iEMAAY,0.0,80,815.0,766.0,0,0,0,1,0,0,1,0,0,0,0,1,0
57177,0033800002m1iLJAAY,0.0,0,0.0,1497.0,0,1,0,0,0,0,1,0,0,0,0,1,0
57179,0033800002m1ia6AAA,0.0,70,0.0,7485.0,0,0,0,1,0,0,1,0,0,0,0,1,1
57187,0033800002m1jeEAAQ,0.0,0,13.0,5334.0,0,1,0,0,0,1,0,0,0,0,0,1,1
57190,0033800002m1jsiAAA,0.0,0,0.0,6865.0,0,1,0,0,0,1,0,0,0,0,0,1,1
57193,0033800002m1jslAAA,0.0,0,14349.0,292.0,0,0,0,1,0,0,0,0,1,0,1,0,0
57197,0033800002m1jspAAA,0.0,0,1.0,1826.0,0,0,0,1,0,0,0,0,0,1,1,0,0
57214,0033800002m1jt7AAA,0.0,0,7.0,7335.0,0,1,0,0,0,0,0,0,1,0,0,1,1
57230,0033800002m1jtNAAQ,0.0,0,6.0,3313.0,0,1,0,0,0,0,1,0,0,0,0,1,1
57234,0033800002m1jtRAAQ,0.0,60,3295.0,7332.0,0,1,0,0,0,0,0,0,1,0,1,0,1
57239,0033800002m1jtWAAQ,0.0,90,342.0,8445.0,0,0,0,0,1,1,0,0,0,0,1,0,1
57241,0033800002m1jvRAAQ,0.0,0,615.0,2922.0,0,0,0,1,0,1,0,0,0,0,0,1,1
57242,0033800002m1jx3AAA,0.0,0,7587.0,2220.0,0,1,0,0,0,0,1,0,0,0,0,1,1
57243,0033800002m1jzTAAQ,0.0,0,30.0,1460.0,0,0,0,1,0,0,0,0,0,1,1,0,1
57244,0033800002m1k2NAAQ,0.0,0,5002.0,1461.0,0,0,0,1,0,1,0,0,0,0,0,1,1
57245,0033800002m1kBKAAY,0.0,20,129.0,2608.0,0,0,0,0,1,0,0,0,0,1,0,1,1
57247,0033800002m1kNQAAY,0.0,0,0.0,5042.0,0,0,0,1,0,0,0,0,0,1,0,1,1
57253,0033800002m1kouAAA,0.0,0,342.0,8779.0,0,0,0,0,1,0,1,0,0,0,0,1,1
57255,0033800002m1kwPAAQ,0.0,0,84.0,3925.0,0,0,0,1,0,0,1,0,0,0,0,1,1
57257,0033800002m1l1ZAAQ,0.0,0,5275.0,737.0,0,0,0,1,0,0,1,0,0,0,0,1,1
57259,0033800002m1lJxAAI,0.0,0,0.0,10575.0,0,1,0,0,0,1,0,0,0,0,1,0,1
57260,0033800002m1lMmAAI,0.0,0,0.0,1154.0,0,0,0,1,0,0,1,0,0,0,0,1,1
57263,0033800002m1lnRAAQ,0.0,40,95.0,1460.0,0,0,0,1,0,0,0,0,1,0,1,0,1
57267,0033800002m1m2eAAA,0.0,0,0.0,2114.0,0,0,0,1,0,0,1,0,0,0,0,1,1
57268,0033800002m1mBXAAY,0.0,0,7.0,10251.0,0,1,0,0,0,0,1,0,0,0,0,1,1
57269,0033800002m1mGIAAY,0.0,0,107.0,9220.0,0,0,0,1,0,0,0,0,1,0,0,1,1
57271,0033800002m1mGKAAY,0.0,0,181.0,2913.0,0,1,0,0,0,0,0,0,0,1,0,1,1
57272,0033800002m1mGLAAY,0.0,0,803.0,1465.0,0,1,0,0,0,0,0,0,1,0,0,1,1
57282,0033800002m1mLoAAI,0.0,0,0.0,7311.0,0,0,0,1,0,1,0,0,0,0,0,1,1
57286,0033800002m1mXzAAI,0.0,0,0.0,9585.0,0,0,0,0,1,0,1,0,0,0,0,1,1
57287,0033800002m1mhpAAA,0.0,0,110.0,7649.0,0,0,0,0,1,0,1,0,0,0,0,1,1
57288,0033800002m1mlhAAA,0.0,0,4748.0,1095.0,0,1,0,0,0,0,1,0,0,0,0,1,1
57291,0033800002m1n0hAAA,0.0,80,428.0,4275.0,0,0,0,1,0,0,0,0,1,0,0,1,1
57296,0033800002m1nF7AAI,0.0,0,0.0,2776.0,0,0,0,1,0,0,0,0,0,1,0,1,1
57300,0033800002m1nfmAAA,0.0,100,0.0,7712.0,0,1,0,0,0,0,1,0,0,0,0,1,1
57302,0033800002m1njsAAA,0.0,0,0.0,1494.0,0,0,0,1,0,0,1,0,0,0,0,1,1
57304,0033800002m1nn1AAA,0.0,0,0.0,1110.0,0,0,0,1,0,1,0,0,0,0,0,1,1
57305,0033800002m1nnfAAA,0.0,0,0.0,10594.0,0,0,0,1,0,0,1,0,0,0,1,0,0
57306,0033800002m1noEAAQ,0.0,90,0.0,6700.0,0,0,0,1,0,0,0,0,0,1,0,1,1
57312,0033800002m1oWtAAI,0.0,0,0.0,2191.0,0,0,0,1,0,1,0,0,0,0,0,1,1
57317,0033800002m1ou0AAA,0.0,0,4488.0,1771.0,0,1,0,0,0,0,1,0,0,0,0,1,1
57320,0033800002m1psAAAQ,0.0,0,0.0,2893.0,0,1,0,0,0,0,1,0,0,0,0,1,1
57321,0033800002m1psFAAQ,0.0,0,1747.0,10121.0,0,0,0,1,0,1,0,0,0,0,1,0,0
57327,0033800002m1qg6AAA,0.0,50,0.0,8533.0,0,0,0,1,0,0,1,0,0,0,0,1,1
57330,0033800002m1qvVAAQ,0.0,0,0.0,1228.0,1,0,0,0,0,0,1,0,0,0,0,1,1
57332,0033800002m1r8FAAQ,0.0,0,0.0,8816.0,0,0,0,0,1,1,0,0,0,0,0,1,0
57335,0033800002m1rJDAAY,0.0,0,0.0,3496.0,0,1,0,0,0,0,1,0,0,0,0,1,1
57342,0033800002m1s7nAAA,0.0,0,0.0,10854.0,0,1,0,0,0,0,1,0,0,0,0,1,1
57344,0033800002m1selAAA,0.0,20,922.0,2676.0,0,1,0,0,0,0,0,0,0,1,1,0,1
57346,0033800002m1t3JAAQ,0.0,0,0.0,1460.0,0,1,0,0,0,0,1,0,0,0,1,0,1
57347,0033800002m1t76AAA,0.0,0,1823.0,3960.0,0,1,0,0,0,0,0,0,0,1,1,0,0
57348,0033800002m1tE3AAI,0.0,0,0.0,4329.0,0,0,0,1,0,0,1,0,0,0,1,0,0
57353,0033800002m1uKaAAI,0.0,0,1562.0,7322.0,0,0,0,0,1,1,0,0,0,0,1,0,1
57354,0033800002m1uMZAAY,0.0,0,0.0,7314.0,1,0,0,0,0,0,0,0,1,0,0,1,1
57355,0033800002m1uPUAAY,0.0,0,8353.0,3471.0,0,1,0,0,0,0,1,0,0,0,0,1,1
57357,0033800002m1uryAAA,0.0,90,1896.0,9036.0,0,0,0,0,1,1,0,0,0,0,0,1,1
57361,0033800002m1vFmAAI,0.0,0,1127.0,1210.0,0,0,0,1,0,0,1,0,0,0,0,1,1
57362,0033800002m1vG6AAI,0.0,0,7.0,9478.0,1,0,0,0,0,0,1,0,0,0,0,1,1
57363,0033800002m1vGaAAI,0.0,30,2837.0,1826.0,0,0,0,1,0,0,0,0,1,0,0,1,0
57366,0033800002m1vQfAAI,0.0,0,0.0,2243.0,0,0,0,1,0,0,1,0,0,0,0,1,1
57370,0033800002m1vT9AAI,0.0,0,830.0,7225.0,0,0,0,0,1,0,1,0,0,0,0,1,1
57374,0033800002m1vXIAAY,0.0,0,0.0,5633.0,0,1,0,0,0,0,0,0,0,1,0,1,0
57379,0033800002m1vaxAAA,0.0,0,7343.0,2193.0,0,1,0,0,0,0,0,0,0,1,0,1,0
57380,0033800002m1vcBAAQ,0.0,0,1373.0,10099.0,1,0,0,0,0,1,0,0,0,0,1,0,1
57381,0033800002m1vcLAAQ,0.0,0,0.0,2578.0,0,0,1,0,0,0,1,0,0,0,0,1,0
57382,0033800002m1w4NAAQ,0.0,0,0.0,10274.0,0,0,0,0,1,0,0,0,0,1,0,1,1
57383,0033800002m1wIMAAY,0.0,0,0.0,1527.0,0,0,0,1,0,0,0,0,1,0,0,1,1
57385,0033800002m1wZxAAI,0.0,0,0.0,5066.0,0,0,0,1,0,0,1,0,0,0,0,1,1
57391,0033800002m1wlNAAQ,0.0,0,0.0,8367.0,0,0,0,0,1,1,0,0,0,0,0,1,0
57393,0033800002m1wlwAAA,0.0,0,7683.0,2735.0,1,0,0,0,0,0,1,0,0,0,0,1,1
57394,0033800002m1wpeAAA,0.0,0,0.0,8465.0,0,0,0,1,0,0,0,0,1,0,1,0,0
57395,0033800002m1wrHAAQ,0.0,0,0.0,9589.0,0,0,0,1,0,0,1,0,0,0,0,1,1
57397,0033800002m1wuyAAA,0.0,0,0.0,7321.0,0,0,0,0,1,0,1,0,0,0,0,1,1
57400,0033800002m1wvmAAA,0.0,0,0.0,9289.0,0,0,0,0,1,0,1,0,0,0,0,1,1
57401,0033800002m1ww6AAA,0.0,10,0.0,2010.0,1,0,0,0,0,0,0,0,0,1,1,0,0
57403,0033800002m1x1KAAQ,0.0,20,600.0,2333.0,0,0,0,0,1,1,0,0,0,0,0,1,1
57409,0033800002m1xKQAAY,0.0,0,0.0,5968.0,1,0,0,0,0,0,1,0,0,0,0,1,0
57415,0033800002m1y8WAAQ,0.0,0,0.0,2191.0,0,0,0,1,0,1,0,0,0,0,0,1,0
57418,0033800002m1yJYAAY,0.0,0,609.0,4757.0,0,0,0,0,1,0,1,0,0,0,0,1,0
57423,0033800002m1yXOAAY,0.0,60,101.0,3812.0,0,0,0,1,0,0,0,0,0,1,0,1,1
57424,0033800002m1yivAAA,0.0,0,0.0,2191.0,0,0,0,1,0,1,0,0,0,0,0,1,1
57427,0033800002m1ytLAAQ,0.0,0,0.0,11037.0,0,0,0,1,0,0,1,0,0,0,0,1,1
57429,0033800002m1yvvAAA,0.0,0,0.0,3638.0,0,1,0,0,0,0,0,0,0,1,0,1,1
57431,0033800002m1yxNAAQ,0.0,0,2802.0,3014.0,0,1,0,0,0,0,1,0,0,0,0,1,0
57432,0033800002m1yyGAAQ,0.0,0,0.0,1657.0,0,0,0,1,0,1,0,0,0,0,0,1,1
57435,0033800002m1z2XAAQ,0.0,0,0.0,1670.0,0,0,0,1,0,0,1,0,0,0,0,1,0
57443,0033800002m1z5vAAA,0.0,0,0.0,2110.0,0,0,0,1,0,0,1,0,0,0,0,1,0
57446,0033800002m1zf5AAA,0.0,0,0.0,7689.0,1,0,0,0,0,1,0,0,0,0,0,1,0
57447,0033800002m1zgxAAA,0.0,0,0.0,8448.0,0,0,0,0,1,1,0,0,0,0,0,1,1
57448,0033800002m1zzpAAA,0.0,0,0.0,7305.0,0,0,0,1,0,0,1,0,0,0,0,1,0
57453,0033800002m20bPAAQ,0.0,0,0.0,10601.0,1,0,0,0,0,0,1,0,0,0,0,1,1
57456,0033800002m20yLAAQ,0.0,0,0.0,1460.0,0,0,0,1,0,0,0,0,1,0,0,1,0
57457,0033800002m20zTAAQ,0.0,0,1082.0,2535.0,0,0,0,1,0,0,1,0,0,0,0,1,0
57460,0033800002m216nAAA,0.0,0,0.0,2914.0,0,1,0,0,0,0,0,0,0,1,0,1,1
57461,0033800002m217WAAQ,0.0,0,3950.0,1674.0,0,1,0,0,0,0,0,0,0,1,1,0,0
57462,0033800002m21BDAAY,0.0,0,6777.0,1460.0,0,1,0,0,0,0,0,0,0,1,0,1,0
57465,0033800002m21BLAAY,0.0,0,87.0,8078.0,0,0,0,1,0,0,1,0,0,0,0,1,0
57473,0033800002m21DNAAY,0.0,0,0.0,2253.0,1,0,0,0,0,0,1,0,0,0,0,1,1
57476,0033800002m21O2AAI,0.0,40,2578.0,3950.0,0,1,0,0,0,0,1,0,0,0,1,0,1
57478,0033800002m21TCAAY,0.0,0,15.0,8433.0,0,0,0,1,0,0,1,0,0,0,0,1,1
57480,0033800002m21ZPAAY,0.0,0,996.0,3244.0,0,0,0,1,0,1,0,0,0,0,0,1,0
57481,0033800002m21a3AAA,0.0,0,0.0,10974.0,0,0,0,1,0,0,0,0,1,0,0,1,0
57483,0033800002m21aXAAQ,0.0,0,0.0,2641.0,0,0,0,1,0,0,1,0,0,0,0,1,1
57487,0033800002m21xgAAA,0.0,0,4951.0,2691.0,0,0,0,0,1,0,1,0,0,0,1,0,1
57489,0033800002m222vAAA,0.0,0,0.0,8454.0,0,0,0,1,0,0,0,0,1,0,0,1,0
57491,0033800002m22JmAAI,0.0,0,2267.0,9520.0,0,1,0,0,0,0,0,0,0,1,0,1,0
57494,0033800002m22RzAAI,0.0,60,866.0,7821.0,0,0,0,1,0,0,0,0,1,0,0,1,0
57495,0033800002m22T7AAI,0.0,20,2486.0,3324.0,0,0,0,1,0,0,1,0,0,0,1,0,0
57496,0033800002m22eXAAQ,0.0,0,642.0,1290.0,0,1,0,0,0,0,1,0,0,0,1,0,1
57497,0033800002m22giAAA,0.0,0,0.0,12502.0,0,1,0,0,0,0,1,0,0,0,0,1,0
57498,0033800002m22kGAAQ,0.0,80,369.0,2954.0,0,1,0,0,0,0,0,0,0,1,0,1,0
57502,0033800002m22tLAAQ,0.0,0,17.0,1105.0,0,0,0,1,0,0,0,0,1,0,0,1,1
57504,0033800002m22wtAAA,0.0,0,0.0,7676.0,0,0,0,1,0,0,1,0,0,0,0,1,1
57505,0033800002m234tAAA,0.0,60,7059.0,3560.0,0,0,0,1,0,1,0,0,0,0,0,1,0
57506,0033800002m235bAAA,0.0,80,137.0,8088.0,1,0,0,0,0,0,1,0,0,0,1,0,0
57510,0033800002m23h7AAA,0.0,90,0.0,7553.0,0,0,0,0,1,0,0,0,0,1,0,1,0
57513,0033800002m25OWAAY,0.0,0,0.0,7321.0,0,0,0,1,0,0,1,0,0,0,0,1,1
57514,0033800002m25g7AAA,0.0,0,263.0,7365.0,0,1,0,0,0,1,0,0,0,0,0,1,1
57519,0033800002m26g3AAA,0.0,0,1765.0,1826.0,0,1,0,0,0,0,0,0,1,0,0,1,1
57522,0033800002m275ZAAQ,0.0,0,39.0,5134.0,0,0,0,1,0,0,1,0,0,0,0,1,1
57525,0033800002m27DuAAI,0.0,0,0.0,3188.0,0,1,0,0,0,0,1,0,0,0,1,0,0
57531,0033800002m285oAAA,0.0,0,0.0,10242.0,1,0,0,0,0,0,1,0,0,0,0,1,1
57535,0033800002m28P0AAI,0.0,0,0.0,5983.0,0,0,0,1,0,0,1,0,0,0,1,0,0
57537,0033800002m28ohAAA,0.0,0,0.0,7313.0,0,1,0,0,0,0,1,0,0,0,0,1,1
57538,0033800002m28qsAAA,0.0,0,0.0,4383.0,0,0,0,0,1,0,0,0,0,1,0,1,1
57540,0033800002m298DAAQ,0.0,0,0.0,12728.0,0,0,0,1,0,0,1,0,0,0,0,1,0
57541,0033800002m29GAAAY,0.0,0,2912.0,1460.0,0,0,0,1,0,0,0,0,0,1,0,1,0
57542,0033800002m29KqAAI,0.0,0,0.0,7654.0,0,1,0,0,0,0,0,0,1,0,0,1,1
57544,0033800002m29U7AAI,0.0,0,1809.0,8209.0,0,0,0,0,1,0,0,0,0,1,0,1,0
57545,0033800002m29YTAAY,0.0,0,0.0,10967.0,0,1,0,0,0,1,0,0,0,0,0,1,1
57546,0033800002m29cQAAQ,0.0,0,2297.0,3144.0,0,1,0,0,0,1,0,0,0,0,0,1,1
57549,0033800002m29fVAAQ,0.0,0,0.0,5491.0,1,0,0,0,0,1,0,0,0,0,0,1,1
57550,0033800002m29giAAA,0.0,80,244.0,1839.0,0,0,0,1,0,0,0,0,0,1,0,1,0
57551,0033800002m29lSAAQ,0.0,0,0.0,7214.0,1,0,0,0,0,0,1,0,0,0,0,1,1
57552,0033800002m29mzAAA,0.0,0,118.0,3534.0,0,0,0,1,0,0,0,0,0,1,0,1,1
57553,0033800002m29s4AAA,0.0,0,1690.0,2816.0,0,0,0,0,1,0,1,0,0,0,0,1,0
57559,0033800002m2BPYAA2,0.0,0,0.0,8328.0,0,1,0,0,0,0,1,0,0,0,1,0,0
57565,0033800002m2CRcAAM,0.0,0,0.0,309.0,0,0,0,1,0,0,1,0,0,0,0,1,1
57566,0033800002m2CUWAA2,0.0,0,0.0,7316.0,0,0,0,0,1,0,1,0,0,0,0,1,0
57568,0033800002m2ChgAAE,0.0,70,2509.0,4442.0,0,1,0,0,0,0,0,0,0,1,0,1,1
57576,0033800002m2DBUAA2,0.0,0,0.0,7321.0,0,1,0,0,0,0,0,0,0,1,0,1,1
57580,0033800002m2DWcAAM,0.0,0,2858.0,1461.0,0,0,0,1,0,0,0,0,0,1,1,0,0
57585,0033800002m2DjTAAU,0.0,0,5227.0,1350.0,0,0,0,0,1,0,1,0,0,0,0,1,0
57588,0033800002m2Dm8AAE,0.0,100,440.0,10603.0,1,0,0,0,0,0,1,0,0,0,0,1,1
57590,0033800002m2DtXAAU,0.0,0,0.0,7242.0,0,1,0,0,0,0,0,0,0,1,0,1,1
57591,0033800002m2DtmAAE,0.0,70,1872.0,9477.0,0,0,0,0,1,1,0,0,0,0,0,1,1
57595,0033800002m2E5ZAAU,0.0,100,0.0,4955.0,1,0,0,0,0,1,0,0,0,0,0,1,0
57599,0033800002m2EbYAAU,0.0,0,0.0,7328.0,0,0,0,1,0,0,0,0,0,1,0,1,1
57601,0033800002m2EiUAAU,0.0,70,16.0,7770.0,1,0,0,0,0,0,0,0,0,1,0,1,1
57602,0033800002m2EieAAE,0.0,0,0.0,1527.0,0,1,0,0,0,1,0,0,0,0,0,1,0
57607,0033800002m2FHGAA2,0.0,0,0.0,11166.0,0,1,0,0,0,0,0,0,0,1,0,1,1
57608,0033800002m2FSMAA2,0.0,0,482.0,3933.0,0,0,0,1,0,0,1,0,0,0,0,1,0
57610,0033800002m2FkhAAE,0.0,90,3119.0,2692.0,0,0,0,0,1,1,0,0,0,0,0,1,1
57616,0033800002m2GKkAAM,0.0,0,0.0,7331.0,0,0,0,1,0,0,0,0,0,1,0,1,0
57618,0033800002m2ILIAA2,0.0,0,0.0,7393.0,0,0,0,1,0,1,0,0,0,0,0,1,1
57619,0033800002m2ILwAAM,0.0,0,2552.0,7996.0,0,0,0,0,1,0,1,0,0,0,0,1,1
57620,0033800002m2IN4AAM,0.0,0,0.0,7344.0,0,0,0,1,0,0,1,0,0,0,0,1,0
57622,0033800002m2IdhAAE,0.0,0,4473.0,1456.0,0,0,0,1,0,0,0,1,0,0,0,1,1
57623,0033800002m2IfnAAE,0.0,100,1205.0,4591.0,0,1,0,0,0,0,0,0,0,1,0,1,1
57624,0033800002m2IssAAE,0.0,20,9812.0,1096.0,1,0,0,0,0,0,1,0,0,0,0,1,1
57625,0033800002m2J9UAAU,0.0,0,0.0,7305.0,0,1,0,0,0,0,0,0,1,0,0,1,1
57628,0033800002m2JI6AAM,0.0,0,0.0,4678.0,0,0,0,0,1,0,0,0,0,1,1,0,0
57630,0033800002m2JRHAA2,0.0,10,5667.0,764.0,0,0,0,1,0,0,1,0,0,0,0,1,0
57640,0033800002m2KS7AAM,0.0,90,0.0,7427.0,0,0,0,0,1,0,0,0,1,0,0,1,1
57641,0033800002m2KSAAA2,0.0,0,166.0,11109.0,0,1,0,0,0,0,1,0,0,0,0,1,1
57643,0033800002m2KSCAA2,0.0,0,80.0,3252.0,0,1,0,0,0,0,1,0,0,0,0,1,1
57655,0033800002m2L3gAAE,0.0,0,18.0,1902.0,0,1,0,0,0,0,1,0,0,0,0,1,0
57657,0033800002m2L89AAE,0.0,0,9878.0,657.0,0,0,0,1,0,0,0,0,0,1,0,1,0
57663,0033800002m2LkGAAU,0.0,0,1825.0,8624.0,0,1,0,0,0,0,0,0,0,1,0,1,0
57664,0033800002m2LpVAAU,0.0,50,187.0,1583.0,0,0,0,1,0,0,0,0,1,0,1,0,1
57665,0033800002m2LpbAAE,0.0,0,892.0,3531.0,0,0,0,1,0,0,1,0,0,0,1,0,1
57666,0033800002m2LppAAE,0.0,0,0.0,10059.0,0,0,0,0,1,0,0,0,0,1,0,1,0
57667,0033800002m2LsPAAU,0.0,0,1354.0,1941.0,0,1,0,0,0,0,0,0,1,0,0,1,1
57669,0033800002m2Ly8AAE,0.0,0,0.0,7333.0,1,0,0,0,0,1,0,0,0,0,0,1,1
57671,0033800002m2M21AAE,0.0,0,3300.0,1460.0,0,0,0,1,0,0,0,0,1,0,0,1,1
57677,0033800002m2MmfAAE,0.0,0,1630.0,10973.0,0,1,0,0,0,1,0,0,0,0,0,1,0
57683,0033800002m2NW6AAM,0.0,0,1.0,3259.0,0,0,0,1,0,0,0,0,0,1,0,1,0
57685,0033800002m2NevAAE,0.0,0,1523.0,1523.0,0,1,0,0,0,0,0,0,1,0,0,1,0
57686,0033800002m2NhdAAE,0.0,30,82.0,4596.0,0,0,0,0,1,0,0,0,1,0,0,1,0
57705,0033800002m2Q90AAE,0.0,80,5117.0,1013.0,0,0,0,0,1,0,1,0,0,0,0,1,1
57706,0033800002m2QPOAA2,0.0,0,0.0,4180.0,0,1,0,0,0,0,1,0,0,0,1,0,0
57712,0033800002m2QuBAAU,0.0,0,0.0,7311.0,1,0,0,0,0,0,0,0,0,1,0,1,1
57714,0033800002m2R25AAE,0.0,0,0.0,2350.0,0,1,0,0,0,0,0,0,0,1,0,1,0
57719,0033800002m2RbkAAE,0.0,0,14.0,9055.0,0,1,0,0,0,1,0,0,0,0,0,1,1
57722,0033800002m2Se8AAE,0.0,0,1816.0,1310.0,0,0,0,1,0,0,0,0,0,1,1,0,0
57723,0033800002m2SxIAAU,0.0,0,60.0,1607.0,0,0,0,1,0,0,1,0,0,0,0,1,0
57725,0033800002m2SyuAAE,0.0,50,0.0,2478.0,0,0,0,1,0,0,1,0,0,0,0,1,1
57726,0033800002m2T0MAAU,0.0,0,290.0,10509.0,0,1,0,0,0,0,0,0,1,0,0,1,0
57733,0033800002m2TEWAA2,0.0,10,1919.0,2412.0,0,0,0,1,0,1,0,0,0,0,0,1,0
57734,0033800002m2TGyAAM,0.0,0,4509.0,1607.0,0,0,0,0,1,0,1,0,0,0,0,1,1
57735,0033800002m2THSAA2,0.0,0,0.0,6690.0,0,1,0,0,0,0,1,0,0,0,0,1,1
57741,0033800002m2UO0AAM,0.0,0,0.0,7305.0,1,0,0,0,0,0,0,0,0,1,0,1,1
57745,0033800002m2UXiAAM,0.0,0,0.0,9148.0,0,1,0,0,0,0,1,0,0,0,0,1,1
57746,0033800002m2UZFAA2,0.0,0,0.0,11123.0,0,1,0,0,0,0,0,0,0,1,0,1,1
57748,0033800002m2Un4AAE,0.0,0,0.0,9128.0,0,0,0,1,0,0,0,0,0,1,0,1,1
57750,0033800002m2UqgAAE,0.0,0,263.0,2679.0,0,1,0,0,0,0,1,0,0,0,0,1,0
57755,0033800002m2V3HAAU,0.0,0,0.0,5715.0,0,0,0,1,0,0,0,0,0,1,0,1,0
57758,0033800002m2VP1AAM,0.0,0,10014.0,1726.0,1,0,0,0,0,0,1,0,0,0,1,0,1
57761,0033800002m2VjbAAE,0.0,0,0.0,7327.0,0,0,0,0,1,0,1,0,0,0,0,1,1
57763,0033800002m2Vm7AAE,0.0,0,0.0,5423.0,0,0,0,1,0,1,0,0,0,0,0,1,1
57765,0033800002m2Vo2AAE,0.0,0,0.0,1948.0,0,0,0,1,0,0,0,0,0,1,0,1,1
57767,0033800002m2VqCAAU,0.0,0,380.0,1461.0,0,0,0,1,0,0,1,0,0,0,0,1,1
57768,0033800002m2VqMAAU,0.0,0,166.0,6011.0,1,0,0,0,0,0,1,0,0,0,0,1,1
57769,0033800002m2VsqAAE,0.0,0,0.0,7327.0,0,1,0,0,0,0,0,0,0,1,0,1,0
57774,0033800002m2VzYAAU,0.0,80,2936.0,5688.0,0,1,0,0,0,0,0,0,1,0,0,1,0
57785,0033800002m2XHJAA2,0.0,0,0.0,1928.0,0,1,0,0,0,0,1,0,0,0,0,1,0
57786,0033800002m2XLfAAM,0.0,0,0.0,1557.0,0,0,0,1,0,0,0,0,1,0,0,1,0
57791,0033800002m2XwmAAE,0.0,0,0.0,4383.0,0,1,0,0,0,0,0,0,0,1,0,1,0
57792,0033800002m2Y6HAAU,0.0,0,6960.0,1315.0,0,1,0,0,0,0,0,0,0,1,0,1,0
57798,0033800002m2YHfAAM,0.0,0,0.0,7315.0,0,0,0,1,0,0,0,0,1,0,0,1,0
57799,0033800002m2YNOAA2,0.0,0,0.0,7308.0,0,0,0,1,0,0,0,0,0,1,0,1,0
57802,0033800002m2YukAAE,0.0,0,0.0,7325.0,0,1,0,0,0,0,0,0,0,1,0,1,0
57803,0033800002m2Z6aAAE,0.0,0,0.0,7311.0,0,1,0,0,0,1,0,0,0,0,1,0,1
57808,0033800002m2Zf1AAE,0.0,0,0.0,2805.0,0,0,0,1,0,0,1,0,0,0,0,1,0
57834,0033800002m2aaCAAQ,0.0,0,0.0,5873.0,1,0,0,0,0,0,1,0,0,0,0,1,1
57842,0033800002m2avrAAA,0.0,0,0.0,7892.0,0,1,0,0,0,0,1,0,0,0,0,1,1
57846,0033800002m2bI8AAI,0.0,30,2100.0,2609.0,0,1,0,0,0,0,1,0,0,0,1,0,1
57855,0033800002m2bwwAAA,0.0,0,4115.0,2700.0,0,0,0,1,0,0,1,0,0,0,0,1,0
57858,0033800002m2c26AAA,0.0,0,0.0,2000.0,0,0,0,1,0,0,0,0,1,0,0,1,1
57860,0033800002m2c5eAAA,0.0,40,4921.0,3721.0,0,0,0,0,1,0,1,0,0,0,0,1,1
57864,0033800002m2cFyAAI,0.0,100,182.0,8064.0,0,0,0,1,0,0,1,0,0,0,0,1,1
57866,0033800002m2cKsAAI,0.0,0,6483.0,320.0,1,0,0,0,0,0,1,0,0,0,1,0,0
57870,0033800002m2d7BAAQ,0.0,0,0.0,7325.0,0,0,0,1,0,0,1,0,0,0,0,1,1
57871,0033800002m2dBWAAY,0.0,0,0.0,7321.0,0,0,0,1,0,0,0,0,0,1,0,1,1
57874,0033800002m2djvAAA,0.0,20,2671.0,3236.0,0,0,0,1,0,0,1,0,0,0,0,1,0
57875,0033800002m2e6nAAA,0.0,0,0.0,7327.0,1,0,0,0,0,0,1,0,0,0,0,1,1
57876,0033800002m2eIDAAY,0.0,0,0.0,2192.0,1,0,0,0,0,1,0,0,0,0,0,1,1
57879,0033800002m2eW2AAI,0.0,0,0.0,7593.0,0,0,0,1,0,0,1,0,0,0,0,1,0
57880,0033800002m2eWHAAY,0.0,0,0.0,8402.0,0,1,0,0,0,0,0,0,0,1,0,1,1
57885,0033800002m2fTFAAY,0.0,0,0.0,1560.0,0,0,0,1,0,0,0,0,1,0,0,1,0
57890,0033800002m2g3eAAA,0.0,40,82.0,2964.0,0,0,0,1,0,0,1,0,0,0,0,1,1
57891,0033800002m2g4rAAA,0.0,0,0.0,5341.0,0,0,0,1,0,0,1,0,0,0,0,1,0
57893,0033800002m2gHpAAI,0.0,0,0.0,1956.0,0,0,0,1,0,0,1,0,0,0,0,1,1
57895,0033800002m2gPUAAY,0.0,0,362.0,3149.0,0,0,0,0,1,0,1,0,0,0,1,0,1
57896,0033800002m2ggDAAQ,0.0,0,2186.0,4102.0,1,0,0,0,0,0,0,0,0,1,0,1,1
57897,0033800002m2gnGAAQ,0.0,100,2272.0,7305.0,0,1,0,0,0,0,0,0,0,1,0,1,1
57902,0033800002m2hLnAAI,0.0,0,1113.0,2980.0,1,0,0,0,0,1,0,0,0,0,1,0,0
57908,0033800002m2iLcAAI,0.0,0,0.0,8834.0,0,0,0,1,0,0,1,0,0,0,0,1,0
57912,0033800002m2iU5AAI,0.0,0,0.0,4450.0,0,0,0,0,1,0,1,0,0,0,1,0,1
57914,0033800002m2iWXAAY,0.0,0,3680.0,7839.0,0,0,0,0,1,0,1,0,0,0,1,0,0
57923,0033800002m2jQSAAY,0.0,0,0.0,2230.0,0,0,0,1,0,1,0,0,0,0,0,1,1
57926,0033800002m2l1JAAQ,0.0,0,0.0,9347.0,0,1,0,0,0,0,1,0,0,0,0,1,0
57927,0033800002m2lTxAAI,0.0,0,278.0,5796.0,0,0,0,1,0,0,1,0,0,0,0,1,1
57931,0033800002m2lUZAAY,0.0,0,0.0,9147.0,1,0,0,0,0,0,1,0,0,0,1,0,1
57937,0033800002m2lUfAAI,0.0,0,712.0,1584.0,0,1,0,0,0,0,1,0,0,0,1,0,1
57941,0033800002m2lUjAAI,0.0,0,52.0,10987.0,0,0,0,1,0,0,1,0,0,0,0,1,0
57944,0033800002m2lUmAAI,0.0,0,0.0,7377.0,0,0,0,0,1,0,1,0,0,0,1,0,1
57963,0033800002m2lVAAAY,0.0,100,87.0,1516.0,0,1,0,0,0,0,1,0,0,0,0,1,0
57978,0033800002m2lbfAAA,0.0,30,8063.0,2145.0,0,0,0,0,1,0,1,0,0,0,0,1,1
57979,0033800002m2lgkAAA,0.0,0,0.0,8044.0,0,0,0,1,0,1,0,0,0,0,0,1,1
57981,0033800002m2my5AAA,0.0,0,0.0,6118.0,0,1,0,0,0,0,1,0,0,0,0,1,1
57983,0033800002m2n7BAAQ,0.0,0,0.0,7312.0,0,0,0,0,1,0,0,0,1,0,0,1,1
57984,0033800002m2nJnAAI,0.0,0,0.0,2192.0,0,1,0,0,0,1,0,0,0,0,0,1,1
57991,0033800002m2o2AAAQ,0.0,0,0.0,8386.0,0,0,0,1,0,0,1,0,0,0,0,1,1
57993,0033800002m2oEVAAY,0.0,0,4324.0,1509.0,1,0,0,0,0,0,0,1,0,0,1,0,1
57995,0033800002m2oLRAAY,0.0,0,0.0,7750.0,0,1,0,0,0,1,0,0,0,0,0,1,1
57996,0033800002m2oN8AAI,0.0,0,0.0,1826.0,0,0,0,1,0,0,0,0,0,1,1,0,1
57999,0033800002m2oUvAAI,0.0,90,405.0,5363.0,1,0,0,0,0,0,1,0,0,0,0,1,1
58000,0033800002m2oVtAAI,0.0,0,0.0,3806.0,1,0,0,0,0,0,1,0,0,0,1,0,1
58007,0033800002m2pIOAAY,0.0,60,1422.0,4028.0,0,0,0,1,0,0,1,0,0,0,0,1,1
58008,0033800002m2pZSAAY,0.0,0,3965.0,1460.0,0,1,0,0,0,0,0,0,1,0,0,1,0
58010,0033800002m2pfQAAQ,0.0,0,0.0,7309.0,0,0,0,0,1,1,0,0,0,0,0,1,1
58011,0033800002m2pjiAAA,0.0,0,0.0,2197.0,0,0,0,1,0,0,1,0,0,0,1,0,1
58012,0033800002m2pveAAA,0.0,0,2367.0,8307.0,0,0,0,0,1,0,0,0,1,0,0,1,1
58013,0033800002m2q1VAAQ,0.0,0,2416.0,2995.0,0,1,0,0,0,0,1,0,0,0,0,1,1
58015,0033800002m2q5IAAQ,0.0,0,0.0,3090.0,0,0,0,1,0,0,1,0,0,0,0,1,1
58016,0033800002m2q91AAA,0.0,0,0.0,1461.0,0,0,0,1,0,0,1,0,0,0,0,1,1
58020,0033800002m2qLGAAY,0.0,0,4201.0,2223.0,0,1,0,0,0,1,0,0,0,0,0,1,0
58021,0033800002m2qPWAAY,0.0,0,0.0,1207.0,0,0,0,1,0,0,1,0,0,0,0,1,0
58023,0033800002m2qmjAAA,0.0,0,0.0,6747.0,0,0,0,1,0,0,0,0,1,0,0,1,1
58024,0033800002m2r5vAAA,0.0,0,5049.0,7307.0,0,0,0,0,1,0,0,1,0,0,0,1,0
58027,0033800002m2rT6AAI,0.0,0,0.0,821.0,1,0,0,0,0,1,0,0,0,0,1,0,0
58029,0033800002m2sM8AAI,0.0,10,11256.0,1461.0,0,0,0,0,1,0,1,0,0,0,1,0,1
58030,0033800002m2shrAAA,0.0,0,0.0,8715.0,0,0,0,0,1,0,1,0,0,0,0,1,1
58038,0033800002m2tn4AAA,0.0,0,0.0,3876.0,0,0,0,1,0,1,0,0,0,0,0,1,0
58039,0033800002m2tovAAA,0.0,0,0.0,7530.0,0,1,0,0,0,0,1,0,0,0,0,1,1
58041,0033800002m2u6rAAA,0.0,90,298.0,5824.0,1,0,0,0,0,0,1,0,0,0,0,1,1
58042,0033800002m2uAPAAY,0.0,100,915.0,1712.0,0,0,0,1,0,0,1,0,0,0,0,1,1
58045,0033800002m2uHkAAI,0.0,0,0.0,2892.0,0,0,0,1,0,0,1,0,0,0,0,1,0
58046,0033800002m2uJCAAY,0.0,0,1543.0,1251.0,0,0,0,1,0,1,0,0,0,0,0,1,0
58048,0033800002m2udlAAA,0.0,0,0.0,10381.0,0,0,0,1,0,0,1,0,0,0,0,1,1
58051,0033800002m2uh4AAA,0.0,0,14813.0,2922.0,0,1,0,0,0,0,1,0,0,0,0,1,0
58052,0033800002m2v5RAAQ,0.0,0,0.0,2192.0,0,0,0,1,0,1,0,0,0,0,0,1,1
58054,0033800002m2vDpAAI,0.0,0,0.0,11700.0,0,0,0,0,1,0,1,0,0,0,0,1,0
58058,0033800002m2vdxAAA,0.0,0,0.0,9159.0,1,0,0,0,0,0,1,0,0,0,1,0,1
58059,0033800002m2vefAAA,0.0,0,0.0,7960.0,0,0,0,1,0,0,0,0,0,1,0,1,1
58062,0033800002m2w4hAAA,0.0,100,1777.0,4067.0,0,1,0,0,0,0,1,0,0,0,0,1,0
58063,0033800002m2wRRAAY,0.0,0,239.0,2737.0,0,1,0,0,0,0,1,0,0,0,0,1,1
58066,0033800002m2wsGAAQ,0.0,0,0.0,1339.0,0,0,0,0,1,0,1,0,0,0,0,1,1
58068,0033800002m2wtiAAA,0.0,60,2995.0,1601.0,0,1,0,0,0,0,1,0,0,0,0,1,1
58071,0033800002m2wzqAAA,0.0,0,0.0,8696.0,0,0,0,1,0,0,1,0,0,0,0,1,1
58072,0033800002m2x00AAA,0.0,0,45.0,2200.0,0,1,0,0,0,0,0,0,1,0,1,0,1
58076,0033800002m2xNZAAY,0.0,0,1256.0,2922.0,0,0,0,1,0,0,0,0,0,1,0,1,1
58077,0033800002mUbbIAAS,0.0,90,0.0,2606.0,0,0,0,1,0,1,0,0,0,0,0,1,1
58078,0033800002mUbdTAAS,0.0,10,544.0,8227.0,1,0,0,0,0,0,1,0,0,0,0,1,1
58081,0033800002mUcAKAA0,0.0,0,1755.0,8171.0,0,1,0,0,0,0,1,0,0,0,1,0,1
58083,0033800002mUcemAAC,0.0,0,0.0,6338.0,0,0,0,1,0,0,1,0,0,0,0,1,1
58085,0033800002mUcj9AAC,0.0,0,8394.0,709.0,0,1,0,0,0,0,0,0,0,1,0,1,0
58088,0033800002mUcjCAAS,0.0,10,760.0,5138.0,0,0,0,1,0,0,0,0,1,0,0,1,0
58089,0033800002mUcjDAAS,0.0,0,3007.0,1857.0,0,0,0,1,0,0,1,0,0,0,0,1,0
58090,0033800002mUcjEAAS,0.0,60,2331.0,1753.0,1,0,0,0,0,0,1,0,0,0,0,1,1
58091,0033800002mUcjFAAS,0.0,0,0.0,2922.0,0,0,0,1,0,1,0,0,0,0,0,1,0
58105,0033800002mUcjTAAS,0.0,0,10711.0,1468.0,0,0,1,0,0,0,0,0,0,1,0,1,0
58106,0033800002mUcjUAAS,0.0,0,6527.0,1512.0,0,1,0,0,0,0,0,0,1,0,0,1,0
58107,0033800002mUcjVAAS,0.0,0,0.0,1235.0,0,0,0,1,0,0,1,0,0,0,0,1,0
58109,0033800002mUcjXAAS,0.0,30,1797.0,3157.0,0,1,0,0,0,0,1,0,0,0,0,1,1
58110,0033800002mUcoEAAS,0.0,70,0.0,4849.0,1,0,0,0,0,0,1,0,0,0,0,1,1
58112,0033800002mUd9DAAS,0.0,0,0.0,4920.0,0,0,0,1,0,0,1,0,0,0,0,1,1
58113,0033800002mUdE3AAK,0.0,40,5210.0,2119.0,0,1,0,0,0,0,1,0,0,0,1,0,0
58114,0033800002mUdZzAAK,0.0,0,0.0,3108.0,0,0,0,1,0,0,0,0,1,0,0,1,1
58115,0033800002mUdn2AAC,0.0,100,1546.0,3359.0,1,0,0,0,0,0,1,0,0,0,0,1,1
58117,0033800002mUdr9AAC,0.0,0,0.0,7433.0,0,0,0,1,0,0,1,0,0,0,0,1,0
58121,0033800002mUeJYAA0,0.0,0,568.0,6310.0,0,0,0,1,0,0,0,0,0,1,0,1,0
58129,0033800002mUex3AAC,0.0,0,0.0,7308.0,0,1,0,0,0,0,1,0,0,0,1,0,0
58132,0033800002mUfTxAAK,0.0,0,3427.0,3214.0,1,0,0,0,0,0,1,0,0,0,0,1,0
58134,0033800002mUfZbAAK,0.0,0,3937.0,1461.0,0,0,0,0,1,0,0,0,0,1,1,0,1
58138,0033800002mUgCnAAK,0.0,0,468.0,5467.0,0,0,0,0,1,0,1,0,0,0,1,0,0
58142,0033800002mUgHOAA0,0.0,80,0.0,2618.0,0,0,0,1,0,0,1,0,0,0,0,1,1
58145,0033800002mUgOeAAK,0.0,90,4434.0,1438.0,0,1,0,0,0,0,1,0,0,0,0,1,1
58147,0033800002mUhBqAAK,0.0,0,12.0,2403.0,0,0,0,1,0,1,0,0,0,0,1,0,0
58151,0033800002mUhEhAAK,0.0,0,11.0,267.0,0,1,0,0,0,0,1,0,0,0,0,1,1
58153,0033800002mUhHMAA0,0.0,0,5076.0,1618.0,0,1,0,0,0,0,0,0,1,0,0,1,1
58154,0033800002mUhHvAAK,0.0,0,0.0,5123.0,0,0,0,1,0,0,1,0,0,0,0,1,1
58155,0033800002mUhIGAA0,0.0,0,1450.0,2679.0,0,0,0,1,0,0,1,0,0,0,0,1,0
58156,0033800002mUhJpAAK,0.0,0,7.0,1820.0,0,0,0,1,0,1,0,0,0,0,0,1,1
58157,0033800002mUhS6AAK,0.0,0,0.0,4280.0,0,0,0,1,0,0,0,0,1,0,1,0,1
58168,0033800002mUi0lAAC,0.0,0,0.0,11101.0,1,0,0,0,0,0,1,0,0,0,0,1,1
58170,0033800002mUi3tAAC,0.0,0,0.0,7700.0,0,0,0,0,1,1,0,0,0,0,1,0,1
58171,0033800002mUi58AAC,0.0,100,10775.0,1488.0,0,1,0,0,0,0,1,0,0,0,1,0,0
58172,0033800002mUi5NAAS,0.0,0,4854.0,1711.0,0,0,0,0,1,0,0,0,0,1,1,0,1
58173,0033800002mUi7fAAC,0.0,0,0.0,7318.0,0,1,0,0,0,1,0,0,0,0,0,1,1
58174,0033800002mUi8YAAS,0.0,0,0.0,7499.0,0,1,0,0,0,0,0,0,1,0,0,1,1
58177,0033800002mUiJEAA0,0.0,0,0.0,7332.0,0,0,0,0,1,0,0,0,0,1,0,1,0
58179,0033800002mUiXmAAK,0.0,0,0.0,3223.0,0,0,0,1,0,0,0,0,0,1,0,1,1
58180,0033800002mUigHAAS,0.0,0,0.0,611.0,1,0,0,0,0,0,1,0,0,0,0,1,1
58181,0033800002mUjBbAAK,0.0,0,0.0,11024.0,0,0,0,1,0,0,0,0,0,1,0,1,1
58182,0033800002mUjEsAAK,0.0,0,0.0,11030.0,1,0,0,0,0,0,1,0,0,0,0,1,1
58185,0033800002mUjPSAA0,0.0,0,0.0,5103.0,0,0,0,1,0,0,1,0,0,0,0,1,0
58187,0033800002mUjcqAAC,0.0,0,260.0,5479.0,0,0,0,1,0,1,0,0,0,0,0,1,1
58191,0033800002mUjvIAAS,0.0,0,0.0,1907.0,0,1,0,0,0,0,0,0,1,0,0,1,1
58192,0033800002mUk2GAAS,0.0,0,1905.0,1223.0,0,1,0,0,0,0,1,0,0,0,0,1,0
58193,0033800002mUk5FAAS,0.0,0,0.0,7288.0,0,0,0,1,0,0,1,0,0,0,0,1,1
58196,0033800002mUkfEAAS,0.0,0,1550.0,1403.0,0,0,0,0,1,0,1,0,0,0,0,1,1
58197,0033800002mUkfnAAC,0.0,0,12023.0,1457.0,0,0,0,1,0,0,0,0,0,1,0,1,1
58198,0033800002mUkggAAC,0.0,0,0.0,7313.0,0,0,0,0,1,0,0,0,0,1,0,1,1
58199,0033800002mUkh0AAC,0.0,0,1145.0,2191.0,0,0,0,1,0,0,0,0,0,1,1,0,0
58202,0033800002mUlBDAA0,0.0,0,0.0,8906.0,1,0,0,0,0,0,0,0,0,1,0,1,1
58203,0033800002mUlDYAA0,0.0,0,0.0,3208.0,0,0,0,1,0,0,0,0,0,1,0,1,0
58206,0033800002mUlQAAA0,0.0,0,0.0,9871.0,0,0,0,0,1,0,1,0,0,0,0,1,1
58211,0033800002mUlS0AAK,0.0,0,9976.0,822.0,0,0,0,1,0,0,1,0,0,0,0,1,1
58212,0033800002mUlS1AAK,0.0,0,0.0,7321.0,0,1,0,0,0,0,0,0,0,1,0,1,1
58213,0033800002mUlS2AAK,0.0,0,0.0,2690.0,0,0,0,1,0,0,0,0,0,1,1,0,1
58217,0033800002mUlS6AAK,0.0,70,2352.0,2921.0,0,1,0,0,0,1,0,0,0,0,0,1,0
58219,0033800002mUlS8AAK,0.0,70,1677.0,1460.0,0,0,0,1,0,0,0,0,1,0,0,1,0
58223,0033800002mUlSCAA0,0.0,0,0.0,4079.0,0,0,0,1,0,0,1,0,0,0,0,1,0
58224,0033800002mUlSDAA0,0.0,100,150.0,7332.0,1,0,0,0,0,1,0,0,0,0,0,1,1
58229,0033800002mUmALAA0,0.0,0,394.0,7319.0,1,0,0,0,0,0,0,0,0,1,0,1,0
58230,0033800002mUmAuAAK,0.0,90,259.0,1400.0,0,0,0,1,0,0,1,0,0,0,0,1,1
58232,0033800002mUmGTAA0,0.0,0,1874.0,1522.0,0,1,0,0,0,0,0,0,1,0,0,1,1
58239,0033800002mUmwtAAC,0.0,0,3706.0,4525.0,0,0,1,0,0,0,1,0,0,0,1,0,0
58242,0033800002mUnEHAA0,0.0,0,0.0,6047.0,0,0,0,1,0,0,1,0,0,0,0,1,1
58244,0033800002mUnHBAA0,0.0,0,0.0,2190.0,1,0,0,0,0,1,0,0,0,0,0,1,1
58246,0033800002mUnHpAAK,0.0,0,0.0,14311.0,0,0,0,0,1,0,1,0,0,0,1,0,1
58247,0033800002mUnJgAAK,0.0,80,2023.0,1831.0,0,0,0,1,0,0,1,0,0,0,0,1,1
58248,0033800002mUnMVAA0,0.0,0,0.0,2192.0,0,0,0,1,0,0,0,0,0,1,0,1,1
58249,0033800002mUnT7AAK,0.0,60,879.0,7866.0,0,0,0,0,1,0,0,0,0,1,1,0,1
58250,0033800002mUnUeAAK,0.0,0,0.0,2190.0,0,0,0,1,0,0,0,0,0,1,1,0,1
58251,0033800002mUnV8AAK,0.0,90,29.0,4485.0,1,0,0,0,0,0,1,0,0,0,1,0,1
58254,0033800002mUna3AAC,0.0,0,515.0,6140.0,0,0,0,1,0,0,1,0,0,0,0,1,1
58255,0033800002mUnbkAAC,0.0,0,0.0,1249.0,0,0,0,1,0,0,1,0,0,0,0,1,1
58256,0033800002mUnfWAAS,0.0,0,0.0,7309.0,1,0,0,0,0,0,0,0,0,1,0,1,0
58265,0033800002mUpXsAAK,0.0,70,517.0,7332.0,0,0,0,0,1,0,0,0,0,1,1,0,0
58269,0033800002mUpbtAAC,0.0,0,0.0,7559.0,1,0,0,0,0,1,0,0,0,0,0,1,0
58271,0033800002mUpqSAAS,0.0,0,0.0,7474.0,0,0,0,0,1,0,1,0,0,0,0,1,1
58272,0033800002mUpsdAAC,0.0,90,2603.0,1118.0,0,0,0,1,0,0,1,0,0,0,1,0,0
58273,0033800002mUqCtAAK,0.0,0,1458.0,7594.0,0,1,0,0,0,0,0,0,1,0,1,0,1
58275,0033800002mUqazAAC,0.0,0,0.0,5461.0,1,0,0,0,0,1,0,0,0,0,0,1,1
58276,0033800002mUqdAAAS,0.0,0,3436.0,7547.0,0,0,0,0,1,1,0,0,0,0,0,1,1
58277,0033800002mUqgjAAC,0.0,0,6421.0,7334.0,0,0,0,1,0,0,1,0,0,0,0,1,0
58278,0033800002mUqqsAAC,0.0,0,0.0,7156.0,0,1,0,0,0,0,1,0,0,0,0,1,1
58279,0033800002mUqyNAAS,0.0,0,2253.0,4383.0,0,0,0,0,1,0,0,0,0,1,0,1,1
58280,0033800002mUr1HAAS,0.0,0,9547.0,1223.0,0,1,0,0,0,0,1,0,0,0,0,1,0
58285,0033800002mUrHUAA0,0.0,0,760.0,8066.0,0,0,0,1,0,0,1,0,0,0,1,0,1
58288,0033800002mUradAAC,0.0,0,0.0,10100.0,1,0,0,0,0,0,1,0,0,0,0,1,1
58290,0033800002mUs49AAC,0.0,0,0.0,1853.0,0,0,0,1,0,0,1,0,0,0,0,1,1
58293,0033800002mUskGAAS,0.0,0,0.0,3947.0,0,1,0,0,0,0,1,0,0,0,0,1,1
58294,0033800002mUsufAAC,0.0,0,12460.0,1461.0,1,0,0,0,0,0,0,0,0,1,0,1,0
58300,0033800002mUtTEAA0,0.0,0,0.0,2190.0,0,1,0,0,0,1,0,0,0,0,1,0,1
58302,0033800002mUthpAAC,0.0,0,0.0,8500.0,0,1,0,0,0,1,0,0,0,0,1,0,0
58305,0033800002mUtmfAAC,0.0,0,0.0,1736.0,1,0,0,0,0,0,0,0,0,1,1,0,1
58307,0033800002mUtyrAAC,0.0,0,203.0,5173.0,1,0,0,0,0,0,0,0,0,1,0,1,1
58311,0033800002mUu7QAAS,0.0,0,3352.0,2547.0,0,0,0,0,1,0,0,0,0,1,0,1,1
58316,0033800002mUuLxAAK,0.0,30,4276.0,2192.0,0,1,0,0,0,1,0,0,0,0,0,1,0
58326,0033800002mUwEhAAK,0.0,0,1043.0,2191.0,0,1,0,0,0,1,0,0,0,0,1,0,1
58328,0033800002mUwaAAAS,0.0,0,5897.0,1460.0,0,1,0,0,0,0,1,0,0,0,0,1,1
58331,0033800002mUwqeAAC,0.0,0,0.0,10599.0,0,1,0,0,0,0,1,0,0,0,0,1,0
58333,0033800002mUwz2AAC,0.0,100,1011.0,3946.0,0,0,0,1,0,0,0,0,1,0,1,0,1
58335,0033800002mUxUeAAK,0.0,0,0.0,7315.0,1,0,0,0,0,0,1,0,0,0,0,1,1
58337,0033800002mUxfrAAC,0.0,0,1106.0,3816.0,0,0,0,1,0,0,1,0,0,0,0,1,1
58338,0033800002mUxmxAAC,0.0,0,0.0,11297.0,0,0,0,0,1,0,1,0,0,0,0,1,1
58340,0033800002mUxrEAAS,0.0,0,0.0,9513.0,0,0,0,1,0,0,1,0,0,0,0,1,0
58341,0033800002mUyAVAA0,0.0,0,0.0,5461.0,0,1,0,0,0,1,0,0,0,0,1,0,1
58344,0033800002mUyD0AAK,0.0,0,0.0,2192.0,1,0,0,0,0,1,0,0,0,0,0,1,0
58345,0033800002mUyEXAA0,0.0,0,0.0,8993.0,0,1,0,0,0,0,0,0,1,0,0,1,0
58347,0033800002mUyJmAAK,0.0,0,399.0,1432.0,0,1,0,0,0,0,1,0,0,0,0,1,1
58350,0033800002mUycgAAC,0.0,0,4600.0,1487.0,1,0,0,0,0,0,1,0,0,0,0,1,0
58356,0033800002mUyyYAAS,0.0,0,0.0,8407.0,1,0,0,0,0,1,0,0,0,0,0,1,0
58359,0033800002mUzI6AAK,0.0,0,0.0,9755.0,0,0,0,1,0,0,1,0,0,0,0,1,0
58363,0033800002mV0YfAAK,0.0,30,1305.0,1159.0,0,0,0,1,0,0,0,0,1,0,1,0,1
58375,0033800002mV2NxAAK,0.0,0,0.0,7326.0,0,1,0,0,0,1,0,0,0,0,0,1,1
58386,0033800002mV2o3AAC,0.0,0,0.0,5858.0,0,0,0,0,1,0,1,0,0,0,0,1,0
58392,0033800002mV3OoAAK,0.0,0,0.0,7221.0,0,0,0,0,1,0,1,0,0,0,0,1,1
58394,0033800002mV3gPAAS,0.0,30,1427.0,12333.0,0,0,0,0,1,1,0,0,0,0,0,1,1
58402,0033800002mV4jWAAS,0.0,0,0.0,10597.0,0,0,0,1,0,0,1,0,0,0,0,1,0
58406,0033800002mV574AAC,0.0,0,0.0,8772.0,0,1,0,0,0,1,0,0,0,0,0,1,1
58407,0033800002mV58HAAS,0.0,0,5750.0,2587.0,0,0,0,0,1,0,0,0,0,1,0,1,0
58410,0033800002mV5TvAAK,0.0,50,1335.0,8049.0,1,0,0,0,0,0,1,0,0,0,1,0,0
58414,0033800002mV5lJAAS,0.0,0,0.0,1825.0,0,0,0,1,0,1,0,0,0,0,0,1,0
58420,0033800002mV68WAAS,0.0,80,58.0,3963.0,0,0,0,1,0,0,0,0,1,0,0,1,0
58423,0033800002mV6cjAAC,0.0,0,0.0,5668.0,0,1,0,0,0,0,0,0,0,1,0,1,0
58425,0033800002mV6eGAAS,0.0,0,442.0,1375.0,0,0,0,1,0,0,0,0,0,1,0,1,0
58426,0033800002mV6k9AAC,0.0,0,0.0,15082.0,0,1,0,0,0,0,1,0,0,0,0,1,1
58427,0033800002mV6lIAAS,0.0,0,0.0,9074.0,0,1,0,0,0,1,0,0,0,0,1,0,0
58428,0033800002mV6niAAC,0.0,0,432.0,4218.0,0,0,0,1,0,0,0,0,1,0,0,1,1
58430,0033800002mV7CPAA0,0.0,0,2095.0,965.0,0,0,0,0,1,0,1,0,0,0,1,0,1
58433,0033800002mV7O6AAK,0.0,0,0.0,3211.0,0,0,0,0,1,1,0,0,0,0,0,1,1
58434,0033800002mV7QRAA0,0.0,0,0.0,3983.0,0,0,0,1,0,0,1,0,0,0,0,1,0
58435,0033800002mV7X2AAK,0.0,60,747.0,8989.0,0,0,0,0,1,1,0,0,0,0,1,0,1
58436,0033800002mV7Z8AAK,0.0,0,0.0,2042.0,0,1,0,0,0,0,1,0,0,0,0,1,1
58438,0033800002mV7uxAAC,0.0,0,531.0,1460.0,0,0,0,1,0,0,0,0,1,0,0,1,0
58441,0033800002mV9ByAAK,0.0,0,0.0,4464.0,0,1,0,0,0,0,1,0,0,0,0,1,1
58442,0033800002mV9VIAA0,0.0,0,0.0,3561.0,0,0,0,1,0,0,0,0,0,1,0,1,1
58455,0033800002mV9aPAAS,0.0,60,1722.0,239.0,0,0,0,1,0,0,1,0,0,0,0,1,0
58458,0033800002mV9aSAAS,0.0,80,2036.0,7822.0,0,0,0,0,1,0,1,0,0,0,1,0,1
58469,0033800002mV9aeAAC,0.0,90,209.0,8858.0,1,0,0,0,0,0,1,0,0,0,1,0,0
58471,0033800002mV9agAAC,0.0,0,30.0,9491.0,1,0,0,0,0,0,1,0,0,0,0,1,0
58478,0033800002mV9apAAC,0.0,0,60.0,1270.0,0,0,0,1,0,0,1,0,0,0,1,0,0
58498,0033800002mV9bBAAS,0.0,0,0.0,12885.0,0,0,0,0,1,0,1,0,0,0,0,1,0
58499,0033800002mV9bCAAS,0.0,0,59.0,4018.0,0,1,0,0,0,0,1,0,0,0,0,1,1
58526,0033800002mV9sPAAS,0.0,0,0.0,7319.0,1,0,0,0,0,0,1,0,0,0,0,1,1
58527,0033800002mVA2jAAG,0.0,0,408.0,3306.0,1,0,0,0,0,0,1,0,0,0,0,1,1
58531,0033800002mVAmKAAW,0.0,0,0.0,2559.0,0,0,0,1,0,0,1,0,0,0,0,1,0
58533,0033800002mVAzaAAG,0.0,0,0.0,8066.0,0,1,0,0,0,0,1,0,0,0,0,1,1
58539,0033800002mVCOhAAO,0.0,0,0.0,7780.0,1,0,0,0,0,1,0,0,0,0,1,0,1
58540,0033800002mVCP6AAO,0.0,0,6503.0,2435.0,0,1,0,0,0,0,1,0,0,0,1,0,0
58542,0033800002mVCjXAAW,0.0,0,0.0,9541.0,0,0,0,0,1,0,0,0,0,1,0,1,1
58544,0033800002mVCvQAAW,0.0,100,0.0,4266.0,1,0,0,0,0,0,0,0,0,1,0,1,1
58552,0033800002mVDebAAG,0.0,0,0.0,7316.0,1,0,0,0,0,0,1,0,0,0,1,0,1
58557,0033800002mVE0VAAW,0.0,0,649.0,1761.0,0,1,0,0,0,0,1,0,0,0,0,1,1
58558,0033800002mVEGDAA4,0.0,0,913.0,1461.0,1,0,0,0,0,0,0,0,0,1,1,0,1
58560,0033800002mVErpAAG,0.0,0,10201.0,2191.0,1,0,0,0,0,0,0,0,0,1,0,1,1
58565,0033800002mVFHKAA4,0.0,0,0.0,4798.0,0,0,0,1,0,0,1,0,0,0,0,1,1
58568,0033800002mVFU7AAO,0.0,0,0.0,7426.0,0,0,0,1,0,0,0,0,1,0,0,1,1
58570,0033800002mVFWmAAO,0.0,0,0.0,1462.0,0,1,0,0,0,0,0,0,0,1,0,1,1
58574,0033800002mVFjNAAW,0.0,0,0.0,2425.0,0,0,0,0,1,0,0,0,0,1,0,1,1
58575,0033800002mVFmIAAW,0.0,0,3640.0,4137.0,0,0,0,0,1,0,1,0,0,0,0,1,1
58579,0033800002mVG6hAAG,0.0,20,3878.0,2343.0,0,0,0,0,1,1,0,0,0,0,0,1,0
58580,0033800002mVGAhAAO,0.0,90,2589.0,4752.0,0,0,0,1,0,0,1,0,0,0,1,0,1
58581,0033800002mVGCDAA4,0.0,0,0.0,10803.0,0,0,0,0,1,0,1,0,0,0,0,1,1
58586,0033800002mVGIZAA4,0.0,0,3668.0,2941.0,0,1,0,0,0,0,0,0,1,0,0,1,1
58587,0033800002mVGIjAAO,0.0,0,2492.0,1474.0,0,0,0,0,1,0,1,0,0,0,0,1,0
58589,0033800002mVGM0AAO,0.0,0,0.0,7806.0,0,0,0,0,1,0,1,0,0,0,0,1,1
58592,0033800002mVGQUAA4,0.0,0,0.0,7190.0,0,0,0,0,1,0,0,0,0,1,0,1,0
58594,0033800002mVGSBAA4,0.0,0,0.0,8220.0,0,0,0,0,1,0,1,0,0,0,1,0,1
58595,0033800002mVGUMAA4,0.0,0,0.0,7388.0,0,0,0,1,0,0,1,0,0,0,0,1,0
58596,0033800002mVGujAAG,0.0,0,0.0,13913.0,0,1,0,0,0,0,1,0,0,0,0,1,1
58597,0033800002mVHEmAAO,0.0,0,9196.0,1827.0,0,0,0,1,0,1,0,0,0,0,0,1,0
58607,0033800002mVIcNAAW,0.0,70,3873.0,8387.0,0,0,0,0,1,0,1,0,0,0,0,1,0
58608,0033800002mVIyWAAW,0.0,0,434.0,1226.0,1,0,0,0,0,1,0,0,0,0,0,1,1
58610,0033800002mVJBWAA4,0.0,0,335.0,2192.0,1,0,0,0,0,0,0,0,0,1,1,0,1
58612,0033800002mVJJ1AAO,0.0,0,7146.0,1520.0,0,1,0,0,0,0,0,0,1,0,0,1,1
58616,0033800002mVJhcAAG,0.0,50,2572.0,2594.0,0,0,0,0,1,0,0,0,1,0,1,0,0
58617,0033800002mVJkNAAW,0.0,0,1260.0,2068.0,1,0,0,0,0,0,1,0,0,0,1,0,0
58618,0033800002mVJpNAAW,0.0,0,0.0,8429.0,0,0,0,1,0,0,1,0,0,0,0,1,1
58624,0033800002mVK1cAAG,0.0,40,922.0,7333.0,0,1,0,0,0,0,1,0,0,0,0,1,1
58625,0033800002mVK1dAAG,0.0,0,30.0,1096.0,0,0,0,1,0,0,1,0,0,0,0,1,0
58627,0033800002mVK1fAAG,0.0,0,5029.0,1613.0,0,1,0,0,0,0,0,0,0,1,0,1,1
58628,0033800002mVK1gAAG,0.0,20,15954.0,0.0,0,0,0,0,1,0,1,0,0,0,0,1,1
58630,0033800002mVK1iAAG,0.0,0,1255.0,3104.0,0,0,0,1,0,0,0,0,1,0,0,1,1
58631,0033800002mVK1jAAG,0.0,0,5701.0,1461.0,0,1,0,0,0,0,0,0,0,1,0,1,0
58632,0033800002mVK1kAAG,0.0,0,4707.0,5115.0,0,1,0,0,0,0,0,0,0,1,0,1,1
58634,0033800002mVK1mAAG,0.0,0,0.0,7330.0,0,0,0,1,0,0,0,0,0,1,0,1,1
58635,0033800002mVK1nAAG,0.0,100,935.0,5585.0,0,1,0,0,0,0,1,0,0,0,1,0,0
58637,0033800002mVK1pAAG,0.0,20,8176.0,1316.0,0,1,0,0,0,0,0,0,0,1,0,1,0
58647,0033800002mVKYLAA4,0.0,0,10515.0,1195.0,0,1,0,0,0,1,0,0,0,0,1,0,1
58649,0033800002mVKl3AAG,0.0,0,0.0,7305.0,0,0,0,0,1,0,1,0,0,0,0,1,1
58650,0033800002mVKx2AAG,0.0,0,0.0,1460.0,0,0,0,1,0,0,0,0,1,0,0,1,0
58653,0033800002mVL4XAAW,0.0,0,3449.0,2921.0,0,0,0,0,1,1,0,0,0,0,1,0,0
58654,0033800002mVLOoAAO,0.0,0,0.0,7341.0,0,1,0,0,0,0,0,0,1,0,0,1,0
58655,0033800002mVLPNAA4,0.0,0,0.0,8067.0,0,0,0,0,1,0,1,0,0,0,0,1,1
58656,0033800002mVLgDAAW,0.0,70,3286.0,7305.0,0,1,0,0,0,0,0,0,0,1,0,1,0
58660,0033800002mVMEMAA4,0.0,0,0.0,7218.0,0,0,0,1,0,0,1,0,0,0,0,1,1
58661,0033800002mVMKEAA4,0.0,0,0.0,7533.0,0,0,0,0,1,1,0,0,0,0,0,1,1
58663,0033800002mVMTaAAO,0.0,0,0.0,8126.0,0,1,0,0,0,1,0,0,0,0,0,1,1
58665,0033800002mVMYaAAO,0.0,0,0.0,9876.0,0,0,0,0,1,0,1,0,0,0,0,1,1
58667,0033800002mVMhdAAG,0.0,0,0.0,7331.0,0,0,1,0,0,0,1,0,0,0,0,1,1
58669,0033800002mVMnvAAG,0.0,0,668.0,1671.0,0,0,0,1,0,0,1,0,0,0,0,1,0
58671,0033800002mVN57AAG,0.0,0,204.0,3506.0,0,0,0,1,0,0,1,0,0,0,0,1,1
58673,0033800002mVNLUAA4,0.0,40,1077.0,2206.0,0,1,0,0,0,1,0,0,0,0,0,1,1
58674,0033800002mnRBrAAM,0.0,0,0.0,7130.0,0,0,0,1,0,1,0,0,0,0,0,1,1
58675,0033800002mnRnpAAE,0.0,0,0.0,8778.0,0,0,0,1,0,0,1,0,0,0,0,1,1
58676,0033800002mnSYqAAM,0.0,0,3917.0,2527.0,0,1,0,0,0,1,0,0,0,0,0,1,1
58678,0033800002mnT9DAAU,0.0,90,888.0,10341.0,0,1,0,0,0,1,0,0,0,0,0,1,1
58682,0033800002mnTyVAAU,0.0,0,8903.0,249.0,0,0,0,1,0,0,1,0,0,0,0,1,0
58683,0033800002mnU9PAAU,0.0,0,0.0,3370.0,0,1,0,0,0,0,0,0,0,1,1,0,0
58685,0033800002mnUGWAA2,0.0,0,0.0,2916.0,0,1,0,0,0,1,0,0,0,0,0,1,1
58690,0033800002mnV2pAAE,0.0,0,0.0,4686.0,0,1,0,0,0,0,1,0,0,0,0,1,0
58691,0033800002mnV8dAAE,0.0,0,0.0,2414.0,0,0,0,1,0,0,1,0,0,0,1,0,0
58693,0033800002mnVCzAAM,0.0,0,819.0,1827.0,0,0,0,1,0,0,0,0,1,0,0,1,0
58696,0033800002mnVRKAA2,0.0,0,0.0,6097.0,0,0,0,1,0,0,1,0,0,0,0,1,1
58701,0033800002mnVoIAAU,0.0,0,0.0,1680.0,0,0,0,1,0,0,0,0,1,0,0,1,1
58702,0033800002mnW55AAE,0.0,0,0.0,4761.0,1,0,0,0,0,0,0,0,0,1,0,1,0
58703,0033800002mnW9bAAE,0.0,100,774.0,8463.0,0,0,0,1,0,0,1,0,0,0,1,0,0
58710,0033800002mnWmBAAU,0.0,30,297.0,2922.0,0,0,0,1,0,0,0,0,0,1,0,1,1
58711,0033800002mnWoCAAU,0.0,0,0.0,7304.0,0,0,0,1,0,0,1,0,0,0,0,1,1
58712,0033800002mnWrQAAU,0.0,80,619.0,2783.0,0,0,0,1,0,0,1,0,0,0,0,1,1
58713,0033800002mnWraAAE,0.0,0,0.0,8040.0,1,0,0,0,0,1,0,0,0,0,0,1,1
58714,0033800002mnWtnAAE,0.0,0,25.0,1459.0,0,0,0,1,0,0,1,0,0,0,0,1,1
58715,0033800002mnWu2AAE,0.0,0,0.0,7309.0,0,0,0,0,1,0,1,0,0,0,0,1,0
58716,0033800002mnWveAAE,0.0,0,0.0,7325.0,0,0,0,1,0,0,1,0,0,0,0,1,0
58717,0033800002mnWvjAAE,0.0,100,2311.0,1367.0,0,0,0,1,0,0,0,0,1,0,0,1,0
58718,0033800002mnWzMAAU,0.0,0,13763.0,1095.0,0,0,0,1,0,0,1,0,0,0,0,1,0
58719,0033800002mnX2zAAE,0.0,0,17541.0,1434.0,0,0,1,0,0,0,0,0,0,1,0,1,0
58721,0033800002mnXSFAA2,0.0,100,423.0,5827.0,0,0,0,1,0,0,1,0,0,0,0,1,1
58722,0033800002mnXcGAAU,0.0,0,42.0,7216.0,0,0,0,0,1,0,0,0,1,0,0,1,1
58723,0033800002mnXevAAE,0.0,0,0.0,2516.0,0,0,0,1,0,0,1,0,0,0,0,1,1
58724,0033800002mnXiYAAU,0.0,0,0.0,7700.0,0,0,0,1,0,0,0,0,1,0,0,1,1
58730,0033800002mnYHIAA2,0.0,0,0.0,3706.0,1,0,0,0,0,0,1,0,0,0,0,1,0
58734,0033800002mnYTOAA2,0.0,0,8841.0,1460.0,0,1,0,0,0,0,1,0,0,0,0,1,0
58739,0033800002mnZL6AAM,0.0,30,1411.0,1827.0,0,0,0,1,0,0,1,0,0,0,0,1,0
58742,0033800002mnafgAAA,0.0,0,171.0,2998.0,0,0,0,1,0,1,0,0,0,0,0,1,1
58743,0033800002mnafjAAA,0.0,10,12687.0,1825.0,0,1,0,0,0,0,0,0,0,1,0,1,0
58745,0033800002mnaflAAA,0.0,0,5136.0,7242.0,1,0,0,0,0,1,0,0,0,0,0,1,1
58746,0033800002mnafnAAA,0.0,30,3667.0,1460.0,0,0,0,1,0,0,0,0,1,0,0,1,1
58748,0033800002mnafpAAA,0.0,0,2548.0,7325.0,0,0,0,0,1,0,0,0,0,1,0,1,1
58749,0033800002mnafqAAA,0.0,0,7975.0,1461.0,0,1,0,0,0,0,0,0,1,0,0,1,1
58750,0033800002mnafrAAA,0.0,0,16177.0,1450.0,0,1,0,0,0,0,0,0,0,1,0,1,1
58751,0033800002mnafsAAA,0.0,20,639.0,8224.0,0,0,0,0,1,0,0,0,0,1,0,1,1
58752,0033800002mnafuAAA,0.0,0,0.0,11027.0,0,0,0,1,0,0,0,0,0,1,0,1,1
58753,0033800002mnajYAAQ,0.0,10,523.0,3974.0,0,1,0,0,0,0,0,0,0,1,0,1,0
58755,0033800002mnakqAAA,0.0,0,0.0,7058.0,0,0,0,1,0,0,1,0,0,0,0,1,1
58757,0033800002mnaulAAA,0.0,0,2197.0,7002.0,0,0,0,1,0,1,0,0,0,0,0,1,1
58765,0033800002mncAiAAI,0.0,70,1635.0,2319.0,1,0,0,0,0,1,0,0,0,0,0,1,0
58769,0033800002mncC5AAI,0.0,0,0.0,3762.0,0,0,0,1,0,0,1,0,0,0,0,1,0
58770,0033800002mncCUAAY,0.0,0,0.0,8650.0,0,0,0,1,0,0,1,0,0,0,0,1,0
58774,0033800002mncXRAAY,0.0,80,0.0,3558.0,0,1,0,0,0,0,1,0,0,0,0,1,0
58776,0033800002mncfVAAQ,0.0,90,371.0,5480.0,0,0,0,1,0,1,0,0,0,0,0,1,0
58781,0033800002mndfpAAA,0.0,50,3188.0,1310.0,0,0,0,1,0,0,1,0,0,0,0,1,1
58782,0033800002mndoDAAQ,0.0,0,0.0,8421.0,0,1,0,0,0,0,1,0,0,0,1,0,1
58783,0033800002mndwPAAQ,0.0,70,8165.0,4068.0,0,0,0,1,0,1,0,0,0,0,0,1,1
58784,0033800002mne6oAAA,0.0,0,36.0,608.0,0,0,0,1,0,1,0,0,0,0,1,0,1
58788,0033800002mneWYAAY,0.0,0,0.0,7432.0,0,1,0,0,0,0,0,0,0,1,0,1,1
58792,0033800002mneqVAAQ,0.0,0,0.0,11810.0,0,0,0,0,1,1,0,0,0,0,0,1,0
58794,0033800002mnf5rAAA,0.0,0,0.0,10571.0,0,0,0,0,1,0,0,0,0,1,1,0,1
58795,0033800002mnfBRAAY,0.0,0,3883.0,2922.0,1,0,0,0,0,0,0,0,0,1,0,1,0
58800,0033800002mnfo2AAA,0.0,0,0.0,1460.0,0,1,0,0,0,0,1,0,0,0,0,1,1
58805,0033800002n4UDNAA2,0.0,0,0.0,9507.0,0,0,0,1,0,0,0,0,0,1,0,1,1
58958,0033800002n4Ue9AAE,0.0,0,1626.0,3446.0,0,0,0,1,0,0,1,0,0,0,0,1,0
59034,0033800002n4UfZAAU,0.0,60,3534.0,7675.0,0,0,0,0,1,0,0,1,0,0,0,1,0
59105,0033800002n4UkLAAU,0.0,0,4041.0,1372.0,0,1,0,0,0,0,0,0,1,0,0,1,0
59106,0033800002n4UmvAAE,0.0,0,14.0,11238.0,1,0,0,0,0,0,1,0,0,0,0,1,1
59110,0033800002n4V3NAAU,0.0,0,4820.0,1461.0,1,0,0,0,0,0,0,0,1,0,0,1,0
59112,0033800002n4VGbAAM,0.0,0,409.0,1460.0,0,0,0,1,0,0,0,0,0,1,1,0,1
59137,0033800002n4WZ6AAM,0.0,0,189.0,2517.0,0,0,0,0,1,0,0,0,0,1,1,0,1
59144,0033800002n4WZEAA2,0.0,0,5.0,9620.0,0,0,0,0,1,0,0,0,0,1,0,1,0
59151,0033800002n4WZMAA2,0.0,0,157.0,6990.0,0,0,0,0,1,0,0,0,0,1,1,0,0
59154,0033800002n4WZPAA2,0.0,0,4753.0,1843.0,0,1,0,0,0,1,0,0,0,0,0,1,0
59159,0033800002n4WZUAA2,0.0,0,12.0,1476.0,0,0,0,1,0,0,0,0,1,0,0,1,1
59165,0033800002n4WZbAAM,0.0,0,43.0,7315.0,0,0,0,0,1,0,0,0,0,1,0,1,0
59171,0033800002n4WZiAAM,0.0,0,110.0,1860.0,0,0,0,1,0,0,0,0,0,1,1,0,0
59172,0033800002n4WZjAAM,0.0,0,96.0,1873.0,1,0,0,0,0,0,0,0,0,1,1,0,1
59178,0033800002n4WZqAAM,0.0,0,4371.0,1461.0,0,0,0,0,1,1,0,0,0,0,1,0,0
59188,0033800002n4Wa4AAE,0.0,30,3018.0,3804.0,0,1,0,0,0,0,0,0,0,1,0,1,1
59193,0033800002n4Wy9AAE,0.0,50,1882.0,9304.0,0,0,0,1,0,1,0,0,0,0,1,0,0
59194,0033800002n4X1cAAE,0.0,0,9233.0,4731.0,0,0,0,1,0,0,1,0,0,0,0,1,0
59195,0033800002n4X3JAAU,0.0,70,2074.0,1826.0,0,0,0,1,0,0,0,0,1,0,0,1,0
59196,0033800002n4X5KAAU,0.0,20,759.0,5113.0,0,0,0,1,0,0,0,0,0,1,0,1,1
59198,0033800002n4XQ1AAM,0.0,0,0.0,456.0,0,0,0,1,0,0,1,0,0,0,1,0,0
59207,0033800002n4YtbAAE,0.0,0,911.0,9600.0,0,1,0,0,0,0,1,0,0,0,0,1,1
59208,0033800002n4ZZaAAM,0.0,0,135.0,1939.0,0,1,0,0,0,0,1,0,0,0,0,1,0
59209,0033800002n4Zf6AAE,0.0,0,0.0,2191.0,1,0,0,0,0,1,0,0,0,0,0,1,0
59332,0033800002n4akfAAA,0.0,10,0.0,899.0,0,0,0,1,0,0,1,0,0,0,0,1,1
59333,0033800002n4am7AAA,0.0,0,2340.0,10099.0,0,1,0,0,0,0,1,0,0,0,0,1,1
59337,0033800002n4bfNAAQ,0.0,0,0.0,2937.0,0,0,0,0,1,0,1,0,0,0,1,0,0
59339,0033800002n4bn2AAA,0.0,0,0.0,10980.0,0,1,0,0,0,1,0,0,0,0,0,1,0
59340,0033800002n4buSAAQ,0.0,0,80.0,1460.0,0,0,0,1,0,0,0,0,1,0,1,0,1
59344,0033800002n4cXfAAI,0.0,0,10.0,8925.0,0,0,0,0,1,1,0,0,0,0,0,1,1
59347,0033800002n4dFMAAY,0.0,0,647.0,5112.0,0,1,0,0,0,0,0,0,0,1,0,1,1
59348,0033800002n4dLmAAI,0.0,0,1169.0,2024.0,0,1,0,0,0,0,0,1,0,0,0,1,1
59353,0033800002n4enUAAQ,0.0,0,0.0,7314.0,0,1,0,0,0,1,0,0,0,0,0,1,1
59354,0033800002n4et1AAA,0.0,70,1139.0,5706.0,0,1,0,0,0,1,0,0,0,0,1,0,1
59362,0033800002n4fLhAAI,0.0,0,0.0,2876.0,0,0,0,1,0,0,1,0,0,0,0,1,1
59364,0033800002n4fOqAAI,0.0,0,0.0,7234.0,0,1,0,0,0,0,0,0,0,1,0,1,1
59365,0033800002n4fPNAAY,0.0,0,114.0,6485.0,0,0,0,1,0,0,1,0,0,0,0,1,1
59366,0033800002n4fQdAAI,0.0,0,3849.0,1318.0,0,0,0,1,0,1,0,0,0,0,0,1,1
59374,0033800002n4fuJAAQ,0.0,0,1138.0,5786.0,0,1,0,0,0,1,0,0,0,0,0,1,1
59378,0033800002n4fx4AAA,0.0,0,0.0,1207.0,0,0,0,1,0,0,1,0,0,0,0,1,1
59381,0033800002n4fzxAAA,0.0,0,0.0,7472.0,0,0,0,1,0,0,1,0,0,0,0,1,0
59382,0033800002n4g4eAAA,0.0,10,895.0,7727.0,1,0,0,0,0,1,0,0,0,0,1,0,0
59384,0033800002n4g6zAAA,0.0,0,1280.0,3052.0,0,0,0,1,0,0,1,0,0,0,0,1,0
59385,0033800002n4g7sAAA,0.0,100,11233.0,3979.0,0,1,0,0,0,0,0,0,1,0,1,0,0
59396,0033800002n4i6yAAA,0.0,0,2272.0,3628.0,1,0,0,0,0,0,0,0,1,0,0,1,1
59399,0033800002n4iGzAAI,0.0,0,0.0,2922.0,0,0,0,1,0,1,0,0,0,0,0,1,1
59400,0033800002n4iKEAAY,0.0,0,3532.0,2242.0,0,0,0,1,0,1,0,0,0,0,0,1,0
59403,0033800002n4iSIAAY,0.0,0,43.0,5277.0,0,1,0,0,0,0,1,0,0,0,0,1,1
59404,0033800002n4iWjAAI,0.0,0,701.0,5266.0,0,1,0,0,0,0,1,0,0,0,0,1,1
59405,0033800002n4iZbAAI,0.0,0,438.0,9488.0,0,0,0,0,1,0,1,0,0,0,0,1,1
59406,0033800002n4ichAAA,0.0,0,0.0,8896.0,1,0,0,0,0,0,1,0,0,0,0,1,1
59425,0033800002n4mlPAAQ,0.0,0,3170.0,1827.0,0,1,0,0,0,0,0,0,1,0,0,1,1
59427,0033800002n4mqZAAQ,0.0,90,775.0,4109.0,1,0,0,0,0,0,1,0,0,0,0,1,1
59429,0033800002n4mtxAAA,0.0,0,0.0,9519.0,0,0,0,0,1,0,1,0,0,0,1,0,1
59430,0033800002n4mwIAAQ,0.0,90,271.0,3649.0,1,0,0,0,0,1,0,0,0,0,0,1,0
59432,0033800002n4nKGAAY,0.0,40,4944.0,6144.0,0,0,0,0,1,0,0,0,0,1,0,1,1
59436,0033800002n4nsCAAQ,0.0,60,1357.0,1120.0,0,0,0,1,0,0,1,0,0,0,0,1,1
59441,0033800002n4oXQAAY,0.0,0,0.0,10965.0,0,1,0,0,0,0,1,0,0,0,0,1,0
59446,0033800002n4pMJAAY,0.0,0,6249.0,1114.0,0,0,0,0,1,0,0,0,0,1,0,1,1
59448,0033800002n4pU5AAI,0.0,0,1086.0,7426.0,0,0,0,1,0,0,0,0,0,1,1,0,0
59450,0033800002n4pbeAAA,0.0,20,609.0,1213.0,0,0,0,1,0,0,1,0,0,0,0,1,1
59451,0033800002n4phaAAA,0.0,0,0.0,5652.0,0,0,0,1,0,0,1,0,0,0,0,1,1
59453,0033800002n4pmWAAQ,0.0,0,0.0,4955.0,1,0,0,0,0,0,0,0,0,1,0,1,0
59457,0033800002n4pwFAAQ,0.0,100,2688.0,2836.0,0,0,0,1,0,0,1,0,0,0,0,1,1
59458,0033800002n4pxNAAQ,0.0,90,469.0,3723.0,1,0,0,0,0,0,1,0,0,0,1,0,0
59463,0033800002n4q5zAAA,0.0,0,0.0,2917.0,0,1,0,0,0,0,1,0,0,0,0,1,0
59464,0033800002n4qAGAAY,0.0,0,0.0,12085.0,0,1,0,0,0,0,0,0,1,0,0,1,0
59467,0033800002n4rW4AAI,0.0,0,175.0,1952.0,0,0,0,1,0,0,1,0,0,0,0,1,1
59470,0033800002n4sUdAAI,0.0,50,103.0,10962.0,0,0,0,0,1,0,1,0,0,0,0,1,1
59472,0033800002n4sesAAA,0.0,0,628.0,1781.0,0,0,0,1,0,0,0,0,1,0,1,0,0
59478,0033800002n4tyJAAQ,0.0,0,285.0,3446.0,0,1,0,0,0,0,1,0,0,0,0,1,1
59482,0033800002n4uLVAAY,0.0,0,0.0,7318.0,0,0,0,1,0,0,1,0,0,0,0,1,1
59483,0033800002n4uXCAAY,0.0,0,0.0,2661.0,0,0,0,1,0,1,0,0,0,0,0,1,0
59485,0033800002n4uhgAAA,0.0,90,355.0,3184.0,0,0,0,1,0,0,1,0,0,0,0,1,0
59487,0033800002n4vKHAAY,0.0,0,11078.0,1539.0,0,0,0,1,0,1,0,0,0,0,0,1,1
59489,0033800002n4vZSAAY,0.0,0,0.0,8148.0,1,0,0,0,0,0,1,0,0,0,0,1,1
59490,0033800002n4vtEAAQ,0.0,0,41.0,9146.0,0,0,0,1,0,0,0,0,1,0,0,1,1
59491,0033800002n4w1cAAA,0.0,0,0.0,9835.0,0,0,0,1,0,0,1,0,0,0,0,1,0
59492,0033800002n4wF7AAI,0.0,0,0.0,6412.0,0,0,0,0,1,0,1,0,0,0,0,1,0
59493,0033800002n4wJOAAY,0.0,0,0.0,11458.0,0,0,0,0,1,0,1,0,0,0,0,1,1
59494,0033800002n4wMwAAI,0.0,100,1907.0,5957.0,1,0,0,0,0,1,0,0,0,0,0,1,0
59504,0033800002n4xiPAAQ,0.0,0,0.0,7426.0,0,0,0,0,1,1,0,0,0,0,1,0,1
59507,0033800002n4yu9AAA,0.0,0,4043.0,2941.0,0,1,0,0,0,0,0,0,1,0,0,1,0
59509,0033800002n4z3eAAA,0.0,90,103.0,7336.0,0,0,1,0,0,1,0,0,0,0,0,1,0
59511,0033800002n4z3hAAA,0.0,0,34.0,10985.0,0,1,0,0,0,0,0,0,0,1,0,1,1
59513,0033800002n4z3jAAA,0.0,0,0.0,10943.0,0,1,0,0,0,0,1,0,0,0,0,1,0
59516,0033800002n4zFVAAY,0.0,0,2599.0,395.0,0,0,0,1,0,0,1,0,0,0,1,0,1
59517,0033800002n4zN8AAI,0.0,0,0.0,8829.0,0,0,0,1,0,0,1,0,0,0,0,1,1
59518,0033800002n4zRoAAI,0.0,0,1060.0,1374.0,0,0,0,1,0,1,0,0,0,0,0,1,0
59519,0033800002n4zW5AAI,0.0,0,0.0,7332.0,1,0,0,0,0,0,1,0,0,0,0,1,1
59520,0033800002n4zYkAAI,0.0,30,682.0,3725.0,0,0,0,1,0,0,1,0,0,0,0,1,0
59521,0033800002n4ze4AAA,0.0,0,0.0,6922.0,0,0,0,1,0,0,1,0,0,0,0,1,1
59526,0033800002n50X8AAI,0.0,0,305.0,1298.0,0,0,0,1,0,0,1,0,0,0,0,1,1
59527,0033800002n50YBAAY,0.0,0,2540.0,7315.0,1,0,0,0,0,0,0,0,0,1,0,1,0
59528,0033800002n50hZAAQ,0.0,0,83.0,12258.0,0,0,0,0,1,0,1,0,0,0,0,1,1
59529,0033800002n50wtAAA,0.0,0,0.0,9344.0,0,1,0,0,0,1,0,0,0,0,0,1,1
59532,0033800002n51SSAAY,0.0,0,0.0,1208.0,0,0,0,1,0,0,1,0,0,0,0,1,1
59533,0033800002n51TkAAI,0.0,0,0.0,9155.0,1,0,0,0,0,1,0,0,0,0,0,1,0
59535,0033800002n51kMAAQ,0.0,0,0.0,8038.0,0,1,0,0,0,0,1,0,0,0,0,1,0
59536,0033800002n51vAAAQ,0.0,0,688.0,2674.0,0,0,0,1,0,0,1,0,0,0,0,1,0
59543,0033800002n52csAAA,0.0,0,233.0,1864.0,0,0,0,0,1,0,0,0,1,0,0,1,1
59545,0033800002n52hnAAA,0.0,0,0.0,9639.0,0,0,0,0,1,0,0,0,1,0,0,1,1
59550,0033800002n53AWAAY,0.0,0,0.0,5478.0,0,0,0,1,0,1,0,0,0,0,0,1,1
59555,0033800002n53dnAAA,0.0,80,409.0,9146.0,0,0,0,1,0,0,0,0,1,0,0,1,1
59556,0033800002n54gCAAQ,0.0,0,0.0,1462.0,0,0,0,1,0,0,1,0,0,0,1,0,1
59558,0033800002n55J4AAI,0.0,0,0.0,7330.0,0,0,0,1,0,0,1,0,0,0,0,1,0
59559,0033800002n55MJAAY,0.0,70,1350.0,8411.0,0,1,0,0,0,0,0,0,0,1,0,1,1
59561,0033800002n55aRAAQ,0.0,0,826.0,2192.0,0,0,0,1,0,0,1,0,0,0,0,1,0
59562,0033800002n55rCAAQ,0.0,0,0.0,3967.0,0,0,0,1,0,0,0,0,0,1,0,1,0
59563,0033800002n56AfAAI,0.0,0,0.0,3315.0,0,1,0,0,0,0,0,0,1,0,0,1,1
59566,0033800002n56i7AAA,0.0,0,953.0,1098.0,1,0,0,0,0,1,0,0,0,0,0,1,0
59569,0033800002n56uyAAA,0.0,0,0.0,9837.0,1,0,0,0,0,0,1,0,0,0,0,1,1
59574,0033800002n57U4AAI,0.0,0,0.0,9525.0,0,1,0,0,0,0,1,0,0,0,0,1,1
59576,0033800002n5800AAA,0.0,0,871.0,1462.0,1,0,0,0,0,0,0,0,0,1,1,0,0
59586,0033800002n58xhAAA,0.0,100,0.0,2476.0,1,0,0,0,0,0,0,0,1,0,0,1,1
59588,0033800002n59PJAAY,0.0,0,0.0,12697.0,0,1,0,0,0,0,1,0,0,0,0,1,0
59589,0033800002n59TuAAI,0.0,0,12049.0,1827.0,0,0,0,1,0,0,1,0,0,0,0,1,0
59594,0033800002n59lOAAQ,0.0,0,180.0,3606.0,0,0,0,1,0,0,0,0,1,0,0,1,0
59595,0033800002n59lxAAA,0.0,0,1472.0,1529.0,1,0,0,0,0,0,1,0,0,0,0,1,0
59599,0033800002n59pWAAQ,0.0,0,11840.0,264.0,0,1,0,0,0,0,0,0,1,0,0,1,1
59600,0033800002n59sDAAQ,0.0,0,0.0,3200.0,0,0,0,1,0,0,0,0,0,1,0,1,1
59601,0033800002n59sIAAQ,0.0,0,1453.0,2435.0,0,0,0,1,0,0,1,0,0,0,0,1,0
59602,0033800002n59yUAAQ,0.0,0,1572.0,4736.0,0,1,0,0,0,0,1,0,0,0,0,1,1
59610,0033800002n5AagAAE,0.0,0,51.0,1855.0,0,1,0,0,0,0,0,0,1,0,0,1,1
59616,0033800002n5Ao1AAE,0.0,0,0.0,2398.0,0,1,0,0,0,1,0,0,0,0,1,0,1
59618,0033800002n5B0hAAE,0.0,0,3900.0,1826.0,0,0,0,0,1,0,0,0,0,1,0,1,1
59619,0033800002n5CCiAAM,0.0,0,0.0,2191.0,0,0,0,1,0,1,0,0,0,0,0,1,1
59620,0033800002n5CEKAA2,0.0,0,0.0,7425.0,0,0,0,1,0,0,0,1,0,0,0,1,1
59621,0033800002n5CQaAAM,0.0,0,0.0,1647.0,0,1,0,0,0,0,1,0,0,0,1,0,1
59623,0033800002n5CnUAAU,0.0,0,0.0,9514.0,0,1,0,0,0,0,0,0,0,1,0,1,0
59628,0033800002n5CqTAAU,0.0,0,0.0,1508.0,1,0,0,0,0,1,0,0,0,0,0,1,0
59632,0033800002n5DJwAAM,0.0,0,0.0,2192.0,0,0,0,1,0,1,0,0,0,0,0,1,1
59633,0033800002n5DUlAAM,0.0,0,0.0,8983.0,0,1,0,0,0,0,0,0,0,1,1,0,1
59643,0033800002n5DY5AAM,0.0,0,0.0,3878.0,0,0,0,1,0,0,0,0,1,0,0,1,1
59645,0033800002n5DaRAAU,0.0,0,0.0,3381.0,0,0,0,1,0,0,1,0,0,0,0,1,1
59654,0033800002n5DpCAAU,0.0,0,0.0,1461.0,0,0,0,1,0,0,0,0,0,1,0,1,0
59659,0033800002n5DpHAAU,0.0,100,1723.0,2344.0,0,0,0,1,0,0,1,0,0,0,0,1,1
59661,0033800002n5DpJAAU,0.0,0,0.0,2578.0,0,1,0,0,0,0,0,1,0,0,0,1,0
59666,0033800002n5DpPAAU,0.0,0,126.0,3042.0,0,0,0,1,0,0,0,0,1,0,0,1,1
59669,0033800002n5EAgAAM,0.0,70,208.0,10464.0,0,1,0,0,0,0,1,0,0,0,0,1,1
59670,0033800002n5EBPAA2,0.0,0,0.0,3794.0,1,0,0,0,0,0,1,0,0,0,0,1,0
59673,0033800002n5ENgAAM,0.0,0,0.0,8360.0,0,1,0,0,0,0,1,0,0,0,1,0,1
59676,0033800002n5Eb7AAE,0.0,0,0.0,10725.0,0,1,0,0,0,0,1,0,0,0,0,1,1
59677,0033800002n5EbvAAE,0.0,0,0.0,7308.0,0,0,0,1,0,0,0,0,0,1,0,1,1
59679,0033800002n5EoWAAU,0.0,0,0.0,2297.0,0,1,0,0,0,0,1,0,0,0,0,1,1
59680,0033800002n5EzlAAE,0.0,30,742.0,5570.0,0,0,0,0,1,0,1,0,0,0,1,0,0
59681,0033800002n5EzmAAE,0.0,0,42.0,7376.0,0,0,0,0,1,0,1,0,0,0,1,0,0
59682,0033800002n5EznAAE,0.0,10,834.0,1461.0,0,0,0,0,1,0,0,0,0,1,1,0,0
59684,0033800002n5EzpAAE,0.0,0,4271.0,3653.0,0,0,0,0,1,1,0,0,0,0,1,0,0
59685,0033800002n5EzqAAE,0.0,0,1525.0,1865.0,0,0,0,0,1,0,0,0,0,1,1,0,0
59686,0033800002n5EzrAAE,0.0,30,1747.0,7334.0,0,0,0,0,1,0,0,0,0,1,1,0,0
59687,0033800002n5EzsAAE,0.0,100,8572.0,1354.0,0,1,0,0,0,0,0,0,0,1,1,0,1
59688,0033800002n5EztAAE,0.0,0,1468.0,2192.0,0,0,0,1,0,0,0,0,0,1,1,0,0
59689,0033800002n5EzuAAE,0.0,0,0.0,7379.0,0,0,0,0,1,0,1,0,0,0,1,0,1
59691,0033800002n5EzwAAE,0.0,0,597.0,1461.0,0,1,0,0,0,0,0,0,1,0,1,0,1
59692,0033800002n5EzxAAE,0.0,0,56.0,6950.0,0,0,0,1,0,0,0,0,1,0,1,0,0
59693,0033800002n5EzyAAE,0.0,50,2538.0,883.0,0,0,0,1,0,0,1,0,0,0,1,0,0
59694,0033800002n5EzzAAE,0.0,0,3447.0,8039.0,0,0,0,1,0,0,0,0,0,1,1,0,0
59695,0033800002n5F00AAE,0.0,80,2507.0,4202.0,0,1,0,0,0,0,1,0,0,0,1,0,0
59696,0033800002n5F01AAE,0.0,0,3305.0,2922.0,0,1,0,0,0,0,1,0,0,0,1,0,1
59698,0033800002n5FJfAAM,0.0,40,3063.0,7312.0,0,1,0,0,0,0,0,0,0,1,1,0,1
59699,0033800002n5FJuAAM,0.0,0,1473.0,606.0,0,0,0,1,0,0,1,0,0,0,0,1,1
59707,0033800002n5FykAAE,0.0,0,731.0,5264.0,0,0,0,0,1,0,1,0,0,0,1,0,1
59708,0033800002n5G1SAAU,0.0,0,1966.0,5209.0,1,0,0,0,0,0,0,0,0,1,0,1,1
59710,0033800002n5G4MAAU,0.0,0,0.0,3759.0,0,0,0,0,1,0,1,0,0,0,0,1,0
59712,0033800002n5G98AAE,0.0,0,0.0,10638.0,0,1,0,0,0,0,1,0,0,0,0,1,1
59723,0033800002n5HkUAAU,0.0,0,0.0,3528.0,0,0,0,1,0,0,1,0,0,0,1,0,0
59724,0033800002n5HwkAAE,0.0,60,231.0,7313.0,0,1,0,0,0,0,0,0,0,1,0,1,1
59727,0033800002n5IWWAA2,0.0,0,1201.0,2984.0,0,1,0,0,0,0,1,0,0,0,0,1,0
59728,0033800002n5Ic0AAE,0.0,0,0.0,793.0,0,0,0,1,0,0,0,0,1,0,0,1,1
59735,0033800002n5JjnAAE,0.0,0,0.0,8048.0,0,0,0,0,1,0,1,0,0,0,0,1,1
59737,0033800002n5JwIAAU,0.0,0,0.0,7488.0,0,0,0,1,0,0,0,0,0,1,0,1,1
59740,0033800002n5KArAAM,0.0,0,0.0,7488.0,0,0,0,0,1,0,1,0,0,0,0,1,1
59745,0033800002n5KNfAAM,0.0,0,0.0,9173.0,0,0,0,0,1,0,1,0,0,0,0,1,1
59750,0033800002n5KdOAAU,0.0,0,5859.0,6088.0,0,0,0,1,0,0,1,0,0,0,0,1,1
59754,0033800002n5KouAAE,0.0,0,0.0,7397.0,1,0,0,0,0,0,1,0,0,0,1,0,1
59755,0033800002n5Kp9AAE,0.0,0,0.0,1207.0,1,0,0,0,0,0,1,0,0,0,0,1,1
59759,0033800002n5L3rAAE,0.0,0,0.0,9158.0,1,0,0,0,0,0,1,0,0,0,0,1,1
59761,0033800002n5LC5AAM,0.0,0,0.0,2190.0,0,1,0,0,0,1,0,0,0,0,0,1,1
59765,0033800002n5LJ6AAM,0.0,0,0.0,7366.0,0,1,0,0,0,0,0,0,1,0,0,1,1
59766,0033800002n5LJGAA2,0.0,0,4249.0,2192.0,1,0,0,0,0,0,0,0,0,1,1,0,0
59767,0033800002n5LKTAA2,0.0,0,0.0,3958.0,0,0,0,1,0,0,1,0,0,0,1,0,0
59769,0033800002n5LopAAE,0.0,0,0.0,2631.0,0,0,0,1,0,0,1,0,0,0,0,1,1
59778,0033800002n5MPNAA2,0.0,60,1814.0,8703.0,0,0,0,1,0,0,0,0,0,1,0,1,1
59779,0033800002n5MRCAA2,0.0,90,1969.0,3086.0,0,1,0,0,0,0,0,0,1,0,0,1,1
59780,0033800002n5MRMAA2,0.0,0,0.0,2191.0,0,1,0,0,0,1,0,0,0,0,1,0,0
59782,0033800002n5MWRAA2,0.0,0,0.0,7327.0,1,0,0,0,0,0,1,0,0,0,0,1,1
59783,0033800002n5MYPAA2,0.0,0,0.0,10997.0,0,0,0,1,0,0,1,0,0,0,0,1,0
59784,0033800002n5MZDAA2,0.0,0,0.0,8485.0,0,1,0,0,0,0,0,0,0,1,0,1,1
59785,0033800002n5McFAAU,0.0,0,0.0,2688.0,0,1,0,0,0,0,1,0,0,0,0,1,1
59787,0033800002n5MlzAAE,0.0,0,0.0,7537.0,0,1,0,0,0,0,0,0,0,1,0,1,1
59788,0033800002n5MmxAAE,0.0,0,10284.0,1460.0,0,1,0,0,0,0,1,0,0,0,1,0,1
59795,0033800002n5OOFAA2,0.0,0,0.0,2019.0,0,1,0,0,0,0,0,0,0,1,1,0,1
59797,0033800002n5OUcAAM,0.0,0,0.0,4400.0,0,1,0,0,0,1,0,0,0,0,1,0,1
59798,0033800002n5Od0AAE,0.0,0,0.0,5680.0,1,0,0,0,0,1,0,0,0,0,0,1,1
59806,0033800002n5PFcAAM,0.0,0,781.0,4309.0,0,0,0,1,0,0,0,0,1,0,0,1,0
59807,0033800002n5PeXAAU,0.0,0,1576.0,1462.0,0,0,0,1,0,0,0,0,0,1,0,1,1
59810,0033800002n5PrMAAU,0.0,0,0.0,2190.0,0,0,0,1,0,0,0,0,0,1,0,1,0
59814,0033800002n5RLZAA2,0.0,0,0.0,1430.0,0,0,0,1,0,0,0,0,1,0,0,1,1
59819,0033800002n5RytAAE,0.0,0,0.0,7330.0,0,0,0,1,0,1,0,0,0,0,0,1,1
59824,0033800002n5Ul0AAE,0.0,0,0.0,7865.0,1,0,0,0,0,1,0,0,0,0,0,1,0
59829,0033800002n5V1IAAU,0.0,0,0.0,7726.0,0,0,0,0,1,0,0,0,0,1,0,1,1
59830,0033800002n5V3ZAAU,0.0,0,0.0,8846.0,0,0,0,0,1,0,1,0,0,0,0,1,1
59831,0033800002n5V77AAE,0.0,0,1326.0,7308.0,0,0,0,1,0,0,1,0,0,0,0,1,1
59836,0033800002n5VbMAAU,0.0,0,0.0,8399.0,1,0,0,0,0,0,1,0,0,0,0,1,1
59838,0033800002n5VsAAAU,0.0,0,0.0,5761.0,0,0,0,1,0,1,0,0,0,0,0,1,1
59845,0033800002n5Wv2AAE,0.0,0,0.0,7845.0,0,1,0,0,0,0,1,0,0,0,0,1,1
59846,0033800002n5XCLAA2,0.0,50,14202.0,5.0,0,1,0,0,0,0,0,0,0,1,0,1,0
59847,0033800002n5XJdAAM,0.0,80,111.0,7309.0,0,1,0,0,0,0,0,0,0,1,1,0,1
59848,0033800002n5XNUAA2,0.0,0,0.0,1826.0,0,0,0,1,0,0,0,0,1,0,0,1,1
59849,0033800002n5XPDAA2,0.0,0,3258.0,2921.0,0,0,0,0,1,0,0,0,0,1,1,0,0
59859,0033800002n5YNFAA2,0.0,0,0.0,1741.0,0,1,0,0,0,0,1,0,0,0,0,1,0
59860,0033800002n5YQiAAM,0.0,0,0.0,10507.0,0,0,0,0,1,1,0,0,0,0,0,1,1
59861,0033800002n5YVRAA2,0.0,0,0.0,7611.0,1,0,0,0,0,0,1,0,0,0,0,1,1
59862,0033800002n5YZVAA2,0.0,0,0.0,7693.0,0,0,0,1,0,0,1,0,0,0,0,1,0
59864,0033800002n5Yo0AAE,0.0,0,0.0,1497.0,1,0,0,0,0,0,1,0,0,0,0,1,0
59866,0033800002n5ZGLAA2,0.0,30,1232.0,2557.0,0,0,0,0,1,0,1,0,0,0,1,0,0
59867,0033800002n5ZGMAA2,0.0,0,19.0,7335.0,0,1,0,0,0,0,0,0,0,1,0,1,1
59870,0033800002n5ZGPAA2,0.0,0,148.0,3878.0,0,0,0,1,0,0,0,0,1,0,0,1,1
59871,0033800002n5ZGQAA2,0.0,50,1379.0,1978.0,0,0,0,1,0,0,1,0,0,0,0,1,1
59873,0033800002n5ZGUAA2,0.0,0,307.0,1096.0,0,1,0,0,0,0,1,0,0,0,0,1,1
59879,0033800002n5ZI4AAM,0.0,0,10528.0,21.0,0,0,0,0,1,0,0,0,0,1,0,1,0
59882,0033800002n5ZXYAA2,0.0,0,0.0,4748.0,0,0,0,1,0,0,1,0,0,0,0,1,0
59884,0033800002n5ZjSAAU,0.0,0,1258.0,1919.0,0,0,0,1,0,0,1,0,0,0,0,1,1
59887,0033800002n5ZoSAAU,0.0,0,0.0,5784.0,0,0,0,1,0,0,0,0,0,1,0,1,1
59890,0033800002n5ZuoAAE,0.0,90,2912.0,2387.0,0,1,0,0,0,0,1,0,0,0,1,0,0
59891,0033800002n5ZwQAAU,0.0,0,734.0,2771.0,0,0,0,1,0,0,1,0,0,0,1,0,1
59897,0033800002n5aClAAI,0.0,0,0.0,1640.0,0,0,0,1,0,0,0,1,0,0,1,0,0
59901,0033800002n5aNHAAY,0.0,0,0.0,5161.0,0,0,0,1,0,0,0,1,0,0,0,1,0
59902,0033800002n5aP3AAI,0.0,0,0.0,7323.0,0,1,0,0,0,0,0,0,0,1,0,1,0
59904,0033800002n5aWvAAI,0.0,70,0.0,1491.0,0,0,0,1,0,0,1,0,0,0,1,0,1
59906,0033800002n5acKAAQ,0.0,0,0.0,10903.0,0,0,0,0,1,0,0,0,0,1,0,1,1
59907,0033800002n5ad3AAA,0.0,0,0.0,9044.0,0,0,0,0,1,0,0,0,0,1,0,1,1
59910,0033800002n5azSAAQ,0.0,0,0.0,3286.0,0,0,0,1,0,0,0,0,0,1,0,1,1
59914,0033800002n5bJbAAI,0.0,0,486.0,2557.0,0,0,0,1,0,0,0,0,1,0,0,1,0
59916,0033800002n5bcdAAA,0.0,0,0.0,7307.0,0,0,0,0,1,0,1,0,0,0,0,1,0
59917,0033800002n5bdMAAQ,0.0,0,0.0,7692.0,0,0,0,0,1,0,1,0,0,0,1,0,1
59918,0033800002n5bhxAAA,0.0,0,0.0,2260.0,0,0,0,1,0,1,0,0,0,0,0,1,0
59919,0033800002n5biMAAQ,0.0,0,0.0,2191.0,0,0,0,1,0,1,0,0,0,0,1,0,0
59923,0033800002n5bynAAA,0.0,0,79.0,3429.0,0,0,0,0,1,0,1,0,0,0,1,0,1
59924,0033800002n5c4JAAQ,0.0,0,0.0,1460.0,0,0,0,1,0,0,0,0,1,0,0,1,1
59926,0033800002n5c6eAAA,0.0,0,0.0,7315.0,1,0,0,0,0,0,0,0,0,1,1,0,0
59927,0033800002n5cK4AAI,0.0,0,0.0,8490.0,0,0,0,0,1,0,1,0,0,0,0,1,0
59928,0033800002n5cb8AAA,0.0,0,68.0,8106.0,0,0,0,1,0,1,0,0,0,0,0,1,1
59931,0033800002n5dNEAAY,0.0,0,0.0,7312.0,1,0,0,0,0,1,0,0,0,0,1,0,1
59932,0033800002n5dW8AAI,0.0,0,3758.0,3974.0,1,0,0,0,0,0,1,0,0,0,1,0,1
59938,0033800002n5e2vAAA,0.0,0,0.0,11565.0,0,0,0,1,0,0,1,0,0,0,0,1,0
59941,0033800002n5eHJAAY,0.0,0,0.0,6401.0,0,1,0,0,0,1,0,0,0,0,1,0,0
59943,0033800002n5eKXAAY,0.0,40,1453.0,4452.0,0,0,0,1,0,0,0,0,1,0,0,1,0
59946,0033800002n5fg4AAA,0.0,0,1269.0,9582.0,0,0,0,1,0,0,1,0,0,0,0,1,0
59955,0033800002n5huUAAQ,0.0,0,68.0,5113.0,0,0,0,1,0,0,0,0,0,1,0,1,1
59958,0033800002n5i4KAAQ,0.0,0,818.0,3291.0,0,0,0,0,1,1,0,0,0,0,0,1,1
59967,0033800002n5jdkAAA,0.0,100,262.0,9333.0,0,0,0,0,1,0,1,0,0,0,0,1,0
59968,0033800002n5jpMAAQ,0.0,0,1470.0,5114.0,0,0,0,1,0,0,0,0,0,1,0,1,1
59971,0033800002n5k5IAAQ,0.0,0,5767.0,8195.0,0,0,0,1,0,0,1,0,0,0,0,1,1
59973,0033800002n5kJ7AAI,0.0,0,4253.0,2102.0,0,0,0,1,0,0,0,0,0,1,0,1,0
59975,0033800002n5kNZAAY,0.0,0,8220.0,1462.0,0,1,0,0,0,1,0,0,0,0,0,1,1
59977,0033800002n5kUBAAY,0.0,0,353.0,1421.0,1,0,0,0,0,0,1,0,0,0,1,0,0
59978,0033800002n5ksRAAQ,0.0,100,49.0,8745.0,0,0,0,0,1,0,1,0,0,0,0,1,1
59981,0033800002n5lAdAAI,0.0,0,0.0,9223.0,0,0,0,1,0,0,1,0,0,0,0,1,0
59982,0033800002n5lD3AAI,0.0,0,577.0,8749.0,0,1,0,0,0,1,0,0,0,0,0,1,1
59986,0033800002n5lMUAAY,0.0,10,2612.0,1461.0,0,0,0,0,1,0,0,0,0,1,0,1,0
59988,0033800002n5lQqAAI,0.0,0,0.0,7907.0,0,0,0,1,0,1,0,0,0,0,0,1,1
59989,0033800002n5lRAAAY,0.0,0,2564.0,1825.0,0,1,0,0,0,0,0,0,0,1,0,1,1
59991,0033800002n5lShAAI,0.0,0,0.0,1646.0,0,0,0,1,0,0,1,0,0,0,0,1,1
59996,0033800002n5lrWAAQ,0.0,0,48.0,5892.0,1,0,0,0,0,0,1,0,0,0,0,1,0
59999,0033800002n5m5UAAQ,0.0,0,0.0,8008.0,0,1,0,0,0,0,1,0,0,0,0,1,1
60000,0033800002n5m5tAAA,0.0,0,0.0,8794.0,1,0,0,0,0,0,0,0,0,1,1,0,1
60002,0033800002n5m8OAAQ,0.0,0,0.0,3030.0,0,0,0,1,0,0,1,0,0,0,0,1,0
60004,0033800002n5m9WAAQ,0.0,0,477.0,1451.0,0,0,0,1,0,0,0,0,0,1,0,1,1
60005,0033800002n5mE2AAI,0.0,0,680.0,1827.0,0,0,0,1,0,1,0,0,0,0,1,0,0
60006,0033800002n5mEHAAY,0.0,0,6941.0,1978.0,0,0,1,0,0,0,0,0,0,1,1,0,0
60009,0033800002n5mm1AAA,0.0,0,0.0,9157.0,0,0,0,0,1,1,0,0,0,0,0,1,0
60013,0033800002n5nAXAAY,0.0,30,9205.0,4526.0,0,0,0,0,1,1,0,0,0,0,0,1,1
60014,0033800002n5nJvAAI,0.0,0,0.0,9513.0,0,0,0,1,0,0,0,0,0,1,0,1,0
60015,0033800002n5nMzAAI,0.0,0,0.0,8968.0,0,0,0,0,1,0,1,0,0,0,0,1,0
60017,0033800002n5nTgAAI,0.0,80,6504.0,3032.0,0,1,0,0,0,0,1,0,0,0,0,1,0
60018,0033800002n5nhJAAQ,0.0,100,917.0,7321.0,0,0,0,0,1,1,0,0,0,0,0,1,0
60034,0033800002n5oWnAAI,0.0,0,0.0,8571.0,0,1,0,0,0,0,1,0,0,0,0,1,1
60035,0033800002n5pNKAAY,0.0,0,0.0,8232.0,0,0,0,1,0,0,0,1,0,0,0,1,0
60036,0033800002n5pR2AAI,0.0,0,0.0,1460.0,0,1,0,0,0,0,1,0,0,0,0,1,1
60039,0033800002n5pZQAAY,0.0,0,542.0,3843.0,0,0,0,1,0,0,1,0,0,0,0,1,0
60040,0033800002n5pcAAAQ,0.0,0,706.0,3520.0,1,0,0,0,0,0,1,0,0,0,0,1,1
60041,0033800002n5pcyAAA,0.0,0,0.0,3183.0,0,1,0,0,0,0,1,0,0,0,0,1,1
60044,0033800002n5pjGAAQ,0.0,90,0.0,5942.0,0,0,0,1,0,0,1,0,0,0,0,1,1
60045,0033800002n5pksAAA,0.0,0,1627.0,1460.0,0,1,0,0,0,0,0,0,0,1,0,1,0
60046,0033800002n5pqxAAA,0.0,0,424.0,7731.0,0,0,0,0,1,0,1,0,0,0,0,1,1
60047,0033800002n5qNDAAY,0.0,0,3055.0,2049.0,0,0,0,1,0,0,1,0,0,0,1,0,0
60049,0033800002n5qU9AAI,0.0,0,0.0,2191.0,0,1,0,0,0,0,1,0,0,0,0,1,0
60050,0033800002n5qiPAAQ,0.0,0,0.0,7384.0,0,0,0,1,0,0,0,0,0,1,0,1,0
60051,0033800002n5qiUAAQ,0.0,0,0.0,9091.0,1,0,0,0,0,0,1,0,0,0,0,1,0
60058,0033800002n5rThAAI,0.0,0,0.0,3178.0,0,0,0,1,0,0,0,0,1,0,0,1,0
60061,0033800002n5rmfAAA,0.0,0,545.0,10983.0,0,0,0,0,1,0,0,0,1,0,0,1,1
60067,0033800002n5sFrAAI,0.0,30,7861.0,1462.0,0,1,0,0,0,0,1,0,0,0,0,1,1
60071,0033800002n5sePAAQ,0.0,60,1274.0,1448.0,0,0,0,1,0,0,1,0,0,0,0,1,0
60075,0033800002n5smCAAQ,0.0,0,0.0,2667.0,0,0,0,1,0,0,1,0,0,0,0,1,1
60078,0033800002n5uonAAA,0.0,0,0.0,8877.0,0,1,0,0,0,0,0,0,0,1,1,0,0
60079,0033800002n5v3tAAA,0.0,0,1593.0,1825.0,0,0,0,1,0,0,0,0,1,0,0,1,0
60080,0033800002n5v69AAA,0.0,0,0.0,7305.0,0,1,0,0,0,0,1,0,0,0,0,1,0
60082,0033800002n5v80AAA,0.0,0,453.0,2555.0,0,0,0,1,0,0,1,0,0,0,0,1,1
60084,0033800002n5vBuAAI,0.0,0,3065.0,2922.0,0,0,0,1,0,1,0,0,0,0,0,1,1
60092,0033800002n5vzlAAA,0.0,70,2705.0,1460.0,0,0,0,0,1,0,0,0,1,0,1,0,0
60093,0033800002n5w63AAA,0.0,60,25.0,7469.0,1,0,0,0,0,1,0,0,0,0,1,0,1
60096,0033800002n5wH8AAI,0.0,0,0.0,7316.0,0,0,0,1,0,0,0,0,1,0,0,1,1
60099,0033800002n5wUqAAI,0.0,0,0.0,1701.0,0,1,0,0,0,0,0,0,1,0,0,1,1
60100,0033800002n5wV5AAI,0.0,0,0.0,7305.0,0,1,0,0,0,0,1,0,0,0,0,1,0
60101,0033800002n5wZgAAI,0.0,0,0.0,7329.0,0,0,0,0,1,0,1,0,0,0,0,1,1
60102,0033800002n5wgjAAA,0.0,0,0.0,7307.0,1,0,0,0,0,1,0,0,0,0,1,0,1
60104,0033800002n5wl1AAA,0.0,0,0.0,1552.0,0,0,0,1,0,0,1,0,0,0,0,1,1
60106,0033800002n5wnkAAA,0.0,0,0.0,8770.0,0,0,0,1,0,0,0,0,0,1,0,1,1
60112,0033800002n5xBLAAY,0.0,0,2042.0,3700.0,0,1,0,0,0,0,1,0,0,0,0,1,1
60115,0033800002n5xVdAAI,0.0,0,0.0,1461.0,0,1,0,0,0,0,1,0,0,0,0,1,0
60117,0033800002n5xevAAA,0.0,0,3719.0,3530.0,0,1,0,0,0,0,0,0,0,1,0,1,0
60125,0033800002n5yB4AAI,0.0,0,9.0,5750.0,0,1,0,0,0,1,0,0,0,0,0,1,0
60126,0033800002n5yHWAAY,0.0,60,1291.0,1222.0,1,0,0,0,0,0,1,0,0,0,0,1,1
60128,0033800002n5yTIAAY,0.0,40,2181.0,2996.0,0,0,0,1,0,0,1,0,0,0,0,1,0
60129,0033800002n5yUuAAI,0.0,0,0.0,8711.0,1,0,0,0,0,0,0,0,0,1,0,1,0
60130,0033800002n5yaOAAQ,0.0,0,0.0,10764.0,0,1,0,0,0,0,0,0,0,1,0,1,1
60131,0033800002n5ygxAAA,0.0,0,0.0,7323.0,0,0,0,0,1,1,0,0,0,0,1,0,1
60134,0033800002n5yjSAAQ,0.0,0,0.0,3287.0,0,1,0,0,0,0,1,0,0,0,0,1,1
60135,0033800002n5yp0AAA,0.0,60,1766.0,1827.0,0,1,0,0,0,0,0,0,0,1,0,1,1
60139,0033800002n5yzrAAA,0.0,0,0.0,10093.0,0,0,1,0,0,1,0,0,0,0,0,1,1
60142,0033800002n5zF5AAI,0.0,0,0.0,3907.0,1,0,0,0,0,0,1,0,0,0,0,1,1
60144,0033800002n60AZAAY,0.0,0,0.0,2922.0,0,0,0,1,0,1,0,0,0,0,0,1,0
60145,0033800002n60J2AAI,0.0,0,0.0,2191.0,1,0,0,0,0,1,0,0,0,0,1,0,0
60149,0033800002n60ujAAA,0.0,0,0.0,3851.0,0,0,0,1,0,0,1,0,0,0,0,1,0
60150,0033800002n60w6AAA,0.0,0,0.0,1697.0,0,0,0,1,0,0,1,0,0,0,0,1,1
60157,0033800002n61SBAAY,0.0,0,0.0,2841.0,0,0,0,1,0,0,0,0,0,1,0,1,0
60160,0033800002n61bXAAQ,0.0,70,0.0,2922.0,0,0,0,1,0,1,0,0,0,0,1,0,0
60161,0033800002n61fZAAQ,0.0,90,19.0,4368.0,0,0,0,1,0,0,1,0,0,0,0,1,1
60162,0033800002n61gOAAQ,0.0,0,0.0,7977.0,1,0,0,0,0,0,1,0,0,0,0,1,1
60163,0033800002n61hlAAA,0.0,0,0.0,5143.0,1,0,0,0,0,0,1,0,0,0,1,0,0
60168,0033800002n62UGAAY,0.0,0,455.0,2559.0,0,0,0,0,1,1,0,0,0,0,0,1,1
60169,0033800002n62fEAAQ,0.0,0,2003.0,7314.0,0,1,0,0,0,0,0,0,0,1,0,1,1
60172,0033800002n63FEAAY,0.0,70,1988.0,4647.0,0,1,0,0,0,0,0,0,0,1,0,1,1
60173,0033800002n63FdAAI,0.0,0,0.0,10971.0,0,0,0,0,1,0,0,0,1,0,0,1,1
60174,0033800002n63KEAAY,0.0,0,0.0,3709.0,1,0,0,0,0,0,1,0,0,0,0,1,1
60177,0033800002n63StAAI,0.0,90,586.0,5307.0,1,0,0,0,0,1,0,0,0,0,1,0,0
60180,0033800002n63lIAAQ,0.0,0,0.0,829.0,0,0,0,1,0,0,1,0,0,0,0,1,0
60186,0033800002n6490AAA,0.0,0,0.0,2065.0,0,1,0,0,0,0,1,0,0,0,0,1,1
60191,0033800002n64OfAAI,0.0,100,0.0,1340.0,0,0,0,1,0,0,1,0,0,0,0,1,1
60193,0033800002n64UFAAY,0.0,0,0.0,6633.0,0,1,0,0,0,0,1,0,0,0,0,1,1
60194,0033800002n64WyAAI,0.0,0,0.0,2969.0,0,1,0,0,0,0,1,0,0,0,0,1,1
60196,0033800002n64xOAAQ,0.0,0,0.0,7913.0,0,0,0,0,1,1,0,0,0,0,0,1,1
60198,0033800002n653rAAA,0.0,50,10931.0,898.0,0,1,0,0,0,0,1,0,0,0,0,1,1
60199,0033800002n657IAAQ,0.0,0,0.0,7660.0,0,1,0,0,0,0,1,0,0,0,1,0,0
60200,0033800002n657hAAA,0.0,0,0.0,4075.0,0,1,0,0,0,0,0,0,0,1,0,1,0
60203,0033800002n65BvAAI,0.0,0,398.0,9121.0,1,0,0,0,0,1,0,0,0,0,0,1,1
60204,0033800002n65D8AAI,0.0,0,0.0,1825.0,0,0,0,1,0,0,0,0,1,0,0,1,0
60206,0033800002n65F4AAI,0.0,0,503.0,5860.0,1,0,0,0,0,1,0,0,0,0,0,1,1
60210,0033800002n65N7AAI,0.0,0,1523.0,1642.0,0,0,0,0,1,0,1,0,0,0,1,0,0
60212,0033800002n65ZZAAY,0.0,0,0.0,4717.0,0,0,0,0,1,0,1,0,0,0,0,1,1
60216,0033800002n65ooAAA,0.0,10,107.0,2554.0,0,0,0,1,0,0,0,0,1,0,0,1,0
60217,0033800002n65qCAAQ,0.0,50,102.0,2492.0,0,1,0,0,0,0,0,0,1,0,0,1,1
60220,0033800002n67GUAAY,0.0,0,0.0,2190.0,0,0,0,1,0,0,0,0,0,1,1,0,1
60230,0033800002n67UtAAI,0.0,90,666.0,2374.0,0,0,0,1,0,0,0,0,1,0,0,1,1
60232,0033800002n67UvAAI,0.0,0,2308.0,3287.0,1,0,0,0,0,0,0,0,1,0,0,1,0
60234,0033800002n67UxAAI,0.0,80,236.0,2192.0,0,0,0,1,0,0,1,0,0,0,0,1,0
60239,0033800002n67V2AAI,0.0,50,664.0,4838.0,1,0,0,0,0,0,1,0,0,0,1,0,1
60241,0033800002n67V4AAI,0.0,50,2896.0,1310.0,0,0,0,1,0,0,1,0,0,0,0,1,1
60249,0033800002n67nnAAA,0.0,0,4500.0,8776.0,0,0,0,0,1,0,0,0,0,1,0,1,1
60252,0033800002n67nqAAA,0.0,50,3500.0,10121.0,0,0,0,0,1,1,0,0,0,0,0,1,0
60253,0033800002n67nrAAA,0.0,100,56.0,7321.0,0,1,0,0,0,0,0,0,0,1,0,1,1
60255,0033800002n67ntAAA,0.0,0,56.0,7273.0,0,1,0,0,0,0,0,0,1,0,0,1,1
60256,0033800002n67nuAAA,0.0,80,2520.0,3634.0,0,0,1,0,0,1,0,0,0,0,1,0,1
60260,0033800002n67nyAAA,0.0,0,3744.0,3266.0,1,0,0,0,0,0,0,0,0,1,0,1,0
60261,0033800002n67o1AAA,0.0,0,87.0,4047.0,0,1,0,0,0,0,1,0,0,0,0,1,0
60265,0033800002n67o6AAA,0.0,0,86.0,10257.0,0,1,0,0,0,0,1,0,0,0,1,0,1
60266,0033800002n67o7AAA,0.0,0,41.0,8480.0,0,0,1,0,0,0,1,0,0,0,0,1,1
60267,0033800002n67oAAAQ,0.0,20,267.0,11095.0,0,0,0,0,1,0,0,0,0,1,0,1,1
60270,0033800002n67oDAAQ,0.0,0,292.0,1306.0,0,0,1,0,0,0,1,0,0,0,1,0,1
60272,0033800002n67oGAAQ,0.0,30,3921.0,7335.0,0,0,0,0,1,0,0,0,0,1,0,1,1
60273,0033800002n67oHAAQ,0.0,80,2336.0,5112.0,0,1,0,0,0,0,0,0,0,1,1,0,1
60274,0033800002n67oIAAQ,0.0,0,2840.0,2572.0,0,0,0,0,1,0,0,0,0,1,1,0,1
60276,0033800002n67oKAAQ,0.0,70,151.0,2021.0,0,0,0,1,0,0,0,0,0,1,0,1,1
60292,0033800002n67ocAAA,0.0,0,50.0,1376.0,0,1,0,0,0,0,0,0,0,1,1,0,0
60298,0033800002n69ESAAY,0.0,0,0.0,7333.0,1,0,0,0,0,0,1,0,0,0,0,1,0
60299,0033800002n69KfAAI,0.0,0,0.0,2191.0,0,0,0,1,0,1,0,0,0,0,0,1,1
60300,0033800002n69j1AAA,0.0,0,1193.0,4917.0,0,0,0,0,1,0,0,0,0,1,1,0,1
60301,0033800002n69piAAA,0.0,0,0.0,3156.0,1,0,0,0,0,0,1,0,0,0,0,1,1
60304,0033800002n69zdAAA,0.0,90,94.0,7612.0,0,0,0,1,0,0,1,0,0,0,1,0,1
60306,0033800002n6AA7AAM,0.0,0,0.0,7306.0,0,1,0,0,0,0,1,0,0,0,0,1,0
60313,0033800002n6Ae7AAE,0.0,0,984.0,688.0,1,0,0,0,0,0,1,0,0,0,1,0,1
60316,0033800002n6BIHAA2,0.0,0,1316.0,3066.0,0,0,0,1,0,0,0,0,1,0,0,1,0
60317,0033800002n6BXHAA2,0.0,0,0.0,2282.0,1,0,0,0,0,1,0,0,0,0,0,1,1
60318,0033800002n6BjwAAE,0.0,100,0.0,8936.0,0,0,0,0,1,0,0,0,1,0,0,1,1
60319,0033800002n6BmCAAU,0.0,0,0.0,8526.0,0,0,0,1,0,0,0,0,1,0,0,1,1
60322,0033800002n6BuKAAU,0.0,0,0.0,7317.0,1,0,0,0,0,0,1,0,0,0,0,1,0
60326,0033800002n6CtXAAU,0.0,100,242.0,3124.0,0,0,0,1,0,0,0,0,0,1,0,1,1
60331,0033800002n6FgSAAU,0.0,0,0.0,10985.0,0,0,0,0,1,1,0,0,0,0,0,1,0
60332,0033800002n6FkFAAU,0.0,0,162.0,1462.0,0,1,0,0,0,0,0,0,0,1,0,1,1
60340,0033800002n6Gc0AAE,0.0,0,26.0,9345.0,0,0,0,1,0,0,1,0,0,0,0,1,1
60341,0033800002n6GctAAE,0.0,0,997.0,1461.0,0,0,0,1,0,0,0,0,1,0,0,1,1
60342,0033800002n6GhfAAE,0.0,0,3534.0,2266.0,0,0,0,0,1,1,0,0,0,0,0,1,0
60343,0033800002n6GkoAAE,0.0,0,32.0,11431.0,1,0,0,0,0,1,0,0,0,0,0,1,1
60346,0033800002n6H9GAAU,0.0,0,0.0,7308.0,0,0,0,0,1,1,0,0,0,0,0,1,1
60347,0033800002n6HCPAA2,0.0,100,0.0,1174.0,0,0,0,1,0,0,1,0,0,0,0,1,0
60348,0033800002n6HDrAAM,0.0,0,0.0,2482.0,0,0,0,1,0,0,0,0,0,1,0,1,1
60349,0033800002n6HGMAA2,0.0,0,0.0,8236.0,0,1,0,0,0,1,0,0,0,0,0,1,1
60350,0033800002n6HOQAA2,0.0,0,0.0,1826.0,0,1,0,0,0,0,1,0,0,0,1,0,0
60351,0033800002n6HRtAAM,0.0,0,3151.0,3437.0,0,1,0,0,0,0,0,0,0,1,0,1,1
60353,0033800002n6HjYAAU,0.0,0,526.0,1385.0,0,0,0,1,0,0,1,0,0,0,0,1,1
60355,0033800002n6HosAAE,0.0,0,1652.0,2957.0,1,0,0,0,0,0,0,0,1,0,0,1,0
60356,0033800002n6HplAAE,0.0,0,123.0,8947.0,0,1,0,0,0,1,0,0,0,0,0,1,1
60360,0033800002n6HyeAAE,0.0,0,0.0,11895.0,0,0,0,1,0,0,1,0,0,0,0,1,0
60364,0033800002n6INhAAM,0.0,0,6634.0,413.0,0,0,0,1,0,0,1,0,0,0,0,1,0
60365,0033800002n6IOBAA2,0.0,100,1820.0,10995.0,0,0,0,1,0,0,0,0,0,1,0,1,1
60373,0033800002n6JKfAAM,0.0,0,2704.0,10235.0,0,0,0,0,1,0,0,0,0,1,0,1,0
60374,0033800002n6JKkAAM,0.0,0,0.0,11040.0,1,0,0,0,0,0,0,0,0,1,0,1,0
60375,0033800002n6JLnAAM,0.0,100,116.0,11705.0,0,1,0,0,0,0,1,0,0,0,0,1,0
60381,0033800002n6JRrAAM,0.0,40,7572.0,1095.0,0,0,0,0,1,0,1,0,0,0,0,1,0
60382,0033800002n6JTBAA2,0.0,0,0.0,2338.0,0,1,0,0,0,0,1,0,0,0,0,1,1
60388,0033800002n6JaUAAU,0.0,0,0.0,12615.0,0,0,0,1,0,0,0,0,0,1,0,1,0
60389,0033800002n6Jb2AAE,0.0,0,726.0,7532.0,0,0,0,0,1,1,0,0,0,0,1,0,1
60394,0033800002n6K08AAE,0.0,0,0.0,7527.0,0,1,0,0,0,0,1,0,0,0,0,1,0
60396,0033800002n6K4gAAE,0.0,90,6871.0,2852.0,0,1,0,0,0,0,0,0,0,1,0,1,0
60397,0033800002n6K6jAAE,0.0,0,1152.0,1306.0,0,0,0,1,0,1,0,0,0,0,0,1,0
60398,0033800002n6K6tAAE,0.0,0,0.0,9263.0,0,0,0,1,0,0,1,0,0,0,1,0,1
60399,0033800002n6K7XAAU,0.0,80,38.0,4311.0,0,0,0,1,0,0,1,0,0,0,0,1,1
60404,0033800002n6KJEAA2,0.0,100,884.0,9560.0,0,0,0,1,0,0,1,0,0,0,0,1,0
60405,0033800002n6KJTAA2,0.0,0,70.0,7312.0,0,0,0,1,0,0,0,0,0,1,0,1,1
60407,0033800002n6KRjAAM,0.0,0,0.0,7884.0,0,0,0,0,1,1,0,0,0,0,0,1,0
60408,0033800002n6KeAAAU,0.0,90,1556.0,1257.0,0,0,0,1,0,0,1,0,0,0,0,1,0
60409,0033800002n6KiEAAU,0.0,90,352.0,1272.0,0,0,0,1,0,0,0,0,0,1,0,1,1
60410,0033800002n6KpBAAU,0.0,0,0.0,1826.0,0,1,0,0,0,0,1,0,0,0,0,1,1
60415,0033800002n6LqRAAU,0.0,60,5613.0,2115.0,0,0,0,0,1,0,0,0,0,1,0,1,0
60416,0033800002n6LvlAAE,0.0,0,573.0,2191.0,1,0,0,0,0,0,0,0,0,1,0,1,1
60417,0033800002n6LwoAAE,0.0,0,0.0,9895.0,0,1,0,0,0,0,1,0,0,0,0,1,1
60425,0033800002n6MTqAAM,0.0,0,0.0,3510.0,1,0,0,0,0,0,0,0,0,1,0,1,0
60428,0033800002n6MTtAAM,0.0,0,2591.0,6607.0,0,0,0,0,1,1,0,0,0,0,0,1,1
60441,0033800002n6MukAAE,0.0,80,703.0,9732.0,0,1,0,0,0,0,1,0,0,0,0,1,0
60446,0033800002n6NBHAA2,0.0,0,0.0,1375.0,0,1,0,0,0,0,1,0,0,0,0,1,1
60447,0033800002n6NRjAAM,0.0,0,293.0,3364.0,0,0,0,0,1,0,0,0,1,0,0,1,0
60449,0033800002n6NYaAAM,0.0,0,0.0,2314.0,0,0,0,0,1,0,1,0,0,0,0,1,1
60452,0033800002n6NgPAAU,0.0,0,0.0,7321.0,0,0,0,0,1,1,0,0,0,0,0,1,1
60454,0033800002n6NwhAAE,0.0,0,0.0,7375.0,0,0,0,1,0,0,1,0,0,0,0,1,0
60457,0033800002n6O05AAE,0.0,30,856.0,6383.0,0,0,0,0,1,1,0,0,0,0,0,1,1
60458,0033800002n6O2zAAE,0.0,70,5528.0,1680.0,1,0,0,0,0,0,1,0,0,0,1,0,0
60459,0033800002n6O36AAE,0.0,0,5125.0,6133.0,0,0,0,0,1,0,1,0,0,0,1,0,1
60460,0033800002n6O3BAAU,0.0,60,2159.0,518.0,0,1,0,0,0,1,0,0,0,0,1,0,1
60464,0033800002n6O4pAAE,0.0,0,0.0,7326.0,0,0,0,1,0,1,0,0,0,0,1,0,0
60465,0033800002n6O6CAAU,0.0,0,0.0,1460.0,0,0,0,1,0,0,0,0,0,1,0,1,1
60474,0033800002n6OnqAAE,0.0,0,0.0,7842.0,1,0,0,0,0,1,0,0,0,0,0,1,0
60477,0033800002n6PDQAA2,0.0,0,0.0,8793.0,1,0,0,0,0,1,0,0,0,0,0,1,1
60484,0033800002n6PjVAAU,0.0,0,0.0,11166.0,1,0,0,0,0,0,1,0,0,0,0,1,1
60485,0033800002n6PlgAAE,0.0,0,2744.0,776.0,0,1,0,0,0,1,0,0,0,0,0,1,0
60487,0033800002n6PyhAAE,0.0,0,0.0,1287.0,0,1,0,0,0,0,1,0,0,0,0,1,0
60488,0033800002n6Q1mAAE,0.0,90,180.0,3093.0,1,0,0,0,0,0,1,0,0,0,0,1,1
60489,0033800002n6Q2uAAE,0.0,100,798.0,3592.0,0,1,0,0,0,0,1,0,0,0,0,1,0
60491,0033800002n6Q5FAAU,0.0,30,0.0,10105.0,0,1,0,0,0,0,1,0,0,0,0,1,1
60495,0033800002n6QGJAA2,0.0,0,0.0,2798.0,1,0,0,0,0,0,0,0,0,1,0,1,1
60496,0033800002n6QVtAAM,0.0,0,7428.0,1461.0,1,0,0,0,0,1,0,0,0,0,0,1,1
60498,0033800002n6QXyAAM,0.0,100,571.0,5600.0,0,0,0,1,0,0,1,0,0,0,0,1,1
60499,0033800002n6QYDAA2,0.0,0,6719.0,1461.0,0,0,0,0,1,0,0,0,0,1,1,0,0
60500,0033800002n6QZaAAM,0.0,50,489.0,1461.0,0,0,0,1,0,0,0,0,1,0,0,1,1
60501,0033800002n6Qh6AAE,0.0,0,0.0,2192.0,0,0,0,1,0,1,0,0,0,0,0,1,1
60506,0033800002n6Qu4AAE,0.0,80,1029.0,4157.0,1,0,0,0,0,0,1,0,0,0,0,1,0
60509,0033800002n6Rw6AAE,0.0,0,0.0,9750.0,0,0,0,0,1,0,1,0,0,0,0,1,0
60510,0033800002n6SBAAA2,0.0,0,3325.0,1210.0,0,0,0,1,0,0,0,0,0,1,0,1,0
60518,0033800002n6TZCAA2,0.0,0,637.0,4892.0,0,1,0,0,0,0,1,0,0,0,0,1,1
60519,0033800002n6TeIAAU,0.0,0,0.0,7781.0,1,0,0,0,0,0,0,0,0,1,0,1,1
60520,0033800002n6TkWAAU,0.0,0,0.0,4303.0,1,0,0,0,0,0,1,0,0,0,0,1,1
60521,0033800002n6TrnAAE,0.0,0,0.0,5266.0,0,0,0,1,0,0,1,0,0,0,0,1,0
60527,0033800002n6VhFAAU,0.0,0,0.0,8949.0,0,0,0,0,1,0,1,0,0,0,0,1,0
60528,0033800002n6Vi3AAE,0.0,0,762.0,3287.0,0,0,0,0,1,0,1,0,0,0,0,1,1
60530,0033800002n6VvwAAE,0.0,0,2.0,2375.0,0,1,0,0,0,0,1,0,0,0,1,0,1
60532,0033800002n6Vw1AAE,0.0,0,3045.0,2192.0,0,0,0,0,1,1,0,0,0,0,1,0,1
60533,0033800002n6Vw4AAE,0.0,50,4765.0,533.0,0,0,0,0,1,1,0,0,0,0,1,0,0
60534,0033800002n6Vw7AAE,0.0,0,4807.0,1170.0,0,0,0,1,0,0,1,0,0,0,1,0,1
60535,0033800002n6Vw9AAE,0.0,0,4223.0,1885.0,0,0,0,0,1,0,1,0,0,0,1,0,0
60536,0033800002n6VwAAAU,0.0,0,1.0,9174.0,0,0,0,0,1,1,0,0,0,0,1,0,0
60538,0033800002n6VwEAAU,0.0,20,6002.0,3879.0,0,0,0,1,0,0,1,0,0,0,1,0,1
60539,0033800002n6VwFAAU,0.0,90,946.0,9921.0,0,0,0,0,1,1,0,0,0,0,1,0,1
60540,0033800002n6VwHAAU,0.0,50,1594.0,980.0,0,0,0,0,1,0,1,0,0,0,1,0,0
60576,0033800002n6W4wAAE,0.0,0,2.0,7367.0,0,1,0,0,0,0,0,0,1,0,1,0,1
60592,0033800002n6W9xAAE,0.0,0,0.0,2240.0,0,0,0,1,0,0,1,0,0,0,0,1,1
60593,0033800002n6WDBAA2,0.0,0,138.0,1927.0,0,1,0,0,0,0,1,0,0,0,0,1,0
60594,0033800002n6WK7AAM,0.0,0,429.0,8898.0,0,0,0,0,1,1,0,0,0,0,0,1,0
60595,0033800002n6WSRAA2,0.0,0,0.0,8813.0,0,0,0,1,0,0,1,0,0,0,0,1,1
60596,0033800002n6WSlAAM,0.0,90,0.0,2647.0,0,0,0,1,0,0,1,0,0,0,0,1,0
60599,0033800002n6WnUAAU,0.0,100,239.0,8404.0,1,0,0,0,0,0,1,0,0,0,0,1,0
60603,0033800002n6X2cAAE,0.0,100,0.0,6166.0,1,0,0,0,0,0,1,0,0,0,0,1,0
60604,0033800002n6X2rAAE,0.0,0,0.0,8771.0,1,0,0,0,0,0,0,0,0,1,0,1,1
60606,0033800002n6XLNAA2,0.0,0,0.0,1813.0,0,0,0,1,0,0,1,0,0,0,0,1,1
60607,0033800002n6XQqAAM,0.0,0,0.0,8034.0,0,0,0,1,0,0,1,0,0,0,0,1,1
60608,0033800002n6XTBAA2,0.0,0,0.0,8265.0,0,0,0,1,0,0,1,0,0,0,0,1,1
60610,0033800002n6XWxAAM,0.0,100,97.0,8959.0,1,0,0,0,0,1,0,0,0,0,1,0,0
60611,0033800002n6XXqAAM,0.0,0,0.0,1403.0,0,0,0,1,0,0,0,0,1,0,0,1,1
60613,0033800002n6XagAAE,0.0,0,0.0,2721.0,0,0,0,1,0,0,1,0,0,0,0,1,1
60615,0033800002n6XdWAAU,0.0,0,0.0,5092.0,0,0,0,1,0,0,0,0,0,1,0,1,0
60622,0033800002n6ZQzAAM,0.0,0,0.0,7308.0,0,1,0,0,0,0,1,0,0,0,0,1,1
60625,0033800002n6ZhlAAE,0.0,0,0.0,10013.0,1,0,0,0,0,0,1,0,0,0,0,1,1
60628,0033800002n6Zr4AAE,0.0,60,0.0,9297.0,0,0,0,1,0,0,1,0,0,0,0,1,1
60629,0033800002n6Zu3AAE,0.0,0,0.0,8760.0,0,1,0,0,0,1,0,0,0,0,0,1,1
60632,0033800002n6a1EAAQ,0.0,0,0.0,8578.0,0,1,0,0,0,0,0,0,0,1,0,1,0
60633,0033800002n6a41AAA,0.0,0,0.0,7321.0,0,0,0,1,0,0,1,0,0,0,0,1,1
60634,0033800002n6a8cAAA,0.0,0,0.0,9497.0,0,0,0,0,1,0,1,0,0,0,0,1,0
60635,0033800002n6aBaAAI,0.0,0,0.0,1527.0,0,0,0,1,0,0,1,0,0,0,0,1,1
60644,0033800002n6bbPAAQ,0.0,0,0.0,8767.0,0,1,0,0,0,0,1,0,0,0,0,1,1
60647,0033800002n6brOAAQ,0.0,10,6062.0,2923.0,0,0,0,0,1,0,0,0,0,1,0,1,1
60649,0033800002n6c8EAAQ,0.0,0,0.0,7696.0,0,0,0,0,1,1,0,0,0,0,0,1,1
60650,0033800002n6cAKAAY,0.0,0,0.0,7305.0,0,0,0,1,0,1,0,0,0,0,0,1,0
60651,0033800002n6cGXAAY,0.0,70,4318.0,2649.0,0,0,0,1,0,0,0,0,1,0,0,1,0
60656,0033800002n6d5hAAA,0.0,0,0.0,7305.0,0,0,0,1,0,0,1,0,0,0,0,1,1
60657,0033800002n6dChAAI,0.0,0,0.0,2192.0,0,0,0,1,0,1,0,0,0,0,0,1,0
60658,0033800002n6dE4AAI,0.0,0,0.0,5484.0,1,0,0,0,0,1,0,0,0,0,0,1,1
60661,0033800002n6dOiAAI,0.0,0,2237.0,429.0,0,0,0,1,0,1,0,0,0,0,0,1,1
60672,0033800002n6q9DAAQ,0.0,0,0.0,1706.0,0,0,0,1,0,0,1,0,0,0,0,1,1
60674,0033800002n6qEaAAI,0.0,0,0.0,5916.0,0,1,0,0,0,0,1,0,0,0,0,1,0
60675,0033800002n6qEuAAI,0.0,60,3590.0,1296.0,0,1,0,0,0,1,0,0,0,0,0,1,0
60677,0033800002n6qRcAAI,0.0,0,0.0,7304.0,0,0,0,1,0,0,1,0,0,0,0,1,0
60679,0033800002n6re6AAA,0.0,0,0.0,9997.0,0,0,0,0,1,0,1,0,0,0,0,1,1
60680,0033800002n6rnFAAQ,0.0,0,0.0,2191.0,0,1,0,0,0,0,0,0,0,1,0,1,1
60686,0033800002n6sPzAAI,0.0,70,1405.0,1409.0,0,1,0,0,0,0,0,0,0,1,1,0,0
60687,0033800002n6sQ0AAI,0.0,0,829.0,1381.0,0,1,0,0,0,0,1,0,0,0,1,0,1
60700,0033800002n6sQKAAY,0.0,50,2238.0,8690.0,0,0,0,0,1,1,0,0,0,0,0,1,1
60704,0033800002n6sQOAAY,0.0,80,2417.0,5163.0,0,0,0,0,1,0,1,0,0,0,0,1,0
60709,0033800002n6snnAAA,0.0,100,2708.0,3109.0,0,0,0,1,0,0,1,0,0,0,0,1,1
60711,0033800002n6sqDAAQ,0.0,0,0.0,8449.0,1,0,0,0,0,0,0,0,1,0,0,1,1
60712,0033800002n6t1WAAQ,0.0,0,0.0,675.0,0,1,0,0,0,0,1,0,0,0,1,0,0
60716,0033800002n6tOmAAI,0.0,0,0.0,8792.0,0,0,0,1,0,0,0,0,0,1,0,1,1
60718,0033800002n6tViAAI,0.0,30,6640.0,8114.0,0,0,0,1,0,0,0,0,1,0,0,1,0
60719,0033800002n6tVxAAI,0.0,0,0.0,7315.0,0,0,0,1,0,0,1,0,0,0,0,1,0
60721,0033800002n6tYNAAY,0.0,80,940.0,3203.0,0,0,0,1,0,0,1,0,0,0,0,1,0
60726,0033800002n6tnjAAA,0.0,90,96.0,7553.0,0,1,0,0,0,1,0,0,0,0,1,0,1
60729,0033800002n6uAFAAY,0.0,0,0.0,2552.0,0,0,0,1,0,0,0,0,0,1,0,1,0
60730,0033800002n6uB8AAI,0.0,80,0.0,10564.0,1,0,0,0,0,0,1,0,0,0,0,1,0
60733,0033800002n6uZLAAY,0.0,0,3.0,7329.0,0,1,0,0,0,0,0,0,1,0,0,1,1
60734,0033800002n6ubCAAQ,0.0,0,0.0,2709.0,1,0,0,0,0,0,0,0,0,1,0,1,1
60738,0033800002n6uhtAAA,0.0,30,8305.0,693.0,0,0,0,1,0,0,1,0,0,0,0,1,0
60739,0033800002n6upBAAQ,0.0,0,0.0,10718.0,0,0,0,0,1,0,1,0,0,0,1,0,0
60740,0033800002n6v1WAAQ,0.0,0,0.0,8094.0,0,1,0,0,0,0,1,0,0,0,1,0,0
60741,0033800002n6v7MAAQ,0.0,0,0.0,2804.0,0,0,0,1,0,0,1,0,0,0,0,1,1
60743,0033800002n6vWOAAY,0.0,0,0.0,1462.0,0,0,0,1,0,0,0,0,1,0,0,1,1
60746,0033800002n6w2yAAA,0.0,0,0.0,1727.0,0,1,0,0,0,0,0,0,1,0,0,1,1
60748,0033800002n6w54AAA,0.0,0,1252.0,8777.0,1,0,0,0,0,0,0,0,0,1,0,1,0
60751,0033800002n6wVvAAI,0.0,0,896.0,7364.0,0,0,0,1,0,0,1,0,0,0,0,1,1
60759,0033800002n6xX4AAI,0.0,0,0.0,11485.0,0,0,0,0,1,1,0,0,0,0,0,1,1
60762,0033800002n6yPjAAI,0.0,0,0.0,9147.0,0,1,0,0,0,0,1,0,0,0,0,1,1
60763,0033800002n6yeEAAQ,0.0,80,0.0,6488.0,0,0,0,1,0,0,0,0,0,1,0,1,1
60766,0033800002n6ytcAAA,0.0,0,335.0,8919.0,0,1,0,0,0,0,1,0,0,0,1,0,1
60768,0033800002n6z2uAAA,0.0,0,0.0,10605.0,0,1,0,0,0,0,1,0,0,0,0,1,1
60770,0033800002n6zCpAAI,0.0,0,221.0,1256.0,0,0,0,1,0,0,1,0,0,0,1,0,0
60772,0033800002n705aAAA,0.0,0,3279.0,3754.0,1,0,0,0,0,0,0,0,0,1,1,0,1
60773,0033800002n705fAAA,0.0,0,0.0,3963.0,1,0,0,0,0,1,0,0,0,0,0,1,1
60779,0033800002n70wpAAA,0.0,0,2330.0,2533.0,0,1,0,0,0,0,1,0,0,0,0,1,1
60785,0033800002n72e4AAA,0.0,0,0.0,469.0,0,0,0,1,0,0,1,0,0,0,1,0,0
60791,0033800002n72wgAAA,0.0,100,827.0,3325.0,0,0,0,1,0,0,0,0,1,0,1,0,0
60792,0033800002n730TAAQ,0.0,0,0.0,9827.0,0,0,0,0,1,0,0,0,0,1,0,1,1
60794,0033800002n73dfAAA,0.0,0,0.0,1650.0,0,0,0,0,1,0,0,0,0,1,0,1,0
60797,0033800002n73tpAAA,0.0,0,0.0,2070.0,0,0,0,1,0,0,1,0,0,0,0,1,1
60804,0033800002n74S5AAI,0.0,0,0.0,10497.0,0,0,0,1,0,0,1,0,0,0,0,1,0
60806,0033800002n74yTAAQ,0.0,50,961.0,7522.0,0,1,0,0,0,0,1,0,0,0,0,1,0
60809,0033800002n75ATAAY,0.0,0,0.0,7510.0,1,0,0,0,0,0,1,0,0,0,1,0,1
60810,0033800002n75GQAAY,0.0,0,0.0,1649.0,0,0,0,1,0,0,1,0,0,0,0,1,1
60812,0033800002n75lKAAQ,0.0,0,0.0,7765.0,0,1,0,0,0,0,0,0,0,1,0,1,1
60813,0033800002n76GoAAI,0.0,0,0.0,11151.0,0,0,0,0,1,0,1,0,0,0,0,1,0
60825,0033800002n77KtAAI,0.0,40,1963.0,3303.0,0,1,0,0,0,0,0,0,1,0,1,0,1
60829,0033800002n7815AAA,0.0,100,1618.0,1916.0,0,1,0,0,0,0,1,0,0,0,0,1,1
60830,0033800002n784oAAA,0.0,0,9.0,8510.0,0,0,0,1,0,0,0,0,1,0,0,1,0
60833,0033800002n78JDAAY,0.0,100,956.0,8047.0,0,1,0,0,0,0,1,0,0,0,1,0,0
60836,0033800002n78YNAAY,0.0,0,0.0,8745.0,0,0,0,1,0,1,0,0,0,0,0,1,1
60839,0033800002n78lHAAQ,0.0,0,0.0,7393.0,0,0,0,1,0,0,0,0,1,0,0,1,1
60842,0033800002n796ZAAQ,0.0,0,0.0,4108.0,0,0,0,1,0,0,1,0,0,0,0,1,0
60845,0033800002n79UQAAY,0.0,0,0.0,5307.0,0,0,0,1,0,0,0,0,0,1,0,1,1
60848,0033800002n79eQAAQ,0.0,0,5815.0,6000.0,0,0,0,0,1,0,1,0,0,0,1,0,1
60849,0033800002n79lvAAA,0.0,0,572.0,2072.0,0,0,0,1,0,0,1,0,0,0,0,1,1
60850,0033800002n79rKAAQ,0.0,0,0.0,1386.0,0,0,0,0,1,0,1,0,0,0,0,1,1
60851,0033800002n79rUAAQ,0.0,0,0.0,1771.0,0,1,0,0,0,0,1,0,0,0,0,1,1
60855,0033800002n7ABAAA2,0.0,0,215.0,2737.0,0,1,0,0,0,0,1,0,0,0,0,1,1
60857,0033800002n7ATkAAM,0.0,0,172.0,1462.0,1,0,0,0,0,0,1,0,0,0,0,1,1
60859,0033800002n7B75AAE,0.0,0,1261.0,4276.0,0,1,0,0,0,0,0,0,1,0,0,1,1
60861,0033800002n7B93AAE,0.0,0,7012.0,1460.0,1,0,0,0,0,0,0,0,1,0,0,1,0
60862,0033800002n7BGiAAM,0.0,60,2031.0,952.0,0,1,0,0,0,0,1,0,0,0,1,0,0
60866,0033800002n7BVUAA2,0.0,0,1014.0,5142.0,0,0,0,0,1,0,1,0,0,0,0,1,0
60873,0033800002n7CsUAAU,0.0,0,0.0,2214.0,0,0,0,0,1,0,1,0,0,0,0,1,0
60877,0033800002n7DGhAAM,0.0,0,0.0,2585.0,1,0,0,0,0,0,0,0,0,1,0,1,1
60880,0033800002n7DazAAE,0.0,60,982.0,7400.0,0,1,0,0,0,0,1,0,0,0,0,1,1
60884,0033800002n7DrmAAE,0.0,0,0.0,1826.0,0,1,0,0,0,0,1,0,0,0,0,1,1
60893,0033800002n7EGkAAM,0.0,0,0.0,8838.0,0,0,0,1,0,0,1,0,0,0,0,1,1
60894,0033800002n7ENMAA2,0.0,50,800.0,10976.0,0,0,0,0,1,1,0,0,0,0,0,1,0
60896,0033800002n7EnpAAE,0.0,100,777.0,3620.0,0,1,0,0,0,0,1,0,0,0,0,1,0
60898,0033800002n7EzqAAE,0.0,0,16.0,3689.0,0,0,0,1,0,0,1,0,0,0,0,1,1
60900,0033800002n7FA0AAM,0.0,50,3040.0,1699.0,0,1,0,0,0,0,1,0,0,0,1,0,1
60901,0033800002n7FKyAAM,0.0,0,842.0,1462.0,0,1,0,0,0,0,0,0,0,1,1,0,0
60902,0033800002n7FQfAAM,0.0,0,0.0,8790.0,1,0,0,0,0,1,0,0,0,0,0,1,1
60905,0033800002n7FUDAA2,0.0,0,0.0,3210.0,1,0,0,0,0,0,0,0,0,1,1,0,1
60907,0033800002n7FhVAAU,0.0,0,0.0,4776.0,0,0,0,1,0,0,0,0,0,1,0,1,0
60908,0033800002n7FhaAAE,0.0,0,2078.0,3470.0,0,1,0,0,0,0,1,0,0,0,1,0,0
60911,0033800002n7GOAAA2,0.0,0,0.0,9505.0,0,0,0,0,1,1,0,0,0,0,0,1,1
60914,0033800002n7HPhAAM,0.0,0,0.0,8984.0,0,0,0,0,1,1,0,0,0,0,0,1,1
60920,0033800002n7I5YAAU,0.0,70,0.0,5207.0,0,1,0,0,0,1,0,0,0,0,1,0,0
60921,0033800002n7I62AAE,0.0,0,0.0,1857.0,0,0,0,0,1,0,0,0,1,0,0,1,1
60928,0033800002n7ISDAA2,0.0,0,0.0,2517.0,0,0,0,1,0,0,1,0,0,0,0,1,1
60934,0033800002n7KBqAAM,0.0,0,193.0,1826.0,0,0,0,1,0,0,0,0,0,1,0,1,1
60939,0033800002n7KBwAAM,0.0,0,3.0,1443.0,0,0,0,1,0,0,1,0,0,0,0,1,0
60946,0033800002n7KC3AAM,0.0,20,3530.0,11252.0,0,0,0,0,1,1,0,0,0,0,0,1,1
60949,0033800002n7KC7AAM,0.0,0,5257.0,3030.0,0,0,1,0,0,0,0,0,0,1,0,1,0
60951,0033800002n7KC9AAM,0.0,0,38.0,11050.0,0,0,0,1,0,0,0,0,0,1,0,1,1
60958,0033800002n7KCHAA2,0.0,0,11.0,2796.0,0,1,0,0,0,0,0,0,0,1,1,0,1
60963,0033800002n7KCMAA2,0.0,0,100.0,1508.0,1,0,0,0,0,0,0,0,0,1,0,1,0
60968,0033800002n7KCRAA2,0.0,0,10.0,5692.0,0,0,0,0,1,0,1,0,0,0,0,1,1
60978,0033800002n7KDAAA2,0.0,0,189.0,2284.0,0,1,0,0,0,0,0,0,0,1,0,1,1
60981,0033800002n7KEpAAM,0.0,0,0.0,10970.0,0,0,0,1,0,0,1,0,0,0,0,1,1
60982,0033800002n7KG7AAM,0.0,0,0.0,3498.0,0,1,0,0,0,0,0,0,0,1,1,0,1
60987,0033800002n7KdvAAE,0.0,0,0.0,2909.0,0,0,0,1,0,1,0,0,0,0,0,1,1
60990,0033800002n7KnDAAU,0.0,0,0.0,6575.0,0,0,0,1,0,0,1,0,0,0,0,1,0
60991,0033800002n7KnwAAE,0.0,60,265.0,2022.0,0,0,0,1,0,0,0,0,0,1,0,1,0
61001,0033800002n7PM4AAM,0.0,0,708.0,6284.0,1,0,0,0,0,0,1,0,0,0,0,1,1
61002,0033800002n7R9xAAE,0.0,0,0.0,3997.0,0,1,0,0,0,0,1,0,0,0,0,1,1
61003,0033800002n7RCmAAM,0.0,0,616.0,7509.0,0,1,0,0,0,1,0,0,0,0,0,1,1
61004,0033800002n7RJJAA2,0.0,0,0.0,5531.0,0,0,0,1,0,1,0,0,0,0,0,1,0
61009,0033800002n7Rr8AAE,0.0,80,1626.0,2934.0,1,0,0,0,0,0,0,0,1,0,0,1,1
61010,0033800002n7RuHAAU,0.0,0,1051.0,1329.0,0,0,0,1,0,0,1,0,0,0,0,1,1
61011,0033800002n7RuMAAU,0.0,0,0.0,7322.0,0,1,0,0,0,1,0,0,0,0,0,1,0
61012,0033800002n7S0vAAE,0.0,0,0.0,8589.0,0,1,0,0,0,0,0,0,0,1,1,0,1
61013,0033800002n7S8WAAU,0.0,0,0.0,3933.0,0,1,0,0,0,0,0,1,0,0,0,1,1
61014,0033800002n7SL1AAM,0.0,0,0.0,7319.0,1,0,0,0,0,0,0,0,1,0,0,1,1
61017,0033800002n7ScGAAU,0.0,0,0.0,1828.0,0,0,0,1,0,0,1,0,0,0,0,1,0
61022,0033800002n7TLIAA2,0.0,0,0.0,8224.0,0,1,0,0,0,0,0,0,1,0,0,1,0
61023,0033800002n7TR5AAM,0.0,90,1168.0,1191.0,0,1,0,0,0,0,1,0,0,0,0,1,1
61028,0033800002n7Tx1AAE,0.0,0,0.0,9129.0,0,0,0,1,0,0,1,0,0,0,0,1,1
61031,0033800002n7U2DAAU,0.0,0,1978.0,688.0,0,1,0,0,0,0,0,0,0,1,1,0,1
61033,0033800002n7UEPAA2,0.0,30,1016.0,5309.0,0,1,0,0,0,1,0,0,0,0,0,1,1
61034,0033800002n7UIRAA2,0.0,0,0.0,1825.0,1,0,0,0,0,1,0,0,0,0,1,0,1
61035,0033800002n7ULLAA2,0.0,0,0.0,7538.0,0,0,0,1,0,0,0,0,0,1,0,1,1
61038,0033800002n7UhCAAU,0.0,0,467.0,9161.0,0,0,0,0,1,0,1,0,0,0,1,0,0
61044,0033800002n7W5gAAE,0.0,100,9.0,8526.0,0,0,0,0,1,0,1,0,0,0,0,1,1
61046,0033800002n7WoZAAU,0.0,0,6871.0,1461.0,0,0,0,1,0,0,0,0,1,0,0,1,0
61047,0033800002n7WpcAAE,0.0,0,3053.0,1825.0,1,0,0,0,0,0,0,0,1,0,0,1,1
61048,0033800002n7WqfAAE,0.0,0,0.0,10649.0,0,0,0,0,1,0,0,0,0,1,0,1,1
61050,0033800002n7WwRAAU,0.0,0,2018.0,3729.0,0,0,0,1,0,1,0,0,0,0,0,1,1
61051,0033800002n7X3AAAU,0.0,0,0.0,9634.0,0,1,0,0,0,0,1,0,0,0,0,1,0
61052,0033800002n7X4hAAE,0.0,90,955.0,8285.0,0,0,0,1,0,0,0,0,0,1,0,1,1
61053,0033800002n7XCFAA2,0.0,60,1397.0,1549.0,0,1,0,0,0,0,1,0,0,0,0,1,1
61058,0033800002n7XmCAAU,0.0,0,0.0,1242.0,0,0,0,1,0,0,1,0,0,0,0,1,0
61060,0033800002n7Y6NAAU,0.0,0,0.0,3388.0,0,0,0,1,0,0,0,0,1,0,0,1,0
61062,0033800002n7YUoAAM,0.0,60,0.0,7933.0,0,1,0,0,0,0,1,0,0,0,0,1,0
61066,0033800002n7Yv1AAE,0.0,30,75.0,2192.0,0,0,0,1,0,1,0,0,0,0,0,1,0
61127,0033800002n7YwrAAE,0.0,0,0.0,7316.0,0,1,0,0,0,1,0,0,0,0,1,0,0
61169,0033800002n7ZdiAAE,0.0,0,0.0,5677.0,0,0,0,0,1,0,0,0,0,1,0,1,1
61178,0033800002n7a4RAAQ,0.0,0,2018.0,2557.0,0,0,0,0,1,1,0,0,0,0,0,1,1
61179,0033800002n7a6tAAA,0.0,60,0.0,4832.0,0,1,0,0,0,0,0,0,0,1,1,0,1
61181,0033800002n7aCrAAI,0.0,0,0.0,7477.0,0,1,0,0,0,0,1,0,0,0,1,0,0
61184,0033800002n7aMbAAI,0.0,90,1763.0,1206.0,0,0,0,1,0,0,1,0,0,0,0,1,0
61190,0033800002n7c94AAA,0.0,0,0.0,9138.0,1,0,0,0,0,0,0,0,0,1,0,1,1
61206,0033800002n7cv5AAA,0.0,0,39.0,9283.0,0,0,0,0,1,0,1,0,0,0,0,1,1
61207,0033800002n7cv6AAA,0.0,0,404.0,4240.0,0,1,0,0,0,0,1,0,0,0,1,0,0
61210,0033800002n7d1tAAA,0.0,10,714.0,3133.0,0,1,0,0,0,1,0,0,0,0,0,1,1
61213,0033800002n7dKMAAY,0.0,0,0.0,7332.0,0,0,0,1,0,0,1,0,0,0,0,1,1
61216,0033800002n7eFZAAY,0.0,0,3156.0,2829.0,0,1,0,0,0,1,0,0,0,0,0,1,1
61217,0033800002n7eJWAAY,0.0,100,1622.0,6147.0,0,0,0,1,0,0,1,0,0,0,1,0,0
61218,0033800002n7eQkAAI,0.0,0,3056.0,2412.0,0,1,0,0,0,0,0,0,0,1,0,1,1
61219,0033800002n7eaQAAQ,0.0,50,2181.0,1177.0,1,0,0,0,0,0,1,0,0,0,0,1,0
61223,0033800002n7f0NAAQ,0.0,0,0.0,7319.0,0,0,0,1,0,0,0,0,0,1,0,1,1
61228,0033800002n7gCZAAY,0.0,90,1275.0,4464.0,0,0,0,1,0,0,0,0,1,0,0,1,0
61233,0033800002n7gdLAAQ,0.0,0,0.0,2012.0,0,1,0,0,0,0,1,0,0,0,1,0,0
61234,0033800002n7h46AAA,0.0,0,76.0,962.0,0,1,0,0,0,0,0,1,0,0,0,1,0
61239,0033800002n7h78AAA,0.0,0,0.0,3639.0,0,0,0,1,0,0,0,0,0,1,1,0,1
61240,0033800002n7h7NAAQ,0.0,0,0.0,5873.0,0,0,0,1,0,0,0,0,0,1,1,0,0
61241,0033800002n7h9gAAA,0.0,0,0.0,4411.0,0,0,0,1,0,0,1,0,0,0,0,1,1
61242,0033800002n7hA5AAI,0.0,0,1166.0,1102.0,0,0,0,1,0,1,0,0,0,0,0,1,0
61243,0033800002n7hA6AAI,0.0,0,0.0,8481.0,0,1,0,0,0,1,0,0,0,0,0,1,1
61244,0033800002n7hBIAAY,0.0,0,0.0,5498.0,0,1,0,0,0,1,0,0,0,0,0,1,1
61246,0033800002n7hDrAAI,0.0,30,978.0,4860.0,0,1,0,0,0,1,0,0,0,0,0,1,1
61248,0033800002n7hFNAAY,0.0,0,0.0,2191.0,1,0,0,0,0,1,0,0,0,0,0,1,1
61250,0033800002n7hjCAAQ,0.0,0,0.0,643.0,0,0,0,0,1,0,1,0,0,0,0,1,1
61253,0033800002n7htnAAA,0.0,0,84.0,3856.0,0,0,0,0,1,0,1,0,0,0,1,0,0
61254,0033800002n7htsAAA,0.0,0,0.0,7315.0,0,1,0,0,0,0,1,0,0,0,0,1,0
61256,0033800002n7hynAAA,0.0,0,2160.0,1718.0,0,0,0,1,0,0,1,0,0,0,0,1,1
61270,0033800002n7jILAAY,0.0,0,0.0,8795.0,1,0,0,0,0,1,0,0,0,0,0,1,1
61274,0033800002n7r94AAA,0.0,0,3340.0,1097.0,1,0,0,0,0,0,1,0,0,0,0,1,1
61296,0033800002n7rahAAA,0.0,0,0.0,7897.0,0,1,0,0,0,0,1,0,0,0,0,1,0
61302,0033800002n7sPEAAY,0.0,0,0.0,12044.0,0,1,0,0,0,0,1,0,0,0,0,1,1
61313,0033800002n7t67AAA,0.0,10,5877.0,1465.0,0,1,0,0,0,0,0,0,0,1,0,1,1
61315,0033800002n7tUvAAI,0.0,40,3834.0,904.0,0,1,0,0,0,0,1,0,0,0,0,1,1
61316,0033800002n7tgPAAQ,0.0,0,769.0,1826.0,0,0,0,0,1,0,0,0,0,1,0,1,1
61318,0033800002n7tyrAAA,0.0,0,0.0,4935.0,0,1,0,0,0,0,1,0,0,0,0,1,1
61319,0033800002n7u5LAAQ,0.0,40,4895.0,2557.0,0,0,0,0,1,0,1,0,0,0,1,0,1
61325,0033800002n7vOOAAY,0.0,0,1684.0,4155.0,1,0,0,0,0,0,0,0,1,0,0,1,1
61326,0033800002n7viPAAQ,0.0,0,0.0,2191.0,1,0,0,0,0,1,0,0,0,0,0,1,0
61327,0033800002n7vkGAAQ,0.0,0,7.0,4983.0,0,0,0,1,0,0,1,0,0,0,0,1,1
61329,0033800002n7vn5AAA,0.0,0,0.0,10124.0,0,0,1,0,0,0,0,0,0,1,0,1,1
61332,0033800002n7w2xAAA,0.0,70,1167.0,7316.0,0,0,0,1,0,0,0,0,0,1,0,1,0
61338,0033800002n7wR6AAI,0.0,0,47.0,7318.0,0,1,0,0,0,0,1,0,0,0,0,1,0
61339,0033800002n7wWfAAI,0.0,0,0.0,8844.0,1,0,0,0,0,0,1,0,0,0,0,1,1
61340,0033800002n7weNAAQ,0.0,70,1928.0,1645.0,0,0,0,1,0,0,1,0,0,0,0,1,0
61341,0033800002n7wloAAA,0.0,0,2277.0,1461.0,0,1,0,0,0,0,0,0,1,0,0,1,1
61343,0033800002n7ww0AAA,0.0,0,4188.0,1186.0,0,0,0,0,1,0,1,0,0,0,0,1,0
61344,0033800002n7x0rAAA,0.0,0,0.0,7726.0,1,0,0,0,0,0,0,0,0,1,1,0,1
61345,0033800002n7xCiAAI,0.0,50,56.0,2313.0,1,0,0,0,0,1,0,0,0,0,1,0,1
61347,0033800002n7xF3AAI,0.0,0,0.0,1826.0,0,0,0,1,0,0,0,0,1,0,0,1,1
61348,0033800002n7xIkAAI,0.0,0,0.0,8774.0,0,1,0,0,0,0,1,0,0,0,0,1,1
61351,0033800002n7xz2AAA,0.0,0,0.0,7614.0,0,0,0,1,0,0,0,1,0,0,0,1,0
61352,0033800002n7y7oAAA,0.0,80,137.0,2192.0,0,1,0,0,0,0,1,0,0,0,0,1,1
61353,0033800002n7y7qAAA,0.0,0,0.0,5274.0,0,1,0,0,0,0,1,0,0,0,0,1,1
61354,0033800002n7y7rAAA,0.0,0,9727.0,2159.0,0,0,0,1,0,1,0,0,0,0,0,1,1
61357,0033800002n7y7yAAA,0.0,0,288.0,1827.0,0,0,0,1,0,0,0,0,1,0,0,1,0
61358,0033800002n7y7zAAA,0.0,0,47.0,8792.0,1,0,0,0,0,1,0,0,0,0,0,1,1
61360,0033800002n7yA6AAI,0.0,0,0.0,10397.0,0,0,0,0,1,0,1,0,0,0,1,0,0
61363,0033800002n7yBkAAI,0.0,0,5.0,5409.0,1,0,0,0,0,1,0,0,0,0,0,1,1
61364,0033800002n7yBmAAI,0.0,0,5006.0,1315.0,0,1,0,0,0,0,0,0,0,1,0,1,0
61372,0033800002n7ygjAAA,0.0,0,3366.0,7367.0,0,1,0,0,0,0,0,0,0,1,0,1,0
61378,0033800002n7zkGAAQ,0.0,70,16.0,7388.0,1,0,0,0,0,1,0,0,0,0,0,1,1
61379,0033800002n7zrqAAA,0.0,90,1818.0,8806.0,0,0,0,0,1,0,1,0,0,0,1,0,0
61381,0033800002n8067AAA,0.0,0,0.0,3526.0,0,1,0,0,0,0,1,0,0,0,0,1,1
61399,0033800002n80PAAAY,0.0,0,3122.0,8663.0,0,1,0,0,0,0,1,0,0,0,0,1,0
61400,0033800002n80PyAAI,0.0,10,2400.0,4585.0,0,0,0,0,1,0,0,0,0,1,0,1,1
61401,0033800002n80Q3AAI,0.0,0,0.0,7327.0,0,0,0,0,1,0,1,0,0,0,0,1,0
61404,0033800002n80b2AAA,0.0,40,0.0,4108.0,0,0,0,1,0,0,0,0,1,0,0,1,1
61405,0033800002n80rVAAQ,0.0,0,0.0,7897.0,0,0,0,0,1,1,0,0,0,0,1,0,0
61406,0033800002n815SAAQ,0.0,0,0.0,7323.0,0,0,0,0,1,0,0,0,0,1,0,1,1
61412,0033800002n82WLAAY,0.0,100,0.0,8226.0,0,0,0,0,1,0,1,0,0,0,0,1,1
61416,0033800002n82wyAAA,0.0,0,0.0,7308.0,0,0,0,1,0,0,1,0,0,0,0,1,0
61419,0033800002n83LuAAI,0.0,0,0.0,2129.0,0,0,0,0,1,0,0,0,0,1,0,1,1
61420,0033800002n83NMAAY,0.0,0,0.0,8151.0,0,0,0,1,0,0,0,0,0,1,0,1,1
61422,0033800002n842TAAQ,0.0,0,0.0,10828.0,0,1,0,0,0,1,0,0,0,0,0,1,1
61423,0033800002n8453AAA,0.0,0,4669.0,1462.0,0,1,0,0,0,0,1,0,0,0,1,0,0
61424,0033800002n84ZSAAY,0.0,0,0.0,8792.0,1,0,0,0,0,0,1,0,0,0,1,0,0
61427,0033800002n84m7AAA,0.0,0,1782.0,7305.0,0,0,0,1,0,0,0,0,1,0,0,1,0
61432,0033800002n85IUAAY,0.0,0,4110.0,10259.0,0,0,0,1,0,0,0,0,0,1,0,1,0
61434,0033800002n85vVAAQ,0.0,0,0.0,8144.0,0,0,0,1,0,0,0,0,0,1,0,1,1
61437,0033800002n86H9AAI,0.0,0,0.0,1460.0,0,0,0,1,0,0,0,0,1,0,0,1,1
61440,0033800002n86YCAAY,0.0,0,0.0,11308.0,0,0,0,0,1,1,0,0,0,0,0,1,1
61441,0033800002n86ZtAAI,0.0,0,0.0,3257.0,0,1,0,0,0,0,0,0,0,1,0,1,0
61444,0033800002n86yHAAQ,0.0,20,350.0,10443.0,0,1,0,0,0,0,1,0,0,0,0,1,1
61446,0033800002n875tAAA,0.0,0,0.0,9875.0,1,0,0,0,0,0,0,0,1,0,0,1,0
61449,0033800002n877QAAQ,0.0,0,1935.0,1398.0,0,1,0,0,0,0,0,0,1,0,0,1,1
61451,0033800002n87C7AAI,0.0,0,913.0,2191.0,0,0,0,1,0,0,1,0,0,0,1,0,0
61454,0033800002n87UUAAY,0.0,0,0.0,1727.0,0,0,0,0,1,0,1,0,0,0,0,1,1
61460,0033800002n87lgAAA,0.0,0,0.0,1460.0,0,1,0,0,0,0,1,0,0,0,0,1,1
61462,0033800002n88RKAAY,0.0,0,0.0,8791.0,1,0,0,0,0,0,1,0,0,0,0,1,0
61463,0033800002n88dCAAQ,0.0,0,0.0,8130.0,0,0,0,0,1,1,0,0,0,0,0,1,1
61464,0033800002n88y6AAA,0.0,0,3876.0,2191.0,1,0,0,0,0,0,0,0,0,1,0,1,1
61467,0033800002n89GzAAI,0.0,0,0.0,2832.0,0,0,0,1,0,0,0,0,1,0,0,1,1
61470,0033800002n89wjAAA,0.0,90,2680.0,1630.0,0,1,0,0,0,0,1,0,0,0,0,1,1
61476,0033800002n8AyYAAU,0.0,0,0.0,8775.0,0,0,0,1,0,0,1,0,0,0,0,1,1
61478,0033800002n8Ba8AAE,0.0,0,0.0,8443.0,0,1,0,0,0,0,1,0,0,0,0,1,1
61480,0033800002n8BoLAAU,0.0,0,2808.0,3287.0,0,0,0,0,1,0,1,0,0,0,0,1,1
61481,0033800002n8BsfAAE,0.0,0,0.0,9733.0,0,0,0,1,0,0,0,0,1,0,0,1,0
61483,0033800002n8C75AAE,0.0,0,0.0,6380.0,1,0,0,0,0,1,0,0,0,0,0,1,1
61492,0033800002n8D3DAAU,0.0,0,0.0,1190.0,0,0,0,1,0,1,0,0,0,0,0,1,1
61494,0033800002n8D8hAAE,0.0,0,12.0,1826.0,0,0,0,1,0,0,0,0,0,1,0,1,1
61498,0033800002n8DUdAAM,0.0,0,79.0,8192.0,0,1,0,0,0,0,1,0,0,0,1,0,0
61501,0033800002n8DZTAA2,0.0,90,504.0,7378.0,0,0,0,1,0,0,1,0,0,0,0,1,1
61502,0033800002n8DhUAAU,0.0,0,0.0,3373.0,0,1,0,0,0,1,0,0,0,0,0,1,0
61505,0033800002n8F7aAAE,0.0,0,0.0,7401.0,0,0,0,0,1,0,1,0,0,0,0,1,1
61508,0033800002n8G7gAAE,0.0,0,0.0,7320.0,0,0,0,1,0,0,1,0,0,0,0,1,1
61510,0033800002n8GSPAA2,0.0,60,1386.0,10984.0,0,1,0,0,0,0,0,0,0,1,0,1,1
61514,0033800002n8H9GAAU,0.0,0,0.0,7327.0,0,0,0,1,0,0,1,0,0,0,0,1,1
61515,0033800002n8H9pAAE,0.0,0,11917.0,1824.0,0,1,0,0,0,0,0,0,0,1,0,1,0
61517,0033800002n8HFdAAM,0.0,0,14.0,882.0,1,0,0,0,0,0,1,0,0,0,1,0,1
61518,0033800002n8HIrAAM,0.0,0,258.0,7497.0,1,0,0,0,0,0,1,0,0,0,0,1,0
61524,0033800002n8HZTAA2,0.0,0,0.0,2003.0,0,1,0,0,0,0,1,0,0,0,1,0,0
61530,0033800002n8I4NAAU,0.0,20,2108.0,2190.0,0,1,0,0,0,0,1,0,0,0,1,0,1
61532,0033800002n8IHNAA2,0.0,90,411.0,9351.0,0,0,0,0,1,0,1,0,0,0,0,1,1
61535,0033800002n8IRoAAM,0.0,0,0.0,1825.0,0,0,0,1,0,0,0,0,1,0,0,1,0
61539,0033800002n8IywAAE,0.0,50,1477.0,7375.0,0,0,0,1,0,0,0,0,1,0,0,1,1
61542,0033800002n8JEgAAM,0.0,0,0.0,7591.0,0,0,0,0,1,1,0,0,0,0,0,1,1
61551,0033800002n8K4wAAE,0.0,0,1827.0,2243.0,0,1,0,0,0,0,1,0,0,0,0,1,1
61556,0033800002n8KPoAAM,0.0,90,32.0,3375.0,0,0,0,1,0,0,1,0,0,0,0,1,0
61560,0033800002n8Ka9AAE,0.0,0,8143.0,3467.0,0,0,0,1,0,0,1,0,0,0,0,1,1
61561,0033800002n8KaxAAE,0.0,0,0.0,2240.0,0,0,0,1,0,1,0,0,0,0,0,1,1
61563,0033800002n8KcoAAE,0.0,80,2124.0,4504.0,0,1,0,0,0,0,0,0,0,1,0,1,1
61565,0033800002n8KdcAAE,0.0,10,10874.0,2191.0,0,0,0,0,1,0,1,0,0,0,0,1,1
61568,0033800002n8KlHAAU,0.0,80,1211.0,9451.0,0,1,0,0,0,0,1,0,0,0,0,1,1
61569,0033800002n8KlRAAU,0.0,0,0.0,3244.0,0,1,0,0,0,0,0,0,1,0,0,1,0
61571,0033800002n8Km0AAE,0.0,0,0.0,7513.0,0,0,0,0,1,0,0,0,0,1,0,1,1
61575,0033800002n8LApAAM,0.0,0,0.0,9504.0,1,0,0,0,0,1,0,0,0,0,0,1,1
61579,0033800002n8LI6AAM,0.0,0,0.0,3340.0,0,0,0,1,0,0,1,0,0,0,0,1,1
61581,0033800002n8LIzAAM,0.0,60,1698.0,7305.0,0,1,0,0,0,0,0,0,0,1,0,1,0
61588,0033800002n8LPbAAM,0.0,0,0.0,7317.0,0,0,0,0,1,0,1,0,0,0,0,1,0
61589,0033800002n8LQoAAM,0.0,0,55.0,4408.0,0,1,0,0,0,0,1,0,0,0,0,1,0
61592,0033800002n8LWlAAM,0.0,0,0.0,7331.0,0,0,0,1,0,0,1,0,0,0,0,1,1
61593,0033800002n8LZQAA2,0.0,80,1871.0,2189.0,0,1,0,0,0,1,0,0,0,0,1,0,1
61594,0033800002n8LaYAAU,0.0,0,796.0,2990.0,0,0,0,1,0,0,0,0,0,1,0,1,1
61597,0033800002n8LdDAAU,0.0,0,115.0,7332.0,0,1,0,0,0,0,1,0,0,0,0,1,1
61600,0033800002n8MfZAAU,0.0,0,0.0,4259.0,0,1,0,0,0,1,0,0,0,0,0,1,1
61601,0033800002n8MkNAAU,0.0,0,0.0,3092.0,0,0,0,1,0,0,0,0,1,0,0,1,1
61603,0033800002n8NAWAA2,0.0,0,0.0,7315.0,0,0,0,0,1,1,0,0,0,0,0,1,1
61605,0033800002n8NNAAA2,0.0,0,0.0,7308.0,0,0,0,1,0,0,1,0,0,0,0,1,1
61608,0033800002n8NcyAAE,0.0,0,0.0,1295.0,0,1,0,0,0,0,0,0,0,1,0,1,1
61611,0033800002n8OGgAAM,0.0,0,0.0,8138.0,0,1,0,0,0,0,0,0,0,1,0,1,1
61613,0033800002n8OSiAAM,0.0,100,816.0,8168.0,0,0,0,1,0,0,1,0,0,0,0,1,1
61615,0033800002n8OUKAA2,0.0,0,1005.0,8103.0,0,0,0,1,0,1,0,0,0,0,0,1,1
61626,0033800002n8OseAAE,0.0,0,0.0,4833.0,1,0,0,0,0,0,0,0,0,1,0,1,0
61629,0033800002n8Oy8AAE,0.0,90,3153.0,7317.0,0,1,0,0,0,0,0,0,0,1,0,1,1
61630,0033800002n8PIqAAM,0.0,0,0.0,2192.0,0,0,0,1,0,0,1,0,0,0,0,1,1
61632,0033800002n8PU5AAM,0.0,0,4235.0,2191.0,0,1,0,0,0,0,1,0,0,0,0,1,0
61633,0033800002n8PXQAA2,0.0,0,0.0,9864.0,1,0,0,0,0,0,0,0,0,1,0,1,0
61636,0033800002n8PjQAAU,0.0,40,480.0,7326.0,0,0,0,0,1,0,0,0,0,1,0,1,1
61638,0033800002n8T6hAAE,0.0,0,0.0,3549.0,0,1,0,0,0,0,1,0,0,0,0,1,1
61639,0033800002n8Wa5AAE,0.0,0,0.0,8787.0,1,0,0,0,0,0,1,0,0,0,0,1,0
61641,0033800002n8XHxAAM,0.0,0,0.0,2921.0,0,1,0,0,0,0,1,0,0,0,0,1,0
61643,0033800002n8XJaAAM,0.0,0,0.0,1826.0,0,1,0,0,0,0,1,0,0,0,1,0,0
61646,0033800002n8XpVAAU,0.0,0,296.0,1460.0,0,0,0,1,0,0,0,0,0,1,0,1,1
61648,0033800002n8XurAAE,0.0,0,0.0,2191.0,1,0,0,0,0,0,0,0,0,1,0,1,1
61650,0033800002n8XyPAAU,0.0,0,0.0,7775.0,0,1,0,0,0,0,1,0,0,0,0,1,1
61651,0033800002n8Y5bAAE,0.0,0,0.0,2948.0,0,1,0,0,0,0,0,0,0,1,0,1,0
61652,0033800002n8Y8jAAE,0.0,0,0.0,3066.0,1,0,0,0,0,0,1,0,0,0,0,1,0
61660,0033800002n8YZRAA2,0.0,0,2286.0,1825.0,0,0,0,0,1,0,0,0,0,1,1,0,1
61662,0033800002n8YdiAAE,0.0,0,7.0,4416.0,0,0,0,1,0,1,0,0,0,0,0,1,1
61665,0033800002n8ZChAAM,0.0,0,0.0,10963.0,0,1,0,0,0,0,1,0,0,0,0,1,0
61673,0033800002n8ZdPAAU,0.0,10,274.0,6467.0,0,1,0,0,0,0,1,0,0,0,0,1,0
61674,0033800002n8ZkLAAU,0.0,0,178.0,1925.0,0,1,0,0,0,1,0,0,0,0,1,0,1
61677,0033800002n8ZqEAAU,0.0,0,0.0,3134.0,0,1,0,0,0,0,1,0,0,0,1,0,1
61689,0033800002n8aBvAAI,0.0,0,0.0,7326.0,1,0,0,0,0,1,0,0,0,0,0,1,1
61690,0033800002n8aC0AAI,0.0,0,2439.0,3285.0,0,0,0,1,0,0,0,0,0,1,0,1,0
61691,0033800002n8aVHAAY,0.0,0,0.0,2832.0,0,0,0,0,1,0,1,0,0,0,0,1,1
61692,0033800002n8b8pAAA,0.0,0,0.0,11707.0,1,0,0,0,0,0,1,0,0,0,0,1,1
61694,0033800002n8bFWAAY,0.0,0,0.0,3653.0,0,0,0,0,1,0,1,0,0,0,0,1,1
61695,0033800002n8bJ9AAI,0.0,0,0.0,3879.0,0,0,0,1,0,0,1,0,0,0,0,1,1
61698,0033800002n8bdWAAQ,0.0,0,0.0,2918.0,0,0,0,1,0,1,0,0,0,0,0,1,0
61700,0033800002n8bqAAAQ,0.0,0,753.0,1826.0,0,0,0,1,0,0,0,0,1,0,0,1,1
61706,0033800002n8cZ5AAI,0.0,0,23.0,1065.0,0,0,0,0,1,0,0,0,0,1,1,0,0
61708,0033800002n8cb1AAA,0.0,0,7.0,1596.0,0,0,0,1,0,1,0,0,0,0,0,1,0
61719,0033800002n8d5FAAQ,0.0,0,0.0,7062.0,0,1,0,0,0,1,0,0,0,0,0,1,0
61721,0033800002n8d7bAAA,0.0,0,0.0,2191.0,0,0,0,1,0,1,0,0,0,0,0,1,0
61722,0033800002n8dDfAAI,0.0,0,0.0,7272.0,1,0,0,0,0,0,0,0,0,1,0,1,0
61723,0033800002n8dExAAI,0.0,80,940.0,2896.0,1,0,0,0,0,1,0,0,0,0,1,0,1
61731,0033800002n8dtTAAQ,0.0,0,286.0,1225.0,0,0,0,1,0,0,1,0,0,0,1,0,0
61734,0033800002n8dtWAAQ,0.0,0,91.0,1096.0,1,0,0,0,0,0,1,0,0,0,0,1,0
61735,0033800002n8dtXAAQ,0.0,0,0.0,1986.0,0,0,0,1,0,0,0,0,0,1,0,1,1
61754,0033800002n8dv6AAA,0.0,0,722.0,9916.0,0,1,0,0,0,1,0,0,0,0,1,0,1
61758,0033800002n8e1EAAQ,0.0,0,289.0,1460.0,0,0,0,1,0,0,0,0,1,0,0,1,0
61759,0033800002n8e1nAAA,0.0,0,0.0,9823.0,1,0,0,0,0,0,1,0,0,0,0,1,1
61761,0033800002n8e8AAAQ,0.0,0,0.0,2191.0,1,0,0,0,0,0,0,0,0,1,0,1,1
61762,0033800002n8eOSAAY,0.0,60,1700.0,4962.0,0,1,0,0,0,1,0,0,0,0,1,0,0
61763,0033800002n8eQEAAY,0.0,0,0.0,4581.0,0,0,0,1,0,0,1,0,0,0,0,1,1
61765,0033800002n8eeJAAQ,0.0,0,0.0,1662.0,0,1,0,0,0,0,0,0,0,1,1,0,1
61770,0033800002n8es3AAA,0.0,0,0.0,10982.0,0,0,0,0,1,0,1,0,0,0,0,1,1
61775,0033800002n8f8nAAA,0.0,0,0.0,8130.0,1,0,0,0,0,0,1,0,0,0,0,1,1
61781,0033800002n8fSqAAI,0.0,0,1261.0,1945.0,0,1,0,0,0,0,0,0,1,0,0,1,1
61785,0033800002n8fiUAAQ,0.0,0,761.0,3715.0,0,1,0,0,0,0,1,0,0,0,1,0,1
61786,0033800002n8fieAAA,0.0,0,0.0,2191.0,1,0,0,0,0,1,0,0,0,0,0,1,0
61794,0033800002nx2wEAAQ,0.0,0,1666.0,2723.0,1,0,0,0,0,0,1,0,0,0,0,1,0
61802,0033800002nx37MAAQ,0.0,0,0.0,7329.0,0,1,0,0,0,0,0,0,0,1,0,1,0
61804,0033800002nx3VgAAI,0.0,0,0.0,1249.0,0,0,0,1,0,0,1,0,0,0,0,1,0
61805,0033800002nx3W5AAI,0.0,0,0.0,1611.0,0,1,0,0,0,0,1,0,0,0,0,1,0
61807,0033800002nx3ZEAAY,0.0,0,0.0,2192.0,1,0,0,0,0,1,0,0,0,0,1,0,1
61809,0033800002nx3zeAAA,0.0,0,0.0,8644.0,1,0,0,0,0,1,0,0,0,0,0,1,1
61817,0033800002nx4wbAAA,0.0,0,0.0,9510.0,0,1,0,0,0,1,0,0,0,0,0,1,0
61820,0033800002nx5GPAAY,0.0,90,33.0,3747.0,0,0,0,1,0,1,0,0,0,0,1,0,1
61825,0033800002nx5sEAAQ,0.0,0,0.0,8055.0,0,1,0,0,0,1,0,0,0,0,0,1,1
61827,0033800002nx5v3AAA,0.0,0,0.0,2016.0,0,1,0,0,0,0,1,0,0,0,0,1,0
61829,0033800002nx5xnAAA,0.0,0,3276.0,1553.0,0,1,0,0,0,1,0,0,0,0,1,0,1
61831,0033800002nx6JCAAY,0.0,0,0.0,2536.0,0,0,0,1,0,0,1,0,0,0,0,1,1
61833,0033800002nx6QNAAY,0.0,40,1818.0,3810.0,0,1,0,0,0,0,1,0,0,0,1,0,1
61834,0033800002nx6oiAAA,0.0,0,0.0,7313.0,0,0,0,1,0,1,0,0,0,0,0,1,1
61837,0033800002nx6tGAAQ,0.0,0,2328.0,1262.0,1,0,0,0,0,0,1,0,0,0,0,1,0
61844,0033800002nx7SLAAY,0.0,0,0.0,1190.0,0,0,0,1,0,0,1,0,0,0,0,1,1
61845,0033800002nx7UCAAY,0.0,0,0.0,11005.0,0,0,0,0,1,0,0,0,0,1,0,1,0
61847,0033800002nx7YdAAI,0.0,0,0.0,8053.0,1,0,0,0,0,0,0,0,0,1,0,1,0
61851,0033800002nx7vhAAA,0.0,0,0.0,9944.0,0,0,0,1,0,0,1,0,0,0,0,1,1
61854,0033800002nx7zZAAQ,0.0,0,9351.0,4611.0,0,1,0,0,0,1,0,0,0,0,0,1,0
61855,0033800002nx7ztAAA,0.0,0,221.0,6222.0,0,1,0,0,0,0,1,0,0,0,0,1,1
61860,0033800002nx8EjAAI,0.0,0,0.0,3940.0,0,1,0,0,0,0,1,0,0,0,0,1,1
61862,0033800002nx8LCAAY,0.0,0,0.0,9507.0,0,1,0,0,0,1,0,0,0,0,0,1,1
61864,0033800002nx8QNAAY,0.0,0,0.0,7328.0,0,0,0,1,0,0,0,0,0,1,0,1,1
61866,0033800002nx8SEAAY,0.0,0,0.0,6950.0,0,1,0,0,0,0,1,0,0,0,0,1,1
61868,0033800002nx8eGAAQ,0.0,0,0.0,1705.0,0,0,0,1,0,0,0,0,0,1,1,0,1
61874,0033800002nx9EHAAY,0.0,0,0.0,3406.0,0,0,0,1,0,0,1,0,0,0,0,1,1
61876,0033800002nx9IGAAY,0.0,0,0.0,12152.0,0,0,0,0,1,0,1,0,0,0,0,1,1
61879,0033800002nx9iEAAQ,0.0,0,0.0,5639.0,0,1,0,0,0,0,1,0,0,0,0,1,0
61881,0033800002nx9jlAAA,0.0,0,0.0,10707.0,0,0,0,0,1,0,1,0,0,0,1,0,0
61882,0033800002nx9mGAAQ,0.0,0,0.0,2587.0,1,0,0,0,0,0,1,0,0,0,0,1,1
61883,0033800002nx9y2AAA,0.0,0,3879.0,1462.0,0,0,0,1,0,0,1,0,0,0,1,0,0
61884,0033800002nx9z0AAA,0.0,80,2862.0,9066.0,0,0,0,1,0,1,0,0,0,0,1,0,1
61888,0033800002nxA8bAAE,0.0,0,0.0,8816.0,1,0,0,0,0,0,1,0,0,0,0,1,1
61891,0033800002nxAE5AAM,0.0,0,0.0,11647.0,0,0,0,0,1,0,1,0,0,0,0,1,1
61896,0033800002nxALpAAM,0.0,0,0.0,1826.0,0,0,0,1,0,0,0,0,1,0,0,1,1
61899,0033800002nxAPhAAM,0.0,80,1384.0,3057.0,0,0,0,1,0,0,0,0,1,0,1,0,0
61900,0033800002nxARdAAM,0.0,0,1608.0,7450.0,0,1,0,0,0,0,1,0,0,0,0,1,0
61903,0033800002nxAa5AAE,0.0,50,4457.0,2513.0,0,0,0,0,1,1,0,0,0,0,0,1,1
61904,0033800002nxAgwAAE,0.0,0,1015.0,1227.0,0,0,0,1,0,0,1,0,0,0,0,1,0
61905,0033800002nxAyAAAU,0.0,0,0.0,8409.0,0,0,0,1,0,0,0,0,1,0,0,1,1
61906,0033800002nxBNWAA2,0.0,0,3957.0,1522.0,0,0,0,1,0,0,0,0,0,1,0,1,0
61907,0033800002nxBO5AAM,0.0,0,0.0,6425.0,0,0,0,1,0,0,1,0,0,0,1,0,0
61912,0033800002nxBq8AAE,0.0,0,0.0,7747.0,0,0,0,1,0,0,0,0,0,1,0,1,1
61916,0033800002nxCR8AAM,0.0,0,4138.0,1461.0,0,0,0,0,1,0,1,0,0,0,0,1,1
61918,0033800002nxCV6AAM,0.0,0,4389.0,4435.0,0,1,0,0,0,0,1,0,0,0,1,0,1
61920,0033800002nxCiIAAU,0.0,0,0.0,7215.0,0,1,0,0,0,0,1,0,0,0,0,1,1
61926,0033800002nxCuPAAU,0.0,0,0.0,10966.0,0,0,0,0,1,0,0,0,0,1,0,1,1
61928,0033800002nxD0nAAE,0.0,0,0.0,7365.0,1,0,0,0,0,0,1,0,0,0,0,1,1
61929,0033800002nxDAaAAM,0.0,0,0.0,10254.0,1,0,0,0,0,0,1,0,0,0,0,1,1
61932,0033800002nxDRgAAM,0.0,0,5594.0,5036.0,0,0,0,0,1,0,1,0,0,0,0,1,1
61935,0033800002nxE3wAAE,0.0,0,0.0,5365.0,0,0,0,1,0,0,1,0,0,0,0,1,1
61936,0033800002nxE9LAAU,0.0,40,0.0,3294.0,0,1,0,0,0,0,1,0,0,0,0,1,1
61938,0033800002nxE9PAAU,0.0,0,1862.0,8400.0,0,0,0,0,1,1,0,0,0,0,0,1,0
61949,0033800002nxE9aAAE,0.0,0,97.0,8766.0,0,0,0,0,1,0,0,0,0,1,0,1,1
61963,0033800002nxE9qAAE,0.0,0,16.0,4144.0,0,0,1,0,0,0,0,0,0,1,0,1,1
61989,0033800002nxEAIAA2,0.0,0,4335.0,2977.0,0,0,0,0,1,0,1,0,0,0,0,1,1
62009,0033800002nxEAdAAM,0.0,0,3360.0,2922.0,0,0,0,0,1,0,0,0,1,0,0,1,1
62021,0033800002nxEApAAM,0.0,0,2190.0,5983.0,1,0,0,0,0,0,0,0,0,1,0,1,1
62026,0033800002nxEAuAAM,0.0,0,4154.0,8197.0,0,0,0,0,1,0,1,0,0,0,0,1,1
62029,0033800002nxEBNAA2,0.0,0,1462.0,1461.0,1,0,0,0,0,0,0,0,0,1,0,1,1
62030,0033800002nxEBOAA2,0.0,0,104.0,7313.0,0,0,0,1,0,0,1,0,0,0,0,1,1
62058,0033800002nxEBwAAM,0.0,0,153.0,9070.0,0,0,0,1,0,0,1,0,0,0,0,1,1
62059,0033800002nxEBxAAM,0.0,0,1838.0,2131.0,1,0,0,0,0,0,1,0,0,0,0,1,1
62061,0033800002nxEGkAAM,0.0,0,0.0,4107.0,0,1,0,0,0,0,0,0,1,0,0,1,0
62066,0033800002nxEg9AAE,0.0,0,0.0,8652.0,0,0,0,0,1,1,0,0,0,0,0,1,1
62072,0033800002nxFMZAA2,0.0,0,388.0,3022.0,0,0,0,1,0,0,1,0,0,0,0,1,1
62085,0033800002nxGYRAA2,0.0,0,0.0,2738.0,0,0,0,1,0,1,0,0,0,0,0,1,1
62086,0033800002nxGaDAAU,0.0,0,0.0,8107.0,0,1,0,0,0,0,1,0,0,0,0,1,1
62089,0033800002nxGj0AAE,0.0,0,0.0,5558.0,0,0,0,0,1,1,0,0,0,0,0,1,0
62092,0033800002nxGx2AAE,0.0,70,5808.0,8060.0,0,0,0,1,0,1,0,0,0,0,1,0,1
62093,0033800002nxGzcAAE,0.0,10,658.0,2191.0,0,0,0,1,0,0,0,0,0,1,0,1,0
62100,0033800002nxICPAA2,0.0,0,0.0,5750.0,1,0,0,0,0,1,0,0,0,0,1,0,0
62104,0033800002nxIHeAAM,0.0,0,0.0,3439.0,1,0,0,0,0,1,0,0,0,0,1,0,0
62105,0033800002nxIYsAAM,0.0,0,0.0,11323.0,0,1,0,0,0,0,1,0,0,0,0,1,1
62108,0033800002nxJ6tAAE,0.0,0,22.0,2304.0,0,0,0,0,1,0,0,0,0,1,1,0,1
62121,0033800002nxK2uAAE,0.0,50,92.0,1035.0,0,0,0,1,0,0,0,0,0,1,1,0,0
62123,0033800002nxK4WAAU,0.0,0,0.0,10964.0,0,0,0,0,1,0,0,0,0,1,0,1,1
62125,0033800002nxKC7AAM,0.0,0,3213.0,1460.0,0,1,0,0,0,0,0,0,1,0,0,1,1
62131,0033800002nxKRzAAM,0.0,0,0.0,11753.0,0,0,0,0,1,0,1,0,0,0,0,1,0
62133,0033800002nxKmxAAE,0.0,0,0.0,4296.0,1,0,0,0,0,0,1,0,0,0,0,1,0
62142,0033800002nxLOQAA2,0.0,0,0.0,1490.0,0,0,0,1,0,0,1,0,0,0,0,1,1
62151,0033800002nxMRaAAM,0.0,0,0.0,1461.0,0,0,0,1,0,0,1,0,0,0,1,0,1
62152,0033800002nxMU0AAM,0.0,20,1003.0,7333.0,0,1,0,0,0,0,0,0,0,1,0,1,1
62156,0033800002nxMd2AAE,0.0,0,0.0,1436.0,0,0,0,1,0,0,0,0,1,0,0,1,1
62158,0033800002nxMg1AAE,0.0,0,0.0,7222.0,0,1,0,0,0,0,1,0,0,0,1,0,0
62177,0033800002nxNSAAA2,0.0,80,48.0,637.0,0,0,0,0,1,0,1,0,0,0,0,1,0
62179,0033800002nxNSCAA2,0.0,0,276.0,1855.0,0,0,1,0,0,0,1,0,0,0,0,1,0
62181,0033800002nxNSEAA2,0.0,0,30.0,10730.0,0,0,0,0,1,0,1,0,0,0,0,1,1
62193,0033800002nxNSQAA2,0.0,0,2070.0,2192.0,1,0,0,0,0,0,0,0,0,1,0,1,0
62203,0033800002nxNSaAAM,0.0,10,737.0,1165.0,1,0,0,0,0,0,1,0,0,0,0,1,1
62221,0033800002nxNSsAAM,0.0,10,3664.0,1449.0,0,1,0,0,0,0,0,0,1,0,0,1,0
62232,0033800002nxNT3AAM,0.0,0,129.0,974.0,0,0,0,1,0,0,1,0,0,0,1,0,1
62241,0033800002nxNUOAA2,0.0,0,23.0,4995.0,1,0,0,0,0,1,0,0,0,0,0,1,1
62243,0033800002nxNUxAAM,0.0,0,22.0,10967.0,0,0,0,0,1,0,0,0,0,1,0,1,1
62247,0033800002nxNXmAAM,0.0,0,0.0,7311.0,0,1,0,0,0,1,0,0,0,0,0,1,1
62248,0033800002nxNdBAAU,0.0,80,2245.0,2485.0,0,1,0,0,0,0,1,0,0,0,1,0,0
62255,0033800002nxNg5AAE,0.0,0,0.0,7314.0,1,0,0,0,0,0,0,0,0,1,0,1,1
62271,0033800002nxOF4AAM,0.0,30,170.0,9411.0,0,0,0,0,1,0,1,0,0,0,0,1,1
62273,0033800002nxOFdAAM,0.0,20,116.0,4375.0,0,0,0,1,0,0,1,0,0,0,0,1,1
62280,0033800002nxONmAAM,0.0,0,0.0,7315.0,0,0,0,1,0,0,0,0,0,1,1,0,1
62285,0033800002nxOVCAA2,0.0,0,884.0,7336.0,1,0,0,0,0,1,0,0,0,0,0,1,0
62286,0033800002nxOY6AAM,0.0,80,210.0,4764.0,0,0,0,1,0,1,0,0,0,0,0,1,1
62289,0033800002nxOuBAAU,0.0,0,60.0,11663.0,0,0,0,0,1,0,1,0,0,0,0,1,0
62300,0033800002nxPLGAA2,0.0,0,0.0,2350.0,1,0,0,0,0,0,1,0,0,0,0,1,0
62301,0033800002nxPWbAAM,0.0,0,0.0,9515.0,0,1,0,0,0,0,1,0,0,0,0,1,1
62306,0033800002nxQ7LAAU,0.0,0,0.0,10092.0,1,0,0,0,0,0,1,0,0,0,0,1,0
62309,0033800002nxQFiAAM,0.0,80,91.0,4673.0,0,0,0,1,0,0,1,0,0,0,0,1,0
62311,0033800002nxQPBAA2,0.0,0,459.0,9505.0,0,1,0,0,0,0,0,0,0,1,0,1,1
62313,0033800002nxQfmAAE,0.0,0,0.0,2868.0,0,0,0,1,0,0,1,0,0,0,0,1,1
62314,0033800002nxQkMAAU,0.0,0,2974.0,2922.0,0,1,0,0,0,0,0,0,0,1,1,0,0
62316,0033800002nxQkQAAU,0.0,0,540.0,1203.0,0,1,0,0,0,0,0,0,0,1,1,0,1
62318,0033800002nxQkSAAU,0.0,0,509.0,1392.0,0,0,0,1,0,0,0,0,0,1,0,1,1
62319,0033800002nxQkTAAU,0.0,0,1743.0,2398.0,1,0,0,0,0,0,1,0,0,0,0,1,0
62320,0033800002nxQkUAAU,0.0,60,3366.0,3271.0,0,0,0,0,1,1,0,0,0,0,1,0,0
62322,0033800002nxQkXAAU,0.0,0,9248.0,1034.0,0,0,0,0,1,0,0,0,0,1,1,0,1
62324,0033800002nxQufAAE,0.0,60,1391.0,8036.0,1,0,0,0,0,0,0,0,1,0,0,1,0
62326,0033800002nxQxfAAE,0.0,70,917.0,1301.0,0,1,0,0,0,0,1,0,0,0,0,1,0
62327,0033800002nxQyoAAE,0.0,0,0.0,8171.0,0,0,0,1,0,0,1,0,0,0,0,1,1
62328,0033800002nxQz2AAE,0.0,0,9153.0,1096.0,0,1,0,0,0,0,0,0,0,1,0,1,1
62330,0033800002nxR2BAAU,0.0,0,3859.0,1551.0,0,1,0,0,0,0,0,0,0,1,0,1,0
62331,0033800002nxR42AAE,0.0,0,0.0,7405.0,1,0,0,0,0,0,1,0,0,0,0,1,1
62334,0033800002nxRGFAA2,0.0,0,0.0,7533.0,0,1,0,0,0,0,0,0,0,1,1,0,1
62335,0033800002nxRMsAAM,0.0,0,0.0,1826.0,0,1,0,0,0,0,1,0,0,0,0,1,1
62336,0033800002nxRWoAAM,0.0,0,0.0,2191.0,0,0,0,0,1,0,0,0,0,1,0,1,1
62343,0033800002nxRleAAE,0.0,70,7122.0,730.0,0,0,0,0,1,0,0,0,1,0,0,1,0
62344,0033800002nxRqZAAU,0.0,0,0.0,8448.0,0,0,0,1,0,0,0,0,1,0,0,1,0
62345,0033800002nxRuHAAU,0.0,0,0.0,3735.0,0,0,0,1,0,0,1,0,0,0,1,0,0
62347,0033800002nxRyxAAE,0.0,0,510.0,5733.0,0,0,0,1,0,0,0,0,1,0,0,1,1
62349,0033800002nxSD9AAM,0.0,30,548.0,1487.0,0,1,0,0,0,0,0,0,0,1,0,1,1
62354,0033800002nxSDEAA2,0.0,0,3000.0,2913.0,1,0,0,0,0,0,1,0,0,0,0,1,1
62362,0033800002nxSDMAA2,0.0,0,1292.0,3196.0,0,0,0,1,0,0,0,0,1,0,0,1,1
62368,0033800002nxStXAAU,0.0,100,634.0,7327.0,0,0,0,1,0,0,1,0,0,0,0,1,0
62370,0033800002nxSxpAAE,0.0,0,0.0,2192.0,0,1,0,0,0,0,0,0,0,1,0,1,1
62372,0033800002nxT5GAAU,0.0,100,516.0,7321.0,0,0,0,1,0,0,1,0,0,0,0,1,1
62375,0033800002nxTFWAA2,0.0,0,0.0,1240.0,0,1,0,0,0,0,1,0,0,0,0,1,1
62379,0033800002nxU1MAAU,0.0,60,215.0,10548.0,0,0,0,0,1,0,1,0,0,0,0,1,0
62380,0033800002nxU41AAE,0.0,0,828.0,916.0,0,0,0,1,0,0,1,0,0,0,0,1,1
62390,0033800002nxUuCAAU,0.0,70,521.0,2166.0,0,0,0,1,0,0,0,0,0,1,0,1,0
62391,0033800002nxUuRAAU,0.0,50,486.0,3770.0,0,0,0,0,1,0,0,0,1,0,0,1,1
62393,0033800002nxUvFAAU,0.0,0,0.0,9908.0,0,0,0,0,1,1,0,0,0,0,0,1,1
62396,0033800002nxV5yAAE,0.0,10,624.0,2921.0,0,0,0,1,0,0,1,0,0,0,0,1,1
62401,0033800002nxW4SAAU,0.0,0,2679.0,4792.0,0,0,0,0,1,0,0,0,0,1,0,1,0
62402,0033800002nxW5wAAE,0.0,80,183.0,7628.0,0,0,0,1,0,0,0,0,0,1,0,1,1
62408,0033800002nxWoTAAU,0.0,0,0.0,7546.0,0,1,0,0,0,1,0,0,0,0,1,0,1
62412,0033800002nxXBwAAM,0.0,0,0.0,8873.0,0,1,0,0,0,0,0,0,0,1,0,1,1
62414,0033800002nxXERAA2,0.0,0,0.0,3836.0,0,1,0,0,0,0,1,0,0,0,0,1,1
62418,0033800002nxXR4AAM,0.0,0,3466.0,1461.0,0,0,0,1,0,1,0,0,0,0,0,1,1
62420,0033800002nxXfZAAU,0.0,0,459.0,3453.0,1,0,0,0,0,1,0,0,0,0,0,1,1
62423,0033800002nxYHwAAM,0.0,0,0.0,9142.0,0,1,0,0,0,0,1,0,0,0,0,1,1
62426,0033800002nxYrJAAU,0.0,0,0.0,8816.0,0,0,0,0,1,1,0,0,0,0,0,1,1
62427,0033800002nxYzRAAU,0.0,0,0.0,7324.0,0,0,0,0,1,0,0,0,0,1,0,1,0
62428,0033800002nxZ6LAAU,0.0,0,208.0,3732.0,0,0,0,1,0,0,1,0,0,0,0,1,0
62429,0033800002nxZ6QAAU,0.0,0,0.0,8797.0,1,0,0,0,0,0,1,0,0,0,0,1,0
62430,0033800002nxZGbAAM,0.0,0,0.0,1711.0,0,1,0,0,0,0,1,0,0,0,0,1,1
62431,0033800002nxZJtAAM,0.0,20,8.0,5479.0,1,0,0,0,0,1,0,0,0,0,0,1,1
62436,0033800002nxZtuAAE,0.0,60,522.0,3273.0,0,0,0,1,0,0,1,0,0,0,0,1,0
62440,0033800002nxae0AAA,0.0,0,0.0,3653.0,0,0,0,1,0,0,0,0,0,1,0,1,0
62443,0033800002nxateAAA,0.0,0,0.0,7321.0,0,0,0,1,0,1,0,0,0,0,0,1,0
62445,0033800002nxazXAAQ,0.0,0,0.0,2822.0,0,0,0,1,0,0,0,0,1,0,0,1,0
62447,0033800002nxb6OAAQ,0.0,0,50.0,3043.0,0,0,0,1,0,1,0,0,0,0,0,1,1
62460,0033800002nxbrFAAQ,0.0,70,3741.0,1460.0,0,1,0,0,0,0,0,0,1,0,0,1,1
62462,0033800002nxbzGAAQ,0.0,30,700.0,9134.0,0,1,0,0,0,0,1,0,0,0,0,1,1
62463,0033800002nxc0TAAQ,0.0,10,705.0,1255.0,0,0,0,1,0,0,1,0,0,0,0,1,0
62464,0033800002nxc1RAAQ,0.0,0,0.0,7312.0,1,0,0,0,0,0,1,0,0,0,0,1,1
62466,0033800002nxc6gAAA,0.0,0,4779.0,1460.0,0,1,0,0,0,0,0,0,1,0,0,1,0
62470,0033800002nxdo4AAA,0.0,0,0.0,8784.0,1,0,0,0,0,0,1,0,0,0,0,1,0
62472,0033800002nxeGcAAI,0.0,0,0.0,7961.0,0,0,0,0,1,0,1,0,0,0,0,1,0
62474,0033800002nxeLrAAI,0.0,0,0.0,7324.0,0,0,0,1,0,0,1,0,0,0,0,1,1
62476,0033800002nxeoGAAQ,0.0,0,0.0,1826.0,0,0,0,1,0,0,1,0,0,0,0,1,0
62481,0033800002nxg1pAAA,0.0,0,0.0,4444.0,0,1,0,0,0,0,1,0,0,0,0,1,1
62482,0033800002nxg2YAAQ,0.0,0,0.0,7917.0,0,0,0,1,0,0,1,0,0,0,0,1,0
62483,0033800002nxg7xAAA,0.0,0,91.0,10973.0,1,0,0,0,0,1,0,0,0,0,0,1,0
62484,0033800002nxgCsAAI,0.0,0,1814.0,2498.0,0,1,0,0,0,0,0,0,0,1,1,0,0
62485,0033800002nxgDbAAI,0.0,0,1367.0,8124.0,1,0,0,0,0,0,1,0,0,0,0,1,1
62486,0033800002nxgJKAAY,0.0,90,1794.0,10917.0,0,0,0,0,1,0,1,0,0,0,0,1,1
62487,0033800002nxgQpAAI,0.0,100,153.0,9665.0,0,1,0,0,0,0,1,0,0,0,1,0,0
62488,0033800002nxgZLAAY,0.0,30,2284.0,1126.0,0,1,0,0,0,0,0,0,1,0,0,1,1
62489,0033800002nxgzPAAQ,0.0,0,351.0,2191.0,0,1,0,0,0,1,0,0,0,0,0,1,0
62490,0033800002nxh5nAAA,0.0,0,0.0,7527.0,1,0,0,0,0,0,1,0,0,0,0,1,1
62491,0033800002nxh7JAAQ,0.0,0,0.0,8124.0,0,0,0,1,0,0,1,0,0,0,0,1,0
62492,0033800002nxh8lAAA,0.0,0,0.0,7959.0,0,0,0,0,1,1,0,0,0,0,0,1,1
62494,0033800002nxhFcAAI,0.0,90,289.0,3456.0,1,0,0,0,0,0,1,0,0,0,0,1,0
62497,0033800002nxhNLAAY,0.0,0,1050.0,2181.0,0,0,0,1,0,0,1,0,0,0,0,1,1
62500,0033800002nxhVRAAY,0.0,0,0.0,3666.0,0,1,0,0,0,0,1,0,0,0,0,1,0
62502,0033800002nxhtlAAA,0.0,30,705.0,7883.0,0,1,0,0,0,0,1,0,0,0,0,1,1
62507,0033800002nxiQsAAI,0.0,0,0.0,1743.0,0,1,0,0,0,0,1,0,0,0,1,0,1
62508,0033800002nxiSPAAY,0.0,0,0.0,1607.0,0,1,0,0,0,0,1,0,0,0,0,1,0
62509,0033800002nxiSUAAY,0.0,0,97.0,2485.0,0,0,0,0,1,0,1,0,0,0,1,0,1
62513,0033800002nximVAAQ,0.0,0,0.0,2366.0,0,0,0,1,0,0,1,0,0,0,0,1,1
62515,0033800002nxj37AAA,0.0,20,2669.0,1461.0,0,0,0,0,1,0,0,0,1,0,0,1,0
62516,0033800002nxj6pAAA,0.0,0,18.0,3808.0,0,0,0,1,0,0,1,0,0,0,0,1,0
62517,0033800002nxj9AAAQ,0.0,90,1583.0,7594.0,0,1,0,0,0,0,1,0,0,0,0,1,1
62518,0033800002nxjEPAAY,0.0,0,0.0,8478.0,0,0,0,0,1,0,1,0,0,0,0,1,1
62519,0033800002nxjJAAAY,0.0,0,32.0,4806.0,0,0,0,0,1,0,1,0,0,0,0,1,1
62520,0033800002nxjMEAAY,0.0,0,0.0,9507.0,0,0,0,1,0,0,1,0,0,0,0,1,0
62524,0033800002nxjvOAAQ,0.0,50,6360.0,1461.0,0,0,0,0,1,0,1,0,0,0,1,0,1
62528,0033800002nxktIAAQ,0.0,0,0.0,7358.0,1,0,0,0,0,1,0,0,0,0,0,1,1
62532,0033800002nxlAoAAI,0.0,50,5294.0,2570.0,0,1,0,0,0,1,0,0,0,0,1,0,0
62538,0033800002nxmQJAAY,0.0,20,0.0,4004.0,0,1,0,0,0,0,0,0,1,0,0,1,1
62540,0033800002nxmQLAAY,0.0,90,3054.0,2191.0,0,0,0,1,0,0,1,0,0,0,1,0,1
62554,0033800002nxmQbAAI,0.0,0,51.0,7313.0,0,0,0,0,1,1,0,0,0,0,0,1,1
62557,0033800002nxmQeAAI,0.0,0,121.0,10288.0,0,0,0,0,1,0,0,1,0,0,0,1,1
62558,0033800002nxmQfAAI,0.0,80,1140.0,4474.0,0,0,0,1,0,0,0,0,1,0,0,1,1
62561,0033800002nxmQiAAI,0.0,0,0.0,11014.0,0,1,0,0,0,0,1,0,0,0,0,1,0
62562,0033800002nxmQjAAI,0.0,0,0.0,7032.0,0,1,0,0,0,0,1,0,0,0,0,1,1
62564,0033800002nxmQlAAI,0.0,0,0.0,7336.0,0,1,0,0,0,1,0,0,0,0,0,1,1
62572,0033800002nxmjAAAQ,0.0,0,659.0,1920.0,1,0,0,0,0,0,0,0,1,0,0,1,0
62573,0033800002nxms1AAA,0.0,0,0.0,8065.0,0,0,0,0,1,1,0,0,0,0,0,1,1
62574,0033800002nxnQXAAY,0.0,0,0.0,2190.0,0,0,0,1,0,1,0,0,0,0,1,0,1
62576,0033800002nxnY2AAI,0.0,0,0.0,7305.0,1,0,0,0,0,0,0,0,0,1,0,1,0
62577,0033800002nxnZtAAI,0.0,0,0.0,7363.0,0,1,0,0,0,0,0,0,1,0,0,1,1
62579,0033800002nxnlBAAQ,0.0,0,7028.0,2191.0,0,0,0,0,1,0,0,0,0,1,0,1,1
62582,0033800002nxnnbAAA,0.0,0,0.0,13741.0,0,0,0,1,0,0,1,0,0,0,0,1,1
62583,0033800002nxnoAAAQ,0.0,0,0.0,3772.0,0,1,0,0,0,0,1,0,0,0,0,1,1
62587,0033800002nxo7lAAA,0.0,0,0.0,2789.0,0,0,0,1,0,0,1,0,0,0,0,1,0
62588,0033800002nxoDAAAY,0.0,0,0.0,1460.0,0,0,0,1,0,0,0,0,0,1,0,1,0
62591,0033800002nxoNoAAI,0.0,0,0.0,4031.0,1,0,0,0,0,1,0,0,0,0,0,1,0
62593,0033800002nxobCAAQ,0.0,80,1398.0,9733.0,1,0,0,0,0,0,1,0,0,0,0,1,1
62594,0033800002nxocjAAA,0.0,0,944.0,6822.0,0,0,0,0,1,0,1,0,0,0,0,1,1
62595,0033800002nxoe1AAA,0.0,0,0.0,9389.0,0,0,0,0,1,0,0,0,0,1,0,1,1
62599,0033800002nxpSGAAY,0.0,0,0.0,7681.0,0,0,0,1,0,0,1,0,0,0,0,1,0
62603,0033800002nxq2VAAQ,0.0,0,2315.0,1461.0,0,0,0,0,1,0,0,1,0,0,0,1,0
62606,0033800002nxqDJAAY,0.0,0,0.0,8678.0,1,0,0,0,0,1,0,0,0,0,0,1,1
62612,0033800002nxrB7AAI,0.0,90,1121.0,6254.0,0,1,0,0,0,0,1,0,0,0,1,0,0
62615,0033800002nxrHZAAY,0.0,50,5978.0,2558.0,0,1,0,0,0,0,1,0,0,0,0,1,1
62617,0033800002nxrKYAAY,0.0,0,109.0,7604.0,1,0,0,0,0,1,0,0,0,0,1,0,1
62619,0033800002nxrTIAAY,0.0,100,2785.0,4410.0,0,1,0,0,0,0,1,0,0,0,0,1,1
62623,0033800002nxsvHAAQ,0.0,0,0.0,4554.0,1,0,0,0,0,0,1,0,0,0,0,1,0
62624,0033800002nxt2TAAQ,0.0,0,0.0,4021.0,1,0,0,0,0,1,0,0,0,0,0,1,0
62630,0033800002nxtzwAAA,0.0,0,0.0,7336.0,0,0,0,1,0,0,1,0,0,0,0,1,1
62632,0033800002nxuD6AAI,0.0,0,0.0,5394.0,0,0,0,1,0,0,1,0,0,0,0,1,1
62634,0033800002nxuGoAAI,0.0,0,0.0,2190.0,0,1,0,0,0,1,0,0,0,0,0,1,1
62644,0033800002nxvmSAAQ,0.0,0,0.0,11237.0,0,1,0,0,0,0,1,0,0,0,0,1,1
62646,0033800002nxvrrAAA,0.0,0,0.0,9511.0,0,1,0,0,0,0,0,0,0,1,0,1,1
62647,0033800002nxvzCAAQ,0.0,0,0.0,9134.0,0,1,0,0,0,0,1,0,0,0,1,0,1
62653,0033800002nxxV7AAI,0.0,80,8229.0,2670.0,0,0,0,1,0,0,1,0,0,0,0,1,1
62654,0033800002nxxo2AAA,0.0,0,0.0,11017.0,0,1,0,0,0,0,1,0,0,0,0,1,1
62655,0033800002nxxptAAA,0.0,0,0.0,8473.0,1,0,0,0,0,0,1,0,0,0,0,1,1
62660,0033800002nxyC9AAI,0.0,60,2516.0,2557.0,0,0,0,0,1,0,1,0,0,0,0,1,0
62663,0033800002nxyHiAAI,0.0,30,469.0,359.0,1,0,0,0,0,0,1,0,0,0,0,1,1
62665,0033800002nxyW9AAI,0.0,0,0.0,12387.0,0,0,0,0,1,0,0,0,0,1,0,1,1
62671,0033800002nxzFgAAI,0.0,0,0.0,4413.0,1,0,0,0,0,0,1,0,0,0,0,1,1
62672,0033800002nxzFqAAI,0.0,0,3622.0,8657.0,0,1,0,0,0,0,1,0,0,0,0,1,1
62673,0033800002nxzGPAAY,0.0,0,6512.0,1461.0,0,0,0,0,1,0,1,0,0,0,1,0,1
62678,0033800002nxzQbAAI,0.0,0,0.0,5943.0,0,0,0,1,0,0,0,0,0,1,0,1,1
62680,0033800002nxzS8AAI,0.0,0,0.0,10650.0,0,0,0,0,1,0,1,0,0,0,0,1,1
62691,0033800002nxzesAAA,0.0,50,3111.0,7330.0,0,0,0,0,1,0,0,0,0,1,0,1,1
62692,0033800002nxzgPAAQ,0.0,0,0.0,10253.0,0,0,0,0,1,0,1,0,0,0,0,1,1
62696,0033800002ny01qAAA,0.0,0,0.0,11339.0,0,1,0,0,0,0,1,0,0,0,0,1,1
62699,0033800002ny092AAA,0.0,0,0.0,9883.0,0,1,0,0,0,0,1,0,0,0,0,1,1
62702,0033800002ny0AeAAI,0.0,0,0.0,7308.0,0,1,0,0,0,0,1,0,0,0,1,0,1
62707,0033800002ny0NTAAY,0.0,100,0.0,9220.0,1,0,0,0,0,0,1,0,0,0,0,1,0
62709,0033800002ny0OCAAY,0.0,0,0.0,7343.0,0,0,0,1,0,0,0,0,0,1,0,1,1
62714,0033800002ny0YbAAI,0.0,0,1428.0,1461.0,0,0,0,0,1,0,0,0,0,1,1,0,0
62716,0033800002ny0dlAAA,0.0,0,8280.0,1574.0,0,0,0,1,0,0,1,0,0,0,0,1,1
62722,0033800002ny1fbAAA,0.0,0,0.0,7337.0,0,0,0,1,0,0,0,0,0,1,0,1,0
62734,0033800002ny31FAAQ,0.0,0,7622.0,2190.0,0,0,0,0,1,0,1,0,0,0,0,1,1
62737,0033800002ny3HnAAI,0.0,0,0.0,7354.0,0,1,0,0,0,0,1,0,0,0,0,1,1
62739,0033800002ny3OKAAY,0.0,0,33.0,2096.0,0,0,0,1,0,0,1,0,0,0,1,0,0
62741,0033800002ny3lmAAA,0.0,0,0.0,8791.0,0,1,0,0,0,0,1,0,0,0,1,0,1
62742,0033800002ny3mBAAQ,0.0,0,1296.0,3132.0,1,0,0,0,0,0,1,0,0,0,0,1,1
62748,0033800002ny4B2AAI,0.0,10,694.0,3195.0,0,1,0,0,0,0,0,0,0,1,0,1,1
62751,0033800002ny4myAAA,0.0,0,0.0,6314.0,0,1,0,0,0,0,1,0,0,0,0,1,1
62757,0033800002ny5NRAAY,0.0,0,0.0,3058.0,0,0,0,1,0,0,1,0,0,0,0,1,1
62760,0033800002ny5tnAAA,0.0,0,0.0,2190.0,0,0,0,1,0,0,0,0,0,1,0,1,1
62762,0033800002ny6DdAAI,0.0,20,3354.0,8469.0,0,0,0,0,1,0,0,0,0,1,0,1,1
62769,0033800002ny78CAAQ,0.0,0,0.0,5479.0,1,0,0,0,0,1,0,0,0,0,0,1,1
62771,0033800002ny7GpAAI,0.0,20,741.0,1591.0,0,0,0,1,0,0,1,0,0,0,0,1,1
62778,0033800002ny8kwAAA,0.0,0,0.0,2191.0,0,0,0,1,0,1,0,0,0,0,0,1,0
62779,0033800002ny8lBAAQ,0.0,0,0.0,11579.0,0,0,0,1,0,0,1,0,0,0,0,1,1
62780,0033800002ny9GbAAI,0.0,0,0.0,7321.0,0,1,0,0,0,1,0,0,0,0,0,1,1
62784,0033800002ny9SwAAI,0.0,0,8.0,2056.0,0,0,0,1,0,0,1,0,0,0,0,1,1
62786,0033800002ny9kCAAQ,0.0,0,0.0,7463.0,1,0,0,0,0,0,1,0,0,0,0,1,1
62789,0033800002nyA2iAAE,0.0,0,1196.0,5251.0,0,1,0,0,0,0,0,0,1,0,0,1,1
62790,0033800002nyA4FAAU,0.0,0,765.0,3960.0,0,0,0,1,0,0,1,0,0,0,0,1,0
62795,0033800002nyBSEAA2,0.0,10,4059.0,2588.0,0,1,0,0,0,0,0,0,0,1,0,1,1
62796,0033800002nyBTWAA2,0.0,0,0.0,12001.0,0,0,0,0,1,0,1,0,0,0,0,1,1
62798,0033800002nyBbBAAU,0.0,0,0.0,7487.0,1,0,0,0,0,1,0,0,0,0,0,1,1
62799,0033800002nyC5XAAU,0.0,0,190.0,7783.0,0,0,0,1,0,0,0,0,0,1,0,1,0
62805,0033800002nyCbvAAE,0.0,0,0.0,7560.0,0,0,0,0,1,1,0,0,0,0,0,1,1
62811,0033800002nyDFpAAM,0.0,50,4174.0,1095.0,0,0,0,1,0,0,1,0,0,0,0,1,1
62815,0033800002nyDeOAAU,0.0,0,1970.0,3475.0,0,0,0,1,0,0,1,0,0,0,0,1,1
62817,0033800002nyDmXAAU,0.0,0,7219.0,2509.0,1,0,0,0,0,0,1,0,0,0,0,1,1
62821,0033800002nyEJgAAM,0.0,0,0.0,1795.0,0,1,0,0,0,0,0,0,1,0,0,1,1
62827,0033800002nyFY4AAM,0.0,30,415.0,1460.0,0,1,0,0,0,0,0,0,0,1,1,0,0
62828,0033800002nyFsYAAU,0.0,0,109.0,3103.0,0,1,0,0,0,0,1,0,0,0,1,0,1
62829,0033800002nyFxeAAE,0.0,0,0.0,8040.0,0,0,0,1,0,0,0,0,0,1,0,1,1
62830,0033800002nyGFnAAM,0.0,0,6707.0,1308.0,0,1,0,0,0,0,1,0,0,0,1,0,1
62831,0033800002nyGLvAAM,0.0,0,4692.0,3288.0,0,1,0,0,0,0,1,0,0,0,0,1,0
62832,0033800002nyGNwAAM,0.0,70,1498.0,2603.0,0,1,0,0,0,0,1,0,0,0,0,1,1
62833,0033800002nyGUYAA2,0.0,0,0.0,2403.0,1,0,0,0,0,1,0,0,0,0,0,1,0
62835,0033800002nyGsVAAU,0.0,0,0.0,8783.0,0,0,0,1,0,0,1,0,0,0,0,1,1
62837,0033800002nyGvtAAE,0.0,0,0.0,2898.0,0,0,0,1,0,0,1,0,0,0,0,1,1
62845,0033800002nyIDQAA2,0.0,0,0.0,7317.0,0,1,0,0,0,0,1,0,0,0,0,1,0
62848,0033800002nyIGkAAM,0.0,0,0.0,7308.0,0,1,0,0,0,0,1,0,0,0,0,1,1
62851,0033800002nyIUGAA2,0.0,90,0.0,6738.0,0,1,0,0,0,1,0,0,0,0,0,1,1
62855,0033800002nyId8AAE,0.0,0,82.0,2038.0,0,0,0,1,0,0,0,0,0,1,0,1,1
62856,0033800002nyIhoAAE,0.0,0,68.0,10060.0,0,0,0,0,1,0,1,0,0,0,0,1,1
62857,0033800002nyIknAAE,0.0,0,6429.0,8621.0,0,1,0,0,0,0,1,0,0,0,0,1,1
62860,0033800002nyIozAAE,0.0,0,0.0,2922.0,1,0,0,0,0,1,0,0,0,0,0,1,1
62862,0033800002nyJ2mAAE,0.0,0,0.0,7691.0,0,0,0,1,0,0,1,0,0,0,0,1,1
62863,0033800002nyJ5MAAU,0.0,50,0.0,8158.0,1,0,0,0,0,1,0,0,0,0,1,0,0
62864,0033800002nyJVFAA2,0.0,0,0.0,1270.0,0,1,0,0,0,0,1,0,0,0,1,0,1
62880,0033800002nyM7eAAE,0.0,0,0.0,7333.0,0,1,0,0,0,0,1,0,0,0,1,0,1
62882,0033800002nyMcUAAU,0.0,0,0.0,3308.0,0,1,0,0,0,0,0,0,1,0,0,1,1
62883,0033800002nyMeFAAU,0.0,0,0.0,8400.0,0,1,0,0,0,0,1,0,0,0,0,1,0
62896,0033800002nyMeTAAU,0.0,0,290.0,883.0,0,1,0,0,0,0,1,0,0,0,1,0,1
62902,0033800002nyMeZAAU,0.0,0,2059.0,1781.0,0,1,0,0,0,0,1,0,0,0,0,1,1
62906,0033800002nyMedAAE,0.0,0,0.0,8093.0,0,0,0,1,0,0,1,0,0,0,0,1,1
62907,0033800002nyMeeAAE,0.0,0,0.0,1960.0,0,1,0,0,0,0,1,0,0,0,0,1,1
62908,0033800002nyMefAAE,0.0,70,3398.0,1386.0,0,1,0,0,0,0,0,0,1,0,0,1,0
62909,0033800002nyMehAAE,0.0,0,0.0,7312.0,0,1,0,0,0,0,1,0,0,0,0,1,1
62917,0033800002nyO42AAE,0.0,0,0.0,1269.0,0,0,0,1,0,0,0,0,0,1,0,1,1
62918,0033800002nyOG9AAM,0.0,0,0.0,8039.0,0,1,0,0,0,0,1,0,0,0,0,1,1
62920,0033800002nyOMHAA2,0.0,0,11163.0,1422.0,1,0,0,0,0,1,0,0,0,0,0,1,0
62921,0033800002nyONyAAM,0.0,0,5.0,8434.0,0,0,0,1,0,0,1,0,0,0,0,1,0
62922,0033800002nyOQOAA2,0.0,0,0.0,7741.0,0,1,0,0,0,0,1,0,0,0,0,1,0
62923,0033800002nyOT8AAM,0.0,0,0.0,11006.0,1,0,0,0,0,0,1,0,0,0,0,1,1
62925,0033800002nyOaYAAU,0.0,0,424.0,1765.0,0,0,0,1,0,1,0,0,0,0,0,1,0
62926,0033800002nyOcUAAU,0.0,40,1592.0,1463.0,0,1,0,0,0,0,0,0,1,0,0,1,1
62943,0033800002nyPGuAAM,0.0,0,0.0,4110.0,0,0,0,1,0,0,1,0,0,0,1,0,0
62947,0033800002nyPagAAE,0.0,0,0.0,7311.0,0,1,0,0,0,0,1,0,0,0,0,1,1
62952,0033800002nyQEOAA2,0.0,0,0.0,8293.0,0,0,0,1,0,0,0,0,0,1,0,1,1
62956,0033800002nyQqwAAE,0.0,0,0.0,2945.0,0,0,0,1,0,0,0,0,1,0,0,1,1
62957,0033800002nyQuFAAU,0.0,0,409.0,3308.0,0,0,0,1,0,1,0,0,0,0,0,1,1
62958,0033800002nyQvIAAU,0.0,0,0.0,4474.0,0,0,0,1,0,0,1,0,0,0,0,1,1
62961,0033800002nyR9FAAU,0.0,0,0.0,7491.0,0,1,0,0,0,1,0,0,0,0,0,1,1
62963,0033800002nyRVGAA2,0.0,0,0.0,8538.0,0,0,0,1,0,0,1,0,0,0,0,1,1
62965,0033800002nyRemAAE,0.0,0,0.0,10803.0,0,0,0,0,1,0,1,0,0,0,0,1,1
62966,0033800002nyS8EAAU,0.0,10,8530.0,2160.0,0,0,0,0,1,1,0,0,0,0,0,1,1
62970,0033800002nySiOAAU,0.0,0,0.0,11010.0,0,0,0,0,1,0,0,0,0,1,0,1,1
62975,0033800002nyT26AAE,0.0,100,593.0,8981.0,0,0,0,0,1,0,1,0,0,0,1,0,0
62978,0033800002nyTOCAA2,0.0,0,9570.0,3981.0,1,0,0,0,0,1,0,0,0,0,0,1,1
62981,0033800002nyTgzAAE,0.0,0,1535.0,8487.0,0,1,0,0,0,0,1,0,0,0,0,1,1
62982,0033800002nyTmIAAU,0.0,0,0.0,7404.0,0,1,0,0,0,0,1,0,0,0,0,1,1
62988,0033800002nyUMEAA2,0.0,0,0.0,9423.0,1,0,0,0,0,1,0,0,0,0,1,0,1
62997,0033800002nyVeDAAU,0.0,90,1654.0,1460.0,0,0,0,0,1,0,0,0,0,1,0,1,0
63002,0033800002nyW0TAAU,0.0,0,0.0,9371.0,0,0,0,1,0,0,1,0,0,0,0,1,0
63015,0033800002nyWurAAE,0.0,0,0.0,8409.0,0,0,0,0,1,0,0,0,0,1,0,1,1
63027,0033800002nyXpvAAE,0.0,0,9449.0,1461.0,1,0,0,0,0,0,1,0,0,0,0,1,0
63028,0033800002nyXqFAAU,0.0,0,3.0,7335.0,0,0,0,1,0,0,0,1,0,0,0,1,1
63037,0033800002nyY3OAAU,0.0,0,0.0,4851.0,0,1,0,0,0,0,1,0,0,0,0,1,0
63052,0033800002nyYdsAAE,0.0,100,136.0,8187.0,1,0,0,0,0,0,1,0,0,0,0,1,0
63057,0033800002nyYo2AAE,0.0,30,714.0,10974.0,0,0,0,1,0,0,0,0,0,1,0,1,1
63060,0033800002nyYxEAAU,0.0,0,0.0,1171.0,0,0,0,0,1,0,1,0,0,0,1,0,1
63063,0033800002nya3xAAA,0.0,90,1327.0,9512.0,0,0,0,0,1,0,1,0,0,0,1,0,0
63070,0033800002nyaf8AAA,0.0,0,0.0,8502.0,0,1,0,0,0,0,1,0,0,0,0,1,1
63075,0033800002nyagzAAA,0.0,0,0.0,1459.0,0,0,0,1,0,0,1,0,0,0,1,0,1
63082,0033800002nyaigAAA,0.0,0,1.0,1826.0,0,0,0,1,0,0,1,0,0,0,1,0,0
63083,0033800002nyaihAAA,0.0,0,4327.0,731.0,0,0,0,1,0,1,0,0,0,0,0,1,1
63085,0033800002nyaijAAA,0.0,0,2015.0,2587.0,0,0,0,1,0,0,1,0,0,0,0,1,0
63090,0033800002nyaioAAA,0.0,40,2435.0,2667.0,0,0,0,0,1,0,0,0,0,1,0,1,1
63091,0033800002nyaipAAA,0.0,100,0.0,6758.0,0,1,0,0,0,0,1,0,0,0,0,1,1
63092,0033800002nyaiqAAA,0.0,90,959.0,6445.0,0,1,0,0,0,0,1,0,0,0,1,0,1
63096,0033800002nyaiuAAA,0.0,50,1011.0,7428.0,0,0,0,1,0,0,1,0,0,0,0,1,0
63105,0033800002nyb50AAA,0.0,90,0.0,4874.0,0,1,0,0,0,1,0,0,0,0,0,1,0
63106,0033800002nyb5oAAA,0.0,0,0.0,4660.0,0,0,0,1,0,0,0,0,1,0,0,1,0
63107,0033800002nyb9CAAQ,0.0,0,0.0,7491.0,1,0,0,0,0,0,1,0,0,0,0,1,1
63112,0033800002nybamAAA,0.0,0,0.0,7436.0,0,1,0,0,0,1,0,0,0,0,0,1,1
63113,0033800002nybbaAAA,0.0,0,0.0,11060.0,1,0,0,0,0,0,0,0,0,1,0,1,1
63116,0033800002nybofAAA,0.0,0,0.0,5480.0,1,0,0,0,0,1,0,0,0,0,0,1,0
63118,0033800002nybq2AAA,0.0,0,0.0,10448.0,1,0,0,0,0,0,1,0,0,0,0,1,1
63120,0033800002nybsrAAA,0.0,0,0.0,3194.0,0,1,0,0,0,0,1,0,0,0,0,1,1
63122,0033800002nybuOAAQ,0.0,0,0.0,7326.0,1,0,0,0,0,1,0,0,0,0,0,1,1
63123,0033800002nybv5AAA,0.0,0,0.0,7492.0,0,0,0,0,1,1,0,0,0,0,0,1,1
63126,0033800002nyc00AAA,0.0,0,0.0,5899.0,1,0,0,0,0,0,1,0,0,0,0,1,1
63127,0033800002nyc55AAA,0.0,0,0.0,9509.0,0,0,0,0,1,0,1,0,0,0,0,1,1
63128,0033800002nyc9bAAA,0.0,0,0.0,2191.0,0,0,0,1,0,1,0,0,0,0,0,1,1
63129,0033800002nycFKAAY,0.0,0,0.0,9132.0,0,1,0,0,0,0,1,0,0,0,0,1,1
63130,0033800002nycS3AAI,0.0,0,0.0,10599.0,0,0,0,1,0,0,1,0,0,0,0,1,1
63131,0033800002nycSNAAY,0.0,0,0.0,8444.0,1,0,0,0,0,0,1,0,0,0,0,1,1
63132,0033800002nycf7AAA,0.0,0,0.0,7493.0,0,0,0,0,1,0,0,0,0,1,0,1,1
63133,0033800002nycgPAAQ,0.0,0,486.0,1461.0,0,0,0,1,0,0,0,0,1,0,0,1,0
63136,0033800002nycoTAAQ,0.0,0,0.0,8793.0,1,0,0,0,0,1,0,0,0,0,0,1,1
63137,0033800002nycosAAA,0.0,0,507.0,2921.0,0,0,0,1,0,0,1,0,0,0,0,1,1
63141,0033800002nydO3AAI,0.0,0,3385.0,1367.0,0,0,0,1,0,0,0,0,0,1,1,0,0
63145,0033800002nydb7AAA,0.0,0,0.0,9065.0,1,0,0,0,0,0,1,0,0,0,0,1,0
63151,0033800002nydmYAAQ,0.0,0,3475.0,7478.0,0,1,0,0,0,0,1,0,0,0,0,1,1
63153,0033800002nydpIAAQ,0.0,100,1985.0,1368.0,0,0,0,1,0,0,1,0,0,0,0,1,0
63156,0033800002nye4mAAA,0.0,0,0.0,8644.0,1,0,0,0,0,0,1,0,0,0,0,1,1
63160,0033800002nyeTcAAI,0.0,0,0.0,7328.0,1,0,0,0,0,0,1,0,0,0,0,1,1
63165,0033800002nyelmAAA,0.0,10,1278.0,3274.0,0,0,0,0,1,0,1,0,0,0,0,1,1
63171,0033800002nyexTAAQ,0.0,90,12.0,8794.0,0,0,0,0,1,1,0,0,0,0,0,1,1
63174,0033800002nyf1fAAA,0.0,0,4519.0,7319.0,0,0,0,0,1,0,0,0,0,1,0,1,0
63176,0033800002nyfNQAAY,0.0,0,0.0,5839.0,0,0,0,0,1,0,1,0,0,0,1,0,1
63177,0033800002nyfnJAAQ,0.0,0,0.0,7327.0,1,0,0,0,0,1,0,0,0,0,1,0,1
63180,0033800002nygYEAAY,0.0,0,530.0,2066.0,0,0,0,1,0,1,0,0,0,0,1,0,1
63181,0033800002nygyvAAA,0.0,0,0.0,3162.0,0,0,0,0,1,0,0,0,0,1,1,0,0
63185,0033800002nyiYsAAI,0.0,0,348.0,8773.0,0,0,0,0,1,0,0,0,0,1,0,1,0
63186,0033800002nyiinAAA,0.0,0,0.0,2502.0,0,0,0,1,0,1,0,0,0,0,0,1,1
63190,0033800002nyjCCAAY,0.0,20,9435.0,2436.0,1,0,0,0,0,0,0,0,0,1,0,1,1
63192,0033800002nyjXGAAY,0.0,0,0.0,7743.0,0,0,0,0,1,0,1,0,0,0,1,0,1
63196,0033800002nyjrwAAA,0.0,0,0.0,7323.0,1,0,0,0,0,1,0,0,0,0,0,1,1
63197,0033800002nyjszAAA,0.0,0,205.0,1650.0,0,0,0,1,0,0,1,0,0,0,0,1,1
63199,0033800002nyk8JAAQ,0.0,0,0.0,8105.0,1,0,0,0,0,0,1,0,0,0,0,1,0
63200,0033800002nykddAAA,0.0,100,166.0,7315.0,1,0,0,0,0,1,0,0,0,0,1,0,0
63203,0033800002nylGXAAY,0.0,0,0.0,2867.0,0,0,0,1,0,0,1,0,0,0,0,1,1
63214,0033800002nyljfAAA,0.0,0,0.0,9062.0,0,0,0,0,1,1,0,0,0,0,0,1,1
63216,0033800002nyluTAAQ,0.0,0,2783.0,2138.0,0,0,0,1,0,1,0,0,0,0,0,1,1
63220,0033800002nymGZAAY,0.0,0,2381.0,1461.0,0,0,0,1,0,0,0,0,1,0,0,1,1
63223,0033800002nymadAAA,0.0,0,0.0,8754.0,0,0,0,0,1,0,1,0,0,0,0,1,1
63225,0033800002nymgWAAQ,0.0,0,179.0,3893.0,0,1,0,0,0,0,1,0,0,0,0,1,1
63228,0033800002nymu9AAA,0.0,0,14.0,11848.0,0,0,0,1,0,0,1,0,0,0,0,1,0
63230,0033800002nymykAAA,0.0,0,0.0,8644.0,0,0,0,0,1,1,0,0,0,0,0,1,1
63232,0033800002nyn3pAAA,0.0,0,0.0,7452.0,0,0,0,1,0,0,0,0,1,0,0,1,0
63235,0033800002nynDzAAI,0.0,60,1332.0,1825.0,0,1,0,0,0,0,0,0,1,0,0,1,1
63236,0033800002nynHIAAY,0.0,30,17.0,3797.0,0,0,0,1,0,1,0,0,0,0,0,1,1
63237,0033800002nynILAAY,0.0,0,0.0,9170.0,1,0,0,0,0,0,1,0,0,0,0,1,1
63238,0033800002nynIpAAI,0.0,60,1453.0,4889.0,0,1,0,0,0,0,1,0,0,0,0,1,1
63240,0033800002nynOEAAY,0.0,0,90.0,11793.0,0,1,0,0,0,1,0,0,0,0,0,1,1
63242,0033800002nynRhAAI,0.0,0,0.0,8419.0,1,0,0,0,0,0,1,0,0,0,0,1,0
63244,0033800002nynTxAAI,0.0,90,1363.0,5074.0,1,0,0,0,0,0,1,0,0,0,0,1,1
63249,0033800002nyokVAAQ,0.0,0,0.0,7324.0,0,0,0,1,0,1,0,0,0,0,0,1,1
63253,0033800002nypFoAAI,0.0,100,74.0,3348.0,0,1,0,0,0,0,1,0,0,0,1,0,1
63260,0033800002nypdAAAQ,0.0,0,0.0,7697.0,0,0,0,1,0,0,1,0,0,0,0,1,0
63263,0033800002nyqC6AAI,0.0,0,0.0,8240.0,0,1,0,0,0,0,1,0,0,0,0,1,0
63265,0033800002nyqfOAAQ,0.0,0,0.0,7938.0,0,0,0,1,0,0,1,0,0,0,0,1,0
63266,0033800002nyqq5AAA,0.0,0,0.0,1631.0,0,0,0,1,0,0,0,0,0,1,0,1,1
63267,0033800002nyrLMAAY,0.0,0,0.0,7324.0,0,0,0,1,0,0,1,0,0,0,1,0,0
63271,0033800002nyrzHAAQ,0.0,0,138.0,2367.0,0,0,0,1,0,0,0,0,1,0,0,1,1
63275,0033800002nysDTAAY,0.0,90,2663.0,8040.0,0,1,0,0,0,0,0,0,0,1,0,1,1
63277,0033800002nysEqAAI,0.0,0,0.0,3136.0,0,0,0,1,0,0,1,0,0,0,0,1,0
63278,0033800002nysG8AAI,0.0,0,0.0,5479.0,1,0,0,0,0,1,0,0,0,0,0,1,1
63283,0033800002nysLeAAI,0.0,0,4565.0,1394.0,0,1,0,0,0,0,0,0,0,1,0,1,1
63285,0033800002nysebAAA,0.0,0,0.0,7524.0,0,0,0,1,0,0,1,0,0,0,0,1,1
63286,0033800002nysghAAA,0.0,100,4030.0,874.0,0,1,0,0,0,0,1,0,0,0,0,1,0
63287,0033800002nysj2AAA,0.0,80,714.0,9841.0,0,1,0,0,0,0,1,0,0,0,0,1,1
63290,0033800002nysuUAAQ,0.0,0,0.0,8384.0,0,0,0,1,0,1,0,0,0,0,0,1,1
63291,0033800002nytRrAAI,0.0,0,1148.0,2905.0,0,1,0,0,0,1,0,0,0,0,0,1,1
63293,0033800002nytTTAAY,0.0,0,0.0,6173.0,0,0,0,1,0,0,1,0,0,0,0,1,1
63298,0033800002nytfUAAQ,0.0,0,2797.0,1850.0,0,1,0,0,0,0,1,0,0,0,0,1,0
63305,0033800002nyuB1AAI,0.0,0,0.0,4750.0,1,0,0,0,0,0,1,0,0,0,0,1,1
63307,0033800002nyuPIAAY,0.0,0,0.0,7348.0,0,1,0,0,0,0,1,0,0,0,0,1,1
63308,0033800002nyuRxAAI,0.0,0,0.0,7634.0,0,0,0,0,1,0,0,0,0,1,0,1,1
63314,0033800002nyvcBAAQ,0.0,0,0.0,8158.0,0,0,0,0,1,1,0,0,0,0,1,0,0
63324,0033800002nywBsAAI,0.0,90,204.0,11688.0,0,0,0,0,1,0,1,0,0,0,0,1,1
63333,0033800002nywC1AAI,0.0,90,31.0,2019.0,0,0,0,1,0,0,1,0,0,0,0,1,1
63336,0033800002nywC4AAI,0.0,100,149.0,10602.0,1,0,0,0,0,0,1,0,0,0,0,1,1
63339,0033800002nywC7AAI,0.0,0,3939.0,1232.0,0,0,0,1,0,0,0,0,1,0,0,1,1
63342,0033800002nywCAAAY,0.0,0,13.0,2191.0,0,0,0,1,0,1,0,0,0,0,0,1,1
63354,0033800002nywCMAAY,0.0,0,2364.0,2658.0,0,1,0,0,0,0,1,0,0,0,1,0,0
63362,0033800002nywRRAAY,0.0,0,0.0,10226.0,1,0,0,0,0,0,1,0,0,0,0,1,1
63366,0033800002nyxPSAAY,0.0,0,9729.0,1910.0,0,1,0,0,0,0,0,0,0,1,1,0,0
63373,0033800002nyy2ZAAQ,0.0,0,74.0,9857.0,0,0,0,1,0,0,0,0,1,0,0,1,1
63374,0033800002nyy5TAAQ,0.0,0,858.0,2922.0,0,1,0,0,0,0,1,0,0,0,0,1,1
63379,0033800002nyyNmAAI,0.0,0,7.0,2464.0,1,0,0,0,0,0,0,0,0,1,0,1,0
63382,0033800002nyyWfAAI,0.0,0,0.0,5488.0,1,0,0,0,0,1,0,0,0,0,0,1,0
63384,0033800002nyybuAAA,0.0,0,1784.0,2921.0,0,1,0,0,0,0,0,0,1,0,0,1,0
63385,0033800002nyydCAAQ,0.0,90,74.0,5934.0,1,0,0,0,0,0,0,0,0,1,0,1,0
63388,0033800002nyypLAAQ,0.0,0,0.0,2888.0,0,0,0,0,1,0,1,0,0,0,0,1,1
63401,0033800002nyzKsAAI,0.0,40,1859.0,1002.0,0,0,0,1,0,0,1,0,0,0,0,1,0
63409,0033800002nyzzuAAA,0.0,0,0.0,2066.0,0,0,0,1,0,0,1,0,0,0,0,1,1
63416,0033800002nz0o3AAA,0.0,10,4253.0,7733.0,0,1,0,0,0,0,0,0,1,0,0,1,1
63419,0033800002nz0yrAAA,0.0,0,0.0,9554.0,0,0,0,0,1,0,0,1,0,0,0,1,0
63430,0033800002nz38XAAQ,0.0,0,317.0,3177.0,0,1,0,0,0,0,0,0,1,0,1,0,0
63433,0033800002nz3MSAAY,0.0,0,1950.0,7294.0,0,1,0,0,0,0,0,0,0,1,0,1,1
63435,0033800002nz3MUAAY,0.0,90,699.0,8478.0,0,0,0,0,1,0,0,0,0,1,0,1,1
63444,0033800002nz3MdAAI,0.0,0,911.0,7335.0,0,1,0,0,0,0,0,0,0,1,0,1,1
63450,0033800002nz3MjAAI,0.0,100,2403.0,11122.0,0,0,0,0,1,0,0,0,0,1,0,1,1
63451,0033800002nz3MkAAI,0.0,50,4163.0,1360.0,0,0,0,0,1,0,1,0,0,0,1,0,1
63452,0033800002nz3MlAAI,0.0,50,4572.0,1833.0,0,1,0,0,0,0,0,0,0,1,1,0,1
63455,0033800002nz3MoAAI,0.0,10,1852.0,7590.0,1,0,0,0,0,0,0,0,0,1,0,1,0
63458,0033800002nz3MsAAI,0.0,0,4318.0,1826.0,0,0,0,0,1,0,0,0,0,1,0,1,1
63465,0033800002nz3MzAAI,0.0,70,1553.0,7333.0,0,0,0,0,1,0,1,0,0,0,0,1,1
63473,0033800002nz3N7AAI,0.0,20,3375.0,7403.0,0,0,0,0,1,0,0,0,0,1,0,1,1
63476,0033800002nz3NAAAY,0.0,100,272.0,8307.0,0,1,0,0,0,0,1,0,0,0,0,1,1
63482,0033800002nz3NGAAY,0.0,20,881.0,10592.0,0,0,0,0,1,0,0,0,0,1,0,1,1
63495,0033800002nz3NTAAY,0.0,0,150.0,8207.0,0,1,0,0,0,0,0,0,0,1,1,0,1
63515,0033800002nz4wpAAA,0.0,0,1239.0,777.0,0,0,0,1,0,0,1,0,0,0,1,0,1
63518,0033800002nz6IIAAY,0.0,0,1187.0,1221.0,0,1,0,0,0,0,1,0,0,0,0,1,1
63524,0033800002nz6spAAA,0.0,0,0.0,9231.0,0,0,0,0,1,0,1,0,0,0,0,1,1
63533,0033800002nz8NjAAI,0.0,20,708.0,1961.0,0,0,0,0,1,0,1,0,0,0,1,0,0
63542,0033800002nz8XKAAY,0.0,0,0.0,1460.0,0,0,0,1,0,0,0,0,1,0,0,1,0
63545,0033800002nz8c5AAA,0.0,20,3673.0,7323.0,0,0,0,0,1,0,0,0,1,0,0,1,1
63546,0033800002nz8cAAAQ,0.0,50,7866.0,1549.0,0,1,0,0,0,0,0,0,1,0,0,1,1
63550,0033800002nz8drAAA,0.0,50,845.0,2394.0,1,0,0,0,0,0,1,0,0,0,0,1,1
63570,0033800002nz97XAAQ,0.0,0,0.0,2192.0,0,0,0,1,0,0,0,0,0,1,1,0,0
63574,0033800002nz99qAAA,0.0,100,298.0,4858.0,0,0,0,1,0,0,1,0,0,0,0,1,0
63578,0033800002nz9DnAAI,0.0,0,44.0,10419.0,0,1,0,0,0,0,0,0,0,1,0,1,1
63615,0033800002nzCEgAAM,0.0,0,0.0,4095.0,0,0,0,1,0,0,0,0,0,1,0,1,0
63621,0033800002nzDDzAAM,0.0,0,0.0,1460.0,0,1,0,0,0,0,0,0,0,1,0,1,1
63630,0033800002nzDyYAAU,0.0,0,1315.0,2191.0,0,0,0,1,0,0,1,0,0,0,1,0,1
63632,0033800002nzE2VAAU,0.0,0,119.0,7326.0,0,0,0,1,0,0,0,0,0,1,0,1,0
63634,0033800002nzE6TAAU,0.0,0,6968.0,2669.0,0,0,0,1,0,0,1,0,0,0,0,1,1
63640,0033800002nzE6ZAAU,0.0,0,811.0,6301.0,0,0,0,1,0,0,1,0,0,0,0,1,0
63642,0033800002nzE6bAAE,0.0,90,2151.0,7569.0,0,0,0,0,1,0,1,0,0,0,0,1,0
63648,0033800002nzE6hAAE,0.0,90,1467.0,3916.0,0,0,0,1,0,0,1,0,0,0,0,1,0
63652,0033800002nzE6lAAE,0.0,0,172.0,1400.0,0,1,0,0,0,0,0,0,0,1,0,1,1
63664,0033800002nzEeQAAU,0.0,60,2935.0,1164.0,1,0,0,0,0,0,1,0,0,0,1,0,0
63668,0033800002nzF0qAAE,0.0,20,10651.0,3720.0,0,0,0,1,0,0,0,0,0,1,0,1,1
63674,0033800002nzFaqAAE,0.0,0,2861.0,2191.0,0,1,0,0,0,0,0,0,0,1,1,0,1
63686,0033800002nzGDgAAM,0.0,0,0.0,7323.0,0,1,0,0,0,0,0,0,1,0,0,1,1
63691,0033800002nzHJxAAM,0.0,0,0.0,3010.0,0,1,0,0,0,1,0,0,0,0,0,1,1
63709,0033800002nzImaAAE,0.0,100,4939.0,1196.0,0,0,0,1,0,0,1,0,0,0,1,0,1
63719,0033800002nzJNRAA2,0.0,0,0.0,7305.0,0,0,0,1,0,0,0,0,0,1,0,1,0
63722,0033800002nzKALAA2,0.0,90,554.0,1333.0,1,0,0,0,0,0,1,0,0,0,0,1,1
63724,0033800002nzKGJAA2,0.0,0,28.0,12202.0,0,0,0,1,0,0,1,0,0,0,1,0,1
63730,0033800002nzKcKAAU,0.0,80,57.0,6232.0,0,0,0,0,1,0,1,0,0,0,0,1,1
63732,0033800002nzKnJAAU,0.0,0,2245.0,1368.0,1,0,0,0,0,0,0,0,1,0,1,0,1
63740,0033800002nzLKkAAM,0.0,0,4271.0,1096.0,1,0,0,0,0,0,1,0,0,0,0,1,1
63744,0033800002nzLlHAAU,0.0,0,0.0,6028.0,1,0,0,0,0,0,1,0,0,0,0,1,1
63753,0033800002nzMmWAAU,0.0,0,0.0,1829.0,0,0,0,1,0,0,0,0,1,0,0,1,1
63755,0033800002nzMocAAE,0.0,0,449.0,2191.0,0,0,0,1,0,1,0,0,0,0,0,1,0
63763,0033800002nzNP2AAM,0.0,0,3828.0,3855.0,0,1,0,0,0,0,0,0,0,1,0,1,0
63773,0033800002nzOwGAAU,0.0,0,0.0,2525.0,0,0,0,1,0,1,0,0,0,0,0,1,0
63776,0033800002nzPOXAA2,0.0,0,0.0,2583.0,0,0,0,1,0,1,0,0,0,0,1,0,1
63781,0033800002nzPZhAAM,0.0,0,0.0,3976.0,0,0,0,0,1,0,0,0,0,1,0,1,1
63783,0033800002nzPu8AAE,0.0,0,0.0,5657.0,0,0,0,1,0,0,0,0,1,0,0,1,0
63800,0033800002nzRW3AAM,0.0,0,0.0,8773.0,0,0,0,1,0,0,1,0,0,0,0,1,1
63803,0033800002nzRpeAAE,0.0,10,1138.0,3516.0,0,0,0,0,1,0,1,0,0,0,1,0,1
63810,0033800002nzSJUAA2,0.0,0,9610.0,1653.0,0,0,0,1,0,0,0,0,1,0,0,1,0
63827,0033800002nzTHoAAM,0.0,0,0.0,7446.0,0,1,0,0,0,1,0,0,0,0,0,1,1
63833,0033800002nzTr5AAE,0.0,0,0.0,11540.0,0,1,0,0,0,0,1,0,0,0,0,1,1
63844,0033800002nzUxnAAE,0.0,0,4444.0,1728.0,0,0,0,1,0,1,0,0,0,0,1,0,1
63850,0033800002nzXH7AAM,0.0,0,0.0,10158.0,0,1,0,0,0,0,1,0,0,0,0,1,1
63855,0033800002nzXnaAAE,0.0,0,0.0,5383.0,0,1,0,0,0,0,1,0,0,0,0,1,1
63857,0033800002nzXsVAAU,0.0,0,0.0,4578.0,0,1,0,0,0,0,1,0,0,0,0,1,0
63862,0033800002nzYLLAA2,0.0,40,494.0,1460.0,0,0,0,1,0,0,0,0,1,0,1,0,1
63867,0033800002nzYvSAAU,0.0,100,58.0,9364.0,0,0,0,1,0,0,0,0,1,0,0,1,0
63870,0033800002nzZa1AAE,0.0,0,0.0,7318.0,0,0,0,1,0,0,0,0,0,1,0,1,0
63871,0033800002nzZmBAAU,0.0,0,9673.0,1749.0,0,0,0,1,0,0,0,0,0,1,0,1,1
63874,0033800002nzaWwAAI,0.0,0,6288.0,1461.0,0,1,0,0,0,0,1,0,0,0,0,1,0
63875,0033800002nzaZ7AAI,0.0,0,7570.0,5533.0,0,1,0,0,0,0,0,0,0,1,0,1,0
63877,0033800002nzaeaAAA,0.0,0,0.0,7305.0,0,0,0,1,0,0,1,0,0,0,0,1,0
63885,0033800002nzcLSAAY,0.0,0,0.0,8842.0,1,0,0,0,0,0,1,0,0,0,0,1,1
63886,0033800002nzcM6AAI,0.0,0,70.0,10794.0,0,1,0,0,0,0,1,0,0,0,0,1,0
63890,0033800002nzcmdAAA,0.0,0,3211.0,594.0,0,0,0,1,0,0,1,0,0,0,1,0,1
63893,0033800002nzcyyAAA,0.0,0,9030.0,5754.0,1,0,0,0,0,0,1,0,0,0,1,0,0
63895,0033800002nzdDZAAY,0.0,0,0.0,3072.0,0,0,0,1,0,0,1,0,0,0,1,0,0
63896,0033800002nzdEhAAI,0.0,0,0.0,7314.0,0,1,0,0,0,0,0,0,0,1,0,1,1
63908,0033800002nzf1cAAA,0.0,50,1238.0,3803.0,1,0,0,0,0,0,1,0,0,0,0,1,0
63914,0033800002nzf9CAAQ,0.0,0,1793.0,1400.0,0,0,0,0,1,1,0,0,0,0,0,1,1
63922,0033800002nzf9LAAQ,0.0,0,3691.0,7311.0,0,1,0,0,0,0,1,0,0,0,0,1,0
63926,0033800002nzf9RAAQ,0.0,30,890.0,7334.0,0,1,0,0,0,1,0,0,0,0,0,1,0
63930,0033800002nzf9VAAQ,0.0,70,2847.0,2841.0,0,0,0,0,1,0,0,0,0,1,0,1,0
63938,0033800002nzf9dAAA,0.0,0,158.0,1825.0,0,1,0,0,0,0,1,0,0,0,1,0,0
63942,0033800002nzf9hAAA,0.0,0,1257.0,4829.0,0,1,0,0,0,1,0,0,0,0,0,1,1
63949,0033800002nzf9qAAA,0.0,40,3485.0,4157.0,0,0,0,1,0,0,1,0,0,0,0,1,1
63950,0033800002nzf9rAAA,0.0,30,158.0,9497.0,1,0,0,0,0,1,0,0,0,0,0,1,1
63953,0033800002nzf9vAAA,0.0,30,2167.0,7669.0,0,0,0,0,1,0,0,0,1,0,0,1,0
63955,0033800002nzfLBAAY,0.0,0,0.0,2191.0,1,0,0,0,0,1,0,0,0,0,0,1,0
63956,0033800002nzfMiAAI,0.0,100,40.0,4626.0,0,1,0,0,0,0,1,0,0,0,0,1,0
63962,0033800002nzfkzAAA,0.0,0,0.0,7760.0,0,0,0,0,1,0,1,0,0,0,0,1,0
63964,0033800002nzgDZAAY,0.0,0,0.0,2751.0,0,0,0,1,0,0,0,0,0,1,0,1,1
63971,0033800002nzgpaAAA,0.0,0,0.0,7323.0,0,0,0,1,0,0,1,0,0,0,0,1,1
63978,0033800002nzhdMAAQ,0.0,0,0.0,9326.0,0,0,0,1,0,0,1,0,0,0,0,1,1
63991,0033800002nzitWAAQ,0.0,0,0.0,3181.0,0,0,0,1,0,0,1,0,0,0,0,1,1
63992,0033800002nzivwAAA,0.0,0,0.0,3027.0,0,0,0,1,0,0,0,0,0,1,0,1,0
63993,0033800002nzixYAAQ,0.0,0,0.0,7309.0,0,0,0,1,0,0,1,0,0,0,0,1,1
63998,0033800002nzjGRAAY,0.0,0,0.0,7427.0,0,0,0,0,1,0,1,0,0,0,0,1,1
64000,0033800002nzjXwAAI,0.0,0,0.0,7226.0,0,0,0,1,0,1,0,0,0,0,0,1,1
64006,0033800002nzjnGAAQ,0.0,0,1494.0,2968.0,0,0,0,1,0,0,1,0,0,0,0,1,0
64012,0033800002nzkg2AAA,0.0,0,53.0,3393.0,0,1,0,0,0,1,0,0,0,0,0,1,1
64020,0033800002nzkmUAAQ,0.0,0,621.0,598.0,1,0,0,0,0,0,1,0,0,0,0,1,1
64024,0033800002nzlABAAY,0.0,100,923.0,3092.0,0,0,0,1,0,0,1,0,0,0,1,0,0
64027,0033800002nzlBJAAY,0.0,0,0.0,8853.0,0,0,0,1,0,0,1,0,0,0,0,1,1
64028,0033800002nzlDAAAY,0.0,0,0.0,4534.0,0,0,0,1,0,0,1,0,0,0,0,1,1
64029,0033800002nzlG9AAI,0.0,100,1426.0,9893.0,1,0,0,0,0,0,1,0,0,0,0,1,0
64036,0033800002nzleLAAQ,0.0,0,0.0,7609.0,0,0,0,1,0,0,1,0,0,0,0,1,0
64043,0033800002nzoBiAAI,0.0,0,0.0,1460.0,0,0,0,1,0,0,0,0,1,0,0,1,1
64050,0033800002nzos6AAA,0.0,0,330.0,3191.0,0,0,0,1,0,0,1,0,0,0,0,1,0
64054,0033800002nzpLiAAI,0.0,0,6496.0,3387.0,0,0,0,0,1,0,1,0,0,0,1,0,0
64057,0033800002nzpZWAAY,0.0,0,0.0,1368.0,0,1,0,0,0,0,1,0,0,0,0,1,1
64077,0033800002nzqV1AAI,0.0,90,712.0,3677.0,0,0,0,1,0,0,1,0,0,0,0,1,1
64079,0033800002nzqV3AAI,0.0,0,26.0,1461.0,0,1,0,0,0,0,1,0,0,0,0,1,0
64085,0033800002nzqV9AAI,0.0,70,203.0,2466.0,0,0,0,1,0,0,1,0,0,0,0,1,0
64089,0033800002nzqVDAAY,0.0,0,606.0,10033.0,0,0,0,0,1,0,0,0,0,1,0,1,1
64093,0033800002nzqVHAAY,0.0,80,1420.0,1824.0,0,1,0,0,0,0,0,0,0,1,0,1,1
64101,0033800002nzqVPAAY,0.0,0,1339.0,412.0,0,0,0,1,0,1,0,0,0,0,0,1,0
64103,0033800002nzqVRAAY,0.0,80,2558.0,1557.0,0,0,0,1,0,0,1,0,0,0,0,1,1
64107,0033800002nzqdNAAQ,0.0,0,2620.0,1706.0,0,1,0,0,0,0,0,0,0,1,0,1,1
64110,0033800002nzqxwAAA,0.0,90,423.0,7948.0,0,0,0,1,0,0,0,0,0,1,0,1,1
64113,0033800002nzrDpAAI,0.0,0,0.0,2186.0,0,1,0,0,0,0,1,0,0,0,0,1,1
64115,0033800002nzrPvAAI,0.0,0,6001.0,1003.0,0,1,0,0,0,0,0,0,0,1,0,1,0
64116,0033800002nzrUgAAI,0.0,90,972.0,7728.0,0,0,0,1,0,0,0,0,0,1,0,1,0
64129,0033800002nzrrQAAQ,0.0,70,451.0,7240.0,0,1,0,0,0,0,0,0,0,1,1,0,0
64132,0033800002nzrxTAAQ,0.0,50,2896.0,1614.0,0,0,0,1,0,0,0,1,0,0,0,1,1
64133,0033800002nzrzyAAA,0.0,0,50.0,1825.0,0,0,0,1,0,0,0,0,0,1,1,0,0
64135,0033800002nzs9PAAQ,0.0,90,217.0,421.0,0,1,0,0,0,0,1,0,0,0,1,0,0
64136,0033800002nzsCYAAY,0.0,0,2828.0,3287.0,1,0,0,0,0,0,1,0,0,0,0,1,0
64142,0033800002nzuZLAAY,0.0,0,0.0,7317.0,0,0,0,0,1,0,1,0,0,0,0,1,0
64145,0033800002nzukcAAA,0.0,0,0.0,3208.0,0,1,0,0,0,0,0,0,1,0,0,1,1
64146,0033800002nzuqzAAA,0.0,0,0.0,17108.0,0,0,0,1,0,0,1,0,0,0,0,1,0
64149,0033800002nzvPNAAY,0.0,0,3809.0,1460.0,1,0,0,0,0,0,0,0,0,1,0,1,1
64151,0033800002nzvpWAAQ,0.0,0,1077.0,1466.0,0,0,0,1,0,0,0,0,1,0,0,1,0
64165,0033800002nzx6LAAQ,0.0,70,0.0,5593.0,0,0,0,1,0,0,1,0,0,0,0,1,1
64166,0033800002nzxFfAAI,0.0,0,0.0,3561.0,0,0,0,1,0,0,1,0,0,0,0,1,0
64167,0033800002nzxGdAAI,0.0,0,0.0,7344.0,0,0,0,1,0,0,1,0,0,0,0,1,1
64169,0033800002nzxSjAAI,0.0,0,0.0,9871.0,0,0,0,0,1,0,1,0,0,0,0,1,1
64170,0033800002nzxTcAAI,0.0,0,0.0,1460.0,0,0,0,1,0,0,1,0,0,0,0,1,1
64171,0033800002nzxe1AAA,0.0,0,0.0,1825.0,0,0,0,1,0,0,0,0,1,0,1,0,0
64172,0033800002nzy1FAAQ,0.0,80,3583.0,1730.0,0,0,0,1,0,0,1,0,0,0,0,1,0
64173,0033800002nzy81AAA,0.0,90,3977.0,1944.0,0,0,0,0,1,0,0,0,0,1,0,1,0
64175,0033800002nzyDpAAI,0.0,40,1091.0,3794.0,0,0,0,1,0,0,0,1,0,0,0,1,1
64176,0033800002nzyI1AAI,0.0,0,0.0,7562.0,0,1,0,0,0,0,1,0,0,0,0,1,0
64181,0033800002o00AFAAY,0.0,0,0.0,9161.0,0,0,0,1,0,1,0,0,0,0,0,1,1
64185,0033800002o00tNAAQ,0.0,0,0.0,2827.0,0,1,0,0,0,0,1,0,0,0,0,1,0
64193,0033800002o0213AAA,0.0,40,3339.0,2262.0,0,0,0,1,0,0,1,0,0,0,0,1,1
64199,0033800002o02gMAAQ,0.0,0,28.0,3527.0,0,0,0,1,0,0,1,0,0,0,0,1,1
64202,0033800002o02qHAAQ,0.0,0,0.0,8426.0,0,0,0,1,0,0,1,0,0,0,0,1,1
64206,0033800002o03BkAAI,0.0,0,1918.0,7310.0,0,1,0,0,0,0,0,0,0,1,0,1,1
64208,0033800002o03ZoAAI,0.0,0,0.0,5473.0,1,0,0,0,0,1,0,0,0,0,0,1,0
64210,0033800002o03jUAAQ,0.0,0,0.0,7328.0,0,1,0,0,0,0,1,0,0,0,0,1,1
64212,0033800002o03tFAAQ,0.0,100,0.0,6392.0,0,0,0,0,1,1,0,0,0,0,0,1,1
64213,0033800002o0401AAA,0.0,0,0.0,9273.0,0,1,0,0,0,1,0,0,0,0,0,1,1
64216,0033800002o05FxAAI,0.0,0,406.0,4888.0,0,1,0,0,0,0,1,0,0,0,0,1,1
64218,0033800002o05MuAAI,0.0,0,609.0,3308.0,1,0,0,0,0,0,0,0,1,0,0,1,1
64222,0033800002o05MyAAI,0.0,0,1917.0,3326.0,0,0,0,0,1,0,1,0,0,0,0,1,1
64224,0033800002o05N0AAI,0.0,0,1699.0,2292.0,0,1,0,0,0,0,1,0,0,0,0,1,1
64235,0033800002o05NEAAY,0.0,70,6097.0,8338.0,0,0,0,0,1,0,0,0,0,1,0,1,1
64236,0033800002o05NFAAY,0.0,0,4631.0,3012.0,0,0,0,1,0,0,0,0,0,1,1,0,0
64237,0033800002o05NIAAY,0.0,0,4417.0,8705.0,0,1,0,0,0,1,0,0,0,0,0,1,1
64238,0033800002o05NLAAY,0.0,0,0.0,10200.0,0,1,0,0,0,1,0,0,0,0,0,1,1
64241,0033800002o05UDAAY,0.0,0,759.0,1460.0,0,0,0,1,0,0,0,0,1,0,0,1,0
64242,0033800002o05rCAAQ,0.0,30,299.0,997.0,0,1,0,0,0,0,1,0,0,0,1,0,1
64249,0033800002o08TQAAY,0.0,0,0.0,3289.0,0,0,0,0,1,0,1,0,0,0,0,1,1
64251,0033800002o08flAAA,0.0,0,0.0,6383.0,0,0,0,0,1,0,1,0,0,0,0,1,0
64252,0033800002o08i1AAA,0.0,0,728.0,6368.0,0,1,0,0,0,0,1,0,0,0,1,0,1
64255,0033800002o09BoAAI,0.0,0,0.0,4018.0,0,1,0,0,0,0,1,0,0,0,1,0,1
64256,0033800002o09LbAAI,0.0,90,456.0,5468.0,0,0,0,1,0,1,0,0,0,0,0,1,0
64257,0033800002o09gtAAA,0.0,0,779.0,1825.0,0,0,0,1,0,0,0,0,1,0,0,1,1
64268,0033800002o0AIgAAM,0.0,100,4131.0,1462.0,0,1,0,0,0,0,1,0,0,0,1,0,1
64281,0033800002o0B8cAAE,0.0,0,0.0,43849.0,0,0,0,1,0,0,0,0,0,1,0,1,0
64288,0033800002o0BkHAAU,0.0,40,98.0,8117.0,0,0,1,0,0,0,0,0,0,1,0,1,0
64290,0033800002o0C2MAAU,0.0,0,0.0,7387.0,0,1,0,0,0,1,0,0,0,0,1,0,1
64292,0033800002o0CAYAA2,0.0,50,108.0,9087.0,0,0,0,0,1,1,0,0,0,0,0,1,1
64293,0033800002o0CAnAAM,0.0,80,3143.0,2401.0,0,1,0,0,0,0,1,0,0,0,0,1,1
64303,0033800002o0CrjAAE,0.0,0,0.0,1221.0,0,0,0,1,0,0,1,0,0,0,0,1,0
64312,0033800002o0DJkAAM,0.0,0,0.0,9142.0,0,1,0,0,0,0,1,0,0,0,0,1,1
64313,0033800002o0DSwAAM,0.0,0,150.0,1460.0,0,0,0,1,0,1,0,0,0,0,1,0,1
64316,0033800002o0DtuAAE,0.0,0,0.0,2799.0,0,0,0,1,0,0,1,0,0,0,0,1,1
64317,0033800002o0EJxAAM,0.0,0,0.0,7332.0,0,0,0,0,1,0,1,0,0,0,0,1,1
64325,0033800002o0FHPAA2,0.0,60,765.0,7729.0,0,1,0,0,0,0,1,0,0,0,0,1,1
64326,0033800002o0FLMAA2,0.0,0,0.0,9209.0,0,0,0,1,0,0,0,1,0,0,0,1,1
64330,0033800002o0FZEAA2,0.0,0,2651.0,2190.0,0,1,0,0,0,0,0,0,0,1,0,1,1
64332,0033800002o0FlPAAU,0.0,0,4269.0,249.0,0,0,0,0,1,0,1,0,0,0,0,1,0
64333,0033800002o0FnaAAE,0.0,30,7114.0,2191.0,0,1,0,0,0,0,0,0,0,1,0,1,0
64335,0033800002o0FtOAAU,0.0,100,800.0,3836.0,0,0,0,0,1,0,1,0,0,0,0,1,0
64336,0033800002o0FvoAAE,0.0,90,3778.0,4933.0,0,0,0,1,0,1,0,0,0,0,0,1,1
64338,0033800002o0G5UAAU,0.0,90,2043.0,8779.0,0,1,0,0,0,1,0,0,0,0,0,1,1
64339,0033800002o0GCGAA2,0.0,0,65.0,7983.0,0,1,0,0,0,1,0,0,0,0,0,1,1
64340,0033800002o0GJHAA2,0.0,0,81.0,2621.0,0,0,0,1,0,0,0,0,0,1,1,0,1
64342,0033800002o0GLrAAM,0.0,0,0.0,2920.0,0,1,0,0,0,0,0,0,1,0,0,1,0
64343,0033800002o0GLwAAM,0.0,0,0.0,8325.0,0,0,0,1,0,0,0,0,1,0,0,1,1
64346,0033800002o0GZZAA2,0.0,0,2031.0,4080.0,1,0,0,0,0,1,0,0,0,0,1,0,1
64349,0033800002o0Gw9AAE,0.0,0,0.0,7314.0,0,1,0,0,0,0,0,0,0,1,1,0,1
64353,0033800002o0I96AAE,0.0,0,0.0,7805.0,0,0,0,1,0,0,0,1,0,0,0,1,1
64358,0033800002o0IbDAAU,0.0,0,2903.0,9186.0,0,1,0,0,0,0,1,0,0,0,0,1,1
64359,0033800002o0ImLAAU,0.0,60,1661.0,3137.0,0,1,0,0,0,0,0,0,1,0,0,1,1
64363,0033800002o0JCJAA2,0.0,0,0.0,1826.0,0,1,0,0,0,0,1,0,0,0,1,0,0
64367,0033800002o0JKdAAM,0.0,0,1920.0,7763.0,0,1,0,0,0,0,1,0,0,0,0,1,0
64370,0033800002o0Jm3AAE,0.0,0,343.0,4212.0,0,0,0,1,0,0,1,0,0,0,0,1,1
64376,0033800002o0K56AAE,0.0,60,6306.0,7326.0,0,1,0,0,0,1,0,0,0,0,0,1,0
64381,0033800002o0KUSAA2,0.0,0,0.0,10982.0,0,0,0,0,1,0,1,0,0,0,0,1,1
64388,0033800002o0Kr7AAE,0.0,0,0.0,8110.0,0,1,0,0,0,0,1,0,0,0,0,1,1
64389,0033800002o0KrqAAE,0.0,0,0.0,3170.0,0,0,0,1,0,0,1,0,0,0,0,1,1
64390,0033800002o0Ks5AAE,0.0,0,0.0,2962.0,0,1,0,0,0,0,1,0,0,0,1,0,1
64395,0033800002o0L7jAAE,0.0,0,0.0,744.0,0,0,0,1,0,0,0,0,0,1,0,1,0
64397,0033800002o0L9uAAE,0.0,0,0.0,4870.0,0,0,0,1,0,0,0,0,0,1,0,1,1
64398,0033800002o0LQwAAM,0.0,100,126.0,8056.0,1,0,0,0,0,0,0,0,0,1,1,0,0
64405,0033800002o0LzjAAE,0.0,0,0.0,7330.0,1,0,0,0,0,1,0,0,0,0,0,1,0
64407,0033800002o0M4oAAE,0.0,0,0.0,2872.0,0,0,0,1,0,0,1,0,0,0,0,1,1
64413,0033800002o0MgmAAE,0.0,0,1893.0,6353.0,0,1,0,0,0,0,1,0,0,0,0,1,1
64415,0033800002o0MhzAAE,0.0,0,4244.0,1460.0,0,0,0,0,1,0,0,0,0,1,0,1,1
64417,0033800002o0MiiAAE,0.0,0,675.0,989.0,0,0,0,0,1,0,1,0,0,0,0,1,0
64422,0033800002o0MqcAAE,0.0,0,2523.0,2885.0,0,1,0,0,0,0,1,0,0,0,1,0,0
64427,0033800002o0N1lAAE,0.0,90,2135.0,4878.0,0,1,0,0,0,0,0,0,1,0,0,1,1
64428,0033800002o0N75AAE,0.0,50,1.0,4435.0,0,1,0,0,0,0,1,0,0,0,0,1,1
64430,0033800002o0NEfAAM,0.0,0,0.0,1398.0,0,1,0,0,0,0,0,0,1,0,0,1,1
64431,0033800002o0NHyAAM,0.0,0,0.0,2862.0,0,0,0,1,0,1,0,0,0,0,0,1,1
64433,0033800002o0NTQAA2,0.0,0,1452.0,3097.0,0,1,0,0,0,0,1,0,0,0,0,1,1
64437,0033800002o0OWmAAM,0.0,0,0.0,7314.0,0,1,0,0,0,1,0,0,0,0,1,0,0
64439,0033800002o0OsqAAE,0.0,100,1651.0,2138.0,0,0,1,0,0,0,0,0,1,0,0,1,1
64441,0033800002o0PB4AAM,0.0,80,1052.0,2921.0,0,1,0,0,0,0,1,0,0,0,0,1,1
64443,0033800002o0PF1AAM,0.0,0,0.0,7308.0,1,0,0,0,0,0,0,0,0,1,0,1,1
64444,0033800002o0PLVAA2,0.0,0,0.0,9753.0,0,1,0,0,0,0,1,0,0,0,0,1,0
64445,0033800002o0PP3AAM,0.0,0,12.0,2701.0,0,1,0,0,0,0,0,0,0,1,0,1,1
64446,0033800002o0PbEAAU,0.0,0,20.0,8049.0,0,0,0,1,0,0,1,0,0,0,0,1,0
64449,0033800002o0PoSAAU,0.0,0,0.0,7883.0,0,0,0,0,1,0,1,0,0,0,1,0,0
64450,0033800002o0PpwAAE,0.0,0,4205.0,7308.0,0,0,0,0,1,0,1,0,0,0,0,1,1
64451,0033800002o0PzUAAU,0.0,80,6940.0,3424.0,0,0,0,1,0,0,1,0,0,0,0,1,1
64453,0033800002o0Q3WAAU,0.0,0,0.0,7312.0,0,0,0,1,0,0,1,0,0,0,0,1,0
64459,0033800002o0QMGAA2,0.0,0,0.0,3315.0,0,0,0,1,0,0,1,0,0,0,0,1,1
64464,0033800002o0QsGAAU,0.0,0,584.0,1805.0,0,0,0,0,1,0,1,0,0,0,0,1,1
64468,0033800002o0RNCAA2,0.0,0,0.0,15096.0,0,1,0,0,0,0,0,0,0,1,1,0,0
64469,0033800002o0RT5AAM,0.0,0,0.0,1883.0,1,0,0,0,0,1,0,0,0,0,1,0,0
64471,0033800002o0RbxAAE,0.0,0,0.0,2191.0,0,0,0,1,0,0,1,0,0,0,1,0,0
64479,0033800002o0RyzAAE,0.0,0,0.0,1463.0,0,0,0,1,0,0,0,0,1,0,0,1,0
64482,0033800002o0SChAAM,0.0,30,14.0,2274.0,0,0,0,1,0,0,1,0,0,0,0,1,1
64484,0033800002o0SIuAAM,0.0,0,0.0,8283.0,0,1,0,0,0,0,1,0,0,0,0,1,1
64486,0033800002o0SQtAAM,0.0,50,3083.0,1460.0,0,0,0,0,1,0,0,0,1,0,0,1,1
64488,0033800002o0SX1AAM,0.0,0,0.0,7548.0,0,1,0,0,0,0,1,0,0,0,0,1,1
64490,0033800002o0SeqAAE,0.0,0,0.0,7800.0,0,1,0,0,0,0,0,0,0,1,0,1,1
64491,0033800002o0SyMAAU,0.0,0,0.0,3937.0,0,0,0,0,1,0,0,0,0,1,0,1,1
64494,0033800002o0TFnAAM,0.0,0,3259.0,8542.0,0,1,0,0,0,0,0,0,0,1,0,1,1
64495,0033800002o0TGWAA2,0.0,0,0.0,7972.0,0,1,0,0,0,0,1,0,0,0,0,1,1
64497,0033800002o0TM5AAM,0.0,70,4555.0,1096.0,1,0,0,0,0,0,0,0,1,0,1,0,0
64499,0033800002o0TOzAAM,0.0,0,196.0,1825.0,0,0,0,0,1,1,0,0,0,0,0,1,1
64501,0033800002o0TUEAA2,0.0,0,0.0,7477.0,0,0,0,1,0,0,1,0,0,0,0,1,1
64503,0033800002o0TY1AAM,0.0,0,593.0,5181.0,1,0,0,0,0,0,1,0,0,0,0,1,1
64504,0033800002o0TYGAA2,0.0,0,655.0,1318.0,0,0,0,1,0,0,0,0,1,0,0,1,0
64505,0033800002o0TbKAAU,0.0,0,0.0,4251.0,0,1,0,0,0,0,1,0,0,0,0,1,1
64507,0033800002o0TenAAE,0.0,0,0.0,3286.0,0,0,0,1,0,0,0,0,0,1,0,1,0
64509,0033800002o0Tp7AAE,0.0,0,0.0,5811.0,0,0,0,0,1,0,1,0,0,0,1,0,1
64512,0033800002o0V9RAAU,0.0,0,0.0,7319.0,0,0,0,1,0,0,0,0,0,1,1,0,0
64527,0033800002o0VYCAA2,0.0,80,4063.0,1656.0,0,0,0,1,0,0,1,0,0,0,1,0,0
64534,0033800002o0VYJAA2,0.0,90,483.0,2557.0,0,0,0,1,0,0,1,0,0,0,0,1,0
64539,0033800002o0Vc3AAE,0.0,0,35.0,2192.0,1,0,0,0,0,1,0,0,0,0,0,1,0
64540,0033800002o0Vc5AAE,0.0,30,683.0,1202.0,0,0,0,0,1,0,1,0,0,0,1,0,1
64552,0033800002o0VcKAAU,0.0,70,1282.0,2191.0,0,1,0,0,0,0,0,0,0,1,0,1,1
64563,0033800002o0VcWAAU,0.0,0,100.0,3071.0,0,1,0,0,0,0,0,0,0,1,1,0,0
64565,0033800002o0VcYAAU,0.0,50,3594.0,2932.0,1,0,0,0,0,0,1,0,0,0,0,1,1
64581,0033800002o0VcoAAE,0.0,0,1628.0,3290.0,0,0,1,0,0,0,0,1,0,0,0,1,1
64582,0033800002o0VcpAAE,0.0,0,1869.0,10977.0,0,1,0,0,0,1,0,0,0,0,0,1,1
64589,0033800002o0VcwAAE,0.0,0,0.0,10795.0,0,0,0,0,1,0,1,0,0,0,0,1,0
64611,0033800002o0VnXAAU,0.0,0,7168.0,7567.0,0,1,0,0,0,0,1,0,0,0,0,1,0
64617,0033800002o0WB7AAM,0.0,0,0.0,7674.0,0,0,0,0,1,1,0,0,0,0,1,0,1
64618,0033800002o0WDXAA2,0.0,0,3019.0,1207.0,0,0,0,0,1,0,1,0,0,0,0,1,1
64619,0033800002o0WNcAAM,0.0,0,0.0,1839.0,0,0,0,1,0,0,1,0,0,0,1,0,0
64623,0033800002o0WckAAE,0.0,0,0.0,1825.0,0,0,0,1,0,0,0,0,0,1,1,0,1
64629,0033800002o0X8uAAE,0.0,0,0.0,1259.0,0,1,0,0,0,0,1,0,0,0,0,1,1
64630,0033800002o0X9YAAU,0.0,0,0.0,3527.0,0,0,0,1,0,0,1,0,0,0,1,0,1
64632,0033800002o0XX1AAM,0.0,0,0.0,8234.0,1,0,0,0,0,0,0,0,0,1,0,1,0
64637,0033800002o0XkiAAE,0.0,0,11549.0,2150.0,0,0,0,1,0,0,0,0,1,0,0,1,0
64640,0033800002o0YaPAAU,0.0,0,0.0,7180.0,1,0,0,0,0,1,0,0,0,0,0,1,1
64642,0033800002o0Z3WAAU,0.0,0,0.0,8499.0,0,1,0,0,0,0,1,0,0,0,0,1,1
64652,0033800002o0bueAAA,0.0,0,43.0,9680.0,1,0,0,0,0,0,1,0,0,0,0,1,1
64653,0033800002o0bz5AAA,0.0,0,0.0,5272.0,1,0,0,0,0,0,1,0,0,0,0,1,1
64659,0033800002o0dgyAAA,0.0,0,0.0,10967.0,0,0,0,1,0,0,1,0,0,0,0,1,1
64662,0033800002o0fAfAAI,0.0,0,0.0,7799.0,1,0,0,0,0,0,1,0,0,0,0,1,1
64663,0033800002o0fLiAAI,0.0,0,0.0,7336.0,0,0,0,0,1,0,1,0,0,0,1,0,0
64678,0033800002o0j3yAAA,0.0,100,307.0,10496.0,0,0,0,0,1,0,1,0,0,0,0,1,1
64685,0033800002o0jm8AAA,0.0,80,9286.0,1371.0,0,0,0,1,0,0,0,0,0,1,1,0,0
64696,0033800002o0ksBAAQ,0.0,40,1776.0,2361.0,0,1,0,0,0,0,1,0,0,0,0,1,1
64703,0033800002o0l8xAAA,0.0,0,99.0,13024.0,0,0,0,1,0,0,1,0,0,0,0,1,1
64705,0033800002o0lKAAAY,0.0,0,1302.0,2191.0,0,1,0,0,0,1,0,0,0,0,0,1,1
64706,0033800002o0lPKAAY,0.0,0,4991.0,2812.0,0,0,0,1,0,0,1,0,0,0,0,1,1
64714,0033800002o0liUAAQ,0.0,0,2712.0,1093.0,0,1,0,0,0,0,0,0,0,1,0,1,1
64723,0033800002o0mcWAAQ,0.0,0,4206.0,1461.0,0,0,0,0,1,0,0,0,1,0,0,1,1
64724,0033800002o0mcbAAA,0.0,0,0.0,2192.0,0,0,0,1,0,0,0,0,0,1,0,1,1
64731,0033800002o0n0qAAA,0.0,90,1223.0,3131.0,0,0,0,1,0,0,1,0,0,0,1,0,1
64734,0033800002o0n2hAAA,0.0,0,0.0,8340.0,0,0,0,0,1,1,0,0,0,0,0,1,1
64739,0033800002o0nb2AAA,0.0,0,13.0,8459.0,0,0,0,1,0,0,0,0,0,1,0,1,0
64758,0033800002o0pTVAAY,0.0,0,0.0,7418.0,0,0,0,1,0,0,1,0,0,0,0,1,1
64759,0033800002o0pc8AAA,0.0,0,0.0,1243.0,0,1,0,0,0,0,1,0,0,0,0,1,1
64762,0033800002o0q9QAAQ,0.0,0,0.0,7311.0,1,0,0,0,0,1,0,0,0,0,1,0,1
64764,0033800002o0qfWAAQ,0.0,0,0.0,3984.0,0,1,0,0,0,0,0,0,0,1,0,1,1
64765,0033800002o0qj9AAA,0.0,0,0.0,2477.0,0,1,0,0,0,0,0,0,0,1,0,1,1
64766,0033800002o0qkqAAA,0.0,0,980.0,3231.0,0,1,0,0,0,0,1,0,0,0,1,0,0
64770,0033800002o0rH2AAI,0.0,0,0.0,1868.0,0,0,0,1,0,1,0,0,0,0,0,1,0
64771,0033800002o0rVsAAI,0.0,0,0.0,8229.0,0,1,0,0,0,0,0,0,0,1,0,1,1
64774,0033800002o0rkVAAQ,0.0,10,5983.0,7305.0,0,1,0,0,0,1,0,0,0,0,0,1,0
64778,0033800002o0senAAA,0.0,0,0.0,12530.0,0,1,0,0,0,0,1,0,0,0,0,1,1
64792,0033800002o0ttQAAQ,0.0,30,1658.0,1461.0,0,1,0,0,0,0,0,0,1,0,1,0,0
64796,0033800002o0tznAAA,0.0,0,153.0,3596.0,0,0,0,1,0,0,1,0,0,0,0,1,0
64800,0033800002o0uDQAAY,0.0,0,0.0,8249.0,0,0,0,1,0,0,1,0,0,0,0,1,0
64801,0033800002o0uFCAAY,0.0,20,4770.0,8884.0,0,1,0,0,0,1,0,0,0,0,0,1,0
64809,0033800002o0wQUAAY,0.0,10,1305.0,5518.0,0,0,0,0,1,1,0,0,0,0,0,1,1
64812,0033800002o0wjQAAQ,0.0,0,0.0,12026.0,0,0,0,1,0,0,1,0,0,0,0,1,0
64813,0033800002o0wnIAAQ,0.0,0,0.0,4454.0,1,0,0,0,0,0,1,0,0,0,0,1,1
64818,0033800002o0x1LAAQ,0.0,10,0.0,10658.0,0,0,0,1,0,0,1,0,0,0,0,1,1
64821,0033800002o0xE7AAI,0.0,70,0.0,2737.0,0,0,0,1,0,0,1,0,0,0,0,1,1
64827,0033800002o0y0bAAA,0.0,0,0.0,7309.0,0,0,0,1,0,1,0,0,0,0,0,1,1
64830,0033800002o0zjgAAA,0.0,0,0.0,7540.0,1,0,0,0,0,0,1,0,0,0,0,1,0
64832,0033800002o10meAAA,0.0,60,1067.0,6361.0,0,0,1,0,0,0,1,0,0,0,0,1,0
64838,0033800002o112wAAA,0.0,100,88.0,2000.0,0,0,1,0,0,0,1,0,0,0,1,0,1
64845,0033800002o16SzAAI,0.0,0,0.0,7307.0,0,1,0,0,0,0,1,0,0,0,0,1,1
64848,0033800002o16tYAAQ,0.0,0,0.0,8691.0,0,0,0,1,0,0,0,0,0,1,0,1,1
64856,0033800002o17dhAAA,0.0,0,0.0,8492.0,1,0,0,0,0,0,1,0,0,0,1,0,0
64866,0033800002o198eAAA,0.0,0,0.0,7886.0,0,1,0,0,0,0,0,0,1,0,0,1,1
64869,0033800002o19iDAAQ,0.0,0,188.0,8582.0,0,1,0,0,0,0,1,0,0,0,1,0,1
64871,0033800002o1AM9AAM,0.0,0,0.0,8189.0,0,0,0,1,0,0,1,0,0,0,0,1,1
64876,0033800002o1AmvAAE,0.0,0,28.0,2374.0,0,0,0,1,0,0,0,0,0,1,0,1,1
64885,0033800002o1C5PAAU,0.0,0,0.0,7357.0,0,0,0,1,0,0,1,0,0,0,0,1,1
64887,0033800002o1CHpAAM,0.0,0,0.0,2579.0,1,0,0,0,0,0,0,0,0,1,0,1,1
64889,0033800002o1CfDAAU,0.0,0,0.0,3285.0,0,1,0,0,0,0,0,0,0,1,0,1,1
64896,0033800002o1DOHAA2,0.0,40,493.0,2475.0,0,1,0,0,0,0,1,0,0,0,0,1,1
64901,0033800002o1DY2AAM,0.0,0,1864.0,3617.0,0,0,0,0,1,0,1,0,0,0,0,1,1
64907,0033800002oCjOAAA0,0.0,100,447.0,5977.0,0,1,0,0,0,0,1,0,0,0,0,1,0
64908,0033800002oCjXYAA0,0.0,0,0.0,2586.0,1,0,0,0,0,1,0,0,0,0,0,1,0
64909,0033800002oCjkxAAC,0.0,100,1258.0,885.0,0,0,0,1,0,0,1,0,0,0,0,1,1
64912,0033800002oCjtjAAC,0.0,0,3366.0,2476.0,0,0,0,1,0,0,1,0,0,0,1,0,0
64914,0033800002oCkFcAAK,0.0,0,2728.0,3713.0,1,0,0,0,0,0,1,0,0,0,0,1,1
64915,0033800002oCkKrAAK,0.0,0,12267.0,115.0,0,0,0,1,0,0,0,0,0,1,0,1,1
64920,0033800002oCl0iAAC,0.0,0,648.0,2191.0,0,0,0,0,1,0,1,0,0,0,0,1,1
64924,0033800002oCl90AAC,0.0,0,0.0,3256.0,1,0,0,0,0,0,1,0,0,0,0,1,1
64926,0033800002oClntAAC,0.0,50,4557.0,2097.0,0,1,0,0,0,0,0,0,1,0,1,0,1
64929,0033800002oCm6RAAS,0.0,0,274.0,1825.0,0,1,0,0,0,0,0,0,0,1,0,1,0
64932,0033800002oCmSbAAK,0.0,0,0.0,2734.0,0,1,0,0,0,0,1,0,0,0,0,1,0
64934,0033800002oCmbGAAS,0.0,0,0.0,1674.0,0,0,0,1,0,0,1,0,0,0,0,1,1
64936,0033800002oCmyRAAS,0.0,20,808.0,3378.0,0,0,0,1,0,0,0,0,1,0,0,1,0
64938,0033800002oCnVdAAK,0.0,0,5303.0,1461.0,1,0,0,0,0,0,1,0,0,0,0,1,1
64946,0033800002oCoBnAAK,0.0,40,4283.0,2840.0,0,0,0,1,0,0,0,0,0,1,0,1,0
64953,0033800002oCodoAAC,0.0,30,19.0,8566.0,0,0,0,0,1,0,0,0,0,1,0,1,1
64959,0033800002oCpOvAAK,0.0,0,0.0,7312.0,0,1,0,0,0,0,0,0,1,0,0,1,0
64962,0033800002oCpYRAA0,0.0,0,0.0,3983.0,0,0,0,1,0,0,1,0,0,0,0,1,1
64969,0033800002oCpfAAAS,0.0,0,2012.0,3215.0,0,1,0,0,0,0,0,0,0,1,0,1,0
64970,0033800002oCpmwAAC,0.0,0,0.0,8770.0,1,0,0,0,0,1,0,0,0,0,0,1,1
64973,0033800002oCpqlAAC,0.0,80,2011.0,1614.0,0,0,0,1,0,0,1,0,0,0,0,1,1
64976,0033800002oCq0TAAS,0.0,0,0.0,8422.0,0,0,0,1,0,0,1,0,0,0,0,1,1
64981,0033800002oCqG7AAK,0.0,20,1039.0,1221.0,1,0,0,0,0,0,1,0,0,0,0,1,1
64984,0033800002oCqHZAA0,0.0,100,0.0,1308.0,0,0,0,1,0,0,1,0,0,0,0,1,1
64991,0033800002oCrT1AAK,0.0,0,41.0,1107.0,0,1,0,0,0,0,1,0,0,0,0,1,1
64992,0033800002oCrUOAA0,0.0,0,0.0,2612.0,0,0,0,1,0,0,0,0,1,0,0,1,0
64998,0033800002oCsd9AAC,0.0,0,2626.0,1460.0,0,0,0,1,0,0,1,0,0,0,0,1,1
64999,0033800002oCsdYAAS,0.0,0,698.0,7664.0,0,0,0,1,0,0,1,0,0,0,0,1,1
65000,0033800002oCsflAAC,0.0,0,0.0,7331.0,1,0,0,0,0,1,0,0,0,0,0,1,1
65004,0033800002oCszTAAS,0.0,0,0.0,1826.0,0,0,0,1,0,0,0,0,1,0,0,1,1
65007,0033800002oCtSjAAK,0.0,0,0.0,6042.0,0,0,0,1,0,1,0,0,0,0,1,0,0
65008,0033800002oCtXFAA0,0.0,0,0.0,11590.0,0,0,0,0,1,0,1,0,0,0,0,1,1
65010,0033800002oCtfJAAS,0.0,0,0.0,7308.0,0,0,0,0,1,0,1,0,0,0,0,1,0
65012,0033800002oCtgvAAC,0.0,0,0.0,2191.0,1,0,0,0,0,1,0,0,0,0,0,1,1
65016,0033800002oCu3uAAC,0.0,0,0.0,7311.0,1,0,0,0,0,0,1,0,0,0,0,1,0
65018,0033800002oCuDzAAK,0.0,0,0.0,6600.0,1,0,0,0,0,1,0,0,0,0,0,1,1
65019,0033800002oCuNnAAK,0.0,100,0.0,7329.0,0,1,0,0,0,0,1,0,0,0,0,1,1
65020,0033800002oCuT1AAK,0.0,0,3607.0,8979.0,0,1,0,0,0,0,1,0,0,0,0,1,1
65023,0033800002oCuaLAAS,0.0,30,600.0,2191.0,0,1,0,0,0,0,1,0,0,0,1,0,1
65024,0033800002oCufKAAS,0.0,100,1756.0,7523.0,0,0,0,0,1,0,1,0,0,0,0,1,0
65030,0033800002oCv5GAAS,0.0,0,2238.0,1122.0,1,0,0,0,0,0,1,0,0,0,0,1,0
65035,0033800002oCvd8AAC,0.0,0,1508.0,641.0,0,0,0,1,0,0,1,0,0,0,0,1,0
65037,0033800002oCvnEAAS,0.0,0,0.0,8487.0,0,1,0,0,0,0,1,0,0,0,0,1,1
65038,0033800002oCvrVAAS,0.0,70,308.0,7971.0,0,1,0,0,0,0,1,0,0,0,0,1,1
65041,0033800002oCwt5AAC,0.0,0,82.0,939.0,0,0,0,1,0,0,0,0,0,1,1,0,0
65045,0033800002oCxV3AAK,0.0,80,1055.0,8045.0,0,1,0,0,0,0,0,0,0,1,0,1,0
65049,0033800002oCxe0AAC,0.0,0,0.0,8023.0,0,1,0,0,0,0,1,0,0,0,0,1,1
65053,0033800002oCxmYAAS,0.0,0,0.0,8523.0,0,1,0,0,0,1,0,0,0,0,0,1,0
65055,0033800002oCxoeAAC,0.0,0,20.0,11067.0,0,1,0,0,0,0,1,0,0,0,0,1,1
65057,0033800002oCxu8AAC,0.0,0,0.0,2038.0,0,0,0,1,0,0,1,0,0,0,1,0,1
65058,0033800002oCyCVAA0,0.0,0,1449.0,7321.0,0,1,0,0,0,0,0,0,0,1,0,1,1
65077,0033800002oD0NoAAK,0.0,0,0.0,4248.0,0,0,0,0,1,1,0,0,0,0,0,1,1
65085,0033800002oD0YhAAK,0.0,0,0.0,7320.0,0,0,0,1,0,0,1,0,0,0,0,1,0
65090,0033800002oD0yRAAS,0.0,0,0.0,7940.0,0,1,0,0,0,0,0,0,0,1,0,1,1
65092,0033800002oD1DQAA0,0.0,0,0.0,7316.0,1,0,0,0,0,0,0,0,1,0,0,1,0
65097,0033800002oD27JAAS,0.0,0,19.0,7322.0,0,0,0,1,0,0,1,0,0,0,0,1,1
65100,0033800002oD2MEAA0,0.0,0,0.0,7672.0,0,0,0,0,1,0,1,0,0,0,1,0,0
65102,0033800002oD2W9AAK,0.0,0,0.0,1460.0,0,0,0,1,0,0,0,0,1,0,0,1,0
65108,0033800002oD2a1AAC,0.0,0,214.0,7311.0,0,0,0,0,1,0,0,0,1,0,0,1,0
65113,0033800002oD2a6AAC,0.0,100,391.0,3895.0,0,0,0,1,0,0,0,0,0,1,0,1,1
65123,0033800002oD2aGAAS,0.0,0,5077.0,4167.0,0,1,0,0,0,0,1,0,0,0,0,1,1
65129,0033800002oD2aMAAS,0.0,0,360.0,1552.0,0,1,0,0,0,0,1,0,0,0,0,1,1
65135,0033800002oD2aTAAS,0.0,80,840.0,10674.0,0,0,0,0,1,0,1,0,0,0,0,1,1
65137,0033800002oD2aVAAS,0.0,0,88.0,1081.0,0,0,0,0,1,0,0,0,0,1,1,0,1
65148,0033800002oD2agAAC,0.0,0,0.0,7266.0,0,1,0,0,0,0,1,0,0,0,1,0,0
65151,0033800002oD2ajAAC,0.0,70,1632.0,9681.0,0,0,0,0,1,0,1,0,0,0,1,0,1
65157,0033800002oD2apAAC,0.0,50,1274.0,7308.0,0,0,0,0,1,0,0,0,0,1,0,1,1
65163,0033800002oD2avAAC,0.0,80,760.0,3252.0,0,0,0,1,0,0,1,0,0,0,1,0,0
65174,0033800002oD2b6AAC,0.0,0,87.0,8766.0,1,0,0,0,0,0,0,0,0,1,0,1,1
65181,0033800002oD2bDAAS,0.0,80,177.0,1544.0,0,0,0,1,0,0,1,0,0,0,1,0,0
65183,0033800002oD2bFAAS,0.0,0,1268.0,5508.0,0,0,0,0,1,0,0,0,0,1,1,0,1
65187,0033800002oD2bJAAS,0.0,0,0.0,7414.0,0,0,0,0,1,0,1,0,0,0,0,1,1
65190,0033800002oD2bMAAS,0.0,0,0.0,10412.0,0,1,0,0,0,0,1,0,0,0,0,1,1
65191,0033800002oD2bNAAS,0.0,0,0.0,8420.0,0,1,0,0,0,0,1,0,0,0,0,1,0
65200,0033800002oD2bWAAS,0.0,0,2226.0,9762.0,0,1,0,0,0,1,0,0,0,0,0,1,1
65203,0033800002oD2bZAAS,0.0,0,241.0,385.0,1,0,0,0,0,1,0,0,0,0,0,1,1
65211,0033800002oD2biAAC,0.0,0,657.0,1492.0,0,1,0,0,0,0,1,0,0,0,0,1,1
65218,0033800002oD2bpAAC,0.0,0,0.0,9356.0,0,0,0,0,1,0,0,0,0,1,0,1,1
65226,0033800002oD2bxAAC,0.0,0,0.0,7319.0,1,0,0,0,0,1,0,0,0,0,0,1,0
65231,0033800002oD2c2AAC,0.0,100,55.0,6913.0,1,0,0,0,0,0,1,0,0,0,0,1,0
65238,0033800002oD2c9AAC,0.0,0,0.0,8925.0,0,0,0,0,1,0,0,0,1,0,0,1,1
65242,0033800002oD2cDAAS,0.0,60,901.0,10361.0,0,1,0,0,0,0,1,0,0,0,0,1,1
65246,0033800002oD2cIAAS,0.0,0,61.0,2568.0,0,1,0,0,0,0,0,0,0,1,0,1,1
65250,0033800002oD2j2AAC,0.0,0,0.0,3871.0,1,0,0,0,0,0,1,0,0,0,0,1,0
65252,0033800002oD2peAAC,0.0,0,0.0,7316.0,0,1,0,0,0,0,0,0,0,1,1,0,1
65254,0033800002oD35SAAS,0.0,0,0.0,7475.0,1,0,0,0,0,1,0,0,0,0,0,1,0
65256,0033800002oD4K7AAK,0.0,0,1010.0,1771.0,1,0,0,0,0,0,0,0,1,0,0,1,1
65259,0033800002oD4QFAA0,0.0,10,689.0,1220.0,1,0,0,0,0,0,1,0,0,0,0,1,1
65262,0033800002oD4WcAAK,0.0,0,0.0,8774.0,0,1,0,0,0,0,1,0,0,0,0,1,1
65263,0033800002oD4XLAA0,0.0,100,475.0,7321.0,0,0,0,1,0,0,1,0,0,0,0,1,1
65273,0033800002oD5nWAAS,0.0,70,0.0,7326.0,0,0,0,1,0,0,1,0,0,0,0,1,1
65274,0033800002oD5y5AAC,0.0,0,2242.0,2518.0,0,1,0,0,0,0,1,0,0,0,0,1,1
65276,0033800002oD62HAAS,0.0,0,0.0,8053.0,0,0,0,1,0,1,0,0,0,0,0,1,0
65278,0033800002oD64XAAS,0.0,0,0.0,7319.0,0,1,0,0,0,1,0,0,0,0,0,1,1
65279,0033800002oD693AAC,0.0,0,0.0,10399.0,0,1,0,0,0,0,0,0,1,0,0,1,0
65280,0033800002oD6BsAAK,0.0,10,3065.0,2922.0,0,0,0,1,0,0,0,0,0,1,0,1,1
65281,0033800002oD6D5AAK,0.0,0,103.0,5237.0,1,0,0,0,0,0,0,0,0,1,0,1,1
65282,0033800002oD6NFAA0,0.0,0,0.0,5461.0,0,0,0,1,0,0,0,0,0,1,0,1,0
65285,0033800002oD6ZzAAK,0.0,0,0.0,2076.0,0,1,0,0,0,1,0,0,0,0,0,1,1
65289,0033800002oD6jFAAS,0.0,0,0.0,2942.0,0,0,0,1,0,0,0,0,0,1,0,1,0
65290,0033800002oD6qGAAS,0.0,0,0.0,1208.0,0,0,0,1,0,0,1,0,0,0,0,1,1
65292,0033800002oD6zLAAS,0.0,0,2923.0,4344.0,1,0,0,0,0,0,0,0,1,0,0,1,1
65304,0033800002oD9BnAAK,0.0,0,0.0,7475.0,0,0,0,0,1,1,0,0,0,0,0,1,1
65307,0033800002oD9IaAAK,0.0,0,0.0,11626.0,0,0,0,0,1,0,0,0,1,0,0,1,0
65311,0033800002oD9TYAA0,0.0,0,25.0,7331.0,0,0,0,0,1,0,0,0,1,0,0,1,1
65325,0033800002oDB0QAAW,0.0,40,1526.0,4157.0,0,1,0,0,0,0,1,0,0,0,0,1,1
65326,0033800002oDB8oAAG,0.0,0,351.0,5009.0,0,0,0,1,0,0,1,0,0,0,0,1,1
65329,0033800002oDBRhAAO,0.0,0,305.0,1291.0,0,0,0,1,0,0,1,0,0,0,0,1,0
65330,0033800002oDBUvAAO,0.0,40,2763.0,2699.0,0,0,0,0,1,0,1,0,0,0,1,0,0
65331,0033800002oDBXuAAO,0.0,100,1396.0,9755.0,0,0,0,1,0,0,1,0,0,0,0,1,0
65335,0033800002oDBiJAAW,0.0,0,0.0,1826.0,0,0,0,1,0,0,1,0,0,0,0,1,1
65337,0033800002oDBpjAAG,0.0,0,0.0,5478.0,1,0,0,0,0,0,1,0,0,0,0,1,1
65342,0033800002oDC9YAAW,0.0,0,6386.0,1460.0,0,0,0,0,1,1,0,0,0,0,1,0,1
65348,0033800002oDDIiAAO,0.0,0,3365.0,1461.0,0,0,0,0,1,0,0,0,0,1,1,0,0
65350,0033800002oDDUVAA4,0.0,0,0.0,9181.0,0,0,0,0,1,0,1,0,0,0,0,1,1
65355,0033800002oDDcVAAW,0.0,100,1723.0,7321.0,0,0,0,1,0,0,0,0,1,0,0,1,0
65359,0033800002oDDwFAAW,0.0,0,0.0,7353.0,0,0,0,1,0,0,0,0,1,0,0,1,1
65362,0033800002oDE67AAG,0.0,0,20.0,7323.0,0,0,0,1,0,0,0,0,0,1,0,1,1
65363,0033800002oDE9uAAG,0.0,0,0.0,8772.0,0,0,0,0,1,0,0,0,0,1,1,0,1
65364,0033800002oDEFFAA4,0.0,0,29.0,1825.0,0,0,0,1,0,0,0,0,0,1,0,1,1
65365,0033800002oDEG8AAO,0.0,0,0.0,9502.0,0,0,0,1,0,0,1,0,0,0,0,1,1
65371,0033800002oDEUlAAO,0.0,0,2064.0,9838.0,0,0,0,0,1,1,0,0,0,0,0,1,0
65373,0033800002oDEWwAAO,0.0,30,0.0,1653.0,0,0,0,1,0,0,1,0,0,0,0,1,1
65374,0033800002oDEZpAAO,0.0,0,0.0,10297.0,0,0,0,1,0,0,0,0,1,0,0,1,1
65377,0033800002oDElMAAW,0.0,80,1859.0,2762.0,0,0,0,1,0,0,1,0,0,0,1,0,1
65381,0033800002oDFCFAA4,0.0,0,0.0,1439.0,0,0,0,1,0,0,0,0,1,0,0,1,1
65384,0033800002oDFISAA4,0.0,0,4903.0,2939.0,1,0,0,0,0,0,1,0,0,0,1,0,1
65385,0033800002oDFUnAAO,0.0,0,0.0,1526.0,0,0,0,0,1,0,0,0,1,0,0,1,0
65390,0033800002oDGAqAAO,0.0,0,0.0,1460.0,0,0,0,0,1,1,0,0,0,0,0,1,1
65393,0033800002oDGHNAA4,0.0,0,66.0,1461.0,1,0,0,0,0,0,0,0,0,1,0,1,1
65394,0033800002oDGILAA4,0.0,0,0.0,5571.0,0,0,0,1,0,0,1,0,0,0,0,1,0
65396,0033800002oDGOTAA4,0.0,0,0.0,2190.0,0,0,0,1,0,0,0,0,0,1,0,1,1
65405,0033800002oDHHTAA4,0.0,0,0.0,5234.0,0,0,0,1,0,1,0,0,0,0,0,1,0
65411,0033800002oDHNvAAO,0.0,0,0.0,11601.0,0,1,0,0,0,0,0,0,0,1,0,1,1
65421,0033800002oDIJcAAO,0.0,0,0.0,1461.0,0,0,0,1,0,0,0,0,0,1,1,0,0
65423,0033800002oDISZAA4,0.0,0,0.0,8733.0,1,0,0,0,0,0,1,0,0,0,0,1,1
65427,0033800002oDIcqAAG,0.0,0,4189.0,2740.0,0,0,0,0,1,0,0,0,0,1,1,0,0
65428,0033800002oDIieAAG,0.0,0,0.0,7304.0,0,0,0,0,1,0,0,0,0,1,0,1,0
65435,0033800002oDJn3AAG,0.0,0,1863.0,3435.0,0,1,0,0,0,1,0,0,0,0,0,1,1
65438,0033800002oDKAqAAO,0.0,50,1805.0,4547.0,0,0,0,1,0,0,0,0,1,0,0,1,1
65441,0033800002oDKbIAAW,0.0,0,0.0,8546.0,0,0,0,1,0,0,1,0,0,0,0,1,0
65442,0033800002oDKkoAAG,0.0,20,17.0,815.0,0,0,0,1,0,0,0,0,1,0,0,1,1
65443,0033800002oDKsoAAG,0.0,100,2826.0,1408.0,0,0,0,0,1,0,1,0,0,0,1,0,0
65450,0033800002oDLTkAAO,0.0,0,12885.0,3440.0,0,0,0,1,0,0,0,0,0,1,0,1,1
65452,0033800002oDLbPAAW,0.0,0,0.0,4508.0,0,0,0,0,1,1,0,0,0,0,1,0,0
65461,0033800002oDM6SAAW,0.0,0,0.0,8728.0,1,0,0,0,0,0,1,0,0,0,0,1,0
65462,0033800002oDMZ0AAO,0.0,0,0.0,8265.0,1,0,0,0,0,1,0,0,0,0,0,1,1
65464,0033800002oDNjJAAW,0.0,0,0.0,8523.0,0,0,0,0,1,0,0,0,1,0,0,1,1
65465,0033800002oDNr3AAG,0.0,0,0.0,7329.0,0,1,0,0,0,0,1,0,0,0,0,1,1
65468,0033800002oDP4YAAW,0.0,0,116.0,1460.0,0,1,0,0,0,0,0,0,1,0,0,1,1
65469,0033800002oDPGjAAO,0.0,0,0.0,7514.0,0,1,0,0,0,0,1,0,0,0,0,1,1
65473,0033800002oDPaSAAW,0.0,0,0.0,7488.0,0,1,0,0,0,0,0,0,0,1,0,1,0
65475,0033800002oDPhYAAW,0.0,0,0.0,8278.0,0,0,0,1,0,0,1,0,0,0,0,1,1
65476,0033800002oDPrkAAG,0.0,0,0.0,10139.0,0,0,0,0,1,0,0,0,0,1,0,1,1
65477,0033800002oDPuKAAW,0.0,10,1585.0,1460.0,0,1,0,0,0,1,0,0,0,0,0,1,1
65479,0033800002oDQ1VAAW,0.0,0,0.0,2191.0,0,0,0,1,0,1,0,0,0,0,0,1,1
65480,0033800002oDQ24AAG,0.0,10,1417.0,1460.0,0,1,0,0,0,0,0,0,1,0,1,0,1
65482,0033800002oDQKaAAO,0.0,0,0.0,2464.0,0,0,0,1,0,1,0,0,0,0,0,1,0
65483,0033800002oDQLdAAO,0.0,0,11318.0,1358.0,0,0,0,1,0,0,0,0,0,1,0,1,1
65484,0033800002oDQT2AAO,0.0,70,785.0,7453.0,0,0,0,0,1,0,1,0,0,0,0,1,1
65485,0033800002oDQTMAA4,0.0,0,0.0,7482.0,0,0,0,1,0,1,0,0,0,0,0,1,1
65494,0033800002oDQxbAAG,0.0,0,0.0,7409.0,1,0,0,0,0,1,0,0,0,0,0,1,1
65499,0033800002oDRVhAAO,0.0,0,2785.0,2520.0,0,1,0,0,0,0,0,0,0,1,0,1,1
65500,0033800002oDRd7AAG,0.0,0,0.0,7406.0,1,0,0,0,0,1,0,0,0,0,0,1,1
65502,0033800002oDRkbAAG,0.0,0,0.0,1783.0,0,0,0,1,0,0,1,0,0,0,0,1,0
65504,0033800002oDSCZAA4,0.0,0,1788.0,1195.0,0,0,0,1,0,0,1,0,0,0,0,1,1
65506,0033800002oDSMyAAO,0.0,50,33.0,1460.0,0,0,0,1,0,0,0,0,1,0,0,1,1
65507,0033800002oDSO6AAO,0.0,0,0.0,9138.0,0,1,0,0,0,0,1,0,0,0,0,1,1
65515,0033800002oDTCzAAO,0.0,0,0.0,11748.0,0,0,0,0,1,0,1,0,0,0,0,1,1
65516,0033800002oDTHBAA4,0.0,0,0.0,3639.0,0,0,0,1,0,0,1,0,0,0,0,1,1
65521,0033800002oDTRXAA4,0.0,0,0.0,7307.0,0,1,0,0,0,0,0,0,0,1,0,1,1
65522,0033800002oDTbZAAW,0.0,0,0.0,8753.0,0,1,0,0,0,0,1,0,0,0,1,0,0
65525,0033800002oDTyEAAW,0.0,0,2035.0,4095.0,0,0,0,0,1,0,0,0,0,1,0,1,1
65528,0033800002oDUUfAAO,0.0,0,3698.0,2726.0,0,1,0,0,0,0,1,0,0,0,1,0,1
65531,0033800002oDVAFAA4,0.0,0,5686.0,8126.0,0,0,0,0,1,0,1,0,0,0,0,1,0
65537,0033800002oDVyNAAW,0.0,0,0.0,7933.0,0,0,0,0,1,1,0,0,0,0,0,1,0
65542,0033800002oDWPvAAO,0.0,40,999.0,8336.0,0,0,0,1,0,0,0,0,0,1,0,1,1
65543,0033800002oDWSGAA4,0.0,0,0.0,6543.0,0,1,0,0,0,1,0,0,0,0,0,1,1
65544,0033800002oDWWhAAO,0.0,100,968.0,7336.0,0,0,0,0,1,0,1,0,0,0,0,1,1
65551,0033800002oDXEWAA4,0.0,0,0.0,1463.0,0,1,0,0,0,0,0,0,0,1,1,0,0
65552,0033800002oDXJqAAO,0.0,0,0.0,4329.0,0,0,0,1,0,0,1,0,0,0,0,1,1
65553,0033800002oDXKUAA4,0.0,90,163.0,3639.0,0,0,0,1,0,0,1,0,0,0,0,1,1
65554,0033800002oDXQrAAO,0.0,0,0.0,8759.0,1,0,0,0,0,1,0,0,0,0,0,1,1
65556,0033800002oDXTHAA4,0.0,0,0.0,1461.0,0,0,0,1,0,0,0,0,1,0,0,1,1
65557,0033800002oDXUeAAO,0.0,0,10252.0,1461.0,0,0,0,1,0,1,0,0,0,0,0,1,1
65561,0033800002oDXlBAAW,0.0,0,8.0,8281.0,0,1,0,0,0,0,1,0,0,0,0,1,1
65562,0033800002oDXmkAAG,0.0,0,0.0,1856.0,1,0,0,0,0,0,0,0,0,1,1,0,0
65564,0033800002oDXrAAAW,0.0,100,1027.0,8442.0,0,1,0,0,0,0,1,0,0,0,0,1,0
65568,0033800002oDY74AAG,0.0,0,11.0,684.0,0,0,0,1,0,0,1,0,0,0,1,0,1
65571,0033800002oDYSLAA4,0.0,0,318.0,1146.0,1,0,0,0,0,0,1,0,0,0,0,1,1
65575,0033800002oDYo7AAG,0.0,0,0.0,6164.0,0,0,0,1,0,0,0,0,1,0,0,1,1
65580,0033800002oDZHIAA4,0.0,0,1351.0,2190.0,1,0,0,0,0,0,1,0,0,0,0,1,1
65584,0033800002oDZO9AAO,0.0,0,1137.0,1460.0,0,1,0,0,0,0,0,0,1,0,1,0,0
65586,0033800002oDZXkAAO,0.0,0,0.0,2557.0,1,0,0,0,0,1,0,0,0,0,0,1,0
65587,0033800002oDZZvAAO,0.0,0,0.0,7332.0,0,1,0,0,0,1,0,0,0,0,0,1,1
65589,0033800002oDZn9AAG,0.0,80,685.0,3967.0,0,0,0,0,1,0,0,0,1,0,0,1,0
65591,0033800002oDa0ZAAS,0.0,10,3466.0,1789.0,0,0,0,1,0,0,1,0,0,0,0,1,1
65595,0033800002oDaFAAA0,0.0,0,0.0,7317.0,0,1,0,0,0,0,1,0,0,0,0,1,1
65596,0033800002oDagMAAS,0.0,0,0.0,1607.0,0,1,0,0,0,0,0,0,0,1,0,1,1
65605,0033800002oDbrQAAS,0.0,0,0.0,8771.0,0,0,0,1,0,0,1,0,0,0,0,1,1
65606,0033800002oDbtWAAS,0.0,0,0.0,7331.0,0,0,0,1,0,0,1,0,0,0,0,1,1
65607,0033800002oDbxsAAC,0.0,50,1272.0,7328.0,0,1,0,0,0,1,0,0,0,0,0,1,0
65611,0033800002oDc87AAC,0.0,0,4319.0,1765.0,0,1,0,0,0,1,0,0,0,0,1,0,1
65612,0033800002oDc9AAAS,0.0,0,0.0,7990.0,1,0,0,0,0,0,1,0,0,0,0,1,1
65616,0033800002oDcLfAAK,0.0,0,0.0,1459.0,0,0,0,1,0,0,0,0,1,0,0,1,0
65617,0033800002oDcMJAA0,0.0,0,2418.0,1169.0,0,0,0,1,0,1,0,0,0,0,1,0,1
65618,0033800002oDcTUAA0,0.0,0,0.0,8739.0,0,1,0,0,0,0,1,0,0,0,0,1,0
65619,0033800002oDcXWAA0,0.0,80,889.0,2922.0,0,0,0,1,0,0,1,0,0,0,1,0,0
65623,0033800002oDcymAAC,0.0,0,0.0,8959.0,1,0,0,0,0,0,0,0,0,1,0,1,1
65624,0033800002oDd2QAAS,0.0,0,4.0,701.0,0,0,0,1,0,0,1,0,0,0,0,1,1
65632,0033800002oDdYVAA0,0.0,0,0.0,3519.0,0,0,0,1,0,0,1,0,0,0,0,1,1
65633,0033800002oDdaCAAS,0.0,100,2175.0,3247.0,0,0,0,0,1,1,0,0,0,0,0,1,1
65634,0033800002oDdbAAAS,0.0,0,1733.0,10980.0,0,0,0,0,1,0,0,0,1,0,0,1,1
65640,0033800002oDdpRAAS,0.0,0,6934.0,8793.0,0,0,0,1,0,0,1,0,0,0,0,1,0
65643,0033800002oDdpYAAS,0.0,50,8487.0,2359.0,1,0,0,0,0,0,0,0,0,1,1,0,0
65644,0033800002oDdpaAAC,0.0,10,0.0,6904.0,0,0,0,1,0,0,1,0,0,0,0,1,0
65647,0033800002oDdpdAAC,0.0,90,1455.0,1551.0,0,0,0,0,1,0,0,0,1,0,0,1,0
65649,0033800002oDdtXAAS,0.0,0,0.0,7328.0,0,0,0,1,0,0,0,0,1,0,0,1,1
65654,0033800002oDdxPAAS,0.0,0,0.0,7416.0,0,0,0,0,1,1,0,0,0,0,0,1,1
65656,0033800002oDe3JAAS,0.0,100,705.0,4326.0,0,1,0,0,0,0,0,0,0,1,0,1,1
65667,0033800002oDejHAAS,0.0,0,0.0,1666.0,1,0,0,0,0,0,1,0,0,0,0,1,1
65668,0033800002oDen9AAC,0.0,0,1611.0,5566.0,1,0,0,0,0,0,1,0,0,0,0,1,0
65669,0033800002oDendAAC,0.0,0,255.0,3475.0,0,0,0,1,0,1,0,0,0,0,0,1,0
65670,0033800002oDewfAAC,0.0,0,1022.0,1460.0,0,1,0,0,0,0,0,0,1,0,0,1,1
65677,0033800002oDfUVAA0,0.0,0,0.0,7334.0,1,0,0,0,0,0,1,0,0,0,0,1,0
65678,0033800002oDfb2AAC,0.0,0,0.0,7334.0,0,0,0,1,0,1,0,0,0,0,0,1,1
65679,0033800002oDfcPAAS,0.0,0,0.0,3025.0,0,1,0,0,0,0,1,0,0,0,0,1,1
65695,0033800002oDhG7AAK,0.0,60,1091.0,561.0,0,0,0,1,0,0,1,0,0,0,0,1,1
65696,0033800002oDhMjAAK,0.0,0,0.0,11381.0,0,0,0,0,1,0,1,0,0,0,0,1,1
65706,0033800002oDiUsAAK,0.0,0,6509.0,7324.0,1,0,0,0,0,0,0,0,0,1,0,1,1
65707,0033800002oDifmAAC,0.0,0,0.0,5169.0,0,1,0,0,0,0,1,0,0,0,0,1,1
65709,0033800002oDikRAAS,0.0,0,0.0,1886.0,0,0,0,1,0,0,0,0,1,0,0,1,1
65710,0033800002oDioOAAS,0.0,0,0.0,7436.0,1,0,0,0,0,0,1,0,0,0,0,1,1
65715,0033800002oDjWkAAK,0.0,0,5238.0,3685.0,1,0,0,0,0,0,0,0,1,0,0,1,1
65716,0033800002oDjdHAAS,0.0,0,103.0,1207.0,0,0,0,1,0,0,1,0,0,0,0,1,1
65717,0033800002oDk7fAAC,0.0,0,0.0,7333.0,0,1,0,0,0,0,0,0,1,0,0,1,0
65721,0033800002oDkPZAA0,0.0,0,0.0,3425.0,0,0,0,0,1,1,0,0,0,0,0,1,1
65722,0033800002oDl28AAC,0.0,0,0.0,4254.0,0,0,0,1,0,0,1,0,0,0,0,1,1
65725,0033800002oDlFnAAK,0.0,30,0.0,5048.0,0,0,0,1,0,0,1,0,0,0,0,1,0
65726,0033800002oDlG7AAK,0.0,90,0.0,4047.0,1,0,0,0,0,0,1,0,0,0,1,0,0
65727,0033800002oDlGlAAK,0.0,0,0.0,2190.0,0,0,0,1,0,1,0,0,0,0,0,1,0
65728,0033800002oDlHUAA0,0.0,0,0.0,7305.0,0,0,0,0,1,0,1,0,0,0,0,1,1
65729,0033800002oDlReAAK,0.0,0,0.0,7344.0,0,0,0,0,1,0,1,0,0,0,0,1,1
65730,0033800002oDlSwAAK,0.0,90,161.0,2191.0,1,0,0,0,0,1,0,0,0,0,1,0,1
65733,0033800002oDlxQAAS,0.0,90,25.0,7331.0,0,0,0,0,1,1,0,0,0,0,0,1,1
65735,0033800002oDm3VAAS,0.0,0,86.0,11022.0,0,0,0,1,0,0,0,0,0,1,0,1,0
65736,0033800002oDm4iAAC,0.0,80,3738.0,1288.0,0,1,0,0,0,0,0,0,1,0,0,1,1
65737,0033800002oDm9EAAS,0.0,0,2734.0,1947.0,0,0,0,0,1,1,0,0,0,0,0,1,0
65740,0033800002oDmC8AAK,0.0,0,0.0,8775.0,0,1,0,0,0,0,0,0,0,1,0,1,1
65742,0033800002oDmEJAA0,0.0,0,1687.0,2192.0,0,1,0,0,0,1,0,0,0,0,1,0,1
65744,0033800002oDmIGAA0,0.0,0,1280.0,4007.0,0,1,0,0,0,1,0,0,0,0,1,0,0
65748,0033800002oDmK2AAK,0.0,0,0.0,7318.0,1,0,0,0,0,1,0,0,0,0,0,1,0
65750,0033800002oDmL0AAK,0.0,0,0.0,2566.0,0,0,0,0,1,0,1,0,0,0,1,0,1
65755,0033800002oDmbSAAS,0.0,0,0.0,3665.0,0,1,0,0,0,1,0,0,0,0,0,1,1
65758,0033800002oDmdnAAC,0.0,0,0.0,8777.0,0,1,0,0,0,1,0,0,0,0,0,1,0
65759,0033800002oDmftAAC,0.0,0,0.0,2823.0,0,0,0,0,1,0,0,0,0,1,0,1,1
65760,0033800002oDmgIAAS,0.0,0,299.0,8710.0,0,0,0,0,1,0,0,0,0,1,1,0,1
65761,0033800002oDmjCAAS,0.0,0,0.0,8048.0,0,0,0,0,1,1,0,0,0,0,0,1,1
65767,0033800002oDncbAAC,0.0,0,1546.0,10595.0,0,0,0,1,0,0,1,0,0,0,0,1,1
65773,0033800002oxyGTAAY,0.0,0,0.0,4505.0,1,0,0,0,0,0,1,0,0,0,1,0,0
65779,0033800002oxzQgAAI,0.0,0,0.0,4057.0,1,0,0,0,0,1,0,0,0,0,0,1,1
65782,0033800002oxzdQAAQ,0.0,0,10.0,9525.0,0,0,1,0,0,0,0,0,0,1,1,0,1
65786,0033800002oxzdUAAQ,0.0,0,1161.0,3514.0,0,0,0,1,0,0,1,0,0,0,0,1,1
65788,0033800002oxzdWAAQ,0.0,80,3816.0,7886.0,0,0,0,0,1,0,1,0,0,0,0,1,0
65802,0033800002oxzdnAAA,0.0,0,0.0,3400.0,0,0,0,1,0,0,1,0,0,0,0,1,1
65803,0033800002oxzdoAAA,0.0,0,0.0,10988.0,0,0,0,0,1,1,0,0,0,0,0,1,1
65816,0033800002oxze4AAA,0.0,0,946.0,2190.0,0,1,0,0,0,0,0,0,0,1,0,1,1
65817,0033800002oxze5AAA,0.0,0,216.0,4992.0,0,0,0,1,0,0,1,0,0,0,0,1,0
65818,0033800002oxze6AAA,0.0,0,2195.0,851.0,0,0,0,0,1,1,0,0,0,0,1,0,1
65821,0033800002oxzeBAAQ,0.0,90,142.0,3364.0,0,1,0,0,0,0,1,0,0,0,0,1,1
65822,0033800002oxzeCAAQ,0.0,100,1466.0,7696.0,0,1,0,0,0,0,1,0,0,0,0,1,1
65824,0033800002oxzeEAAQ,0.0,0,4071.0,1461.0,0,1,0,0,0,0,0,0,0,1,0,1,1
65829,0033800002oxzeKAAQ,0.0,50,1649.0,8334.0,0,0,0,0,1,0,0,0,1,0,0,1,1
65832,0033800002oxzeNAAQ,0.0,0,384.0,8055.0,0,1,0,0,0,0,1,0,0,0,0,1,1
65834,0033800002oxzeQAAQ,0.0,0,142.0,2192.0,0,0,0,0,1,1,0,0,0,0,0,1,1
65837,0033800002oxzeTAAQ,0.0,80,1521.0,2724.0,0,1,0,0,0,0,1,0,0,0,1,0,1
65841,0033800002oxzeXAAQ,0.0,0,0.0,7800.0,0,0,0,0,1,0,1,0,0,0,0,1,1
65843,0033800002oxzjiAAA,0.0,0,978.0,2465.0,0,1,0,0,0,0,1,0,0,0,0,1,0
65845,0033800002oxzxKAAQ,0.0,0,0.0,8044.0,0,0,0,1,0,0,1,0,0,0,0,1,1
65846,0033800002oy02UAAQ,0.0,0,0.0,9397.0,0,1,0,0,0,0,1,0,0,0,1,0,1
65849,0033800002oy0YyAAI,0.0,0,0.0,7469.0,1,0,0,0,0,1,0,0,0,0,0,1,1
65853,0033800002oy0sGAAQ,0.0,50,4371.0,3426.0,1,0,0,0,0,0,1,0,0,0,0,1,0
65856,0033800002oy17PAAQ,0.0,0,0.0,7320.0,1,0,0,0,0,0,1,0,0,0,0,1,0
65862,0033800002oy22zAAA,0.0,0,48.0,1460.0,0,0,0,1,0,0,0,0,1,0,0,1,1
65867,0033800002oy2S4AAI,0.0,70,3442.0,3019.0,0,0,0,0,1,0,1,0,0,0,1,0,0
65870,0033800002oy2mnAAA,0.0,0,0.0,7996.0,0,0,0,0,1,0,1,0,0,0,0,1,1
65873,0033800002oy2v1AAA,0.0,0,0.0,1226.0,0,0,0,1,0,0,1,0,0,0,0,1,1
65881,0033800002oy3XAAAY,0.0,0,0.0,3686.0,0,0,0,0,1,1,0,0,0,0,0,1,0
65882,0033800002oy3YhAAI,0.0,0,0.0,3993.0,0,1,0,0,0,0,0,0,1,0,0,1,1
65883,0033800002oy3dIAAQ,0.0,0,0.0,8698.0,0,0,0,0,1,0,0,0,0,1,0,1,1
65891,0033800002oy5KMAAY,0.0,0,0.0,5874.0,0,1,0,0,0,0,1,0,0,0,0,1,1
65900,0033800002oy6PeAAI,0.0,0,0.0,8787.0,0,0,0,1,0,0,1,0,0,0,0,1,1
65903,0033800002oy6n4AAA,0.0,0,0.0,1451.0,0,0,0,1,0,0,1,0,0,0,0,1,0
65906,0033800002oy6vXAAQ,0.0,0,0.0,8782.0,1,0,0,0,0,0,1,0,0,0,0,1,1
65912,0033800002oy7YHAAY,0.0,0,630.0,1826.0,0,1,0,0,0,0,1,0,0,0,0,1,1
65927,0033800002oy8pLAAQ,0.0,0,0.0,2823.0,0,1,0,0,0,0,0,0,1,0,0,1,1
65928,0033800002oy8rMAAQ,0.0,0,5617.0,1831.0,0,0,0,0,1,0,1,0,0,0,1,0,1
65937,0033800002oy9n6AAA,0.0,40,613.0,4199.0,0,0,0,1,0,0,1,0,0,0,0,1,0
65943,0033800002oyATDAA2,0.0,0,0.0,9031.0,1,0,0,0,0,1,0,0,0,0,0,1,0
65946,0033800002oyAd1AAE,0.0,80,1524.0,7314.0,0,0,0,1,0,0,0,0,0,1,1,0,0
65948,0033800002oyAqtAAE,0.0,0,0.0,3862.0,0,1,0,0,0,0,0,1,0,0,0,1,0
65954,0033800002oyAv0AAE,0.0,0,0.0,2191.0,0,0,0,0,1,1,0,0,0,0,1,0,1
65963,0033800002oyBUEAA2,0.0,0,0.0,7308.0,1,0,0,0,0,0,0,0,0,1,0,1,0
65964,0033800002oyBb2AAE,0.0,0,0.0,8787.0,0,1,0,0,0,1,0,0,0,0,0,1,1
65970,0033800002oyCAxAAM,0.0,0,0.0,8090.0,1,0,0,0,0,0,1,0,0,0,0,1,1
65972,0033800002oyCF4AAM,0.0,0,3584.0,2825.0,1,0,0,0,0,0,0,0,0,1,1,0,0
65980,0033800002oyDYgAAM,0.0,0,0.0,10926.0,0,0,0,0,1,0,1,0,0,0,0,1,1
65989,0033800002oyENqAAM,0.0,0,110.0,1460.0,0,0,0,1,0,0,0,0,1,0,0,1,0
65994,0033800002oyFcVAAU,0.0,0,6820.0,922.0,0,1,0,0,0,0,1,0,0,0,1,0,0
65997,0033800002oyFxsAAE,0.0,0,9902.0,1521.0,0,0,0,1,0,0,0,0,0,1,0,1,1
65998,0033800002oyG6aAAE,0.0,0,0.0,7362.0,0,1,0,0,0,0,1,0,0,0,0,1,1
65999,0033800002oyGMiAAM,0.0,0,0.0,4501.0,0,1,0,0,0,0,1,0,0,0,0,1,1
66000,0033800002oyGOjAAM,0.0,0,0.0,7672.0,0,0,0,1,0,0,1,0,0,0,1,0,1
66002,0033800002oyGV1AAM,0.0,0,0.0,8601.0,0,0,0,0,1,0,1,0,0,0,0,1,1
66006,0033800002oyH6SAAU,0.0,0,0.0,2890.0,0,0,0,1,0,0,0,0,0,1,0,1,0
66008,0033800002oyHLCAA2,0.0,0,0.0,3400.0,0,1,0,0,0,0,1,0,0,0,0,1,1
66016,0033800002oyJENAA2,0.0,90,7.0,3995.0,0,0,0,1,0,0,1,0,0,0,0,1,1
66019,0033800002oyJNeAAM,0.0,0,0.0,5844.0,0,0,0,0,1,0,1,0,0,0,1,0,0
66021,0033800002oyJOrAAM,0.0,0,0.0,8053.0,0,0,0,0,1,0,1,0,0,0,1,0,1
66033,0033800002oyLltAAE,0.0,0,0.0,7368.0,0,1,0,0,0,0,1,0,0,0,0,1,0
66036,0033800002oyMLwAAM,0.0,0,1977.0,261.0,0,0,0,0,1,0,0,0,0,1,0,1,1
66038,0033800002oyMj2AAE,0.0,0,3.0,7441.0,0,0,0,1,0,0,1,0,0,0,1,0,0
66048,0033800002oyND7AAM,0.0,0,15386.0,1090.0,0,0,0,1,0,0,1,0,0,0,0,1,1
66064,0033800002oyPLvAAM,0.0,0,9402.0,2099.0,0,0,0,1,0,1,0,0,0,0,0,1,0
66065,0033800002oyPOzAAM,0.0,0,0.0,7424.0,1,0,0,0,0,0,1,0,0,0,0,1,1
66066,0033800002oyPSIAA2,0.0,0,0.0,7725.0,0,1,0,0,0,0,1,0,0,0,0,1,1
66072,0033800002oyPhWAAU,0.0,0,0.0,3088.0,1,0,0,0,0,0,0,0,0,1,0,1,1
66077,0033800002oyPxPAAU,0.0,0,0.0,7321.0,0,0,0,1,0,1,0,0,0,0,0,1,1
66097,0033800002oyTiEAAU,0.0,0,0.0,7564.0,0,0,0,0,1,0,0,0,0,1,0,1,1
66102,0033800002oyUL6AAM,0.0,0,0.0,5538.0,0,0,0,1,0,0,0,0,0,1,0,1,1
66104,0033800002oyURiAAM,0.0,0,0.0,2665.0,0,0,0,1,0,0,1,0,0,0,1,0,1
66109,0033800002oyUgdAAE,0.0,40,0.0,2363.0,0,0,0,1,0,0,1,0,0,0,0,1,1
66114,0033800002oyUvuAAE,0.0,0,0.0,8599.0,0,0,0,1,0,0,0,0,0,1,0,1,1
66124,0033800002oyVOmAAM,0.0,40,410.0,1460.0,0,0,0,1,0,0,1,0,0,0,0,1,1
66126,0033800002oyVS0AAM,0.0,0,0.0,7377.0,1,0,0,0,0,1,0,0,0,0,0,1,1
66128,0033800002oyVxHAAU,0.0,0,115.0,5986.0,0,0,0,1,0,1,0,0,0,0,0,1,1
66129,0033800002oyW3FAAU,0.0,0,0.0,9501.0,0,1,0,0,0,0,0,0,1,0,0,1,1
66135,0033800002oyWuwAAE,0.0,10,336.0,7321.0,0,0,0,1,0,1,0,0,0,0,0,1,0
66142,0033800002oyXDkAAM,0.0,0,0.0,7588.0,0,0,0,0,1,1,0,0,0,0,0,1,1
66144,0033800002oyXHDAA2,0.0,0,0.0,10252.0,0,0,0,0,1,0,1,0,0,0,0,1,1
66152,0033800002oyZXAAA2,0.0,80,3214.0,1216.0,0,0,0,1,0,0,1,0,0,0,0,1,0
66154,0033800002oyZeeAAE,0.0,0,5121.0,1095.0,0,1,0,0,0,0,0,0,0,1,0,1,0
66162,0033800002oyZemAAE,0.0,70,2391.0,4748.0,0,1,0,0,0,0,1,0,0,0,0,1,1
66170,0033800002oyZeuAAE,0.0,80,1418.0,1492.0,0,0,0,1,0,0,1,0,0,0,0,1,1
66171,0033800002oyZevAAE,0.0,0,1754.0,12295.0,0,0,0,0,1,1,0,0,0,0,0,1,0
66172,0033800002oyZewAAE,0.0,0,904.0,967.0,0,0,0,1,0,0,1,0,0,0,0,1,0
66173,0033800002oyZexAAE,0.0,0,825.0,2268.0,0,0,0,1,0,0,0,0,0,1,0,1,1
66181,0033800002oyZf5AAE,0.0,0,18.0,7356.0,0,0,0,1,0,0,0,0,0,1,0,1,0
66185,0033800002oyZf9AAE,0.0,0,1143.0,717.0,0,0,0,1,0,0,1,0,0,0,0,1,0
66188,0033800002oyZfCAAU,0.0,0,598.0,1096.0,0,0,0,1,0,0,1,0,0,0,0,1,0
66189,0033800002oyZfDAAU,0.0,90,1449.0,7331.0,0,1,0,0,0,0,0,0,0,1,0,1,0
66191,0033800002oyZfFAAU,0.0,50,1143.0,3106.0,0,0,0,1,0,0,1,0,0,0,0,1,0
66193,0033800002oyZfHAAU,0.0,60,1106.0,2919.0,0,1,0,0,0,0,1,0,0,0,0,1,0
66195,0033800002oyZwuAAE,0.0,0,0.0,1709.0,0,1,0,0,0,0,1,0,0,0,0,1,1
66196,0033800002oyZxTAAU,0.0,0,0.0,7468.0,0,1,0,0,0,0,1,0,0,0,0,1,1
66198,0033800002oya4AAAQ,0.0,0,0.0,8790.0,0,1,0,0,0,0,0,0,0,1,0,1,1
66202,0033800002oyaJVAAY,0.0,0,0.0,1826.0,1,0,0,0,0,0,0,0,0,1,0,1,1
66203,0033800002oyaLCAAY,0.0,0,0.0,9090.0,0,1,0,0,0,0,1,0,0,0,0,1,1
66206,0033800002oyabnAAA,0.0,0,720.0,2051.0,0,0,0,0,1,0,1,0,0,0,0,1,1
66211,0033800002oyabtAAA,0.0,0,6.0,5429.0,0,0,0,1,0,0,1,0,0,0,0,1,0
66218,0033800002oyac0AAA,0.0,0,2490.0,10236.0,0,0,0,1,0,1,0,0,0,0,0,1,1
66219,0033800002oyac1AAA,0.0,0,81.0,7288.0,0,0,0,0,1,0,1,0,0,0,0,1,1
66222,0033800002oyac4AAA,0.0,0,1748.0,1482.0,0,1,0,0,0,1,0,0,0,0,0,1,0
66229,0033800002oyacCAAQ,0.0,70,941.0,2936.0,0,1,0,0,0,0,1,0,0,0,0,1,1
66230,0033800002oyacDAAQ,0.0,0,156.0,9791.0,0,0,0,0,1,0,1,0,0,0,0,1,0
66239,0033800002oyao5AAA,0.0,0,0.0,3153.0,0,0,0,1,0,0,1,0,0,0,0,1,1
66240,0033800002oyaucAAA,0.0,0,0.0,8201.0,0,0,0,1,0,0,0,0,1,0,0,1,1
66241,0033800002oyayjAAA,0.0,0,5086.0,8539.0,0,0,0,0,1,1,0,0,0,0,0,1,1
66242,0033800002oyb9XAAQ,0.0,90,3898.0,484.0,0,1,0,0,0,0,1,0,0,0,0,1,1
66244,0033800002oybsIAAQ,0.0,80,108.0,9522.0,0,0,0,0,1,1,0,0,0,0,1,0,1
66254,0033800002oycjtAAA,0.0,0,18.0,10306.0,1,0,0,0,0,0,1,0,0,0,0,1,1
66258,0033800002oycxIAAQ,0.0,0,0.0,7312.0,0,1,0,0,0,0,0,0,0,1,0,1,1
66270,0033800002oye6GAAQ,0.0,0,0.0,2916.0,0,0,0,1,0,1,0,0,0,0,1,0,0
66271,0033800002oye8HAAQ,0.0,0,0.0,2528.0,0,1,0,0,0,0,1,0,0,0,0,1,1
66274,0033800002oyehvAAA,0.0,0,0.0,8437.0,0,0,0,0,1,0,1,0,0,0,1,0,1
66281,0033800002oyfwKAAQ,0.0,0,0.0,1825.0,0,0,0,1,0,0,0,0,1,0,0,1,1
66285,0033800002oygA4AAI,0.0,0,0.0,2187.0,0,0,0,1,0,0,1,0,0,0,0,1,0
66293,0033800002oyh8zAAA,0.0,0,0.0,1491.0,0,0,0,1,0,0,0,0,1,0,0,1,1
66295,0033800002oyhS6AAI,0.0,0,0.0,10841.0,1,0,0,0,0,0,1,0,0,0,0,1,1
66300,0033800002oyhdYAAQ,0.0,0,156.0,1365.0,0,0,0,1,0,0,0,0,1,0,0,1,1
66308,0033800002oyigeAAA,0.0,0,0.0,9912.0,0,1,0,0,0,0,1,0,0,0,0,1,1
66318,0033800002oyjYSAAY,0.0,0,0.0,2556.0,1,0,0,0,0,1,0,0,0,0,0,1,1
66326,0033800002oyk8XAAQ,0.0,10,15720.0,900.0,0,1,0,0,0,1,0,0,0,0,0,1,0
66327,0033800002oyk8mAAA,0.0,0,0.0,3230.0,0,0,0,1,0,0,0,0,1,0,0,1,0
66329,0033800002oykLaAAI,0.0,0,63.0,8811.0,0,0,0,1,0,0,1,0,0,0,0,1,1
66341,0033800002oykuXAAQ,0.0,0,201.0,1728.0,1,0,0,0,0,0,1,0,0,0,0,1,0
66348,0033800002oyl8KAAQ,0.0,0,0.0,3825.0,0,1,0,0,0,0,1,0,0,0,1,0,1
66372,0033800002oyn1uAAA,0.0,0,0.0,9134.0,0,1,0,0,0,0,1,0,0,0,0,1,1
66376,0033800002oynprAAA,0.0,0,0.0,1599.0,0,0,0,1,0,0,1,0,0,0,0,1,1
66382,0033800002oyon7AAA,0.0,100,1551.0,2928.0,0,1,0,0,0,0,1,0,0,0,0,1,1
66383,0033800002oypGtAAI,0.0,0,0.0,14269.0,0,1,0,0,0,1,0,0,0,0,0,1,1
66386,0033800002oypduAAA,0.0,0,0.0,1826.0,0,0,0,1,0,0,1,0,0,0,1,0,1
66390,0033800002oyqIxAAI,0.0,0,0.0,3616.0,0,0,0,1,0,0,0,0,1,0,0,1,1
66393,0033800002oyqTgAAI,0.0,0,0.0,1788.0,0,0,0,1,0,0,0,0,1,0,0,1,1
66395,0033800002oyqbuAAA,0.0,20,5633.0,2043.0,0,0,0,1,0,0,0,0,1,0,0,1,0
66402,0033800002oyrOWAAY,0.0,0,0.0,4049.0,0,0,0,0,1,1,0,0,0,0,1,0,0
66403,0033800002oyrZUAAY,0.0,0,0.0,12538.0,0,1,0,0,0,0,0,0,0,1,0,1,0
66413,0033800002oyt3bAAA,0.0,0,0.0,1461.0,0,0,0,1,0,0,0,0,0,1,0,1,0
66414,0033800002oyt5cAAA,0.0,0,0.0,5112.0,0,0,0,1,0,0,1,0,0,0,0,1,0
66418,0033800002oytQzAAI,0.0,0,0.0,1460.0,0,1,0,0,0,0,0,0,0,1,0,1,0
66423,0033800002oytsUAAQ,0.0,90,660.0,8086.0,0,0,0,0,1,1,0,0,0,0,0,1,0
66427,0033800002oyup4AAA,0.0,100,2696.0,3609.0,1,0,0,0,0,0,1,0,0,0,0,1,1
66429,0033800002oyvD6AAI,0.0,0,0.0,9502.0,0,1,0,0,0,0,1,0,0,0,0,1,0
66434,0033800002oyvs8AAA,0.0,0,0.0,7819.0,1,0,0,0,0,0,1,0,0,0,0,1,1
66436,0033800002oywJjAAI,0.0,0,0.0,1555.0,0,1,0,0,0,0,1,0,0,0,1,0,1
66446,0033800002oyxneAAA,0.0,0,0.0,8296.0,1,0,0,0,0,0,0,0,0,1,0,1,0
66447,0033800002oyy3yAAA,0.0,60,5207.0,3494.0,1,0,0,0,0,0,1,0,0,0,1,0,0
66450,0033800002oyyiIAAQ,0.0,0,0.0,7728.0,1,0,0,0,0,1,0,0,0,0,0,1,1
66461,0033800002oz0UbAAI,0.0,0,0.0,7314.0,0,0,0,0,1,0,1,0,0,0,0,1,1
66464,0033800002oz14TAAQ,0.0,0,21.0,940.0,0,0,0,1,0,0,1,0,0,0,0,1,1
66472,0033800002oz2HVAAY,0.0,0,0.0,3380.0,0,0,0,1,0,0,1,0,0,0,0,1,1
66475,0033800002oz36JAAQ,0.0,0,13112.0,537.0,0,0,0,0,1,0,1,0,0,0,1,0,1
66483,0033800002oz4WPAAY,0.0,0,0.0,5609.0,1,0,0,0,0,0,0,0,0,1,0,1,1
66500,0033800002oz751AAA,0.0,0,0.0,11039.0,0,1,0,0,0,0,0,0,0,1,0,1,0
66515,0033800002ozAY5AAM,0.0,0,0.0,8040.0,1,0,0,0,0,1,0,0,0,0,0,1,0
66518,0033800002ozAsKAAU,0.0,0,0.0,3071.0,0,1,0,0,0,0,0,1,0,0,0,1,1
66521,0033800002ozBofAAE,0.0,0,0.0,8073.0,0,0,0,0,1,0,1,0,0,0,0,1,1
66525,0033800002ozC2QAAU,0.0,10,3076.0,1462.0,0,1,0,0,0,0,0,0,1,0,0,1,1
66531,0033800002ozD5aAAE,0.0,0,0.0,1460.0,0,0,0,1,0,0,0,0,1,0,0,1,1
66536,0033800002ozDprAAE,0.0,100,1333.0,1160.0,1,0,0,0,0,0,1,0,0,0,0,1,1
66540,0033800002ozDrnAAE,0.0,0,0.0,7329.0,0,1,0,0,0,0,0,0,1,0,0,1,1
66548,0033800002ozEH7AAM,0.0,0,2638.0,2040.0,0,1,0,0,0,0,0,0,1,0,0,1,1
66558,0033800002ozF1XAAU,0.0,0,0.0,8115.0,1,0,0,0,0,0,1,0,0,0,1,0,1
66573,0033800002ozIYUAA2,0.0,0,209.0,3780.0,0,0,0,1,0,1,0,0,0,0,0,1,0
66575,0033800002ozIaGAAU,0.0,0,9132.0,4018.0,0,0,1,0,0,0,0,0,0,1,0,1,1
66577,0033800002ozIn1AAE,0.0,0,0.0,6123.0,0,0,0,0,1,0,0,0,0,1,0,1,1
66579,0033800002ozIwTAAU,0.0,100,466.0,9523.0,0,1,0,0,0,0,1,0,0,0,0,1,1
66581,0033800002ozJ9IAAU,0.0,0,0.0,4024.0,0,1,0,0,0,0,1,0,0,0,0,1,1
66582,0033800002ozJOrAAM,0.0,90,615.0,3851.0,0,1,0,0,0,1,0,0,0,0,0,1,0
66583,0033800002ozJPGAA2,0.0,0,583.0,2703.0,0,1,0,0,0,0,1,0,0,0,1,0,1
66591,0033800002ozKddAAE,0.0,0,0.0,9141.0,1,0,0,0,0,1,0,0,0,0,0,1,0
66592,0033800002ozKyQAAU,0.0,0,2012.0,1461.0,0,1,0,0,0,0,0,0,1,0,0,1,1
66607,0033800002ozNUHAA2,0.0,0,0.0,3300.0,0,0,0,1,0,0,0,0,0,1,0,1,1
66608,0033800002ozNnOAAU,0.0,0,0.0,5131.0,1,0,0,0,0,0,1,0,0,0,0,1,0
66615,0033800002ozOVKAA2,0.0,100,761.0,1011.0,0,0,0,1,0,0,1,0,0,0,0,1,1
66626,0033800002ozQ11AAE,0.0,0,0.0,7869.0,0,0,0,1,0,0,1,0,0,0,0,1,0
66629,0033800002ozQV3AAM,0.0,0,0.0,2478.0,0,1,0,0,0,0,1,0,0,0,0,1,1
66631,0033800002ozQg1AAE,0.0,0,3444.0,1461.0,1,0,0,0,0,0,0,0,0,1,0,1,1
66632,0033800002ozQgkAAE,0.0,0,0.0,2191.0,0,0,0,1,0,1,0,0,0,0,0,1,0
66635,0033800002ozR0uAAE,0.0,0,0.0,8117.0,0,1,0,0,0,0,1,0,0,0,0,1,1
66640,0033800002ozS4IAAU,0.0,0,89.0,4304.0,0,0,0,1,0,0,1,0,0,0,0,1,1
66646,0033800002ozSxDAAU,0.0,0,0.0,1764.0,0,0,0,1,0,0,0,0,1,0,0,1,1
66647,0033800002ozT44AAE,0.0,0,0.0,9527.0,0,0,0,0,1,1,0,0,0,0,0,1,1
66650,0033800002ozTB0AAM,0.0,50,1998.0,1521.0,0,1,0,0,0,0,1,0,0,0,1,0,1
66654,0033800002ozTOYAA2,0.0,0,0.0,7412.0,0,0,0,1,0,0,0,0,1,0,0,1,1
66665,0033800002ozTqjAAE,0.0,0,625.0,1461.0,0,0,0,1,0,0,0,0,1,0,0,1,0
66676,0033800002ozVq9AAE,0.0,0,97.0,2191.0,0,0,0,1,0,1,0,0,0,0,0,1,1
66677,0033800002ozVzaAAE,0.0,0,0.0,7345.0,0,1,0,0,0,0,1,0,0,0,0,1,1
66684,0033800002ozXRYAA2,0.0,0,2355.0,10634.0,0,1,0,0,0,0,0,0,0,1,0,1,0
66685,0033800002ozXVkAAM,0.0,0,0.0,2649.0,0,1,0,0,0,0,0,0,0,1,0,1,0
66705,0033800002ozYTYAA2,0.0,70,163.0,7306.0,0,0,0,1,0,0,1,0,0,0,0,1,1
66719,0033800002ozYyAAAU,0.0,10,379.0,1460.0,0,0,0,1,0,0,0,0,1,0,0,1,1
66722,0033800002ozZ1dAAE,0.0,0,588.0,2191.0,1,0,0,0,0,0,0,0,0,1,0,1,1
66743,0033800002ozZV8AAM,0.0,90,923.0,7325.0,0,0,0,1,0,0,1,0,0,0,0,1,1
66747,0033800002ozZXnAAM,0.0,0,0.0,2893.0,0,0,0,1,0,0,1,0,0,0,1,0,1
66748,0033800002ozZYHAA2,0.0,0,0.0,10419.0,0,0,0,0,1,0,1,0,0,0,0,1,1
66752,0033800002ozZbfAAE,0.0,0,0.0,7331.0,0,1,0,0,0,0,1,0,0,0,0,1,1
66760,0033800002ozZq6AAE,0.0,0,0.0,8442.0,0,0,0,0,1,1,0,0,0,0,0,1,1
66765,0033800002ozb1QAAQ,0.0,0,201.0,1703.0,0,0,0,1,0,0,0,0,1,0,0,1,0
66766,0033800002ozbPLAAY,0.0,0,1207.0,1460.0,0,0,0,1,0,0,0,0,1,0,0,1,0
66768,0033800002ozbTDAAY,0.0,0,0.0,7848.0,0,0,0,1,0,0,0,0,0,1,0,1,1
66769,0033800002ozbWKAAY,0.0,10,8.0,1252.0,0,0,0,1,0,1,0,0,0,0,0,1,1
66779,0033800002ozbq5AAA,0.0,100,1963.0,2070.0,0,0,0,1,0,0,1,0,0,0,0,1,0
66780,0033800002ozbrIAAQ,0.0,0,7677.0,1096.0,1,0,0,0,0,0,0,0,0,1,1,0,1
66783,0033800002ozcByAAI,0.0,0,2413.0,2196.0,0,1,0,0,0,0,0,0,0,1,0,1,0
66784,0033800002ozcI6AAI,0.0,70,0.0,2589.0,0,0,0,1,0,0,1,0,0,0,0,1,0
66787,0033800002ozcVjAAI,0.0,90,1355.0,2921.0,0,0,0,0,1,0,0,0,0,1,0,1,0
66788,0033800002ozcX6AAI,0.0,30,1247.0,1461.0,1,0,0,0,0,0,0,0,1,0,0,1,0
66792,0033800002ozcybAAA,0.0,0,0.0,7328.0,0,1,0,0,0,1,0,0,0,0,0,1,1
66804,0033800002ozdRKAAY,0.0,0,0.0,2191.0,0,0,0,0,1,1,0,0,0,0,0,1,1
66810,0033800002ozdtdAAA,0.0,90,165.0,5505.0,0,0,0,0,1,0,0,1,0,0,0,1,1
66812,0033800002ozeGLAAY,0.0,0,0.0,2927.0,0,0,0,1,0,0,1,0,0,0,1,0,0
66813,0033800002ozeHnAAI,0.0,0,24.0,2621.0,0,0,0,1,0,0,1,0,0,0,0,1,1
66814,0033800002ozeLGAAY,0.0,40,1254.0,2098.0,0,1,0,0,0,0,0,0,0,1,1,0,1
66820,0033800002ozfDRAAY,0.0,0,1293.0,1199.0,0,0,0,1,0,0,1,0,0,0,1,0,0
66821,0033800002ozfEPAAY,0.0,40,1675.0,1826.0,0,1,0,0,0,0,0,0,0,1,0,1,1
66825,0033800002ozfa3AAA,0.0,0,4305.0,3288.0,0,0,0,0,1,1,0,0,0,0,1,0,1
66829,0033800002ozfv2AAA,0.0,0,0.0,2190.0,0,0,0,1,0,0,1,0,0,0,0,1,1
66831,0033800002ozg0qAAA,0.0,0,5795.0,2600.0,0,1,0,0,0,0,0,0,0,1,0,1,1
66833,0033800002ozg6ZAAQ,0.0,0,16.0,8040.0,0,0,0,0,1,1,0,0,0,0,0,1,1
66836,0033800002ozgJ2AAI,0.0,90,0.0,7347.0,0,1,0,0,0,1,0,0,0,0,0,1,1
66838,0033800002ozhD4AAI,0.0,0,202.0,5804.0,0,0,0,0,1,0,0,0,0,1,1,0,0
66840,0033800002ozhW8AAI,0.0,0,0.0,10968.0,0,0,0,0,1,0,0,0,0,1,0,1,1
66841,0033800002ozhamAAA,0.0,0,1076.0,4034.0,0,0,0,1,0,0,1,0,0,0,0,1,1
66843,0033800002ozhluAAA,0.0,0,3286.0,2192.0,0,1,0,0,0,0,0,0,1,0,0,1,1
66849,0033800002ozi51AAA,0.0,0,885.0,1460.0,0,1,0,0,0,0,0,0,0,1,0,1,1
66851,0033800002oziXnAAI,0.0,0,0.0,9502.0,0,1,0,0,0,0,0,0,0,1,1,0,0
66854,0033800002ozigVAAQ,0.0,0,0.0,6038.0,0,1,0,0,0,0,0,0,0,1,0,1,1
66859,0033800002oziy6AAA,0.0,0,0.0,10959.0,0,1,0,0,0,0,1,0,0,0,0,1,1
66860,0033800002ozj1qAAA,0.0,0,0.0,7314.0,0,0,0,1,0,0,1,0,0,0,0,1,1
66862,0033800002ozjGhAAI,0.0,0,0.0,4626.0,1,0,0,0,0,0,1,0,0,0,0,1,1
66870,0033800002ozkedAAA,0.0,0,0.0,7657.0,0,0,0,0,1,0,1,0,0,0,0,1,1
66871,0033800002ozketAAA,0.0,10,657.0,1887.0,1,0,0,0,0,0,0,1,0,0,0,1,1
66880,0033800002ozmKPAAY,0.0,0,0.0,8355.0,0,1,0,0,0,1,0,0,0,0,0,1,1
66881,0033800002ozmMfAAI,0.0,0,0.0,3271.0,0,1,0,0,0,0,0,0,0,1,0,1,1
66882,0033800002ozmOHAAY,0.0,0,0.0,7328.0,0,1,0,0,0,1,0,0,0,0,1,0,1
66885,0033800002ozmeZAAQ,0.0,0,1018.0,2962.0,1,0,0,0,0,0,1,0,0,0,0,1,1
66891,0033800002ozmw9AAA,0.0,100,3223.0,1591.0,0,1,0,0,0,0,0,0,0,1,0,1,1
66893,0033800002ozo0cAAA,0.0,10,1117.0,1038.0,0,0,0,1,0,0,1,0,0,0,1,0,1
66894,0033800002ozoxtAAA,0.0,0,0.0,9208.0,0,0,0,0,1,1,0,0,0,0,0,1,1
66896,0033800002ozpGWAAY,0.0,80,1226.0,8052.0,0,1,0,0,0,0,1,0,0,0,0,1,1
66899,0033800002ozpSoAAI,0.0,0,1373.0,2903.0,1,0,0,0,0,0,1,0,0,0,0,1,1
66903,0033800002ozq4kAAA,0.0,0,2386.0,2150.0,0,0,0,0,1,0,0,0,0,1,0,1,0
66919,0033800002ozq7FAAQ,0.0,0,4267.0,1458.0,0,1,0,0,0,0,0,0,0,1,0,1,0
66996,0033800002ozqFfAAI,0.0,0,0.0,7676.0,0,1,0,0,0,0,0,0,0,1,0,1,1
67001,0033800002ozqnUAAQ,0.0,100,718.0,3903.0,0,0,0,1,0,0,1,0,0,0,0,1,0
67004,0033800002ozqvnAAA,0.0,100,5148.0,1462.0,0,0,0,0,1,0,0,0,1,0,1,0,1
67013,0033800002ozrMLAAY,0.0,0,0.0,10371.0,0,0,0,1,0,0,1,0,0,0,0,1,1
67016,0033800002ozrP0AAI,0.0,0,0.0,7309.0,1,0,0,0,0,0,1,0,0,0,0,1,1
67025,0033800002ozrngAAA,0.0,0,40.0,2736.0,0,0,0,1,0,1,0,0,0,0,0,1,1
67030,0033800002ozsHwAAI,0.0,0,0.0,1273.0,1,0,0,0,0,0,1,0,0,0,0,1,1
67035,0033800002ozsc3AAA,0.0,0,0.0,4297.0,0,0,0,1,0,0,1,0,0,0,0,1,1
67038,0033800002ozsnLAAQ,0.0,0,1216.0,5113.0,0,0,0,1,0,0,0,0,0,1,0,1,0
67039,0033800002ozt9bAAA,0.0,0,0.0,4408.0,0,0,0,1,0,0,0,0,1,0,0,1,0
67040,0033800002ozt9qAAA,0.0,0,70.0,9602.0,0,0,0,0,1,1,0,0,0,0,0,1,1
67043,0033800002oztMaAAI,0.0,0,0.0,7428.0,1,0,0,0,0,1,0,0,0,0,0,1,1
67045,0033800002oztcOAAQ,0.0,0,0.0,9157.0,0,1,0,0,0,0,1,0,0,0,0,1,1
67048,0033800002oztl6AAA,0.0,0,1025.0,1369.0,1,0,0,0,0,0,0,0,1,0,0,1,0
67055,0033800002ozuQ9AAI,0.0,0,0.0,5421.0,0,0,0,0,1,0,1,0,0,0,0,1,1
67060,0033800002ozvcSAAQ,0.0,0,0.0,7889.0,0,0,0,0,1,1,0,0,0,0,0,1,1
67064,0033800002ozvwJAAQ,0.0,0,0.0,2919.0,0,0,0,1,0,0,0,0,0,1,1,0,0
67070,0033800002ozwX6AAI,0.0,0,0.0,8415.0,0,1,0,0,0,1,0,0,0,0,1,0,1
67071,0033800002ozwXzAAI,0.0,100,1319.0,7229.0,0,0,0,0,1,0,0,0,0,1,0,1,0
67077,0033800002ozwkPAAQ,0.0,0,0.0,7327.0,0,1,0,0,0,1,0,0,0,0,1,0,1
67081,0033800002ozx1zAAA,0.0,0,0.0,3316.0,0,0,0,1,0,0,0,0,1,0,0,1,1
67083,0033800002ozxEAAAY,0.0,0,0.0,7309.0,0,0,0,0,1,0,0,0,0,1,1,0,0
67086,0033800002ozxyDAAQ,0.0,0,0.0,1461.0,1,0,0,0,0,0,0,0,0,1,0,1,1
67089,0033800002ozy9pAAA,0.0,0,0.0,8045.0,0,1,0,0,0,0,1,0,0,0,0,1,1
67092,0033800002ozyGqAAI,0.0,100,558.0,1409.0,0,0,0,1,0,0,0,0,1,0,0,1,0
67094,0033800002ozyKEAAY,0.0,0,0.0,7905.0,1,0,0,0,0,1,0,0,0,0,0,1,1
67097,0033800002ozyevAAA,0.0,0,0.0,8788.0,0,1,0,0,0,1,0,0,0,0,0,1,1
67098,0033800002ozymBAAQ,0.0,0,0.0,3652.0,0,0,0,1,0,0,0,0,0,1,0,1,1
67101,0033800002ozz5DAAQ,0.0,0,0.0,2922.0,0,0,0,1,0,0,0,0,0,1,0,1,1
67105,0033800002ozz9UAAQ,0.0,0,0.0,4522.0,1,0,0,0,0,0,1,0,0,0,0,1,1
67106,0033800002ozzAmAAI,0.0,0,404.0,8780.0,0,0,0,1,0,0,0,0,0,1,0,1,1
67107,0033800002ozzBzAAI,0.0,70,0.0,2275.0,0,1,0,0,0,0,1,0,0,0,0,1,0
67108,0033800002ozzCOAAY,0.0,0,1495.0,1607.0,0,0,0,1,0,0,1,0,0,0,0,1,1
67109,0033800002ozzF8AAI,0.0,0,649.0,2192.0,0,1,0,0,0,0,1,0,0,0,0,1,0
67111,0033800002ozzIvAAI,0.0,100,927.0,5161.0,0,0,0,0,1,0,0,0,1,0,0,1,1
67113,0033800002ozzLkAAI,0.0,0,0.0,898.0,0,0,0,1,0,0,1,0,0,0,0,1,1
67114,0033800002ozzLuAAI,0.0,0,2115.0,1826.0,0,1,0,0,0,0,0,0,0,1,0,1,1
67117,0033800002ozzPNAAY,0.0,0,348.0,1828.0,0,1,0,0,0,0,1,0,0,0,0,1,1
67119,0033800002ozzTyAAI,0.0,0,0.0,1249.0,0,0,0,1,0,0,1,0,0,0,0,1,0
67122,0033800002ozzkeAAA,0.0,0,0.0,11829.0,0,0,0,1,0,0,0,0,0,1,0,1,0
67125,0033800002ozzlhAAA,0.0,0,0.0,8766.0,0,1,0,0,0,0,0,0,0,1,0,1,1
67130,0033800002p00A4AAI,0.0,80,139.0,10054.0,0,1,0,0,0,0,1,0,0,0,0,1,1
67131,0033800002p00AxAAI,0.0,0,0.0,9503.0,0,1,0,0,0,0,1,0,0,0,0,1,1
67133,0033800002p00EVAAY,0.0,0,1625.0,1827.0,0,0,0,1,0,0,0,0,0,1,1,0,0
67134,0033800002p00FsAAI,0.0,0,2303.0,1581.0,0,0,0,0,1,0,0,0,1,0,0,1,0
67136,0033800002p00HFAAY,0.0,0,0.0,8948.0,0,0,0,0,1,1,0,0,0,0,0,1,0
67140,0033800002p00LqAAI,0.0,0,0.0,10969.0,0,0,0,0,1,0,1,0,0,0,0,1,0
67145,0033800002p00PTAAY,0.0,0,0.0,7669.0,0,0,0,0,1,1,0,0,0,0,0,1,0
67148,0033800002p00Q7AAI,0.0,0,0.0,7333.0,0,0,0,1,0,0,0,0,1,0,0,1,1
67160,0033800002p00VbAAI,0.0,0,1824.0,8605.0,0,1,0,0,0,0,1,0,0,0,0,1,0
67168,0033800002p00ZYAAY,0.0,30,4071.0,5648.0,0,0,0,1,0,0,1,0,0,0,0,1,0
67178,0033800002p00rOAAQ,0.0,0,6543.0,2809.0,1,0,0,0,0,0,1,0,0,0,1,0,0
67184,0033800002p00vzAAA,0.0,0,0.0,3627.0,0,1,0,0,0,1,0,0,0,0,1,0,1
67187,0033800002p00yAAAQ,0.0,0,0.0,1796.0,0,0,0,1,0,0,0,0,0,1,0,1,1
67188,0033800002p010uAAA,0.0,0,898.0,3295.0,0,0,0,1,0,0,0,0,1,0,0,1,1
67195,0033800002p014SAAQ,0.0,0,0.0,4031.0,0,0,0,1,0,0,1,0,0,0,0,1,1
67197,0033800002p014rAAA,0.0,100,645.0,5505.0,0,1,0,0,0,0,1,0,0,0,1,0,1
67198,0033800002p019hAAA,0.0,0,0.0,2961.0,0,0,0,1,0,0,1,0,0,0,0,1,1
67199,0033800002p019mAAA,0.0,0,186.0,1511.0,0,1,0,0,0,0,1,0,0,0,0,1,1
67200,0033800002p01AGAAY,0.0,0,4072.0,4079.0,0,0,0,0,1,1,0,0,0,0,1,0,1
67206,0033800002p01GJAAY,0.0,90,0.0,6405.0,0,0,0,1,0,0,0,0,1,0,0,1,1
67210,0033800002p01MMAAY,0.0,0,254.0,1825.0,0,0,0,0,1,0,1,0,0,0,0,1,1
67214,0033800002p01WWAAY,0.0,0,0.0,3256.0,0,1,0,0,0,0,0,0,1,0,0,1,1
67217,0033800002p01ZkAAI,0.0,70,4255.0,3674.0,0,0,0,0,1,0,1,0,0,0,1,0,1
67220,0033800002p01peAAA,0.0,0,6074.0,2304.0,0,1,0,0,0,1,0,0,0,0,0,1,0
67229,0033800002p02aQAAQ,0.0,0,29.0,2682.0,0,0,0,1,0,0,0,0,0,1,0,1,1
67231,0033800002p03LeAAI,0.0,0,10153.0,1399.0,0,0,0,0,1,0,0,0,1,0,0,1,1
67232,0033800002p03W8AAI,0.0,0,2242.0,7407.0,1,0,0,0,0,0,1,0,0,0,0,1,1
67235,0033800002p03muAAA,0.0,0,5083.0,1096.0,1,0,0,0,0,0,1,0,0,0,0,1,1
67249,0033800002p060iAAA,0.0,0,0.0,2952.0,0,0,0,1,0,0,0,0,1,0,0,1,1
67250,0033800002p064uAAA,0.0,0,0.0,7628.0,0,0,0,0,1,0,1,0,0,0,0,1,1
67251,0033800002p06BxAAI,0.0,60,1509.0,7332.0,0,0,0,1,0,0,0,0,0,1,0,1,1
67252,0033800002p06DeAAI,0.0,0,3660.0,1644.0,0,0,0,1,0,0,0,0,0,1,0,1,0
67255,0033800002p06eKAAQ,0.0,90,0.0,5805.0,0,0,0,1,0,0,0,0,1,0,0,1,1
67258,0033800002p06oOAAQ,0.0,80,502.0,7980.0,1,0,0,0,0,1,0,0,0,0,0,1,1
67266,0033800002p07BJAAY,0.0,0,0.0,7498.0,0,0,0,0,1,0,1,0,0,0,0,1,1
67267,0033800002p07KtAAI,0.0,0,0.0,4707.0,0,1,0,0,0,0,1,0,0,0,0,1,1
67281,0033800002p081UAAQ,0.0,0,508.0,3633.0,0,0,0,1,0,0,0,0,1,0,0,1,0
67282,0033800002p08B5AAI,0.0,0,0.0,9942.0,0,0,0,1,0,0,0,0,0,1,0,1,0
67285,0033800002p09fXAAQ,0.0,0,0.0,8050.0,0,0,0,1,0,0,0,0,1,0,0,1,1
67291,0033800002p0A73AAE,0.0,0,2012.0,2193.0,0,0,0,0,1,0,1,0,0,0,0,1,1
67302,0033800002p0AO4AAM,0.0,0,0.0,9831.0,0,1,0,0,0,1,0,0,0,0,1,0,0
67305,0033800002p0AQPAA2,0.0,70,1699.0,2922.0,0,1,0,0,0,0,0,0,0,1,0,1,1
67309,0033800002p0AYOAA2,0.0,0,0.0,9511.0,1,0,0,0,0,1,0,0,0,0,0,1,1
67316,0033800002p0BhvAAE,0.0,0,0.0,3965.0,0,0,0,0,1,0,0,0,0,1,0,1,0
67318,0033800002p0BxgAAE,0.0,0,3122.0,3013.0,0,0,0,1,0,0,0,0,0,1,0,1,1
67325,0033800002p0CxBAAU,0.0,0,0.0,4243.0,0,0,0,1,0,0,1,0,0,0,1,0,1
67329,0033800002p0DNlAAM,0.0,0,0.0,1798.0,0,0,0,1,0,0,1,0,0,0,0,1,1
67331,0033800002p0DQ6AAM,0.0,0,1023.0,8174.0,0,1,0,0,0,0,1,0,0,0,0,1,1
67332,0033800002p0DTFAA2,0.0,0,0.0,2916.0,0,0,0,1,0,0,0,0,0,1,0,1,1
67333,0033800002p0DUXAA2,0.0,0,0.0,1825.0,0,0,0,1,0,0,0,0,1,0,0,1,1
67339,0033800002p0DxsAAE,0.0,0,7840.0,1096.0,1,0,0,0,0,0,1,0,0,0,0,1,1
67340,0033800002p0E30AAE,0.0,0,0.0,9514.0,0,1,0,0,0,0,0,0,0,1,1,0,1
67342,0033800002p0FKmAAM,0.0,40,2898.0,4724.0,0,1,0,0,0,0,1,0,0,0,1,0,1
67345,0033800002p0FVgAAM,0.0,50,4689.0,2989.0,1,0,0,0,0,0,1,0,0,0,0,1,1
67347,0033800002p0FiQAAU,0.0,0,0.0,1461.0,0,0,0,1,0,0,0,0,1,0,0,1,1
67349,0033800002p0FjxAAE,0.0,0,0.0,1460.0,0,0,0,1,0,0,0,0,1,0,0,1,0
67350,0033800002p0FkRAAU,0.0,0,0.0,3308.0,0,0,0,1,0,0,0,0,1,0,0,1,0
67351,0033800002p0FkoAAE,0.0,0,0.0,1461.0,0,0,0,1,0,0,0,0,1,0,0,1,1
67354,0033800002p0FlNAAU,0.0,0,0.0,1408.0,1,0,0,0,0,0,0,0,1,0,0,1,1
67355,0033800002p0FlhAAE,0.0,0,0.0,1886.0,0,0,0,1,0,0,0,0,1,0,0,1,1
67356,0033800002p0FlwAAE,0.0,0,0.0,1460.0,0,0,0,1,0,0,0,0,1,0,0,1,1
67358,0033800002p0FmBAAU,0.0,0,0.0,1826.0,0,0,0,1,0,0,0,0,1,0,0,1,1
67359,0033800002p0FmLAAU,0.0,0,166.0,1529.0,0,0,0,1,0,0,0,0,1,0,0,1,1
67360,0033800002p0FmaAAE,0.0,0,0.0,1461.0,0,0,0,1,0,0,0,0,1,0,0,1,0
67361,0033800002p0FnOAAU,0.0,0,61.0,1460.0,0,0,0,1,0,0,0,0,1,0,0,1,1
67362,0033800002p0Fs4AAE,0.0,0,2429.0,1105.0,0,0,0,1,0,0,1,0,0,0,0,1,1
67364,0033800002p0FtMAAU,0.0,0,0.0,1460.0,0,0,0,1,0,0,0,0,1,0,0,1,1
67366,0033800002p0FuPAAU,0.0,0,0.0,1825.0,0,0,0,1,0,0,0,0,1,0,0,1,0
67369,0033800002p0FuyAAE,0.0,0,0.0,2951.0,0,0,0,1,0,0,0,0,1,0,0,1,1
67370,0033800002p0Fv8AAE,0.0,0,0.0,1430.0,0,0,0,1,0,0,0,0,1,0,0,1,1
67371,0033800002p0FvDAAU,0.0,0,0.0,1825.0,0,0,0,1,0,0,0,0,1,0,0,1,1
67372,0033800002p0FvNAAU,0.0,80,4500.0,1461.0,1,0,0,0,0,0,0,0,1,0,0,1,1
67373,0033800002p0FvSAAU,0.0,0,0.0,3603.0,0,0,0,1,0,0,0,0,1,0,0,1,1
67378,0033800002p0FvbAAE,0.0,0,2337.0,1115.0,0,0,0,1,0,0,1,0,0,0,0,1,0
67382,0033800002p0FvfAAE,0.0,0,10607.0,1218.0,0,0,0,1,0,0,0,0,1,0,0,1,0
67386,0033800002p0FvjAAE,0.0,40,4568.0,1460.0,0,0,0,0,1,0,1,0,0,0,1,0,0
67388,0033800002p0FvlAAE,0.0,30,66.0,7274.0,0,1,0,0,0,1,0,0,0,0,0,1,0
67389,0033800002p0FvmAAE,0.0,30,2156.0,471.0,0,0,0,1,0,0,1,0,0,0,1,0,1
67393,0033800002p0FvqAAE,0.0,0,14270.0,2191.0,0,0,0,1,0,0,0,0,0,1,0,1,1
67401,0033800002p0FvyAAE,0.0,0,43.0,6033.0,1,0,0,0,0,0,0,0,1,0,0,1,1
67403,0033800002p0Fw0AAE,0.0,0,11544.0,1459.0,0,0,0,1,0,0,0,0,0,1,0,1,1
67404,0033800002p0Fw2AAE,0.0,0,7692.0,2922.0,0,1,0,0,0,0,0,0,0,1,0,1,0
67411,0033800002p0Fw9AAE,0.0,20,1847.0,3653.0,0,0,0,1,0,0,0,0,1,0,0,1,1
67413,0033800002p0FwBAAU,0.0,0,9152.0,1461.0,0,1,0,0,0,0,1,0,0,0,0,1,0
67416,0033800002p0FwGAAU,0.0,80,7321.0,1826.0,0,0,0,1,0,1,0,0,0,0,0,1,1
67426,0033800002p0FwQAAU,0.0,0,1338.0,730.0,0,0,0,1,0,0,1,0,0,0,0,1,0
67427,0033800002p0FwRAAU,0.0,80,746.0,8766.0,0,0,0,0,1,0,1,0,0,0,0,1,1
67438,0033800002p0FwcAAE,0.0,60,907.0,2190.0,1,0,0,0,0,1,0,0,0,0,0,1,0
67441,0033800002p0FwfAAE,0.0,0,2086.0,1769.0,0,1,0,0,0,0,0,0,0,1,0,1,1
67442,0033800002p0FwgAAE,0.0,0,13901.0,2191.0,0,0,0,1,0,0,0,0,0,1,0,1,0
67443,0033800002p0FwhAAE,0.0,0,4606.0,1823.0,0,1,0,0,0,0,1,0,0,0,0,1,1
67445,0033800002p0FwjAAE,0.0,0,3943.0,1826.0,1,0,0,0,0,0,0,0,0,1,0,1,1
67446,0033800002p0FwkAAE,0.0,0,4909.0,2307.0,0,0,0,1,0,0,1,0,0,0,0,1,0
67451,0033800002p0FxNAAU,0.0,0,0.0,1643.0,0,0,0,1,0,0,0,0,1,0,0,1,1
67452,0033800002p0FxXAAU,0.0,0,0.0,1442.0,0,0,0,1,0,0,0,0,1,0,0,1,1
67453,0033800002p0FxhAAE,0.0,0,0.0,1461.0,0,0,0,1,0,0,0,0,1,0,0,1,1
67454,0033800002p0FxwAAE,0.0,90,779.0,10945.0,0,0,1,0,0,0,1,0,0,0,0,1,1
67455,0033800002p0FyGAAU,0.0,0,597.0,1583.0,0,0,0,1,0,0,0,0,1,0,0,1,1
67457,0033800002p0FyfAAE,0.0,0,0.0,1460.0,0,0,0,1,0,0,0,0,1,0,0,1,1
67458,0033800002p0G7DAAU,0.0,0,0.0,7346.0,1,0,0,0,0,1,0,0,0,0,0,1,1
67460,0033800002p0GDkAAM,0.0,0,3871.0,2191.0,1,0,0,0,0,0,0,0,1,0,0,1,1
67462,0033800002p0GW8AAM,0.0,90,294.0,12156.0,0,0,0,1,0,0,1,0,0,0,0,1,0
67463,0033800002p0GXGAA2,0.0,0,10163.0,1460.0,1,0,0,0,0,0,0,0,0,1,0,1,0
67465,0033800002p0GnsAAE,0.0,0,17.0,7461.0,0,0,0,0,1,0,0,0,1,0,0,1,1
67466,0033800002p0GoHAAU,0.0,0,0.0,7318.0,1,0,0,0,0,0,1,0,0,0,0,1,0
67472,0033800002p0HIxAAM,0.0,0,9233.0,702.0,0,1,0,0,0,0,0,0,1,0,1,0,0
67475,0033800002p0HYRAA2,0.0,0,0.0,8053.0,1,0,0,0,0,0,0,0,0,1,0,1,1
67478,0033800002p0HdRAAU,0.0,30,429.0,2893.0,0,0,0,1,0,0,0,0,1,0,0,1,1
67480,0033800002p0Hj0AAE,0.0,10,4192.0,762.0,0,1,0,0,0,0,0,0,0,1,0,1,1
67481,0033800002p0HnqAAE,0.0,0,2225.0,1603.0,0,1,0,0,0,0,0,0,1,0,0,1,0
67482,0033800002p0HoeAAE,0.0,0,0.0,2191.0,1,0,0,0,0,1,0,0,0,0,0,1,1
67483,0033800002p0HpDAAU,0.0,60,4961.0,1039.0,0,1,0,0,0,1,0,0,0,0,1,0,0
67484,0033800002p0HrxAAE,0.0,0,0.0,3689.0,0,1,0,0,0,1,0,0,0,0,0,1,1
67486,0033800002p0Hw4AAE,0.0,80,345.0,1798.0,0,0,0,1,0,0,0,0,1,0,1,0,0
67490,0033800002p0IMvAAM,0.0,50,2248.0,1543.0,0,1,0,0,0,0,1,0,0,0,1,0,1
67491,0033800002p0INeAAM,0.0,0,0.0,2190.0,0,0,0,1,0,0,0,0,0,1,1,0,0
67492,0033800002p0ISZAA2,0.0,0,0.0,7324.0,0,0,0,0,1,0,0,0,0,1,0,1,1
67500,0033800002p0IcPAAU,0.0,30,4956.0,1583.0,0,1,0,0,0,0,0,0,0,1,1,0,1
67501,0033800002p0IcjAAE,0.0,100,0.0,4757.0,0,0,0,1,0,0,1,0,0,0,0,1,0
67505,0033800002p0IdrAAE,0.0,0,0.0,2494.0,0,0,0,1,0,0,1,0,0,0,0,1,0
67521,0033800002p0KabAAE,0.0,0,0.0,7809.0,1,0,0,0,0,0,1,0,0,0,0,1,0
67523,0033800002p0KttAAE,0.0,0,0.0,2190.0,0,0,0,1,0,1,0,0,0,0,0,1,1
67525,0033800002p0LCIAA2,0.0,0,0.0,5508.0,1,0,0,0,0,1,0,0,0,0,0,1,1
67526,0033800002p0LDaAAM,0.0,0,786.0,1944.0,0,0,0,1,0,0,1,0,0,0,0,1,0
67527,0033800002p0LEdAAM,0.0,0,0.0,8057.0,0,0,0,0,1,0,1,0,0,0,0,1,1
67533,0033800002p0LfQAAU,0.0,90,0.0,7312.0,0,0,0,0,1,0,0,0,0,1,1,0,1
67538,0033800002p0M5DAAU,0.0,0,0.0,7082.0,1,0,0,0,0,1,0,0,0,0,1,0,1
67540,0033800002p0M74AAE,0.0,0,0.0,9499.0,0,1,0,0,0,0,1,0,0,0,0,1,0
67555,0033800002p0MipAAE,0.0,0,9743.0,2817.0,0,0,0,1,0,0,0,0,1,0,0,1,1
67560,0033800002p0MxVAAU,0.0,0,0.0,9124.0,0,0,0,1,0,0,0,0,0,1,0,1,1
67568,0033800002p0Nh1AAE,0.0,70,3881.0,1460.0,0,1,0,0,0,0,0,0,1,0,0,1,0
67571,0033800002p0NrQAAU,0.0,0,0.0,8147.0,0,0,0,1,0,0,1,0,0,0,0,1,0
67577,0033800002p0OO7AAM,0.0,0,14256.0,1461.0,0,0,0,1,0,0,0,0,1,0,0,1,0
67585,0033800002p0PD0AAM,0.0,60,26.0,1831.0,0,0,0,0,1,0,1,0,0,0,0,1,1
67586,0033800002p0PGdAAM,0.0,100,0.0,6105.0,1,0,0,0,0,0,0,0,0,1,1,0,0
67587,0033800002p0PKfAAM,0.0,70,0.0,3421.0,0,0,0,1,0,1,0,0,0,0,0,1,1
67589,0033800002p0PSAAA2,0.0,0,6951.0,3353.0,0,0,0,1,0,0,0,0,0,1,0,1,1
67599,0033800002p0PhFAAU,0.0,0,7962.0,1460.0,0,0,0,1,0,0,1,0,0,0,0,1,1
67605,0033800002p0PnNAAU,0.0,90,1394.0,10370.0,1,0,0,0,0,0,1,0,0,0,0,1,1
67607,0033800002p0Q2hAAE,0.0,0,33.0,1249.0,1,0,0,0,0,0,1,0,0,0,0,1,0
67612,0033800002p0QKMAA2,0.0,50,2670.0,1950.0,0,0,0,1,0,0,1,0,0,0,0,1,1
67613,0033800002p0QM8AAM,0.0,0,903.0,2982.0,0,1,0,0,0,1,0,0,0,0,0,1,1
67619,0033800002p0RgSAAU,0.0,0,0.0,1385.0,0,0,0,1,0,0,0,0,0,1,0,1,1
67623,0033800002p0RxeAAE,0.0,90,133.0,8142.0,0,1,0,0,0,0,0,0,1,0,0,1,1
67625,0033800002p0RyNAAU,0.0,0,0.0,7330.0,0,0,0,0,1,0,1,0,0,0,0,1,1
67626,0033800002p0S3wAAE,0.0,0,0.0,1448.0,0,0,0,1,0,1,0,0,0,0,0,1,1
67628,0033800002p0SHAAA2,0.0,0,0.0,4985.0,1,0,0,0,0,0,1,0,0,0,0,1,1
67629,0033800002p0SKOAA2,0.0,10,8365.0,2605.0,0,0,0,1,0,0,0,0,1,0,0,1,0
67631,0033800002p0SOzAAM,0.0,0,0.0,3466.0,0,0,0,1,0,0,0,0,1,0,0,1,1
67632,0033800002p0SUHAA2,0.0,0,0.0,8046.0,0,0,0,1,0,0,1,0,0,0,0,1,0
67634,0033800002p0SVvAAM,0.0,0,324.0,8067.0,0,0,1,0,0,1,0,0,0,0,0,1,1
67635,0033800002p0SVwAAM,0.0,0,0.0,1410.0,0,1,0,0,0,0,0,0,0,1,0,1,0
67636,0033800002p0SVxAAM,0.0,0,1656.0,8421.0,0,0,0,1,0,0,1,0,0,0,0,1,0
67653,0033800002p0TTUAA2,0.0,0,0.0,11722.0,0,0,0,0,1,0,1,0,0,0,0,1,1
67654,0033800002p0TU4AAM,0.0,0,0.0,7333.0,0,1,0,0,0,1,0,0,0,0,0,1,1
67660,0033800002p0Tl0AAE,0.0,0,4399.0,7309.0,0,0,0,0,1,0,0,0,0,1,1,0,1
67663,0033800002p0Tl3AAE,0.0,0,60.0,9872.0,0,0,0,1,0,0,0,0,1,0,0,1,1
67673,0033800002p0TlEAAU,0.0,0,0.0,4062.0,0,1,0,0,0,1,0,0,0,0,0,1,1
67681,0033800002p0Tm3AAE,0.0,0,0.0,8201.0,0,0,0,0,1,0,1,0,0,0,0,1,1
67684,0033800002p0Tm7AAE,0.0,90,4520.0,4161.0,0,0,0,0,1,0,1,0,0,0,0,1,0
67685,0033800002p0Tm8AAE,0.0,0,960.0,10984.0,0,0,0,0,1,0,0,0,0,1,0,1,0
67697,0033800002p0TmMAAU,0.0,40,404.0,2230.0,0,0,0,1,0,1,0,0,0,0,0,1,0
67700,0033800002p0TmSAAU,0.0,80,108.0,9272.0,0,0,0,0,1,0,1,0,0,0,0,1,1
67704,0033800002p0TmWAAU,0.0,30,490.0,2325.0,0,1,0,0,0,0,0,0,0,1,1,0,1
67713,0033800002p0TmhAAE,0.0,0,24.0,1795.0,0,1,0,0,0,0,0,0,0,1,0,1,1
67716,0033800002p0TmkAAE,0.0,90,2048.0,7325.0,0,1,0,0,0,0,0,0,0,1,0,1,0
67721,0033800002p0TmpAAE,0.0,0,66.0,4095.0,0,0,0,0,1,0,1,0,0,0,0,1,1
67723,0033800002p0Tp6AAE,0.0,50,5283.0,2104.0,0,1,0,0,0,0,1,0,0,0,1,0,0
67732,0033800002p0TpIAAU,0.0,60,5496.0,8132.0,0,0,0,0,1,1,0,0,0,0,0,1,0
67741,0033800002p0TpRAAU,0.0,50,1723.0,1662.0,0,1,0,0,0,0,1,0,0,0,1,0,1
67752,0033800002p0TzuAAE,0.0,0,270.0,7327.0,1,0,0,0,0,0,1,0,0,0,0,1,1
67770,0033800002p0VZwAAM,0.0,0,0.0,9082.0,1,0,0,0,0,0,1,0,0,0,0,1,1
67771,0033800002p0Va6AAE,0.0,0,0.0,1825.0,0,0,0,1,0,0,0,0,1,0,1,0,0
67777,0033800002p0WbjAAE,0.0,0,0.0,7860.0,0,1,0,0,0,0,1,0,0,0,0,1,1
67779,0033800002p0We9AAE,0.0,0,16.0,7305.0,0,0,0,1,0,0,1,0,0,0,0,1,1
67782,0033800002p0Wm9AAE,0.0,0,258.0,1460.0,0,0,0,1,0,0,0,0,1,0,1,0,0
67784,0033800002p0WrEAAU,0.0,0,3815.0,2192.0,0,1,0,0,0,1,0,0,0,0,1,0,1
67785,0033800002p0WtFAAU,0.0,0,0.0,2404.0,0,0,0,1,0,0,0,0,0,1,0,1,0
67786,0033800002p0WxgAAE,0.0,80,1890.0,1510.0,1,0,0,0,0,0,1,0,0,0,0,1,1
67789,0033800002p0X6iAAE,0.0,0,0.0,8626.0,0,0,1,0,0,0,0,0,1,0,0,1,1
67792,0033800002p0XApAAM,0.0,0,0.0,10553.0,0,0,0,0,1,0,1,0,0,0,0,1,1
67809,0033800002p0YwCAAU,0.0,0,3034.0,2922.0,0,0,0,1,0,0,1,0,0,0,0,1,0
67810,0033800002p0YywAAE,0.0,100,2090.0,3127.0,0,0,0,0,1,0,0,0,1,0,0,1,1
67817,0033800002p0ZbjAAE,0.0,0,0.0,1826.0,0,0,0,1,0,0,0,0,0,1,1,0,0
67818,0033800002p0ZdkAAE,0.0,0,10562.0,751.0,0,0,0,1,0,0,0,0,1,0,1,0,0
67821,0033800002p0aIkAAI,0.0,20,6805.0,995.0,1,0,0,0,0,0,1,0,0,0,1,0,0
67825,0033800002p0ansAAA,0.0,0,69.0,7332.0,0,0,0,1,0,0,0,0,0,1,1,0,0
67828,0033800002p0b0wAAA,0.0,0,0.0,7317.0,0,0,0,1,0,0,1,0,0,0,0,1,1
67829,0033800002p0b1fAAA,0.0,0,10500.0,2281.0,0,1,0,0,0,0,1,0,0,0,1,0,0
67830,0033800002p0b1uAAA,0.0,40,448.0,2794.0,0,1,0,0,0,0,1,0,0,0,0,1,1
67831,0033800002p0bG2AAI,0.0,0,869.0,7350.0,0,1,0,0,0,0,0,0,1,0,0,1,1
67837,0033800002p0bccAAA,0.0,80,1598.0,7345.0,0,0,0,0,1,1,0,0,0,0,0,1,1
67840,0033800002p0btcAAA,0.0,100,261.0,3231.0,0,1,0,0,0,0,0,0,0,1,0,1,1
67841,0033800002p0bvTAAQ,0.0,0,0.0,5866.0,0,0,0,1,0,0,1,0,0,0,0,1,1
67842,0033800002p0byNAAQ,0.0,0,1943.0,1249.0,0,0,0,1,0,0,1,0,0,0,1,0,1
67850,0033800002p0ccYAAQ,0.0,0,77.0,7797.0,0,0,0,1,0,1,0,0,0,0,0,1,1
67862,0033800002p0duUAAQ,0.0,90,394.0,7660.0,1,0,0,0,0,0,1,0,0,0,0,1,1
67865,0033800002p0et3AAA,0.0,70,571.0,7833.0,1,0,0,0,0,1,0,0,0,0,0,1,1
67866,0033800002p0etDAAQ,0.0,0,0.0,9507.0,0,1,0,0,0,0,1,0,0,0,0,1,1
67868,0033800002p0ev5AAA,0.0,0,0.0,8091.0,0,1,0,0,0,1,0,0,0,0,0,1,1
67871,0033800002p0evjAAA,0.0,0,0.0,9496.0,1,0,0,0,0,1,0,0,0,0,0,1,1
67875,0033800002p0f42AAA,0.0,0,2703.0,1461.0,0,1,0,0,0,0,1,0,0,0,0,1,1
67878,0033800002p0f7zAAA,0.0,0,1197.0,2570.0,0,0,0,1,0,1,0,0,0,0,0,1,1
67882,0033800002p0fOdAAI,0.0,0,0.0,8158.0,1,0,0,0,0,0,1,0,0,0,0,1,1
67886,0033800002p0fT8AAI,0.0,0,1475.0,5494.0,0,1,0,0,0,0,1,0,0,0,1,0,0
67896,0033800002p0fhRAAQ,0.0,0,0.0,7431.0,0,0,0,1,0,0,1,0,0,0,0,1,1
67899,0033800002p0fnjAAA,0.0,0,0.0,2927.0,0,1,0,0,0,0,1,0,0,0,0,1,0
67900,0033800002p0fnyAAA,0.0,20,1384.0,1461.0,0,1,0,0,0,0,0,0,1,0,1,0,0
67901,0033800002p0foXAAQ,0.0,100,2800.0,1464.0,0,1,0,0,0,0,1,0,0,0,1,0,1
67903,0033800002p0ftrAAA,0.0,0,0.0,8812.0,0,1,0,0,0,1,0,0,0,0,1,0,0
67909,0033800002p0hAoAAI,0.0,0,816.0,2418.0,0,0,0,1,0,0,0,0,1,0,0,1,0
67910,0033800002p0hV1AAI,0.0,60,2115.0,1348.0,1,0,0,0,0,0,1,0,0,0,0,1,0
67912,0033800002p0hamAAA,0.0,0,0.0,2068.0,0,0,0,1,0,0,0,0,1,0,1,0,1
67913,0033800002p0hbLAAQ,0.0,50,996.0,2141.0,0,0,0,1,0,0,1,0,0,0,0,1,1
67915,0033800002p0hkDAAQ,0.0,60,2753.0,2557.0,0,1,0,0,0,0,0,1,0,0,0,1,1
67921,0033800002p0jCiAAI,0.0,0,148.0,2192.0,1,0,0,0,0,1,0,0,0,0,0,1,1
67922,0033800002p0jISAAY,0.0,0,0.0,8793.0,0,1,0,0,0,1,0,0,0,0,0,1,1
67925,0033800002p0joSAAQ,0.0,0,0.0,4006.0,0,1,0,0,0,1,0,0,0,0,0,1,1
67932,0033800002p0kLRAAY,0.0,0,2440.0,1057.0,0,0,0,1,0,0,1,0,0,0,0,1,0
67934,0033800002p0kMoAAI,0.0,80,575.0,2862.0,1,0,0,0,0,0,1,0,0,0,1,0,1
67938,0033800002p0kSgAAI,0.0,0,6223.0,1826.0,0,0,0,1,0,0,0,0,0,1,0,1,0
67941,0033800002p0kY0AAI,0.0,80,0.0,7269.0,1,0,0,0,0,1,0,0,0,0,0,1,1
67942,0033800002p0kffAAA,0.0,0,0.0,2922.0,0,0,0,1,0,1,0,0,0,0,0,1,1
67946,0033800002p0kqEAAQ,0.0,0,977.0,255.0,0,0,0,1,0,0,0,0,0,1,0,1,0
67949,0033800002p0lkaAAA,0.0,0,0.0,2999.0,0,1,0,0,0,0,1,0,0,0,0,1,1
67961,0033800002p0nfRAAQ,0.0,0,0.0,8259.0,0,0,0,1,0,0,0,0,0,1,0,1,1
67962,0033800002p0niaAAA,0.0,0,0.0,8643.0,0,0,0,0,1,0,1,0,0,0,0,1,1
67964,0033800002p0nkWAAQ,0.0,0,1879.0,9846.0,0,0,0,0,1,0,1,0,0,0,0,1,1
67967,0033800002p0nwSAAQ,0.0,0,0.0,7384.0,0,0,0,1,0,0,0,0,0,1,0,1,1
67971,0033800002p0oD4AAI,0.0,0,184.0,12550.0,0,0,0,0,1,0,1,0,0,0,0,1,0
67977,0033800002p0oZHAAY,0.0,0,0.0,2548.0,0,0,0,1,0,0,1,0,0,0,0,1,1
67979,0033800002p0ounAAA,0.0,0,175.0,3693.0,0,0,0,1,0,0,1,0,0,0,1,0,1
67980,0033800002p0ouwAAA,0.0,0,0.0,8593.0,0,0,0,1,0,1,0,0,0,0,0,1,1
67981,0033800002p0ovkAAA,0.0,0,0.0,5111.0,0,1,0,0,0,0,0,0,1,0,0,1,0
67984,0033800002p0pF4AAI,0.0,0,0.0,8266.0,0,0,0,0,1,1,0,0,0,0,0,1,1
67985,0033800002p0pI8AAI,0.0,0,7511.0,2191.0,0,0,0,1,0,0,1,0,0,0,0,1,1
67994,0033800002p0q3UAAQ,0.0,0,0.0,7320.0,1,0,0,0,0,0,1,0,0,0,1,0,1
67995,0033800002p0q93AAA,0.0,100,3994.0,989.0,0,0,0,0,1,0,0,0,1,0,0,1,0
67996,0033800002p0qCHAAY,0.0,0,0.0,5858.0,0,0,0,1,0,0,0,0,1,0,0,1,1
67997,0033800002p0qJcAAI,0.0,0,154.0,1462.0,0,0,0,1,0,0,1,0,0,0,0,1,1
67998,0033800002p0qPBAAY,0.0,0,0.0,7378.0,0,0,0,0,1,1,0,0,0,0,0,1,1
68002,0033800002p0qhKAAQ,0.0,0,0.0,4564.0,0,0,0,1,0,0,1,0,0,0,0,1,1
68003,0033800002p0qihAAA,0.0,0,0.0,14190.0,0,1,0,0,0,0,0,0,1,0,0,1,1
68004,0033800002p0qnMAAQ,0.0,10,8253.0,1460.0,0,0,0,1,0,0,0,0,0,1,0,1,0
68008,0033800002p0r6rAAA,0.0,0,0.0,7313.0,0,0,0,0,1,1,0,0,0,0,0,1,1
68010,0033800002p0rOWAAY,0.0,0,0.0,8159.0,0,1,0,0,0,0,1,0,0,0,0,1,0
68015,0033800002p0sSHAAY,0.0,0,3372.0,7311.0,1,0,0,0,0,0,1,0,0,0,0,1,1
68017,0033800002p0sqDAAQ,0.0,100,2731.0,8419.0,0,1,0,0,0,0,1,0,0,0,0,1,1
68028,0033800002p0uQTAAY,0.0,0,0.0,8082.0,0,0,0,1,0,0,0,0,0,1,0,1,1
68030,0033800002p0uZLAAY,0.0,0,0.0,7379.0,1,0,0,0,0,0,0,0,0,1,0,1,1
68034,0033800002p0uyuAAA,0.0,0,0.0,3508.0,0,0,0,1,0,0,0,0,0,1,0,1,0
68035,0033800002p0v1PAAQ,0.0,0,1530.0,1949.0,0,0,0,1,0,0,1,0,0,0,1,0,1
68039,0033800002p0vOFAAY,0.0,10,9017.0,1461.0,1,0,0,0,0,0,0,0,0,1,0,1,1
68041,0033800002p0vgUAAQ,0.0,0,0.0,2219.0,1,0,0,0,0,1,0,0,0,0,0,1,1
68043,0033800002p0w25AAA,0.0,0,0.0,7684.0,0,0,0,1,0,0,1,0,0,0,0,1,1
68044,0033800002p0w3NAAQ,0.0,100,1912.0,6073.0,1,0,0,0,0,1,0,0,0,0,0,1,1
68045,0033800002p0w6RAAQ,0.0,0,0.0,7315.0,0,0,0,0,1,0,1,0,0,0,0,1,1
68057,0033800002p0xWtAAI,0.0,0,0.0,3621.0,0,0,0,1,0,0,1,0,0,0,0,1,0
68058,0033800002p0xcwAAA,0.0,0,0.0,2583.0,0,1,0,0,0,0,1,0,0,0,0,1,1
68059,0033800002p0xeEAAQ,0.0,0,0.0,8064.0,0,0,0,1,0,0,0,0,1,0,0,1,0
68061,0033800002p0xqGAAQ,0.0,10,2523.0,2556.0,0,1,0,0,0,0,1,0,0,0,1,0,0
68064,0033800002p0xuOAAQ,0.0,60,1301.0,4097.0,0,0,0,0,1,0,0,0,1,0,0,1,1
68068,0033800002p0yGJAAY,0.0,60,3961.0,2192.0,0,0,0,0,1,1,0,0,0,0,0,1,0
68074,0033800002p0ydhAAA,0.0,0,9785.0,2556.0,0,0,0,1,0,0,1,0,0,0,0,1,0
68076,0033800002p0yeGAAQ,0.0,30,86.0,4883.0,1,0,0,0,0,1,0,0,0,0,0,1,1
68079,0033800002p0ypfAAA,0.0,0,0.0,2919.0,0,0,0,1,0,0,0,0,0,1,0,1,1
68080,0033800002p0ypzAAA,0.0,0,0.0,7310.0,0,1,0,0,0,0,1,0,0,0,0,1,1
68087,0033800002p10RaAAI,0.0,0,439.0,2195.0,0,1,0,0,0,0,0,0,0,1,1,0,1
68089,0033800002p10mHAAQ,0.0,0,4314.0,1461.0,1,0,0,0,0,0,0,0,1,0,0,1,1
68109,0033800002p12GlAAI,0.0,100,143.0,4465.0,0,0,0,1,0,0,1,0,0,0,0,1,1
68111,0033800002p12OCAAY,0.0,0,6929.0,1453.0,0,0,0,1,0,0,0,0,1,0,0,1,0
68117,0033800002p12OIAAY,0.0,0,1284.0,732.0,0,0,0,1,0,0,1,0,0,0,0,1,1
68118,0033800002p12OJAAY,0.0,0,626.0,1827.0,1,0,0,0,0,0,0,0,1,0,0,1,0
68122,0033800002p12ONAAY,0.0,0,2550.0,8401.0,0,0,0,1,0,0,0,0,0,1,0,1,0
68129,0033800002p12OUAAY,0.0,0,1210.0,6139.0,1,0,0,0,0,0,1,0,0,0,0,1,0
68131,0033800002p12OWAAY,0.0,100,2764.0,7315.0,0,0,0,0,1,0,1,0,0,0,0,1,1
68132,0033800002p12OXAAY,0.0,0,461.0,2191.0,0,1,0,0,0,0,1,0,0,0,0,1,1
68133,0033800002p12OYAAY,0.0,100,966.0,1095.0,0,0,0,1,0,0,1,0,0,0,0,1,0
68134,0033800002p12OZAAY,0.0,0,193.0,0.0,0,0,0,1,0,0,1,0,0,0,0,1,0
68135,0033800002p12OaAAI,0.0,0,403.0,2004.0,0,0,0,1,0,1,0,0,0,0,0,1,1
68136,0033800002p12ObAAI,0.0,70,283.0,12614.0,0,0,0,1,0,0,1,0,0,0,0,1,1
68145,0033800002p12vWAAQ,0.0,0,0.0,9830.0,0,1,0,0,0,0,1,0,0,0,0,1,1
68147,0033800002p139JAAQ,0.0,0,0.0,2190.0,0,0,0,1,0,1,0,0,0,0,0,1,0
68148,0033800002p139YAAQ,0.0,0,1455.0,2928.0,0,0,0,1,0,0,1,0,0,0,1,0,0
68157,0033800002p13rdAAA,0.0,0,0.0,2465.0,0,0,0,1,0,0,0,0,1,0,0,1,1
68162,0033800002p14E2AAI,0.0,0,0.0,4716.0,0,0,0,1,0,1,0,0,0,0,1,0,0
68164,0033800002p14NmAAI,0.0,0,0.0,7308.0,0,1,0,0,0,1,0,0,0,0,0,1,1
68167,0033800002p14qqAAA,0.0,100,0.0,9805.0,0,0,0,0,1,0,1,0,0,0,0,1,1
68169,0033800002p15EQAAY,0.0,0,0.0,3829.0,1,0,0,0,0,0,1,0,0,0,1,0,0
68170,0033800002p15XQAAY,0.0,10,6250.0,2414.0,0,0,0,0,1,0,1,0,0,0,0,1,1
68171,0033800002p15mrAAA,0.0,0,0.0,2190.0,0,0,0,1,0,1,0,0,0,0,0,1,1
68172,0033800002p15nGAAQ,0.0,0,11097.0,1460.0,0,0,0,0,1,0,0,0,0,1,0,1,1
68175,0033800002p16KqAAI,0.0,0,1715.0,1342.0,1,0,0,0,0,0,1,0,0,0,0,1,0
68184,0033800002p16nzAAA,0.0,0,0.0,7333.0,1,0,0,0,0,1,0,0,0,0,0,1,1
68188,0033800002p18LJAAY,0.0,0,0.0,8778.0,0,0,0,0,1,0,1,0,0,0,0,1,1
68189,0033800002p18noAAA,0.0,0,1192.0,1344.0,0,1,0,0,0,0,1,0,0,0,1,0,0
68192,0033800002p19DMAAY,0.0,0,0.0,7320.0,0,0,0,1,0,0,1,0,0,0,0,1,0
68194,0033800002p19KwAAI,0.0,0,0.0,2155.0,0,0,0,1,0,0,1,0,0,0,0,1,1
68200,0033800002p19eMAAQ,0.0,0,0.0,10076.0,0,0,0,0,1,0,1,0,0,0,0,1,0
68202,0033800002p19q5AAA,0.0,0,0.0,8430.0,0,0,0,0,1,0,0,0,0,1,1,0,1
68208,0033800002p1BRxAAM,0.0,0,0.0,5123.0,0,1,0,0,0,0,1,0,0,0,0,1,0
68209,0033800002p1BhUAAU,0.0,0,1775.0,1746.0,0,1,0,0,0,0,1,0,0,0,0,1,1
68212,0033800002p1CO2AAM,0.0,0,349.0,3644.0,0,0,0,1,0,0,0,0,0,1,0,1,1
68214,0033800002p1CTbAAM,0.0,10,2593.0,2859.0,0,1,0,0,0,0,1,0,0,0,1,0,1
68219,0033800002p1Dr5AAE,0.0,0,8.0,7862.0,1,0,0,0,0,1,0,0,0,0,0,1,1
68220,0033800002p1DuEAAU,0.0,70,2722.0,4551.0,0,0,0,1,0,0,0,0,1,0,0,1,1
68224,0033800002p1EYoAAM,0.0,0,0.0,4578.0,1,0,0,0,0,0,1,0,0,0,0,1,1
68225,0033800002p1Es2AAE,0.0,0,0.0,4892.0,1,0,0,0,0,0,1,0,0,0,0,1,1
68226,0033800002p1EvpAAE,0.0,0,0.0,4642.0,0,1,0,0,0,0,1,0,0,0,1,0,1
68228,0033800002p1EzDAAU,0.0,0,0.0,8663.0,1,0,0,0,0,1,0,0,0,0,0,1,1
68229,0033800002p1F0uAAE,0.0,0,0.0,8549.0,0,0,0,0,1,0,0,0,1,0,0,1,1
68236,0033800002p1GO0AAM,0.0,0,4151.0,2191.0,0,1,0,0,0,0,0,0,0,1,0,1,1
68245,0033800002p1HNcAAM,0.0,60,1223.0,3936.0,0,1,0,0,0,0,1,0,0,0,0,1,1
68247,0033800002p1HOaAAM,0.0,0,30.0,8135.0,0,0,0,1,0,0,1,0,0,0,0,1,0
68248,0033800002p1HOzAAM,0.0,100,1966.0,8258.0,0,0,0,0,1,0,1,0,0,0,0,1,0
68249,0033800002p1HPTAA2,0.0,0,0.0,8415.0,0,0,0,0,1,1,0,0,0,0,0,1,1
68250,0033800002p1HRAAA2,0.0,0,0.0,8444.0,0,0,0,0,1,1,0,0,0,0,0,1,1
68252,0033800002p1HVWAA2,0.0,0,0.0,1937.0,0,0,0,1,0,0,1,0,0,0,0,1,1
68253,0033800002p1HWoAAM,0.0,70,1652.0,1825.0,0,0,0,1,0,0,1,0,0,0,0,1,1
68254,0033800002p1HYfAAM,0.0,0,2895.0,2528.0,0,0,0,1,0,0,0,1,0,0,0,1,0
68255,0033800002p1HYpAAM,0.0,0,0.0,2922.0,0,0,0,1,0,1,0,0,0,0,0,1,0
68261,0033800002p1HdTAAU,0.0,0,0.0,8743.0,1,0,0,0,0,1,0,0,0,0,0,1,0
68262,0033800002p1HddAAE,0.0,0,0.0,7481.0,0,0,0,0,1,1,0,0,0,0,0,1,1
68271,0033800002p1JToAAM,0.0,0,0.0,9513.0,1,0,0,0,0,0,1,0,0,0,1,0,0
68274,0033800002p1JaQAAU,0.0,20,2107.0,2831.0,0,0,0,1,0,0,1,0,0,0,1,0,1
68276,0033800002p1JjtAAE,0.0,0,0.0,8649.0,0,1,0,0,0,1,0,0,0,0,0,1,0
68282,0033800002p1LGFAA2,0.0,0,0.0,7433.0,0,0,0,0,1,0,1,0,0,0,0,1,0
68283,0033800002p1LvRAAU,0.0,0,1021.0,3132.0,1,0,0,0,0,0,0,0,0,1,1,0,1
68285,0033800002p1LyQAAU,0.0,0,0.0,1285.0,0,1,0,0,0,0,1,0,0,0,1,0,0
68290,0033800002p1MLZAA2,0.0,0,10227.0,1110.0,0,0,0,0,1,1,0,0,0,0,0,1,0
68293,0033800002p1Ma5AAE,0.0,0,11890.0,2191.0,0,1,0,0,0,0,1,0,0,0,0,1,1
68295,0033800002p1MeRAAU,0.0,0,0.0,4175.0,0,0,0,0,1,0,1,0,0,0,0,1,1
68308,0033800002p1NJKAA2,0.0,0,0.0,3911.0,0,1,0,0,0,0,0,0,0,1,0,1,0
68310,0033800002p1NNvAAM,0.0,60,181.0,4077.0,1,0,0,0,0,0,1,0,0,0,0,1,1
68315,0033800002p1NXRAA2,0.0,0,0.0,8121.0,0,1,0,0,0,0,1,0,0,0,1,0,1
68318,0033800002p1OAEAA2,0.0,0,0.0,7316.0,0,0,0,1,0,0,1,0,0,0,0,1,1
68319,0033800002p1OZkAAM,0.0,0,0.0,7476.0,1,0,0,0,0,0,0,0,0,1,1,0,0
68321,0033800002p1OfdAAE,0.0,0,95.0,1460.0,0,0,0,0,1,0,0,0,1,0,0,1,0
68322,0033800002p1Pa2AAE,0.0,0,0.0,2099.0,0,0,0,1,0,0,1,0,0,0,0,1,1
68328,0033800002p1QwNAAU,0.0,100,0.0,9059.0,0,1,0,0,0,0,1,0,0,0,0,1,0
68329,0033800002p1R28AAE,0.0,90,0.0,7695.0,1,0,0,0,0,0,1,0,0,0,0,1,1
68331,0033800002p1R9cAAE,0.0,0,0.0,7757.0,0,0,0,1,0,0,0,0,0,1,0,1,0
68332,0033800002p1RCgAAM,0.0,0,0.0,11579.0,0,0,0,1,0,0,0,0,0,1,0,1,1
68333,0033800002p1RFpAAM,0.0,0,0.0,7673.0,0,0,0,1,0,0,0,0,0,1,0,1,1
68342,0033800002p1SfEAAU,0.0,90,443.0,3358.0,0,0,0,1,0,0,1,0,0,0,1,0,0
68344,0033800002p1SyAAAU,0.0,0,6189.0,1826.0,0,1,0,0,0,0,1,0,0,0,0,1,0
68347,0033800002p1TOsAAM,0.0,100,335.0,7421.0,1,0,0,0,0,0,0,0,1,0,0,1,0
68348,0033800002p1TRNAA2,0.0,0,182.0,11875.0,0,1,0,0,0,0,1,0,0,0,1,0,1
68349,0033800002p1TcfAAE,0.0,0,0.0,2070.0,1,0,0,0,0,0,1,0,0,0,0,1,1
68355,0033800002p1TkjAAE,0.0,0,0.0,1460.0,0,0,0,1,0,0,0,0,0,1,0,1,0
68356,0033800002p1TlcAAE,0.0,0,0.0,7924.0,0,1,0,0,0,1,0,0,0,0,1,0,1
68357,0033800002p1TnEAAU,0.0,0,42.0,2194.0,0,0,0,1,0,0,1,0,0,0,0,1,1
68358,0033800002p1U5pAAE,0.0,0,0.0,7488.0,1,0,0,0,0,1,0,0,0,0,0,1,1
68363,0033800002p1VskAAE,0.0,0,90.0,9598.0,0,0,0,0,1,0,0,0,0,1,0,1,0
68365,0033800002p1VynAAE,0.0,0,5597.0,730.0,0,0,0,1,0,0,1,0,0,0,0,1,0
68370,0033800002p1VysAAE,0.0,10,5721.0,1522.0,0,1,0,0,0,0,0,0,1,0,0,1,1
68372,0033800002p1VyuAAE,0.0,10,1423.0,1433.0,0,1,0,0,0,0,0,0,1,0,0,1,1
68376,0033800002p1VyyAAE,0.0,80,1976.0,8550.0,0,1,0,0,0,0,0,0,1,0,0,1,1
68377,0033800002p1VyzAAE,0.0,0,4017.0,1096.0,0,0,0,1,0,0,1,0,0,0,0,1,1
68381,0033800002p1Vz3AAE,0.0,30,881.0,3287.0,0,0,0,1,0,0,0,0,1,0,0,1,1
68383,0033800002p1Vz5AAE,0.0,80,2434.0,3652.0,0,0,0,1,0,0,0,0,0,1,0,1,0
68384,0033800002p1Vz6AAE,0.0,0,15737.0,1461.0,0,1,0,0,0,1,0,0,0,0,0,1,0
68394,0033800002p1VzGAAU,0.0,30,29.0,2922.0,1,0,0,0,0,0,1,0,0,0,1,0,1
68396,0033800002p1VzIAAU,0.0,0,4811.0,1680.0,0,0,0,0,1,0,0,0,0,1,0,1,0
68398,0033800002p1VzKAAU,0.0,0,4094.0,1659.0,0,1,0,0,0,0,1,0,0,0,0,1,1
68399,0033800002p1VzLAAU,0.0,80,1649.0,2938.0,0,1,0,0,0,0,0,0,1,0,0,1,1
68401,0033800002p1VzNAAU,0.0,0,170.0,3727.0,0,0,0,1,0,1,0,0,0,0,0,1,1
68402,0033800002p1VzOAAU,0.0,0,5237.0,1826.0,1,0,0,0,0,0,0,0,0,1,1,0,0
68407,0033800002p1VzTAAU,0.0,0,1246.0,1461.0,0,0,0,1,0,0,1,0,0,0,0,1,0
68409,0033800002p1VzVAAU,0.0,70,8411.0,5351.0,0,0,0,0,1,0,0,0,0,1,0,1,1
68418,0033800002p1WCmAAM,0.0,30,4476.0,1460.0,0,1,0,0,0,0,0,0,1,0,0,1,1
68420,0033800002p1WI6AAM,0.0,0,0.0,11696.0,0,0,0,0,1,0,1,0,0,0,0,1,1
68422,0033800002p1WPHAA2,0.0,0,0.0,2736.0,0,0,0,1,0,1,0,0,0,0,1,0,0
68424,0033800002p1WSzAAM,0.0,0,187.0,2518.0,1,0,0,0,0,0,0,0,1,0,0,1,1
68428,0033800002p1WmyAAE,0.0,0,0.0,9510.0,1,0,0,0,0,1,0,0,0,0,0,1,1
68431,0033800002p1XHrAAM,0.0,0,0.0,7314.0,0,0,0,0,1,0,0,0,0,1,0,1,1
68434,0033800002p1XHvAAM,0.0,10,1675.0,1826.0,1,0,0,0,0,0,0,0,1,0,0,1,1
68435,0033800002p1XHwAAM,0.0,0,0.0,7413.0,0,0,0,0,1,0,1,0,0,0,0,1,1
68437,0033800002p1XHyAAM,0.0,0,0.0,1825.0,0,0,0,0,1,0,0,0,1,0,1,0,1
68439,0033800002p1XI0AAM,0.0,0,883.0,3106.0,1,0,0,0,0,0,1,0,0,0,0,1,1
68445,0033800002p1XI7AAM,0.0,0,144.0,6874.0,0,0,0,1,0,1,0,0,0,0,1,0,1
68456,0033800002p1XIIAA2,0.0,80,336.0,9524.0,0,0,0,0,1,1,0,0,0,0,0,1,1
68459,0033800002p1XILAA2,0.0,0,0.0,1899.0,0,0,0,0,1,0,1,0,0,0,0,1,1
68463,0033800002p1XIPAA2,0.0,0,0.0,7226.0,1,0,0,0,0,0,1,0,0,0,1,0,1
68470,0033800002p1XIZAA2,0.0,0,725.0,4771.0,0,0,0,1,0,0,1,0,0,0,1,0,0
68472,0033800002p1XIbAAM,0.0,0,0.0,9985.0,0,0,0,0,1,0,1,0,0,0,0,1,1
68476,0033800002p1XIgAAM,0.0,20,3509.0,1673.0,0,1,0,0,0,1,0,0,0,0,1,0,0
68478,0033800002p1XIiAAM,0.0,0,1235.0,1460.0,0,1,0,0,0,0,0,0,0,1,0,1,1
68483,0033800002p1XInAAM,0.0,0,30.0,7913.0,0,0,0,0,1,1,0,0,0,0,0,1,1
68486,0033800002p1XIqAAM,0.0,80,2344.0,7308.0,0,1,0,0,0,0,0,0,0,1,1,0,0
68488,0033800002p1XIsAAM,0.0,0,2266.0,3045.0,0,1,0,0,0,0,1,0,0,0,0,1,1
68489,0033800002p1XItAAM,0.0,0,5275.0,2022.0,0,1,0,0,0,0,1,0,0,0,0,1,0
68490,0033800002p1XIuAAM,0.0,80,123.0,4207.0,0,0,1,0,0,0,1,0,0,0,0,1,1
68492,0033800002p1XIwAAM,0.0,0,547.0,8431.0,0,0,1,0,0,1,0,0,0,0,0,1,1
68497,0033800002p1YUsAAM,0.0,0,0.0,1432.0,0,0,0,1,0,0,0,0,1,0,0,1,0
68498,0033800002p1Yg4AAE,0.0,0,1767.0,2657.0,0,0,0,1,0,0,0,0,0,1,0,1,1
68503,0033800002p1ZZTAA2,0.0,0,0.0,4982.0,0,0,0,1,0,0,0,0,0,1,0,1,1
68505,0033800002p1ZeYAAU,0.0,0,0.0,8773.0,0,0,0,1,0,0,0,0,0,1,0,1,0
68508,0033800002p1Zm1AAE,0.0,0,0.0,7309.0,0,0,0,0,1,1,0,0,0,0,0,1,1
68511,0033800002p1aH8AAI,0.0,0,0.0,4429.0,0,0,0,1,0,0,1,0,0,0,0,1,1
68512,0033800002p1aIfAAI,0.0,0,0.0,7330.0,0,0,0,1,0,0,0,0,1,0,0,1,1
68515,0033800002p1aVRAAY,0.0,0,673.0,1460.0,0,0,0,1,0,0,0,0,0,1,0,1,1
68516,0033800002p1ai6AAA,0.0,0,0.0,7548.0,0,1,0,0,0,0,1,0,0,0,0,1,1
68517,0033800002p1b8nAAA,0.0,70,111.0,2821.0,0,0,0,1,0,0,0,0,0,1,0,1,1
68520,0033800002p1bVIAAY,0.0,80,1490.0,11310.0,0,0,0,0,1,0,1,0,0,0,0,1,1
68521,0033800002p1blMAAQ,0.0,0,409.0,5114.0,1,0,0,0,0,0,0,0,0,1,1,0,0
68523,0033800002p1cBjAAI,0.0,0,0.0,7325.0,0,1,0,0,0,0,0,0,0,1,0,1,1
68526,0033800002p1cNGAAY,0.0,100,1610.0,5143.0,0,0,0,1,0,0,1,0,0,0,0,1,1
68529,0033800002p1caXAAQ,0.0,0,0.0,5146.0,1,0,0,0,0,1,0,0,0,0,1,0,1
68530,0033800002p1cb6AAA,0.0,0,0.0,4220.0,0,0,0,1,0,0,1,0,0,0,0,1,1
68531,0033800002p1ce5AAA,0.0,0,0.0,5149.0,1,0,0,0,0,1,0,0,0,0,1,0,1
68533,0033800002p1cgfAAA,0.0,0,3408.0,2374.0,1,0,0,0,0,1,0,0,0,0,0,1,1
68540,0033800002p1cuwAAA,0.0,100,0.0,3092.0,0,0,0,1,0,0,1,0,0,0,1,0,0
68545,0033800002p1d7tAAA,0.0,100,1177.0,3065.0,0,0,0,1,0,0,1,0,0,0,0,1,0
68546,0033800002p1dATAAY,0.0,0,0.0,11614.0,0,0,0,1,0,0,1,0,0,0,0,1,0
68550,0033800002p1driAAA,0.0,0,97.0,3773.0,1,0,0,0,0,0,1,0,0,0,0,1,1
68556,0033800002p1eGOAAY,0.0,0,0.0,7331.0,0,0,0,1,0,0,1,0,0,0,0,1,1
68563,0033800002p1f2AAAQ,0.0,0,0.0,10078.0,0,1,0,0,0,0,1,0,0,0,0,1,0
68564,0033800002p1f6dAAA,0.0,0,0.0,7310.0,0,0,0,1,0,0,1,0,0,0,0,1,1
68573,0033800002p1fgAAAQ,0.0,0,0.0,7590.0,1,0,0,0,0,0,1,0,0,0,0,1,1
68586,0033800002p1gUpAAI,0.0,0,344.0,3558.0,0,1,0,0,0,0,1,0,0,0,0,1,0
68591,0033800002p1h87AAA,0.0,0,0.0,9524.0,0,1,0,0,0,0,0,0,0,1,0,1,0
68594,0033800002p1hGuAAI,0.0,0,0.0,8929.0,0,1,0,0,0,1,0,0,0,0,0,1,1
68595,0033800002p1hHJAAY,0.0,0,0.0,1168.0,0,0,0,1,0,0,1,0,0,0,0,1,1
68602,0033800002p1hYsAAI,0.0,0,0.0,7202.0,0,0,0,0,1,0,1,0,0,0,0,1,0
68609,0033800002p1hzeAAA,0.0,0,0.0,7980.0,0,1,0,0,0,1,0,0,0,0,0,1,1
68613,0033800002p1i8CAAQ,0.0,50,8491.0,1288.0,1,0,0,0,0,1,0,0,0,0,1,0,0
68624,0033800002p1jlRAAQ,0.0,0,0.0,7733.0,0,0,0,0,1,1,0,0,0,0,0,1,0
68627,0033800002p1jyDAAQ,0.0,0,1414.0,2176.0,0,0,0,1,0,0,1,0,0,0,0,1,1
68631,0033800002p1k8wAAA,0.0,60,1850.0,4903.0,0,0,0,1,0,0,1,0,0,0,0,1,0
68634,0033800002p1kG2AAI,0.0,0,0.0,2251.0,0,0,0,1,0,0,1,0,0,0,0,1,1
68635,0033800002p1kHPAAY,0.0,0,0.0,3906.0,1,0,0,0,0,0,0,1,0,0,0,1,1
68647,0033800002p1ltmAAA,0.0,0,0.0,10096.0,0,0,0,0,1,0,1,0,0,0,0,1,0
68649,0033800002p1mBwAAI,0.0,0,1216.0,5768.0,1,0,0,0,0,1,0,0,0,0,0,1,0
68655,0033800002p1ma0AAA,0.0,0,0.0,9160.0,0,0,0,1,0,0,1,0,0,0,0,1,1
68657,0033800002p1mk2AAA,0.0,0,0.0,2651.0,0,1,0,0,0,0,0,0,0,1,1,0,0
68658,0033800002p1mk7AAA,0.0,0,535.0,8317.0,0,0,0,0,1,0,1,0,0,0,0,1,1
68661,0033800002p1nIIAAY,0.0,0,0.0,7683.0,0,0,0,1,0,0,1,0,0,0,0,1,1
68662,0033800002p1nOLAAY,0.0,0,457.0,10569.0,0,0,0,0,1,0,1,0,0,0,0,1,1
68665,0033800002p1nbzAAA,0.0,0,0.0,4418.0,0,0,0,0,1,0,1,0,0,0,0,1,1
68667,0033800002p1ndlAAA,0.0,0,0.0,10683.0,0,1,0,0,0,0,1,0,0,0,0,1,1
68668,0033800002p1nejAAA,0.0,0,0.0,7309.0,0,1,0,0,0,0,1,0,0,0,0,1,0
68669,0033800002p1nhyAAA,0.0,0,0.0,11075.0,0,1,0,0,0,0,1,0,0,0,0,1,1
68673,0033800002p1o4iAAA,0.0,0,0.0,3006.0,1,0,0,0,0,0,1,0,0,0,1,0,1
68676,0033800002p1oMwAAI,0.0,0,0.0,5862.0,0,0,0,0,1,0,1,0,0,0,1,0,0
68678,0033800002p1oaFAAQ,0.0,0,0.0,7319.0,1,0,0,0,0,0,0,0,0,1,0,1,1
68679,0033800002p1obEAAQ,0.0,0,0.0,8038.0,0,0,0,1,0,0,0,0,0,1,0,1,0
68681,0033800002p1ofUAAQ,0.0,0,0.0,2300.0,0,1,0,0,0,0,1,0,0,0,0,1,1
68682,0033800002p1p6VAAQ,0.0,0,0.0,7777.0,0,0,0,0,1,0,1,0,0,0,0,1,1
68687,0033800002p1pupAAA,0.0,0,4566.0,7389.0,0,1,0,0,0,1,0,0,0,0,0,1,1
68688,0033800002p1q2oAAA,0.0,0,0.0,3397.0,0,0,0,1,0,0,0,0,1,0,0,1,0
68689,0033800002p1qBbAAI,0.0,0,0.0,10582.0,0,0,0,0,1,0,1,0,0,0,0,1,1
68690,0033800002p1qJLAAY,0.0,30,4108.0,9547.0,0,0,0,0,1,0,1,0,0,0,0,1,1
68692,0033800002p1qc8AAA,0.0,0,184.0,7308.0,0,0,0,1,0,0,1,0,0,0,1,0,0
68695,0033800002p1ql6AAA,0.0,0,0.0,5114.0,0,1,0,0,0,0,0,0,0,1,0,1,0
68696,0033800002p1qnHAAQ,0.0,0,0.0,5693.0,1,0,0,0,0,1,0,0,0,0,0,1,1
68700,0033800002p1rCCAAY,0.0,0,0.0,7493.0,0,1,0,0,0,1,0,0,0,0,0,1,1
68701,0033800002p1rEDAAY,0.0,0,0.0,1207.0,0,0,0,1,0,0,1,0,0,0,0,1,0
68712,0033800002p1s94AAA,0.0,0,0.0,1324.0,0,1,0,0,0,0,1,0,0,0,1,0,1
68716,0033800002p1swOAAQ,0.0,0,0.0,7298.0,0,0,1,0,0,0,0,0,1,0,0,1,0
68718,0033800002p1tfUAAQ,0.0,0,0.0,5902.0,1,0,0,0,0,1,0,0,0,0,0,1,1
68720,0033800002p1tjKAAQ,0.0,90,795.0,3464.0,0,0,0,1,0,0,1,0,0,0,0,1,0
68725,0033800002p1uMxAAI,0.0,0,0.0,8493.0,0,0,0,0,1,1,0,0,0,0,0,1,1
68731,0033800002p1vCHAAY,0.0,90,275.0,5863.0,0,0,0,1,0,0,0,0,1,0,0,1,1
68734,0033800002p1vdJAAQ,0.0,0,0.0,4849.0,0,0,0,1,0,0,1,0,0,0,0,1,1
68740,0033800002p1w8oAAA,0.0,30,1953.0,2160.0,0,1,0,0,0,0,1,0,0,0,1,0,1
68742,0033800002p1wLFAAY,0.0,0,0.0,8469.0,1,0,0,0,0,1,0,0,0,0,0,1,1
68752,0033800002p1wnKAAQ,0.0,0,485.0,11649.0,1,0,0,0,0,0,1,0,0,0,0,1,0
68754,0033800002p1xAEAAY,0.0,0,2207.0,1123.0,0,0,0,1,0,1,0,0,0,0,0,1,1
68763,0033800002p1xG5AAI,0.0,0,1431.0,5182.0,0,1,0,0,0,1,0,0,0,0,1,0,1
68766,0033800002p1xG9AAI,0.0,0,0.0,5127.0,1,0,0,0,0,0,1,0,0,0,0,1,1
68775,0033800002p1xGIAAY,0.0,0,1817.0,4248.0,0,1,0,0,0,1,0,0,0,0,0,1,1
68776,0033800002p1xGJAAY,0.0,0,41.0,2892.0,0,0,0,1,0,0,0,0,0,1,0,1,1
68782,0033800002p1xGPAAY,0.0,0,403.0,1515.0,0,0,0,0,1,0,0,0,1,0,0,1,1
68785,0033800002p1xGSAAY,0.0,100,113.0,10987.0,0,1,0,0,0,1,0,0,0,0,0,1,0
68787,0033800002p1xGUAAY,0.0,60,1745.0,3069.0,0,0,0,0,1,0,1,0,0,0,1,0,1
68789,0033800002p1xGWAAY,0.0,0,0.0,11040.0,0,0,0,0,1,0,1,0,0,0,0,1,1
68795,0033800002p1xGcAAI,0.0,0,0.0,10897.0,0,0,0,0,1,0,1,0,0,0,0,1,0
68797,0033800002p1xGeAAI,0.0,0,220.0,8402.0,1,0,0,0,0,1,0,0,0,0,0,1,0
68800,0033800002p1xGhAAI,0.0,0,80.0,8780.0,0,1,0,0,0,0,1,0,0,0,0,1,1
68811,0033800002p1xGtAAI,0.0,0,0.0,1460.0,0,0,0,0,1,0,1,0,0,0,0,1,0
68813,0033800002p1xGvAAI,0.0,10,129.0,6986.0,0,0,0,0,1,0,0,0,0,1,0,1,1
68816,0033800002p1xGyAAI,0.0,0,2109.0,4079.0,0,0,0,0,1,0,1,0,0,0,0,1,1
68818,0033800002p1xH1AAI,0.0,10,2170.0,2190.0,0,0,0,1,0,1,0,0,0,0,0,1,1
68824,0033800002p1xH7AAI,0.0,40,499.0,3788.0,0,1,0,0,0,0,1,0,0,0,0,1,1
68832,0033800002p1xHFAAY,0.0,0,6.0,11614.0,0,0,0,0,1,0,1,0,0,0,0,1,1
68834,0033800002p1xHHAAY,0.0,100,378.0,9225.0,0,1,0,0,0,0,1,0,0,0,0,1,1
68835,0033800002p1xHIAAY,0.0,0,3807.0,1645.0,0,1,0,0,0,1,0,0,0,0,1,0,1
68841,0033800002p1xdJAAQ,0.0,0,0.0,11300.0,0,1,0,0,0,0,1,0,0,0,0,1,1
68848,0033800002p1xmBAAQ,0.0,0,4808.0,7671.0,0,0,0,0,1,0,0,1,0,0,1,0,0
68852,0033800002p1y46AAA,0.0,0,46.0,5688.0,0,0,0,0,1,1,0,0,0,0,1,0,1
68857,0033800002p1yNdAAI,0.0,0,0.0,2142.0,0,0,0,1,0,0,0,0,1,0,0,1,0
68858,0033800002p1yOWAAY,0.0,100,0.0,7400.0,1,0,0,0,0,1,0,0,0,0,0,1,1
68859,0033800002p1ySXAAY,0.0,0,0.0,11304.0,0,0,0,0,1,0,0,0,0,1,0,1,0
68864,0033800002p1zPWAAY,0.0,0,0.0,8774.0,0,0,0,0,1,0,0,0,0,1,0,1,1
68865,0033800002p1zPlAAI,0.0,0,0.0,10827.0,0,0,0,0,1,0,1,0,0,0,0,1,1
68866,0033800002p1zQUAAY,0.0,0,0.0,9654.0,0,0,0,1,0,0,0,0,1,0,0,1,1
68868,0033800002p1zd0AAA,0.0,0,1796.0,3216.0,0,1,0,0,0,0,0,0,0,1,0,1,0
68872,0033800002p20DGAAY,0.0,0,154.0,2071.0,0,0,0,1,0,0,1,0,0,0,0,1,0
68874,0033800002p20DaAAI,0.0,0,1723.0,6021.0,0,1,0,0,0,0,1,0,0,0,0,1,1
68875,0033800002p20DfAAI,0.0,0,0.0,7809.0,0,0,0,0,1,0,1,0,0,0,0,1,1
68888,0033800002p20arAAA,0.0,0,260.0,1826.0,0,1,0,0,0,0,1,0,0,0,0,1,1
68890,0033800002p20buAAA,0.0,0,0.0,7600.0,0,1,0,0,0,0,0,0,1,0,0,1,0
68893,0033800002p20gvAAA,0.0,0,0.0,2192.0,0,1,0,0,0,0,0,0,0,1,0,1,1
68898,0033800002p20mPAAQ,0.0,0,0.0,3085.0,0,0,0,0,1,0,1,0,0,0,0,1,1
68903,0033800002p20pEAAQ,0.0,0,0.0,4372.0,0,1,0,0,0,0,0,1,0,0,1,0,1
68905,0033800002p20zTAAQ,0.0,0,0.0,7892.0,1,0,0,0,0,0,0,0,0,1,0,1,1
68909,0033800002p216ZAAQ,0.0,0,0.0,1256.0,0,0,0,1,0,0,1,0,0,0,0,1,1
68912,0033800002p22EWAAY,0.0,0,0.0,1825.0,0,0,0,1,0,0,0,0,0,1,0,1,1
68913,0033800002p22IOAAY,0.0,50,139.0,3706.0,0,1,0,0,0,0,0,0,0,1,1,0,1
68932,0033800002p239LAAQ,0.0,0,0.0,7959.0,0,1,0,0,0,0,0,0,0,1,0,1,1
68934,0033800002p23MjAAI,0.0,0,0.0,3915.0,1,0,0,0,0,0,1,0,0,0,1,0,1
68938,0033800002p23iLAAQ,0.0,0,0.0,2931.0,0,0,0,0,1,1,0,0,0,0,0,1,1
68942,0033800002p23uCAAQ,0.0,20,816.0,3286.0,0,0,0,1,0,0,1,0,0,0,0,1,0
68943,0033800002p241XAAQ,0.0,0,0.0,7958.0,0,0,0,1,0,0,1,0,0,0,0,1,0
68946,0033800002p24JRAAY,0.0,0,0.0,7308.0,0,1,0,0,0,0,1,0,0,0,0,1,0
68948,0033800002p24gAAAQ,0.0,0,2313.0,2191.0,0,0,0,1,0,0,1,0,0,0,0,1,1
68949,0033800002p24h3AAA,0.0,80,1316.0,5897.0,0,1,0,0,0,0,1,0,0,0,0,1,0
68953,0033800002p2525AAA,0.0,0,0.0,9264.0,0,0,0,1,0,0,1,0,0,0,0,1,1
68959,0033800002p25hBAAQ,0.0,0,0.0,7305.0,0,0,0,0,1,1,0,0,0,0,0,1,1
68970,0033800002p26R8AAI,0.0,0,0.0,1461.0,0,0,0,1,0,0,1,0,0,0,1,0,0
68973,0033800002p26agAAA,0.0,0,9.0,5841.0,0,0,0,1,0,0,1,0,0,0,0,1,1
68985,0033800002p27WeAAI,0.0,40,828.0,6830.0,0,0,0,1,0,0,1,0,0,0,0,1,1
68986,0033800002p27YuAAI,0.0,80,803.0,4525.0,0,1,0,0,0,1,0,0,0,0,1,0,0
68988,0033800002p27dGAAQ,0.0,0,0.0,7313.0,0,0,0,1,0,0,0,0,1,0,0,1,0
68993,0033800002p29eRAAQ,0.0,90,756.0,8766.0,0,1,0,0,0,0,0,0,0,1,1,0,1
68994,0033800002p29gCAAQ,0.0,0,0.0,10958.0,0,0,0,0,1,0,0,0,0,1,0,1,0
68999,0033800002q36e7AAA,0.0,0,0.0,1262.0,0,0,0,1,0,0,1,0,0,0,0,1,1
69004,0033800002q36kZAAQ,0.0,0,7020.0,2709.0,0,0,0,1,0,0,0,0,1,0,0,1,0
69011,0033800002q39VnAAI,0.0,0,0.0,7745.0,0,0,0,0,1,0,1,0,0,0,1,0,0
69012,0033800002q39blAAA,0.0,0,66.0,10047.0,0,0,0,0,1,0,0,0,0,1,0,1,0
69013,0033800002q39hgAAA,0.0,100,4259.0,1460.0,0,1,0,0,0,0,0,0,1,0,0,1,1
69017,0033800002q39vxAAA,0.0,0,380.0,1187.0,1,0,0,0,0,0,1,0,0,0,1,0,1
69020,0033800002q39ymAAA,0.0,0,62.0,2025.0,0,0,0,0,1,1,0,0,0,0,1,0,1
69023,0033800002q3A9fAAE,0.0,80,2941.0,3287.0,0,1,0,0,0,1,0,0,0,0,0,1,0
69034,0033800002q3AqgAAE,0.0,0,0.0,9516.0,1,0,0,0,0,1,0,0,0,0,0,1,1
69036,0033800002q3B1bAAE,0.0,0,36.0,7695.0,0,0,0,1,0,0,1,0,0,0,0,1,1
69037,0033800002q3B4IAAU,0.0,0,2867.0,1165.0,0,0,0,1,0,0,1,0,0,0,0,1,0
69038,0033800002q3B6TAAU,0.0,70,91.0,4535.0,0,0,0,1,0,0,1,0,0,0,0,1,0
69045,0033800002q3BiFAAU,0.0,100,462.0,10470.0,0,0,0,1,0,0,1,0,0,0,0,1,1
69047,0033800002q3BkBAAU,0.0,0,802.0,6531.0,0,1,0,0,0,0,1,0,0,0,0,1,1
69050,0033800002q3BpcAAE,0.0,0,0.0,1282.0,0,0,0,1,0,0,0,0,0,1,0,1,0
69051,0033800002q3BqVAAU,0.0,0,1303.0,1461.0,1,0,0,0,0,0,0,0,0,1,0,1,1
69052,0033800002q3BvXAAU,0.0,0,16.0,1987.0,1,0,0,0,0,0,1,0,0,0,0,1,1
69057,0033800002q3C33AAE,0.0,0,0.0,1460.0,0,1,0,0,0,0,1,0,0,0,0,1,0
69059,0033800002q3C7PAAU,0.0,0,1811.0,2453.0,0,0,0,0,1,0,1,0,0,0,1,0,1
69060,0033800002q3CBpAAM,0.0,60,2698.0,1690.0,0,0,0,1,0,0,1,0,0,0,0,1,0
69061,0033800002q3CPhAAM,0.0,40,180.0,1178.0,0,1,0,0,0,0,1,0,0,0,0,1,1
69063,0033800002q3CTTAA2,0.0,0,257.0,1856.0,0,1,0,0,0,0,0,0,0,1,0,1,0
69065,0033800002q3Ca3AAE,0.0,0,0.0,1571.0,0,1,0,0,0,0,1,0,0,0,0,1,0
69069,0033800002q3CpgAAE,0.0,0,0.0,2191.0,0,0,0,1,0,1,0,0,0,0,0,1,1
69072,0033800002q3CyiAAE,0.0,0,0.0,1216.0,0,0,0,1,0,0,1,0,0,0,0,1,0
69073,0033800002q3D0FAAU,0.0,0,1274.0,1113.0,1,0,0,0,0,0,1,0,0,0,0,1,0
69076,0033800002q3D9bAAE,0.0,0,0.0,1206.0,0,0,0,1,0,0,1,0,0,0,0,1,1
69077,0033800002q3DCLAA2,0.0,0,0.0,3652.0,0,0,0,1,0,0,1,0,0,0,0,1,0
69078,0033800002q3DCaAAM,0.0,90,492.0,3954.0,0,1,0,0,0,1,0,0,0,0,0,1,1
69080,0033800002q3DE0AAM,0.0,0,4116.0,2190.0,0,1,0,0,0,1,0,0,0,0,0,1,0
69081,0033800002q3DGuAAM,0.0,10,5034.0,1096.0,0,1,0,0,0,0,1,0,0,0,1,0,0
69083,0033800002q3DLuAAM,0.0,0,0.0,7625.0,0,0,0,1,0,0,1,0,0,0,0,1,0
69090,0033800002q3DbSAAU,0.0,0,0.0,7332.0,0,0,0,1,0,0,1,0,0,0,0,1,1
69091,0033800002q3DfSAAU,0.0,0,2449.0,4495.0,0,0,0,1,0,0,1,0,0,0,0,1,0
69092,0033800002q3EB6AAM,0.0,0,7.0,5579.0,0,1,0,0,0,0,1,0,0,0,1,0,1
69095,0033800002q3Ex1AAE,0.0,0,0.0,1826.0,0,0,0,1,0,0,1,0,0,0,0,1,1
69096,0033800002q3EyiAAE,0.0,90,1903.0,5414.0,1,0,0,0,0,0,1,0,0,0,0,1,1
69104,0033800002q3FyYAAU,0.0,0,0.0,7328.0,0,1,0,0,0,1,0,0,0,0,1,0,1
69105,0033800002q3G65AAE,0.0,0,0.0,8982.0,0,0,0,1,0,0,0,0,0,1,0,1,1
69109,0033800002q3GSOAA2,0.0,90,466.0,7934.0,0,0,0,0,1,0,1,0,0,0,0,1,1
69110,0033800002q3GTYAA2,0.0,0,0.0,5902.0,0,1,0,0,0,0,1,0,0,0,1,0,1
69111,0033800002q3GTsAAM,0.0,30,2928.0,1825.0,0,0,0,1,0,0,1,0,0,0,1,0,1
69112,0033800002q3GU7AAM,0.0,0,0.0,8054.0,0,0,0,0,1,1,0,0,0,0,0,1,1
69114,0033800002q3GYBAA2,0.0,0,1258.0,4005.0,0,1,0,0,0,0,1,0,0,0,1,0,0
69117,0033800002q3HEjAAM,0.0,0,0.0,7317.0,1,0,0,0,0,1,0,0,0,0,0,1,1
69118,0033800002q3HOAAA2,0.0,0,0.0,9027.0,1,0,0,0,0,0,0,1,0,0,0,1,0
69124,0033800002q3HiKAAU,0.0,0,0.0,8796.0,0,0,0,0,1,1,0,0,0,0,0,1,1
69131,0033800002q3HxPAAU,0.0,0,0.0,9423.0,0,0,0,1,0,0,1,0,0,0,0,1,1
69132,0033800002q3ICKAA2,0.0,0,2104.0,1828.0,0,0,0,1,0,0,0,0,1,0,0,1,0
69135,0033800002q3IahAAE,0.0,0,0.0,7301.0,0,0,0,1,0,0,1,0,0,0,0,1,1
69140,0033800002q3Ip0AAE,0.0,0,0.0,8261.0,1,0,0,0,0,0,1,0,0,0,0,1,0
69141,0033800002q3IqcAAE,0.0,0,0.0,6207.0,0,0,0,1,0,0,1,0,0,0,0,1,1
69142,0033800002q3IxKAAU,0.0,70,1377.0,7331.0,1,0,0,0,0,1,0,0,0,0,1,0,1
69144,0033800002q3J6lAAE,0.0,0,3319.0,4814.0,0,1,0,0,0,1,0,0,0,0,1,0,1
69157,0033800002q3Kq4AAE,0.0,50,1901.0,2792.0,0,1,0,0,0,0,1,0,0,0,0,1,0
69158,0033800002q3KsFAAU,0.0,0,0.0,10972.0,1,0,0,0,0,0,0,0,0,1,0,1,0
69159,0033800002q3Kv9AAE,0.0,0,7.0,3757.0,0,1,0,0,0,0,1,0,0,0,1,0,1
69162,0033800002q3L4LAAU,0.0,0,1325.0,7308.0,0,1,0,0,0,0,0,0,0,1,0,1,1
69167,0033800002q3LKyAAM,0.0,90,2413.0,7331.0,0,1,0,0,0,0,0,0,0,1,0,1,1
69168,0033800002q3LMfAAM,0.0,0,0.0,2311.0,0,0,0,1,0,1,0,0,0,0,0,1,1
69171,0033800002q3MnYAAU,0.0,0,0.0,8353.0,0,0,0,0,1,0,1,0,0,0,0,1,1
69174,0033800002q3N4kAAE,0.0,0,0.0,8158.0,0,0,0,1,0,0,1,0,0,0,0,1,1
69175,0033800002q3N6WAAU,0.0,100,0.0,889.0,0,0,0,0,1,0,1,0,0,0,0,1,1
69176,0033800002q3NFCAA2,0.0,100,254.0,1832.0,0,0,0,0,1,0,1,0,0,0,1,0,1
69178,0033800002q3Na0AAE,0.0,0,0.0,1868.0,0,0,0,1,0,0,1,0,0,0,0,1,0
69182,0033800002q3No4AAE,0.0,0,6673.0,3741.0,0,1,0,0,0,0,0,0,0,1,0,1,1
69189,0033800002q3NoBAAU,0.0,0,888.0,1461.0,0,0,0,1,0,0,0,0,1,0,0,1,1
69193,0033800002q3NoFAAU,0.0,0,3902.0,2922.0,0,0,0,1,0,1,0,0,0,0,0,1,1
69194,0033800002q3NoGAAU,0.0,30,1832.0,8766.0,0,1,0,0,0,0,1,0,0,0,0,1,1
69199,0033800002q3NoLAAU,0.0,40,2021.0,1368.0,0,0,0,1,0,0,0,0,0,1,0,1,0
69200,0033800002q3NsLAAU,0.0,0,2655.0,1460.0,1,0,0,0,0,0,0,0,0,1,1,0,1
69201,0033800002q3NzvAAE,0.0,0,0.0,8474.0,1,0,0,0,0,0,1,0,0,0,0,1,1
69204,0033800002q3ODkAAM,0.0,0,1120.0,1786.0,0,0,0,0,1,0,1,0,0,0,1,0,1
69207,0033800002q3OM8AAM,0.0,30,2570.0,9048.0,0,0,0,0,1,1,0,0,0,0,0,1,1
69208,0033800002q3OMcAAM,0.0,0,0.0,1107.0,0,0,0,1,0,0,1,0,0,0,0,1,0
69209,0033800002q3OPvAAM,0.0,0,0.0,1920.0,0,0,0,1,0,0,1,0,0,0,0,1,0
69215,0033800002q3PhRAAU,0.0,0,0.0,9500.0,0,1,0,0,0,0,0,0,0,1,0,1,1
69216,0033800002q3PkzAAE,0.0,50,0.0,4458.0,1,0,0,0,0,0,1,0,0,0,0,1,1
69220,0033800002q3Q3WAAU,0.0,0,0.0,6101.0,0,0,0,1,0,0,1,0,0,0,0,1,0
69224,0033800002q3QROAA2,0.0,0,0.0,3363.0,0,0,0,1,0,0,1,0,0,0,0,1,1
69226,0033800002q3QhrAAE,0.0,100,6147.0,742.0,0,0,0,0,1,0,1,0,0,0,0,1,1
69227,0033800002q3QtNAAU,0.0,0,0.0,10974.0,0,0,0,0,1,0,1,0,0,0,0,1,1
69239,0033800002q3StNAAU,0.0,80,44.0,4563.0,0,1,0,0,0,0,1,0,0,0,1,0,1
69240,0033800002q3TCAAA2,0.0,0,0.0,1504.0,0,0,0,1,0,0,1,0,0,0,0,1,1
69267,0033800002q3TQlAAM,0.0,0,0.0,10963.0,0,0,0,0,1,0,0,0,1,0,0,1,1
69270,0033800002q3TbrAAE,0.0,0,0.0,7948.0,1,0,0,0,0,0,1,0,0,0,0,1,0
69272,0033800002q3TuTAAU,0.0,0,3324.0,1460.0,0,0,0,0,1,0,0,0,1,0,0,1,1
69273,0033800002q3Tw5AAE,0.0,0,305.0,1514.0,0,0,0,1,0,0,0,0,0,1,0,1,1
69274,0033800002q3U9JAAU,0.0,0,0.0,3185.0,0,0,0,1,0,0,0,0,0,1,0,1,0
69275,0033800002q3UB5AAM,0.0,80,1895.0,8046.0,0,0,0,0,1,1,0,0,0,0,0,1,0
69276,0033800002q3UBoAAM,0.0,0,0.0,9498.0,1,0,0,0,0,0,1,0,0,0,0,1,0
69277,0033800002q3UGZAA2,0.0,0,0.0,8147.0,1,0,0,0,0,0,0,0,0,1,0,1,1
69280,0033800002q3UiTAAU,0.0,50,493.0,7374.0,0,1,0,0,0,1,0,0,0,0,0,1,1
69283,0033800002q3UvrAAE,0.0,0,0.0,8406.0,1,0,0,0,0,0,0,0,0,1,0,1,1
69285,0033800002q3V2gAAE,0.0,0,0.0,3537.0,0,0,0,0,1,0,0,0,0,1,1,0,0
69287,0033800002q3V4XAAU,0.0,80,76.0,7738.0,1,0,0,0,0,0,1,0,0,0,0,1,1
69288,0033800002q3VF6AAM,0.0,0,0.0,11018.0,0,0,0,0,1,0,0,0,0,1,0,1,1
69293,0033800002q3VZuAAM,0.0,50,4360.0,7330.0,0,0,0,0,1,0,0,0,0,1,1,0,0
69296,0033800002q3W07AAE,0.0,0,0.0,7921.0,0,0,0,0,1,0,0,0,0,1,0,1,1
69298,0033800002q3W5MAAU,0.0,0,0.0,2252.0,0,0,0,1,0,0,0,0,0,1,0,1,1
69299,0033800002q3W78AAE,0.0,0,0.0,4725.0,0,1,0,0,0,0,1,0,0,0,0,1,0
69303,0033800002q3WOQAA2,0.0,0,0.0,8345.0,0,0,0,0,1,0,0,1,0,0,0,1,1
69305,0033800002q3WQRAA2,0.0,0,155.0,1826.0,0,0,0,1,0,0,0,0,1,0,0,1,1
69308,0033800002q3WZsAAM,0.0,0,2871.0,1462.0,1,0,0,0,0,0,0,0,1,0,0,1,0
69309,0033800002q3WbyAAE,0.0,0,1863.0,7355.0,0,0,0,1,0,0,0,1,0,0,0,1,1
69318,0033800002q3X27AAE,0.0,0,0.0,7319.0,0,0,0,1,0,0,1,0,0,0,0,1,1
69321,0033800002q3XM9AAM,0.0,0,0.0,9663.0,0,1,0,0,0,0,1,0,0,0,1,0,0
69325,0033800002q3XP8AAM,0.0,0,0.0,1885.0,0,0,0,1,0,0,0,0,1,0,0,1,0
69329,0033800002q3XSAAA2,0.0,60,7239.0,1462.0,1,0,0,0,0,1,0,0,0,0,0,1,0
69331,0033800002q3XVxAAM,0.0,0,0.0,7340.0,0,0,0,0,1,1,0,0,0,0,0,1,1
69332,0033800002q3XWvAAM,0.0,0,0.0,2104.0,0,1,0,0,0,0,1,0,0,0,0,1,1
69333,0033800002q3XX5AAM,0.0,0,0.0,10193.0,0,1,0,0,0,1,0,0,0,0,0,1,1
69335,0033800002q3XYrAAM,0.0,0,0.0,13654.0,0,1,0,0,0,0,1,0,0,0,0,1,1
69337,0033800002q3XbCAAU,0.0,0,171.0,371.0,0,0,0,1,0,0,1,0,0,0,0,1,1
69341,0033800002q3YAeAAM,0.0,0,14.0,1070.0,0,0,0,1,0,0,1,0,0,0,0,1,1
69348,0033800002q3YLSAA2,0.0,0,0.0,11037.0,0,0,0,0,1,0,0,0,0,1,0,1,1
69350,0033800002q3YPAAA2,0.0,0,0.0,7330.0,1,0,0,0,0,0,1,0,0,0,1,0,1
69355,0033800002q3YVXAA2,3.0,0,0.0,3020.0,0,0,0,1,0,0,0,0,0,1,0,1,1
69358,0033800002q3YXvAAM,0.0,0,0.0,7699.0,0,0,0,0,1,1,0,0,0,0,0,1,0
69367,0033800002q3YgJAAU,0.0,100,1683.0,8399.0,0,0,0,0,1,1,0,0,0,0,0,1,0
69375,0033800002q3Yj8AAE,0.0,0,0.0,1228.0,0,0,0,1,0,0,1,0,0,0,0,1,0
69376,0033800002q3Z2NAAU,0.0,0,0.0,8610.0,0,0,0,0,1,0,0,0,0,1,0,1,1
69377,0033800002q3ZO3AAM,0.0,0,589.0,5147.0,0,0,0,0,1,0,0,0,0,1,0,1,1
69381,0033800002q3ZeLAAU,0.0,0,8.0,7827.0,1,0,0,0,0,1,0,0,0,0,0,1,1
69392,0033800002q3ao8AAA,0.0,0,3065.0,2820.0,1,0,0,0,0,0,1,0,0,0,0,1,1
69404,0033800002q3b31AAA,0.0,10,4540.0,7361.0,0,1,0,0,0,0,1,0,0,0,0,1,0
69405,0033800002q3b34AAA,0.0,40,3657.0,3683.0,0,1,0,0,0,0,1,0,0,0,0,1,0
69407,0033800002q3b36AAA,0.0,0,8224.0,2069.0,0,0,0,1,0,0,1,0,0,0,0,1,0
69409,0033800002q3b39AAA,0.0,40,350.0,3897.0,0,1,0,0,0,0,1,0,0,0,0,1,1
69410,0033800002q3b3AAAQ,0.0,0,431.0,2922.0,0,1,0,0,0,0,1,0,0,0,1,0,0
69412,0033800002q3b3CAAQ,0.0,0,66.0,7884.0,0,1,0,0,0,1,0,0,0,0,1,0,1
69418,0033800002q3bMsAAI,0.0,0,0.0,9418.0,0,0,0,1,0,0,0,0,0,1,1,0,1
69423,0033800002q3c2CAAQ,0.0,0,3848.0,2823.0,0,0,0,1,0,1,0,0,0,0,0,1,0
69424,0033800002q3c5GAAQ,0.0,80,13.0,7680.0,0,0,0,1,0,0,1,0,0,0,0,1,1
69434,0033800002q3dHSAAY,0.0,0,0.0,2035.0,0,0,0,1,0,0,1,0,0,0,0,1,1
69439,0033800002q3dUAAAY,0.0,60,1323.0,8413.0,0,1,0,0,0,0,1,0,0,0,0,1,1
69440,0033800002q3dWfAAI,0.0,0,0.0,2798.0,0,1,0,0,0,0,1,0,0,0,0,1,0
69441,0033800002q3dfmAAA,0.0,0,0.0,1414.0,0,0,0,1,0,0,0,0,0,1,0,1,1
69443,0033800002q3dhxAAA,0.0,0,0.0,3597.0,1,0,0,0,0,0,0,0,0,1,1,0,0
69444,0033800002q3diMAAQ,0.0,0,0.0,4488.0,1,0,0,0,0,1,0,0,0,0,1,0,1
69448,0033800002q3eFSAAY,0.0,0,2405.0,3498.0,0,0,0,0,1,0,1,0,0,0,0,1,1
69449,0033800002q3f8BAAQ,0.0,0,0.0,8798.0,0,1,0,0,0,0,1,0,0,0,0,1,1
69450,0033800002q3fGPAAY,0.0,0,0.0,4895.0,0,1,0,0,0,1,0,0,0,0,0,1,0
69451,0033800002q3fHmAAI,0.0,0,0.0,7414.0,1,0,0,0,0,1,0,0,0,0,1,0,1
69457,0033800002q3fZ2AAI,0.0,0,0.0,2970.0,0,0,0,1,0,0,0,0,1,0,0,1,1
69460,0033800002q3fpmAAA,0.0,100,44.0,1839.0,0,0,1,0,0,0,1,0,0,0,0,1,1
69461,0033800002q3fqLAAQ,0.0,100,1201.0,9223.0,0,1,0,0,0,0,1,0,0,0,0,1,1
69462,0033800002q3g0PAAQ,0.0,0,0.0,7330.0,0,0,0,1,0,1,0,0,0,0,0,1,1
69463,0033800002q3g8sAAA,0.0,0,0.0,8187.0,0,1,0,0,0,1,0,0,0,0,0,1,1
69464,0033800002q3gGmAAI,0.0,0,1591.0,1996.0,0,1,0,0,0,0,1,0,0,0,0,1,1
69468,0033800002q3h1EAAQ,0.0,0,0.0,5752.0,0,0,0,0,1,1,0,0,0,0,0,1,1
69469,0033800002q3h1iAAA,0.0,0,1216.0,1703.0,0,0,0,1,0,0,1,0,0,0,0,1,0
69472,0033800002q3h9aAAA,0.0,0,0.0,11964.0,0,0,0,0,1,0,1,0,0,0,1,0,0
69473,0033800002q3hHAAAY,0.0,40,0.0,1947.0,0,0,0,1,0,1,0,0,0,0,0,1,1
69483,0033800002q3iUQAAY,0.0,0,0.0,9666.0,0,0,0,0,1,1,0,0,0,0,0,1,1
69489,0033800002q3iyCAAQ,0.0,0,0.0,2597.0,0,0,0,1,0,0,0,0,0,1,1,0,0
69492,0033800002q3jL1AAI,0.0,0,0.0,7770.0,0,0,0,0,1,0,1,0,0,0,0,1,1
69498,0033800002q3jL8AAI,0.0,0,43.0,7322.0,0,0,1,0,0,1,0,0,0,0,0,1,1
69505,0033800002q3jLFAAY,0.0,0,0.0,2631.0,0,0,1,0,0,0,1,0,0,0,0,1,1
69508,0033800002q3jLIAAY,0.0,80,3054.0,2586.0,0,0,0,0,1,1,0,0,0,0,1,0,0
69510,0033800002q3jLKAAY,0.0,0,0.0,8774.0,0,1,0,0,0,0,0,0,0,1,0,1,1
69538,0033800002q3jLpAAI,0.0,10,1279.0,3301.0,0,0,0,0,1,1,0,0,0,0,0,1,1
69539,0033800002q3jLqAAI,0.0,0,0.0,2190.0,0,0,0,1,0,0,1,0,0,0,0,1,0
69544,0033800002q3jLvAAI,0.0,0,2952.0,258.0,0,0,0,1,0,0,0,0,1,0,0,1,1
69557,0033800002q3jMAAAY,0.0,100,1661.0,9496.0,0,0,0,0,1,0,1,0,0,0,0,1,1
69575,0033800002q3jSPAAY,0.0,0,0.0,3866.0,0,0,0,1,0,0,0,0,1,0,0,1,1
69579,0033800002q3jzTAAQ,0.0,0,0.0,8768.0,1,0,0,0,0,0,1,0,0,0,0,1,1
69581,0033800002q3k4xAAA,0.0,0,530.0,7404.0,0,0,0,0,1,0,0,0,1,0,0,1,0
69588,0033800002q3koMAAQ,0.0,0,0.0,10881.0,0,0,0,1,0,0,0,0,0,1,0,1,0
69589,0033800002q3kvDAAQ,0.0,0,2363.0,5112.0,0,1,0,0,0,0,0,0,0,1,0,1,0
69592,0033800002q3l2jAAA,0.0,0,0.0,9503.0,0,0,0,0,1,1,0,0,0,0,0,1,1
69595,0033800002q3lnqAAA,0.0,0,0.0,7698.0,1,0,0,0,0,1,0,0,0,0,0,1,1
69596,0033800002q3ltPAAQ,0.0,0,0.0,7900.0,0,0,0,0,1,1,0,0,0,0,1,0,1
69597,0033800002q3luNAAQ,0.0,60,1358.0,1932.0,0,0,0,1,0,0,1,0,0,0,1,0,1
69599,0033800002q3m5IAAQ,0.0,0,0.0,5866.0,0,1,0,0,0,0,0,0,0,1,0,1,1
69606,0033800002q3nw1AAA,0.0,20,214.0,2751.0,0,0,0,1,0,0,1,0,0,0,0,1,1
69609,0033800002q3odyAAA,0.0,0,104.0,7321.0,0,0,0,0,1,0,1,0,0,0,0,1,1
69611,0033800002q3oj8AAA,0.0,0,0.0,2921.0,1,0,0,0,0,1,0,0,0,0,0,1,1
69612,0033800002q3om8AAA,0.0,60,2298.0,8054.0,0,1,0,0,0,0,1,0,0,0,1,0,1
69613,0033800002q3oxwAAA,0.0,0,610.0,3037.0,1,0,0,0,0,0,0,0,0,1,1,0,1
69614,0033800002q3p4nAAA,0.0,0,0.0,7335.0,0,0,0,1,0,0,1,0,0,0,0,1,1
69615,0033800002q3p5MAAQ,0.0,0,0.0,1263.0,0,0,0,1,0,0,0,0,0,1,0,1,1
69618,0033800002q3pRXAAY,0.0,0,0.0,8039.0,0,1,0,0,0,1,0,0,0,0,0,1,0
69622,0033800002q3pcLAAQ,0.0,0,0.0,7838.0,0,0,0,1,0,0,0,1,0,0,0,1,1
69623,0033800002q3pevAAA,0.0,0,3402.0,2637.0,0,0,0,1,0,0,1,0,0,0,1,0,1
69632,0033800002q3qK3AAI,0.0,0,0.0,2069.0,0,0,0,1,0,0,1,0,0,0,0,1,1
69635,0033800002q3qQLAAY,0.0,0,0.0,7317.0,1,0,0,0,0,1,0,0,0,0,1,0,1
69638,0033800002q3qXbAAI,0.0,70,3400.0,2707.0,0,0,0,0,1,0,0,0,1,0,1,0,1
69640,0033800002q3qk6AAA,0.0,0,0.0,7352.0,0,1,0,0,0,0,1,0,0,0,0,1,0
69643,0033800002q3qoFAAQ,0.0,0,0.0,5651.0,1,0,0,0,0,1,0,0,0,0,0,1,1
69650,0033800002q3rElAAI,0.0,0,0.0,2191.0,0,0,0,1,0,1,0,0,0,0,0,1,1
69652,0033800002q3rOlAAI,0.0,0,0.0,2105.0,1,0,0,0,0,0,1,0,0,0,0,1,0
69657,0033800002q3rgGAAQ,0.0,0,0.0,4058.0,0,0,0,0,1,0,0,0,0,1,0,1,1
69662,0033800002q3rxgAAA,0.0,0,0.0,2643.0,0,0,0,1,0,0,1,0,0,0,0,1,1
69665,0033800002q3sBnAAI,0.0,0,0.0,9566.0,0,0,0,1,0,0,1,0,0,0,0,1,1
69666,0033800002q3sDKAAY,0.0,0,0.0,7305.0,1,0,0,0,0,0,0,0,0,1,1,0,1
69672,0033800002q3skOAAQ,0.0,0,0.0,1461.0,1,0,0,0,0,0,0,0,1,0,0,1,0
69673,0033800002q3sp9AAA,0.0,0,0.0,1253.0,0,1,0,0,0,0,1,0,0,0,0,1,1
69675,0033800002q3srTAAQ,0.0,0,0.0,7371.0,0,1,0,0,0,0,1,0,0,0,0,1,1
69677,0033800002q3sxCAAQ,0.0,80,2383.0,1156.0,0,0,0,0,1,0,1,0,0,0,0,1,1
69678,0033800002q3sxHAAQ,0.0,0,0.0,10661.0,0,0,0,0,1,0,1,0,0,0,0,1,1
69679,0033800002q3szXAAQ,0.0,0,0.0,1400.0,1,0,0,0,0,0,0,0,0,1,0,1,1
69680,0033800002q3tClAAI,0.0,0,0.0,10955.0,0,0,0,0,1,0,0,0,0,1,0,1,0
69683,0033800002q3tKfAAI,0.0,0,0.0,8320.0,0,1,0,0,0,1,0,0,0,0,0,1,1
69690,0033800002q3trlAAA,0.0,0,0.0,5267.0,0,1,0,0,0,0,1,0,0,0,1,0,0
69695,0033800002q3v8kAAA,0.0,0,0.0,7308.0,0,0,0,1,0,0,0,0,1,0,0,1,1
69696,0033800002q3vEoAAI,0.0,0,0.0,1461.0,0,0,0,1,0,0,0,0,0,1,0,1,0
69697,0033800002q3vGUAAY,0.0,0,0.0,7326.0,0,0,0,1,0,0,0,0,0,1,0,1,1
69700,0033800002q3vSlAAI,0.0,0,3818.0,1460.0,0,0,0,0,1,0,1,0,0,0,0,1,1
69701,0033800002q3vTPAAY,0.0,0,0.0,10964.0,0,0,0,0,1,0,1,0,0,0,0,1,1
69704,0033800002q3w1JAAQ,0.0,0,0.0,7213.0,0,1,0,0,0,0,1,0,0,0,0,1,1
69705,0033800002q3w6gAAA,0.0,0,0.0,1715.0,0,0,0,1,0,0,1,0,0,0,0,1,1
69708,0033800002q3w6oAAA,0.0,70,7681.0,2314.0,0,1,0,0,0,0,1,0,0,0,0,1,1
69709,0033800002q3w6sAAA,0.0,0,161.0,3380.0,1,0,0,0,0,0,0,0,1,0,0,1,1
69711,0033800002q3w6wAAA,0.0,70,1704.0,3643.0,1,0,0,0,0,0,0,0,1,0,0,1,1
69714,0033800002q3w70AAA,0.0,20,9547.0,471.0,0,0,0,0,1,0,1,0,0,0,1,0,1
69715,0033800002q3w8dAAA,0.0,0,1048.0,9498.0,1,0,0,0,0,1,0,0,0,0,0,1,1
69721,0033800002q3wIxAAI,0.0,0,0.0,7325.0,1,0,0,0,0,0,1,0,0,0,0,1,1
69725,0033800002q3wkCAAQ,0.0,0,0.0,1461.0,0,0,0,1,0,0,1,0,0,0,1,0,0
69727,0033800002q3wpMAAQ,0.0,0,3298.0,2192.0,0,0,0,1,0,0,0,0,0,1,1,0,1
69730,0033800002q3x26AAA,0.0,40,1690.0,7320.0,0,1,0,0,0,0,0,0,0,1,0,1,0
69731,0033800002q3xBhAAI,0.0,0,2589.0,2191.0,0,1,0,0,0,0,0,0,0,1,0,1,1
69732,0033800002q3xDxAAI,0.0,0,0.0,4372.0,0,0,0,0,1,1,0,0,0,0,0,1,0
69733,0033800002q3xEqAAI,0.0,0,0.0,7316.0,0,0,0,1,0,1,0,0,0,0,0,1,1
69740,0033800002q3xeQAAQ,0.0,0,0.0,1825.0,0,1,0,0,0,0,1,0,0,0,0,1,0
69760,0033800002q3xgVAAQ,0.0,0,905.0,1311.0,0,1,0,0,0,0,1,0,0,0,0,1,1
69769,0033800002q3xggAAA,0.0,0,0.0,3873.0,1,0,0,0,0,0,1,0,0,0,0,1,1
69770,0033800002q3xghAAA,0.0,0,40.0,2613.0,1,0,0,0,0,0,0,0,0,1,0,1,1
69774,0033800002q3xgnAAA,0.0,0,5403.0,7305.0,0,0,0,0,1,0,1,0,0,0,0,1,1
69788,0033800002q3xh4AAA,0.0,70,692.0,1924.0,0,0,0,0,1,0,1,0,0,0,1,0,0
69794,0033800002q3xhBAAQ,0.0,0,0.0,7309.0,0,0,0,0,1,0,0,0,0,1,0,1,1
69797,0033800002q3xhEAAQ,0.0,0,0.0,7408.0,0,0,0,1,0,0,0,0,1,0,0,1,1
69799,0033800002q3xhGAAQ,0.0,90,80.0,5116.0,0,0,0,0,1,0,0,0,0,1,1,0,0
69802,0033800002q3xhJAAQ,0.0,70,1128.0,8167.0,0,0,0,0,1,0,1,0,0,0,1,0,1
69804,0033800002q3xhLAAQ,0.0,40,2510.0,7328.0,0,0,0,0,1,0,1,0,0,0,1,0,1
69814,0033800002q3xhXAAQ,0.0,0,0.0,10974.0,0,1,0,0,0,0,0,0,1,0,0,1,1
69824,0033800002q3xhhAAA,0.0,100,2607.0,2686.0,0,1,0,0,0,0,0,0,1,0,0,1,0
69831,0033800002q3xhpAAA,0.0,0,55.0,8766.0,0,1,0,0,0,1,0,0,0,0,1,0,1
69845,0033800002q3xi3AAA,0.0,0,64.0,2415.0,0,0,0,1,0,0,1,0,0,0,0,1,1
69851,0033800002q3xiBAAQ,0.0,0,197.0,7335.0,0,1,0,0,0,0,0,0,0,1,0,1,1
69860,0033800002q3xiqAAA,0.0,100,64.0,10246.0,1,0,0,0,0,0,1,0,0,0,0,1,0
69863,0033800002q3xovAAA,0.0,0,0.0,7335.0,0,0,0,1,0,1,0,0,0,0,0,1,1
69867,0033800002q3yF3AAI,0.0,0,0.0,3227.0,1,0,0,0,0,1,0,0,0,0,0,1,0
69868,0033800002q3yGpAAI,0.0,0,431.0,1460.0,0,0,0,1,0,0,0,0,1,0,0,1,0
69869,0033800002q3yIRAAY,0.0,90,2102.0,1821.0,0,1,0,0,0,0,0,0,1,0,0,1,1
69870,0033800002q3yLaAAI,0.0,0,0.0,7738.0,0,0,0,1,0,0,1,0,0,0,0,1,1
69877,0033800002q3z0xAAA,0.0,0,87.0,1461.0,0,0,0,1,0,0,0,0,1,0,0,1,1
69879,0033800002q3z7GAAQ,0.0,0,0.0,1826.0,0,0,0,1,0,0,0,0,1,0,0,1,1
69880,0033800002q3zCNAAY,0.0,0,1654.0,1461.0,0,0,0,0,1,0,1,0,0,0,0,1,1
69881,0033800002q3zITAAY,0.0,0,0.0,2949.0,0,0,0,1,0,0,0,0,1,0,0,1,1
69884,0033800002q3zQSAAY,0.0,0,0.0,9516.0,1,0,0,0,0,1,0,0,0,0,0,1,1
69886,0033800002q3zX4AAI,0.0,0,0.0,2762.0,1,0,0,0,0,0,1,0,0,0,0,1,1
69888,0033800002q3zcTAAQ,0.0,0,0.0,1932.0,0,0,0,1,0,0,1,0,0,0,1,0,0
69890,0033800002q3zePAAQ,0.0,0,0.0,7305.0,0,0,0,1,0,0,1,0,0,0,0,1,0
69894,0033800002q3zvuAAA,0.0,0,0.0,7347.0,1,0,0,0,0,1,0,0,0,0,0,1,1
69898,0033800002q400zAAA,0.0,0,0.0,10853.0,0,0,0,1,0,0,0,1,0,0,0,1,1
69900,0033800002q402HAAQ,0.0,0,1293.0,5111.0,0,0,0,1,0,0,0,0,0,1,0,1,1
69908,0033800002q415SAAQ,0.0,80,127.0,6744.0,0,1,0,0,0,0,1,0,0,0,0,1,1
69910,0033800002q41JTAAY,0.0,0,0.0,6969.0,0,1,0,0,0,0,0,0,0,1,0,1,0
69913,0033800002q41rxAAA,0.0,0,0.0,7399.0,0,1,0,0,0,0,1,0,0,0,0,1,1
69916,0033800002q42DRAAY,0.0,80,14.0,2113.0,1,0,0,0,0,0,1,0,0,0,1,0,1
69922,0033800002q42qgAAA,0.0,0,0.0,11621.0,0,1,0,0,0,0,1,0,0,0,1,0,1
69927,0033800002q43XDAAY,0.0,0,0.0,9722.0,0,1,0,0,0,0,0,0,0,1,0,1,1
69940,0033800002q44YpAAI,0.0,90,3749.0,1460.0,0,1,0,0,0,0,0,0,1,0,0,1,0
69945,0033800002q44vZAAQ,0.0,0,973.0,9498.0,0,1,0,0,0,0,1,0,0,0,0,1,1
69947,0033800002q45JGAAY,0.0,0,1641.0,1461.0,0,0,0,0,1,0,1,0,0,0,1,0,1
69952,0033800002q45TuAAI,0.0,0,0.0,7699.0,0,0,0,0,1,1,0,0,0,0,0,1,1
69953,0033800002q45UJAAY,0.0,0,0.0,7305.0,0,1,0,0,0,1,0,0,0,0,0,1,0
69956,0033800002q45r1AAA,0.0,0,5615.0,1460.0,0,0,0,0,1,1,0,0,0,0,1,0,0
69957,0033800002q461gAAA,0.0,0,0.0,3755.0,1,0,0,0,0,1,0,0,0,0,0,1,0
69959,0033800002q46D5AAI,0.0,0,12.0,10786.0,0,1,0,0,0,1,0,0,0,0,0,1,1
69960,0033800002q46EjAAI,0.0,0,0.0,5313.0,1,0,0,0,0,0,1,0,0,0,0,1,1
69964,0033800002q46GVAAY,0.0,0,0.0,8782.0,0,0,0,1,0,0,1,0,0,0,1,0,0
69969,0033800002q46RxAAI,0.0,0,0.0,1825.0,1,0,0,0,0,0,1,0,0,0,0,1,1
69973,0033800002q46biAAA,0.0,40,704.0,2587.0,0,0,0,1,0,0,1,0,0,0,0,1,0
69978,0033800002q46quAAA,0.0,0,0.0,7666.0,1,0,0,0,0,1,0,0,0,0,0,1,1
69979,0033800002q46sHAAQ,0.0,90,2121.0,4380.0,0,1,0,0,0,1,0,0,0,0,1,0,1
69981,0033800002q46tPAAQ,0.0,0,2753.0,2283.0,0,0,0,1,0,0,1,0,0,0,0,1,0
69985,0033800002q46v6AAA,0.0,0,0.0,2207.0,0,0,0,1,0,0,1,0,0,0,1,0,1
69986,0033800002q46wEAAQ,0.0,0,0.0,3646.0,1,0,0,0,0,1,0,0,0,0,0,1,1
69987,0033800002q46wJAAQ,0.0,0,143.0,6582.0,1,0,0,0,0,0,0,0,0,1,0,1,1
69995,0033800002q471iAAA,0.0,0,0.0,1207.0,0,0,0,1,0,0,1,0,0,0,0,1,0
69997,0033800002q473FAAQ,0.0,0,0.0,10959.0,0,1,0,0,0,0,1,0,0,0,0,1,1
69999,0033800002q474SAAQ,0.0,0,0.0,7321.0,0,0,0,1,0,0,0,0,0,1,0,1,1
70006,0033800002q477qAAA,0.0,0,0.0,7328.0,0,0,0,1,0,1,0,0,0,0,0,1,1
70008,0033800002q47AzAAI,0.0,0,0.0,1291.0,0,0,0,1,0,0,1,0,0,0,0,1,1
70009,0033800002q47CqAAI,0.0,0,0.0,4377.0,1,0,0,0,0,1,0,0,0,0,0,1,0
70015,0033800002q483xAAA,0.0,0,0.0,8074.0,0,1,0,0,0,1,0,0,0,0,1,0,1
70035,0033800002q48yAAAQ,0.0,80,1638.0,4800.0,0,1,0,0,0,0,0,0,1,0,0,1,1
70036,0033800002q49DwAAI,0.0,0,0.0,7305.0,1,0,0,0,0,0,0,0,0,1,1,0,1
70038,0033800002q49NmAAI,0.0,0,0.0,7440.0,0,0,0,0,1,1,0,0,0,0,0,1,1
70039,0033800002q49boAAA,0.0,0,0.0,7481.0,0,0,0,1,0,0,0,0,0,1,0,1,1
70043,0033800002q4AZBAA2,0.0,0,1968.0,0.0,0,0,0,0,1,0,0,0,1,0,0,1,1
70048,0033800002q4AfYAAU,0.0,20,9355.0,354.0,1,0,0,0,0,0,0,0,1,0,0,1,1
70053,0033800002q4ArAAAU,0.0,0,0.0,9887.0,1,0,0,0,0,0,1,0,0,0,0,1,1
70057,0033800002q4B7mAAE,0.0,100,0.0,1516.0,0,0,0,1,0,0,1,0,0,0,0,1,1
70058,0033800002q4B8fAAE,0.0,0,0.0,8626.0,0,0,0,0,1,1,0,0,0,0,0,1,0
70061,0033800002q4BVPAA2,0.0,0,0.0,1825.0,0,0,0,1,0,0,0,0,1,0,0,1,1
70065,0033800002q4BbwAAE,0.0,0,0.0,2557.0,0,0,0,1,0,0,0,0,0,1,0,1,1
70066,0033800002q4BegAAE,0.0,0,0.0,1424.0,0,0,0,1,0,0,1,0,0,0,1,0,0
70068,0033800002q4BqhAAE,0.0,0,741.0,3926.0,0,0,0,1,0,0,1,0,0,0,0,1,1
70071,0033800002q4CGCAA2,0.0,0,0.0,701.0,0,0,0,1,0,0,1,0,0,0,0,1,1
70073,0033800002q4COKAA2,0.0,0,0.0,1825.0,0,0,0,1,0,0,0,0,1,0,0,1,1
70075,0033800002q4CRnAAM,0.0,50,2109.0,1460.0,1,0,0,0,0,0,0,0,1,0,0,1,1
70085,0033800002q4DPAAA2,0.0,0,0.0,7310.0,0,0,0,1,0,0,1,0,0,0,0,1,1
70091,0033800002q4E1vAAE,0.0,0,0.0,6244.0,0,1,0,0,0,0,1,0,0,0,1,0,0
70093,0033800002q4EH1AAM,0.0,50,898.0,2172.0,1,0,0,0,0,0,1,0,0,0,1,0,1
70094,0033800002q4EK5AAM,0.0,0,0.0,9361.0,0,0,0,1,0,0,0,0,1,0,0,1,1
70100,0033800002q4FANAA2,0.0,0,4214.0,3358.0,0,1,0,0,0,1,0,0,0,0,0,1,0
70106,0033800002q4FQQAA2,0.0,0,1779.0,1096.0,0,1,0,0,0,0,1,0,0,0,0,1,1
70108,0033800002q4FTKAA2,0.0,90,122.0,1628.0,0,0,0,1,0,0,1,0,0,0,1,0,0
70112,0033800002q4G4PAAU,0.0,0,4734.0,4935.0,0,1,0,0,0,0,1,0,0,0,0,1,1
70119,0033800002q4HTUAA2,0.0,60,2794.0,2547.0,0,1,0,0,0,1,0,0,0,0,0,1,1
70120,0033800002q4HXCAA2,0.0,100,2596.0,1951.0,1,0,0,0,0,0,1,0,0,0,0,1,0
70121,0033800002q4HcQAAU,0.0,0,0.0,4372.0,0,0,0,0,1,1,0,0,0,0,0,1,1
70124,0033800002q4I5xAAE,0.0,0,1529.0,1460.0,0,0,0,1,0,0,0,0,0,1,0,1,1
70126,0033800002q4InFAAU,0.0,0,0.0,5955.0,0,0,0,1,0,0,0,0,1,0,1,0,0
70129,0033800002q4J2xAAE,0.0,40,3680.0,6634.0,0,0,0,1,0,0,1,0,0,0,0,1,1
70130,0033800002q4J4PAAU,0.0,20,6108.0,1057.0,1,0,0,0,0,0,1,0,0,0,0,1,0
70134,0033800002q4JKXAA2,0.0,0,54.0,11547.0,1,0,0,0,0,1,0,0,0,0,0,1,0
70135,0033800002q4JYtAAM,0.0,0,0.0,7319.0,0,0,0,1,0,0,0,0,1,0,0,1,0
70143,0033800002q4KEKAA2,0.0,0,0.0,7590.0,0,1,0,0,0,0,0,0,1,0,0,1,0
70147,0033800002q4KqoAAE,0.0,0,0.0,3291.0,0,0,0,1,0,0,0,0,1,0,0,1,1
70149,0033800002q4KtTAAU,0.0,0,84.0,4792.0,0,0,0,0,1,0,0,0,0,1,0,1,0
70157,0033800002q4LjcAAE,0.0,0,5905.0,1947.0,1,0,0,0,0,0,1,0,0,0,0,1,1
70158,0033800002q4M0xAAE,0.0,70,4652.0,1517.0,0,1,0,0,0,0,1,0,0,0,0,1,0
70160,0033800002q4M4kAAE,0.0,0,0.0,1826.0,0,1,0,0,0,0,1,0,0,0,0,1,1
70163,0033800002q4MUAAA2,0.0,70,113.0,7544.0,0,1,0,0,0,0,0,0,0,1,0,1,1
70173,0033800002q4NQaAAM,0.0,0,356.0,1369.0,0,0,0,1,0,0,0,0,0,1,1,0,0
70177,0033800002q4NQeAAM,0.0,0,1.0,1826.0,0,0,0,1,0,0,1,0,0,0,0,1,0
70178,0033800002q4NQfAAM,0.0,40,360.0,8240.0,0,0,0,1,0,0,1,0,0,0,0,1,0
70184,0033800002q4NQmAAM,0.0,0,33.0,1396.0,0,0,0,1,0,0,0,0,1,0,1,0,0
70185,0033800002q4NQnAAM,0.0,0,27.0,1460.0,0,0,0,1,0,0,0,0,1,0,0,1,1
70198,0033800002q4NntAAE,0.0,0,1592.0,1460.0,0,1,0,0,0,1,0,0,0,0,0,1,1
70204,0033800002q4OVlAAM,0.0,0,0.0,4721.0,1,0,0,0,0,0,1,0,0,0,0,1,0
70207,0033800002q4OfRAAU,0.0,0,0.0,7324.0,0,0,0,0,1,1,0,0,0,0,1,0,1
70212,0033800002q4PEgAAM,0.0,60,2103.0,2839.0,0,0,0,1,0,0,0,0,1,0,0,1,1
70218,0033800002q4PgVAAU,0.0,0,0.0,3014.0,0,1,0,0,0,0,1,0,0,0,0,1,1
70221,0033800002q4QB9AAM,0.0,0,0.0,8121.0,0,0,0,1,0,1,0,0,0,0,0,1,0
70226,0033800002q4QaBAAU,0.0,0,0.0,7320.0,0,1,0,0,0,0,1,0,0,0,0,1,1
70229,0033800002q4QfkAAE,0.0,0,637.0,1461.0,0,0,0,1,0,0,0,0,0,1,0,1,0
70230,0033800002q4Ql9AAE,0.0,0,0.0,7496.0,0,0,0,1,0,0,0,0,1,0,0,1,0
70232,0033800002q4R18AAE,0.0,90,0.0,5138.0,0,1,0,0,0,0,1,0,0,0,0,1,1
70237,0033800002q4S2dAAE,0.0,0,0.0,7842.0,0,0,0,0,1,1,0,0,0,0,0,1,1
70240,0033800002q4S5mAAE,0.0,0,2268.0,1460.0,0,0,0,1,0,0,0,0,1,0,0,1,0
70242,0033800002q4SNqAAM,0.0,70,3097.0,10162.0,0,0,0,0,1,0,1,0,0,0,1,0,1
70243,0033800002q4SQ1AAM,0.0,0,0.0,5845.0,1,0,0,0,0,1,0,0,0,0,0,1,0
70244,0033800002q4SaVAAU,0.0,100,144.0,9839.0,0,0,0,1,0,0,0,0,1,0,0,1,0
70246,0033800002q4SgJAAU,0.0,0,0.0,1749.0,0,1,0,0,0,0,0,0,1,0,1,0,0
70250,0033800002q4SzfAAE,0.0,0,3742.0,1368.0,1,0,0,0,0,0,1,0,0,0,0,1,0
70255,0033800002q4Ti1AAE,0.0,0,0.0,1259.0,0,0,0,1,0,0,1,0,0,0,0,1,0
70257,0033800002q4UEdAAM,0.0,0,11.0,5149.0,0,0,0,0,1,0,1,0,0,0,0,1,1
70258,0033800002q4UKMAA2,0.0,100,0.0,11073.0,0,1,0,0,0,0,1,0,0,0,0,1,0
70259,0033800002q4UMVAA2,0.0,70,1146.0,2557.0,0,0,0,1,0,0,1,0,0,0,0,1,1
70270,0033800002q4VZEAA2,0.0,0,0.0,4554.0,0,1,0,0,0,0,0,0,0,1,0,1,1
70282,0033800002q4VZQAA2,0.0,100,505.0,2556.0,0,1,0,0,0,1,0,0,0,0,0,1,0
70286,0033800002q4VZUAA2,0.0,0,57.0,2483.0,1,0,0,0,0,0,1,0,0,0,0,1,0
70293,0033800002q4VZbAAM,0.0,0,0.0,10991.0,0,0,0,0,1,0,1,0,0,0,0,1,1
70295,0033800002q4VZdAAM,0.0,0,0.0,7317.0,0,0,0,0,1,0,0,0,0,1,0,1,1
70296,0033800002q4VZeAAM,0.0,0,19.0,7366.0,0,0,0,0,1,0,1,0,0,0,0,1,1
70298,0033800002q4VZgAAM,0.0,0,68.0,7305.0,0,0,0,0,1,1,0,0,0,0,1,0,1
70306,0033800002q4VZoAAM,0.0,0,4154.0,5599.0,0,1,0,0,0,0,1,0,0,0,0,1,1
70308,0033800002q4VZqAAM,0.0,0,0.0,8754.0,0,0,0,0,1,0,0,0,0,1,0,1,0
70311,0033800002q4VZtAAM,0.0,0,0.0,1734.0,0,1,0,0,0,0,1,0,0,0,0,1,1
70332,0033800002q4VaFAAU,0.0,0,0.0,8180.0,0,0,0,0,1,0,0,0,0,1,0,1,1
70339,0033800002q4VaMAAU,0.0,0,0.0,8541.0,0,0,0,0,1,1,0,0,0,0,0,1,0
70342,0033800002q4VaPAAU,0.0,10,5600.0,3387.0,0,0,0,1,0,0,1,0,0,0,0,1,0
70353,0033800002q4VabAAE,0.0,0,1645.0,2334.0,0,0,0,0,1,0,1,0,0,0,0,1,1
70354,0033800002q4VacAAE,0.0,50,20.0,3074.0,0,1,0,0,0,0,1,0,0,0,0,1,1
70359,0033800002q4VahAAE,0.0,0,1302.0,2588.0,0,0,0,0,1,1,0,0,0,0,1,0,1
70360,0033800002q4VaiAAE,0.0,10,1189.0,4410.0,0,1,0,0,0,1,0,0,0,0,0,1,1
70364,0033800002q4VamAAE,0.0,0,4.0,2984.0,0,1,0,0,0,0,1,0,0,0,0,1,1
70369,0033800002q4VarAAE,0.0,0,0.0,8828.0,0,0,0,0,1,1,0,0,0,0,0,1,0
70370,0033800002q4VasAAE,0.0,0,0.0,4659.0,0,1,0,0,0,0,1,0,0,0,0,1,0
70382,0033800002q4VePAAU,0.0,0,0.0,7276.0,0,1,0,0,0,1,0,0,0,0,0,1,1
70384,0033800002q4VgGAAU,0.0,30,6955.0,2595.0,0,0,0,1,0,0,1,0,0,0,0,1,0
70385,0033800002q4VgfAAE,0.0,0,0.0,7343.0,0,1,0,0,0,1,0,0,0,0,0,1,1
70386,0033800002q4VvaAAE,0.0,0,173.0,359.0,0,0,0,1,0,0,1,0,0,0,0,1,1
70388,0033800002q4W27AAE,0.0,0,56.0,11122.0,0,0,0,0,1,1,0,0,0,0,0,1,1
70389,0033800002q4WdwAAE,0.0,0,0.0,3295.0,0,1,0,0,0,0,0,0,1,0,0,1,1
70391,0033800002q4WorAAE,0.0,30,81.0,2379.0,0,1,0,0,0,0,0,0,0,1,0,1,1
70392,0033800002q4WstAAE,0.0,0,0.0,7842.0,0,0,0,1,0,0,1,0,0,0,0,1,1
70394,0033800002q4XGqAAM,0.0,0,19.0,7309.0,0,1,0,0,0,0,0,0,0,1,0,1,1
70395,0033800002q4XUtAAM,0.0,10,859.0,2936.0,0,1,0,0,0,0,0,0,0,1,0,1,0
70397,0033800002q4XfBAAU,0.0,70,179.0,7596.0,0,1,0,0,0,0,1,0,0,0,0,1,1
70399,0033800002q4XuIAAU,0.0,0,1608.0,513.0,0,0,0,1,0,0,1,0,0,0,0,1,0
70400,0033800002q4XyPAAU,0.0,0,0.0,2566.0,0,1,0,0,0,0,0,0,1,0,0,1,0
70405,0033800002q4YjlAAE,0.0,0,0.0,8670.0,0,0,0,1,0,0,0,0,0,1,0,1,1
70411,0033800002q4ZBrAAM,0.0,0,2006.0,1552.0,0,1,0,0,0,0,0,0,1,0,0,1,0
70414,0033800002q4ZP0AAM,0.0,0,161.0,523.0,1,0,0,0,0,0,0,0,0,1,0,1,1
70415,0033800002q4ZUPAA2,0.0,0,0.0,7313.0,0,1,0,0,0,0,0,0,0,1,0,1,1
70418,0033800002q4aAHAAY,0.0,0,111.0,1198.0,0,0,0,1,0,0,1,0,0,0,1,0,0
70423,0033800002q4bfQAAQ,0.0,60,784.0,11046.0,0,0,0,1,0,0,0,1,0,0,0,1,1
70425,0033800002q4bxkAAA,0.0,0,3.0,2503.0,1,0,0,0,0,0,1,0,0,0,0,1,0
70426,0033800002q4c2aAAA,0.0,0,18.0,2515.0,0,0,0,1,0,0,1,0,0,0,0,1,1
70431,0033800002q4cU0AAI,0.0,0,0.0,7328.0,1,0,0,0,0,0,1,0,0,0,0,1,0
70435,0033800002q4clNAAQ,0.0,0,0.0,6451.0,0,1,0,0,0,0,1,0,0,0,0,1,0
70443,0033800002q4eOGAAY,0.0,40,2448.0,3854.0,0,1,0,0,0,0,0,0,1,0,1,0,0
70447,0033800002q4enmAAA,0.0,0,0.0,9540.0,0,1,0,0,0,0,1,0,0,0,0,1,1
70454,0033800002q4fQ4AAI,0.0,0,1288.0,2922.0,0,1,0,0,0,0,1,0,0,0,0,1,1
70455,0033800002q4fSKAAY,0.0,80,3039.0,8791.0,0,0,0,1,0,0,0,0,0,1,0,1,0
70463,0033800002q4gZEAAY,0.0,0,0.0,8912.0,0,1,0,0,0,0,1,0,0,0,0,1,0
70465,0033800002q4gjZAAQ,0.0,0,0.0,8151.0,1,0,0,0,0,1,0,0,0,0,0,1,0
70466,0033800002q4glaAAA,0.0,0,0.0,7558.0,1,0,0,0,0,0,1,0,0,0,0,1,1
70467,0033800002q4gmiAAA,0.0,0,0.0,1460.0,0,0,0,1,0,0,0,0,1,0,0,1,1
70469,0033800002q4gnbAAA,0.0,0,1611.0,1857.0,0,1,0,0,0,0,0,0,1,0,1,0,1
70472,0033800002q4gsCAAQ,0.0,40,2304.0,1461.0,0,1,0,0,0,1,0,0,0,0,0,1,1
70475,0033800002q4gvzAAA,0.0,0,0.0,1827.0,1,0,0,0,0,0,0,0,0,1,0,1,1
70478,0033800002q4gxHAAQ,0.0,0,0.0,1400.0,0,0,0,0,1,0,0,0,1,0,0,1,1
70484,0033800002q4h2qAAA,0.0,0,0.0,10603.0,0,1,0,0,0,1,0,0,0,0,0,1,1
70485,0033800002q4hLdAAI,0.0,50,829.0,1461.0,0,0,0,1,0,0,1,0,0,0,0,1,1
70489,0033800002q4hP6AAI,0.0,0,0.0,7366.0,0,0,0,1,0,0,0,0,0,1,0,1,1
70490,0033800002q4hPfAAI,0.0,0,0.0,5105.0,0,0,0,1,0,0,1,0,0,0,1,0,0
70492,0033800002q4hQiAAI,0.0,0,4928.0,2068.0,0,1,0,0,0,0,1,0,0,0,1,0,1
70493,0033800002q4hRHAAY,0.0,0,0.0,7332.0,1,0,0,0,0,1,0,0,0,0,0,1,1
70495,0033800002q4hTwAAI,0.0,60,2368.0,1825.0,0,0,0,1,0,0,0,0,1,0,0,1,0
70497,0033800002q4hUGAAY,0.0,0,0.0,1431.0,0,0,0,1,0,0,0,0,0,1,0,1,0
70499,0033800002q4hUQAAY,0.0,0,0.0,3738.0,1,0,0,0,0,0,0,0,0,1,1,0,0
70502,0033800002q4hmUAAQ,0.0,0,0.0,9521.0,1,0,0,0,0,1,0,0,0,0,0,1,1
70506,0033800002q4iq9AAA,0.0,0,0.0,3269.0,0,0,0,1,0,0,1,0,0,0,1,0,1
70513,0033800002q4jLVAAY,0.0,90,20.0,7491.0,0,1,0,0,0,0,0,0,0,1,1,0,1
70514,0033800002q4jLYAAY,0.0,0,9481.0,1460.0,0,0,0,1,0,0,0,0,0,1,1,0,0
70516,0033800002q4jLcAAI,0.0,100,1146.0,5266.0,0,0,0,0,1,0,0,0,0,1,1,0,0
70519,0033800002q4jLqAAI,0.0,0,1839.0,2921.0,0,0,0,0,1,0,0,0,0,1,1,0,1
70520,0033800002q4jLsAAI,0.0,0,3349.0,3057.0,1,0,0,0,0,0,1,0,0,0,1,0,0
70522,0033800002q4jUoAAI,0.0,80,1244.0,11111.0,0,1,0,0,0,0,1,0,0,0,0,1,1
70529,0033800002q4kTlAAI,0.0,0,0.0,3277.0,0,1,0,0,0,1,0,0,0,0,0,1,0
70531,0033800002q4ke7AAA,0.0,0,0.0,11431.0,0,1,0,0,0,0,0,1,0,0,0,1,1
70538,0033800002q4lFUAAY,0.0,0,965.0,1282.0,0,0,0,1,0,0,1,0,0,0,0,1,1
70539,0033800002q4lFjAAI,0.0,0,0.0,2667.0,0,0,0,1,0,0,1,0,0,0,0,1,1
70540,0033800002q4lJRAAY,0.0,0,0.0,7674.0,0,0,0,0,1,1,0,0,0,0,1,0,1
70541,0033800002q4lMLAAY,0.0,0,0.0,2251.0,0,0,0,1,0,0,1,0,0,0,1,0,1
70546,0033800002q4lRkAAI,0.0,0,1290.0,1259.0,0,1,0,0,0,0,0,0,1,0,1,0,1
70548,0033800002q4lc6AAA,0.0,80,2960.0,4608.0,0,1,0,0,0,0,0,0,1,0,0,1,1
70549,0033800002q4ldxAAA,0.0,0,0.0,7420.0,0,1,0,0,0,0,1,0,0,0,0,1,1
70551,0033800002q4lxEAAQ,0.0,0,803.0,2373.0,0,0,0,1,0,0,0,0,0,1,0,1,1
70554,0033800002q4lyHAAQ,0.0,0,0.0,7321.0,0,0,0,1,0,0,0,0,1,0,0,1,0
70558,0033800002q4mrzAAA,0.0,0,1339.0,7334.0,0,0,0,0,1,0,1,0,0,0,0,1,0
70560,0033800002q4mxnAAA,0.0,80,3310.0,8201.0,0,0,0,0,1,0,1,0,0,0,0,1,0
70563,0033800002q4nI3AAI,0.0,100,0.0,7408.0,0,0,0,0,1,0,1,0,0,0,1,0,0
70565,0033800002q4o0JAAQ,0.0,10,6086.0,7318.0,0,1,0,0,0,0,0,0,0,1,0,1,0
70566,0033800002q4oAyAAI,0.0,40,0.0,6940.0,0,0,0,1,0,0,1,0,0,0,0,1,1
70570,0033800002q4oQyAAI,0.0,0,0.0,7307.0,1,0,0,0,0,0,1,0,0,0,0,1,1
70572,0033800002q4oTsAAI,0.0,0,0.0,2922.0,0,0,0,1,0,0,0,0,1,0,0,1,0
70573,0033800002q4oVAAAY,0.0,0,0.0,1207.0,0,0,0,1,0,0,1,0,0,0,0,1,0
70574,0033800002q4ocuAAA,0.0,0,636.0,1827.0,0,1,0,0,0,0,0,0,0,1,1,0,1
70579,0033800002q4pFZAAY,0.0,0,0.0,9045.0,0,0,0,1,0,0,1,0,0,0,0,1,1
70580,0033800002q4pJ7AAI,0.0,0,0.0,3942.0,0,0,0,0,1,0,0,0,0,1,0,1,1
70581,0033800002q4pJqAAI,0.0,0,0.0,2193.0,0,1,0,0,0,0,1,0,0,0,0,1,1
70583,0033800002q4pNOAAY,0.0,0,0.0,1461.0,0,0,0,1,0,0,1,0,0,0,0,1,1
70584,0033800002q4pTCAAY,0.0,0,2146.0,2844.0,0,0,0,1,0,0,0,0,0,1,0,1,1
70586,0033800002q4pk2AAA,0.0,0,31.0,3080.0,1,0,0,0,0,0,0,0,0,1,0,1,1
70587,0033800002q4prDAAQ,0.0,0,0.0,9607.0,0,0,0,0,1,0,0,0,0,1,0,1,1
70590,0033800002q4q6rAAA,0.0,0,0.0,7709.0,1,0,0,0,0,0,0,0,0,1,0,1,0
70593,0033800002q4qIdAAI,0.0,0,0.0,1205.0,0,0,0,1,0,0,1,0,0,0,0,1,0
70595,0033800002q4qfZAAQ,0.0,0,0.0,7563.0,0,1,0,0,0,0,0,1,0,0,0,1,1
70596,0033800002q4r18AAA,0.0,0,625.0,1460.0,0,1,0,0,0,0,0,0,0,1,1,0,1
70597,0033800002q4rAAAAY,0.0,0,0.0,7320.0,1,0,0,0,0,0,0,0,0,1,0,1,1
70600,0033800002q4rIfAAI,0.0,0,0.0,1400.0,0,0,0,1,0,0,1,0,0,0,0,1,0
70603,0033800002q4rTTAAY,0.0,0,0.0,1461.0,0,0,0,1,0,0,0,0,1,0,1,0,0
70610,0033800002q4rwCAAQ,0.0,0,0.0,1461.0,1,0,0,0,0,0,0,0,1,0,0,1,1
70611,0033800002q4rxUAAQ,0.0,0,0.0,8806.0,0,0,0,0,1,1,0,0,0,0,0,1,1
70612,0033800002q4s0eAAA,0.0,100,0.0,5135.0,0,0,0,1,0,0,0,0,1,0,1,0,0
70615,0033800002q4s6HAAQ,0.0,0,0.0,1599.0,0,1,0,0,0,1,0,0,0,0,0,1,0
70616,0033800002q4s6RAAQ,0.0,0,1306.0,1095.0,1,0,0,0,0,0,1,0,0,0,1,0,1
70617,0033800002q4s7tAAA,0.0,0,0.0,1291.0,0,0,0,1,0,0,1,0,0,0,0,1,0
70619,0033800002q4sBCAAY,0.0,0,0.0,9160.0,1,0,0,0,0,0,0,0,0,1,0,1,1
70621,0033800002q4sC0AAI,0.0,0,240.0,2584.0,0,0,0,0,1,0,1,0,0,0,0,1,1
70622,0033800002q4sC5AAI,0.0,50,3862.0,2369.0,0,0,0,1,0,1,0,0,0,0,0,1,0
70623,0033800002q4sD8AAI,0.0,0,2042.0,1827.0,0,1,0,0,0,0,1,0,0,0,0,1,0
70625,0033800002q4sW3AAI,0.0,0,1268.0,1583.0,0,1,0,0,0,1,0,0,0,0,1,0,1
70629,0033800002q4tubAAA,0.0,0,0.0,4713.0,0,0,0,1,0,0,1,0,0,0,0,1,0
70636,0033800002q4uYQAAY,0.0,0,0.0,9844.0,0,0,0,0,1,0,1,0,0,0,1,0,0
70638,0033800002q4uuWAAQ,0.0,0,0.0,9990.0,0,1,0,0,0,0,0,0,1,0,0,1,1
70639,0033800002q4v4PAAQ,0.0,30,4805.0,4545.0,1,0,0,0,0,0,1,0,0,0,1,0,0
70642,0033800002q4vMUAAY,0.0,0,0.0,2414.0,0,0,0,1,0,0,0,0,0,1,0,1,0
70644,0033800002q4vbAAAQ,0.0,0,0.0,1908.0,1,0,0,0,0,0,1,0,0,0,0,1,0
70645,0033800002q4vchAAA,0.0,0,0.0,7315.0,0,0,0,1,0,0,1,0,0,0,0,1,1
70646,0033800002q4vleAAA,0.0,90,706.0,7312.0,0,0,0,1,0,0,1,0,0,0,0,1,0
70648,0033800002q4vnpAAA,0.0,0,8097.0,3390.0,0,1,0,0,0,0,0,0,0,1,0,1,0
70652,0033800002q4w4lAAA,0.0,0,0.0,2246.0,0,0,0,1,0,0,1,0,0,0,0,1,0
70653,0033800002q4w9lAAA,0.0,0,0.0,2137.0,0,0,0,1,0,0,1,0,0,0,0,1,0
70657,0033800002q4wddAAA,0.0,0,0.0,3265.0,0,0,0,0,1,0,1,0,0,0,0,1,1
70661,0033800002q4x38AAA,0.0,0,0.0,3192.0,0,0,0,1,0,0,1,0,0,0,0,1,1
70662,0033800002q4xELAAY,0.0,0,0.0,7284.0,0,1,0,0,0,0,1,0,0,0,0,1,0
70663,0033800002q4xFdAAI,0.0,0,964.0,1759.0,0,0,0,1,0,0,1,0,0,0,0,1,0
70666,0033800002q4xTpAAI,0.0,70,461.0,7491.0,0,0,0,1,0,0,1,0,0,0,0,1,1
70667,0033800002q4xUnAAI,0.0,0,0.0,2014.0,0,1,0,0,0,0,1,0,0,0,0,1,0
70669,0033800002q4xhnAAA,0.0,0,6.0,1677.0,0,0,0,1,0,0,0,0,1,0,0,1,1
70670,0033800002q4xpDAAQ,0.0,100,0.0,6046.0,0,0,0,1,0,0,1,0,0,0,0,1,1
70671,0033800002q4xr9AAA,0.0,0,0.0,3887.0,1,0,0,0,0,0,0,0,0,1,0,1,0
70674,0033800002q4xwJAAQ,0.0,0,0.0,2731.0,1,0,0,0,0,0,0,0,1,0,0,1,1
70677,0033800002q4yBCAAY,0.0,0,852.0,1946.0,0,0,0,1,0,0,1,0,0,0,0,1,1
70678,0033800002q4yG2AAI,0.0,0,0.0,7318.0,0,1,0,0,0,0,0,0,0,1,0,1,1
70679,0033800002q4yH5AAI,0.0,0,0.0,7326.0,1,0,0,0,0,1,0,0,0,0,0,1,0
70680,0033800002q4yMyAAI,0.0,0,946.0,3421.0,0,0,0,1,0,0,1,0,0,0,0,1,1
70682,0033800002q4yaMAAQ,0.0,0,0.0,1826.0,0,1,0,0,0,0,0,0,1,0,0,1,0
70683,0033800002q50f1AAA,0.0,0,0.0,7309.0,0,0,0,1,0,0,0,0,0,1,0,1,1
70687,0033800002q50k1AAA,0.0,0,0.0,2721.0,0,0,0,1,0,0,1,0,0,0,0,1,1
70688,0033800002q50kLAAQ,0.0,0,0.0,7146.0,0,0,0,1,0,0,1,0,0,0,0,1,0
70689,0033800002q50ldAAA,0.0,0,0.0,7327.0,0,1,0,0,0,1,0,0,0,0,0,1,1
70691,0033800002q50nFAAQ,0.0,0,4275.0,7320.0,0,0,0,1,0,0,1,0,0,0,0,1,1
70697,0033800002q523iAAA,0.0,0,0.0,2182.0,0,1,0,0,0,1,0,0,0,0,1,0,1
70698,0033800002q52AZAAY,0.0,0,0.0,8821.0,0,0,0,1,0,0,0,0,0,1,0,1,1
70714,0033800002q53LxAAI,0.0,0,0.0,9143.0,0,0,0,1,0,0,1,0,0,0,0,1,1
70715,0033800002q53OhAAI,0.0,0,0.0,7966.0,0,0,0,1,0,0,0,0,0,1,0,1,1
70717,0033800002q53iPAAQ,0.0,0,0.0,3754.0,1,0,0,0,0,1,0,0,0,0,0,1,1
70722,0033800002q54HqAAI,0.0,50,0.0,1462.0,0,1,0,0,0,0,1,0,0,0,0,1,1
70725,0033800002q54HtAAI,0.0,70,7919.0,2248.0,0,0,0,0,1,0,1,0,0,0,1,0,1
70734,0033800002q54THAAY,0.0,0,0.0,4173.0,0,1,0,0,0,0,1,0,0,0,0,1,0
70735,0033800002q54YCAAY,0.0,0,0.0,7252.0,0,1,0,0,0,0,1,0,0,0,0,1,0
70741,0033800002q55jqAAA,0.0,50,2990.0,1663.0,1,0,0,0,0,0,1,0,0,0,0,1,1
70743,0033800002q55koAAA,0.0,0,0.0,8975.0,0,1,0,0,0,0,1,0,0,0,0,1,1
70744,0033800002q55ssAAA,0.0,0,0.0,2517.0,0,1,0,0,0,0,1,0,0,0,0,1,1
70745,0033800002q55yqAAA,0.0,0,0.0,8325.0,0,0,0,0,1,0,1,0,0,0,0,1,1
70751,0033800002q562yAAA,0.0,0,0.0,8502.0,0,0,0,1,0,0,0,0,0,1,0,1,0
70758,0033800002q5635AAA,0.0,0,2850.0,2290.0,0,0,0,0,1,0,0,0,0,1,0,1,0
70766,0033800002q563EAAQ,0.0,0,987.0,2356.0,0,0,0,1,0,0,0,0,0,1,0,1,1
70778,0033800002q563QAAQ,0.0,0,1233.0,112.0,0,0,0,1,0,0,1,0,0,0,0,1,1
70782,0033800002q563UAAQ,0.0,0,100.0,10317.0,0,0,0,0,1,0,0,0,0,1,1,0,1
70799,0033800002q563lAAA,0.0,0,1310.0,5747.0,0,0,0,0,1,1,0,0,0,0,1,0,0
70800,0033800002q563mAAA,0.0,0,4661.0,6614.0,0,0,1,0,0,0,1,0,0,0,0,1,0
70803,0033800002q563pAAA,0.0,0,68.0,7852.0,1,0,0,0,0,1,0,0,0,0,1,0,0
70811,0033800002q563xAAA,0.0,0,0.0,1826.0,0,1,0,0,0,0,0,0,1,0,0,1,1
70815,0033800002q5641AAA,0.0,0,2015.0,2913.0,0,1,0,0,0,0,0,0,0,1,0,1,1
70816,0033800002q5642AAA,0.0,0,0.0,1445.0,0,0,0,1,0,0,0,0,1,0,1,0,0
70820,0033800002q5646AAA,0.0,0,56.0,10227.0,0,1,0,0,0,0,1,0,0,0,1,0,0
70830,0033800002q564MAAQ,0.0,0,0.0,9594.0,0,0,0,0,1,1,0,0,0,0,0,1,1
70833,0033800002q56XoAAI,0.0,0,0.0,986.0,0,0,0,1,0,0,1,0,0,0,0,1,1
70835,0033800002q56i3AAA,0.0,0,0.0,1644.0,0,1,0,0,0,1,0,0,0,0,0,1,0
70836,0033800002q56jGAAQ,0.0,40,1074.0,5700.0,0,0,0,1,0,0,1,0,0,0,0,1,1
70837,0033800002q56lWAAQ,0.0,0,0.0,7308.0,0,1,0,0,0,0,0,0,0,1,0,1,1
70839,0033800002q56yjAAA,0.0,40,7273.0,810.0,0,0,0,1,0,0,0,0,0,1,0,1,0
70840,0033800002q570GAAQ,0.0,0,0.0,7304.0,0,0,0,1,0,0,0,0,0,1,0,1,1
70848,0033800002q57e4AAA,0.0,80,362.0,2480.0,0,0,0,1,0,0,1,0,0,0,0,1,1
70849,0033800002q57iGAAQ,0.0,0,3836.0,530.0,0,0,0,1,0,0,1,0,0,0,1,0,1
70850,0033800002q57uRAAQ,0.0,0,0.0,8755.0,1,0,0,0,0,0,1,0,0,0,0,1,1
70851,0033800002q57vFAAQ,0.0,0,0.0,8047.0,0,0,0,1,0,0,1,0,0,0,0,1,0
70854,0033800002q588iAAA,0.0,0,2043.0,1425.0,0,1,0,0,0,0,0,0,1,0,1,0,0
70857,0033800002q58PyAAI,0.0,30,2310.0,1350.0,0,0,0,0,1,0,0,0,0,1,1,0,0
70858,0033800002q58TRAAY,0.0,0,900.0,1461.0,0,0,0,1,0,0,0,0,1,0,0,1,0
70859,0033800002q58TlAAI,0.0,0,0.0,4380.0,0,0,0,1,0,0,0,0,0,1,0,1,1
70863,0033800002q58aSAAQ,0.0,0,0.0,7444.0,1,0,0,0,0,0,1,0,0,0,0,1,1
70865,0033800002q58bGAAQ,0.0,50,2453.0,1461.0,0,1,0,0,0,0,0,0,1,0,0,1,1
70867,0033800002q58eFAAQ,0.0,0,0.0,7304.0,0,1,0,0,0,0,0,0,0,1,0,1,0
70871,0033800002q58lFAAQ,0.0,0,0.0,7311.0,1,0,0,0,0,1,0,0,0,0,1,0,1
70873,0033800002q59ZaAAI,0.0,0,0.0,2085.0,0,0,0,1,0,1,0,0,0,0,0,1,1
70874,0033800002q59c0AAA,0.0,0,0.0,7363.0,0,0,0,1,0,0,1,0,0,0,0,1,0
70881,0033800002q5AB3AAM,0.0,0,0.0,745.0,0,0,0,1,0,0,1,0,0,0,0,1,1
70882,0033800002q5AJRAA2,0.0,0,0.0,8786.0,1,0,0,0,0,0,1,0,0,0,0,1,1
70883,0033800002q5ALXAA2,0.0,0,0.0,7326.0,0,0,0,1,0,1,0,0,0,0,0,1,1
70885,0033800002q5AZdAAM,0.0,90,1050.0,4625.0,0,0,0,1,0,0,1,0,0,0,0,1,1
70886,0033800002q5AagAAE,0.0,0,0.0,990.0,0,0,0,1,0,0,1,0,0,0,0,1,1
70888,0033800002q5At1AAE,0.0,0,0.0,7115.0,0,0,0,1,0,0,0,0,0,1,0,1,1
70890,0033800002q5B4gAAE,0.0,0,0.0,3620.0,0,0,0,1,0,0,1,0,0,0,0,1,1
70891,0033800002q5BBdAAM,0.0,0,0.0,5709.0,0,0,0,1,0,0,1,0,0,0,1,0,0
70908,0033800002q5CBBAA2,0.0,0,1910.0,2192.0,0,0,0,1,0,0,1,0,0,0,0,1,1
70916,0033800002q5CWTAA2,0.0,0,0.0,4038.0,0,0,0,0,1,0,1,0,0,0,0,1,1
70918,0033800002q5CZIAA2,0.0,60,5860.0,1461.0,1,0,0,0,0,0,0,0,0,1,0,1,1
70920,0033800002q5Cf6AAE,0.0,40,380.0,1323.0,1,0,0,0,0,0,1,0,0,0,0,1,1
70927,0033800002q5DFPAA2,0.0,0,0.0,8134.0,0,1,0,0,0,0,0,0,0,1,0,1,1
70928,0033800002q5DSrAAM,0.0,0,0.0,8055.0,1,0,0,0,0,0,1,0,0,0,0,1,1
70929,0033800002q5DXmAAM,0.0,0,4827.0,1268.0,1,0,0,0,0,0,0,0,0,1,0,1,1
70935,0033800002q5EoHAAU,0.0,100,1408.0,5977.0,0,0,0,0,1,0,1,0,0,0,0,1,1
70936,0033800002q5EqIAAU,0.0,0,0.0,10209.0,1,0,0,0,0,0,1,0,0,0,0,1,1
70943,0033800002q5FdSAAU,0.0,0,0.0,1945.0,0,0,0,1,0,1,0,0,0,0,0,1,0
70946,0033800002q5FvkAAE,0.0,0,0.0,1582.0,0,1,0,0,0,0,0,0,0,1,0,1,0
70948,0033800002q5FxvAAE,0.0,70,16167.0,1757.0,0,1,0,0,0,0,0,0,1,0,0,1,1
70954,0033800002q5G8PAAU,0.0,0,3564.0,1581.0,0,1,0,0,0,0,0,0,1,0,0,1,0
70956,0033800002q5GFMAA2,0.0,0,0.0,9835.0,0,1,0,0,0,0,1,0,0,0,0,1,1
70963,0033800002q5GNBAA2,0.0,40,2754.0,1460.0,1,0,0,0,0,0,0,0,1,0,0,1,1
70966,0033800002q5GhRAAU,0.0,0,64.0,10443.0,1,0,0,0,0,0,0,0,1,0,0,1,1
70971,0033800002q5GjcAAE,0.0,0,0.0,3857.0,1,0,0,0,0,0,0,0,0,1,0,1,1
70972,0033800002q5GmCAAU,0.0,0,49.0,960.0,0,0,0,1,0,1,0,0,0,0,0,1,0
70974,0033800002q5GoSAAU,0.0,40,443.0,3129.0,0,0,0,1,0,0,0,0,1,0,1,0,0
70982,0033800002q5H2jAAE,0.0,0,0.0,7296.0,0,0,0,0,1,0,0,0,0,1,0,1,1
70985,0033800002q5H6WAAU,0.0,0,0.0,7331.0,0,0,0,1,0,0,1,0,0,0,0,1,1
70986,0033800002q5H75AAE,0.0,0,0.0,2585.0,0,0,0,1,0,0,1,0,0,0,0,1,0
70992,0033800002q5HuRAAU,0.0,0,4611.0,1826.0,0,1,0,0,0,0,1,0,0,0,1,0,0
70995,0033800002q5IUOAA2,0.0,0,12295.0,1095.0,0,0,0,1,0,0,0,0,0,1,0,1,0
70996,0033800002q5IVqAAM,0.0,0,1851.0,1311.0,0,0,0,1,0,0,1,0,0,0,0,1,0
70997,0033800002q5IWKAA2,0.0,0,127.0,2325.0,0,1,0,0,0,1,0,0,0,0,1,0,1
70999,0033800002q5Iy2AAE,0.0,0,0.0,7307.0,0,0,0,0,1,0,1,0,0,0,1,0,0
71002,0033800002q5J32AAE,0.0,0,0.0,9118.0,0,1,0,0,0,0,1,0,0,0,0,1,0
71008,0033800002q5JJPAA2,0.0,0,0.0,7332.0,1,0,0,0,0,1,0,0,0,0,1,0,1
71010,0033800002q5JW4AAM,0.0,0,333.0,1460.0,0,0,0,1,0,0,0,0,1,0,0,1,0
71011,0033800002q5JlnAAE,0.0,0,0.0,10964.0,0,1,0,0,0,0,0,0,0,1,0,1,0
71012,0033800002q5KJdAAM,0.0,0,0.0,7336.0,0,0,0,0,1,0,0,0,0,1,0,1,1
71013,0033800002q5MEzAAM,0.0,0,0.0,10085.0,0,1,0,0,0,0,1,0,0,0,0,1,1
71018,0033800002q5McaAAE,0.0,0,0.0,1825.0,0,0,0,1,0,0,0,0,1,0,0,1,1
71022,0033800002q5MnOAAU,0.0,0,0.0,9165.0,0,1,0,0,0,0,0,0,0,1,0,1,1
71023,0033800002q5MtMAAU,0.0,0,2279.0,1634.0,0,1,0,0,0,0,0,0,0,1,0,1,1
71024,0033800002q5N3RAAU,0.0,0,0.0,9155.0,1,0,0,0,0,0,1,0,0,0,0,1,1
71031,0033800002q5NLeAAM,0.0,0,185.0,7436.0,0,1,0,0,0,1,0,0,0,0,0,1,0
71039,0033800002q5QaSAAU,0.0,0,0.0,10233.0,0,1,0,0,0,0,1,0,0,0,0,1,1
71045,0033800002q5R3jAAE,0.0,0,0.0,5497.0,0,0,0,1,0,1,0,0,0,0,1,0,0
71047,0033800002q5RDeAAM,0.0,0,0.0,8792.0,0,1,0,0,0,1,0,0,0,0,0,1,0
71054,0033800002q5RcFAAU,0.0,0,0.0,9729.0,0,0,0,0,1,0,0,0,0,1,0,1,1
71059,0033800002q5S27AAE,0.0,0,0.0,10984.0,0,0,0,0,1,0,1,0,0,0,0,1,1
71060,0033800002q5S2CAAU,0.0,0,0.0,1642.0,0,1,0,0,0,0,1,0,0,0,0,1,1
71062,0033800002q5SCHAA2,0.0,0,0.0,7318.0,1,0,0,0,0,0,0,0,0,1,0,1,1
71065,0033800002q5SYzAAM,0.0,0,4511.0,1460.0,0,1,0,0,0,1,0,0,0,0,1,0,0
71068,0033800002q5T5yAAE,0.0,0,1073.0,8756.0,0,0,0,0,1,0,1,0,0,0,1,0,1
71072,0033800002q5U81AAE,0.0,0,12892.0,1375.0,0,0,1,0,0,0,1,0,0,0,0,1,0
71074,0033800002q5UQFAA2,0.0,0,0.0,3068.0,0,0,0,1,0,0,0,0,0,1,0,1,0
71080,0033800002q5V8zAAE,0.0,0,11801.0,1642.0,0,0,0,1,0,0,1,0,0,0,1,0,0
71082,0033800002q5VBnAAM,0.0,0,0.0,3788.0,0,0,0,1,0,0,0,0,0,1,1,0,0
71083,0033800002q5VDZAA2,0.0,0,0.0,1920.0,0,1,0,0,0,0,1,0,0,0,0,1,1
71085,0033800002q5VSoAAM,0.0,0,0.0,7333.0,1,0,0,0,0,0,0,0,0,1,1,0,1
71087,0033800002q5VUpAAM,0.0,0,0.0,1825.0,0,0,0,1,0,0,0,0,1,0,0,1,1
71089,0033800002q5VarAAE,0.0,0,0.0,7308.0,0,0,0,1,0,0,1,0,0,0,1,0,1
71092,0033800002q5VuNAAU,0.0,0,0.0,9362.0,1,0,0,0,0,0,1,0,0,0,0,1,1
71097,0033800002q5WAlAAM,0.0,0,0.0,7306.0,0,0,0,0,1,0,0,0,0,1,0,1,1
71098,0033800002q5WBzAAM,0.0,0,8218.0,2556.0,0,0,0,1,0,1,0,0,0,0,1,0,0
71103,0033800002q5WC5AAM,0.0,50,30.0,8875.0,0,1,0,0,0,0,1,0,0,0,1,0,0
71105,0033800002q5WC7AAM,0.0,80,2291.0,8450.0,0,0,0,0,1,1,0,0,0,0,1,0,0
71106,0033800002q5WC8AAM,0.0,50,2985.0,7305.0,0,0,0,0,1,1,0,0,0,0,1,0,0
71109,0033800002q5WCCAA2,0.0,0,5723.0,1491.0,0,1,0,0,0,0,0,0,0,1,1,0,0
71112,0033800002q5WCGAA2,0.0,0,3682.0,8492.0,0,1,0,0,0,1,0,0,0,0,1,0,0
71120,0033800002q5WX6AAM,0.0,0,0.0,9159.0,0,1,0,0,0,0,0,0,1,0,0,1,1
71124,0033800002q5X9hAAE,0.0,0,0.0,7886.0,0,0,0,0,1,1,0,0,0,0,1,0,1
71127,0033800002q5YPFAA2,0.0,0,0.0,7604.0,0,1,0,0,0,0,0,0,0,1,0,1,0
71133,0033800002q5aGYAAY,0.0,0,0.0,7322.0,0,0,0,1,0,0,0,0,0,1,1,0,1
71134,0033800002q5aZdAAI,0.0,0,0.0,7447.0,0,0,0,0,1,1,0,0,0,0,1,0,1
71135,0033800002q5aesAAA,0.0,0,3893.0,3287.0,0,0,0,0,1,1,0,0,0,0,1,0,1
71136,0033800002q5afgAAA,0.0,0,0.0,5049.0,0,1,0,0,0,1,0,0,0,0,0,1,1
71137,0033800002q5ahNAAQ,0.0,0,0.0,1676.0,0,0,0,0,1,1,0,0,0,0,0,1,1
71139,0033800002q5aleAAA,0.0,0,0.0,8646.0,0,1,0,0,0,1,0,0,0,0,1,0,0
71142,0033800002q5bO6AAI,0.0,0,0.0,7759.0,0,1,0,0,0,0,1,0,0,0,0,1,0
71144,0033800002q5bpQAAQ,0.0,100,1589.0,7323.0,0,1,0,0,0,0,1,0,0,0,1,0,0
71146,0033800002q5c0MAAQ,0.0,10,9226.0,987.0,0,0,0,0,1,0,0,0,0,1,1,0,0
71148,0033800002q5cV2AAI,0.0,0,0.0,9079.0,0,0,0,1,0,0,1,0,0,0,1,0,1
71152,0033800002q5cYYAAY,0.0,50,0.0,1222.0,0,1,0,0,0,0,1,0,0,0,0,1,1
71203,0033800002q5eN0AAI,0.0,0,0.0,8751.0,0,1,0,0,0,1,0,0,0,0,0,1,1
71205,0033800002q5eSFAAY,0.0,0,0.0,7979.0,1,0,0,0,0,0,1,0,0,0,0,1,0
71207,0033800002q5eVDAAY,0.0,0,6818.0,2865.0,0,1,0,0,0,0,1,0,0,0,0,1,1
71210,0033800002q5eehAAA,0.0,0,1374.0,1086.0,0,0,0,1,0,0,1,0,0,0,1,0,0
71211,0033800002q5egnAAA,0.0,100,156.0,10594.0,0,1,0,0,0,0,1,0,0,0,0,1,1
71212,0033800002q5elnAAA,0.0,0,0.0,9000.0,1,0,0,0,0,0,0,1,0,0,0,1,0
71214,0033800002q5eqxAAA,0.0,0,33.0,7316.0,0,1,0,0,0,1,0,0,0,0,0,1,0
71218,0033800002q5f20AAA,0.0,30,1586.0,7317.0,1,0,0,0,0,0,0,0,0,1,0,1,0
71220,0033800002q5f4uAAA,0.0,90,0.0,6418.0,0,1,0,0,0,0,1,0,0,0,0,1,1
71227,0033800002q5fiAAAQ,0.0,0,0.0,7957.0,0,1,0,0,0,0,1,0,0,0,0,1,1
71230,0033800002q5fvdAAA,0.0,0,0.0,3772.0,0,1,0,0,0,0,1,0,0,0,0,1,0
71231,0033800002q5g00AAA,0.0,0,320.0,7319.0,1,0,0,0,0,1,0,0,0,0,0,1,1
71234,0033800002q5g5xAAA,0.0,50,0.0,8653.0,0,1,0,0,0,1,0,0,0,0,0,1,1
71244,0033800002q5i0fAAA,0.0,70,3025.0,2381.0,0,1,0,0,0,0,1,0,0,0,1,0,0
71248,0033800002q5i8KAAQ,0.0,30,1528.0,1826.0,0,1,0,0,0,0,0,0,1,0,1,0,0
71253,0033800002q5iFkAAI,0.0,0,0.0,2262.0,0,1,0,0,0,0,1,0,0,0,0,1,1
71254,0033800002q5iM2AAI,0.0,0,2313.0,1124.0,0,1,0,0,0,0,1,0,0,0,1,0,0
71255,0033800002q5iQ4AAI,0.0,0,167.0,4130.0,0,1,0,0,0,0,0,0,0,1,1,0,1
71259,0033800002q5iY3AAI,0.0,0,0.0,9885.0,0,1,0,0,0,1,0,0,0,0,0,1,1
71262,0033800002q5irjAAA,0.0,0,5173.0,2364.0,0,0,0,1,0,0,0,0,0,1,0,1,1
71277,0033800002q5kciAAA,0.0,0,0.0,10969.0,0,1,0,0,0,0,0,0,0,1,0,1,1
71285,0033800002q5kcqAAA,0.0,80,1211.0,2200.0,0,0,0,1,0,0,0,0,0,1,0,1,0
71288,0033800002q5kctAAA,0.0,0,33.0,6907.0,0,1,0,0,0,0,1,0,0,0,0,1,1
71290,0033800002q5kcvAAA,0.0,0,1227.0,7309.0,0,0,0,0,1,0,1,0,0,0,1,0,0
71296,0033800002q5kd1AAA,0.0,0,56.0,4755.0,1,0,0,0,0,0,1,0,0,0,0,1,1
71297,0033800002q5kd2AAA,0.0,0,4.0,1155.0,0,1,0,0,0,0,1,0,0,0,1,0,1
71303,0033800002q5kd8AAA,0.0,30,2085.0,5143.0,0,1,0,0,0,0,1,0,0,0,0,1,1
71310,0033800002q5kdFAAQ,0.0,0,1129.0,2879.0,1,0,0,0,0,1,0,0,0,0,0,1,1
71314,0033800002q5kdJAAQ,0.0,0,37.0,5844.0,0,1,0,0,0,0,0,0,0,1,0,1,1
71316,0033800002q5kdLAAQ,0.0,0,4936.0,1834.0,0,0,0,0,1,0,0,0,1,0,0,1,1
71317,0033800002q5kdMAAQ,0.0,0,3025.0,2375.0,0,0,0,0,1,0,1,0,0,0,0,1,1
71322,0033800002q5kdSAAQ,0.0,0,0.0,1461.0,0,0,0,1,0,0,1,0,0,0,0,1,1
71331,0033800002q5kdcAAA,0.0,0,0.0,3859.0,0,0,0,1,0,0,1,0,0,0,0,1,1
71346,0033800002q5kdrAAA,0.0,0,0.0,9256.0,0,0,0,0,1,1,0,0,0,0,0,1,1
71348,0033800002q5kdtAAA,0.0,0,0.0,7771.0,0,0,0,0,1,0,0,0,0,1,0,1,1
71352,0033800002q5kdxAAA,0.0,0,0.0,7612.0,0,1,0,0,0,0,0,0,0,1,0,1,0
71357,0033800002q5ke2AAA,0.0,0,0.0,5155.0,0,0,0,0,1,0,1,0,0,0,0,1,0
71363,0033800002q5ke8AAA,0.0,0,0.0,8002.0,0,0,0,1,0,0,1,0,0,0,1,0,0
71377,0033800002q5nZtAAI,0.0,0,0.0,2190.0,0,0,0,1,0,1,0,0,0,0,0,1,0
71392,0033800002q5p8SAAQ,0.0,100,1739.0,7822.0,0,0,0,0,1,0,1,0,0,0,1,0,0
71393,0033800002q5p8TAAQ,0.0,0,10380.0,1873.0,0,0,0,1,0,0,0,0,0,1,0,1,1
71394,0033800002q5p8UAAQ,0.0,50,2500.0,1095.0,0,1,0,0,0,0,1,0,0,0,0,1,0
71397,0033800002q5p8XAAQ,0.0,0,5542.0,1461.0,0,0,0,1,0,0,0,0,1,0,0,1,1
71398,0033800002q5p8YAAQ,0.0,30,5542.0,1461.0,1,0,0,0,0,0,1,0,0,0,0,1,0
71399,0033800002q5p8ZAAQ,0.0,0,304.0,8764.0,0,0,0,1,0,0,1,0,0,0,1,0,0
71402,0033800002q5pMrAAI,0.0,0,0.0,3968.0,0,0,0,0,1,0,1,0,0,0,1,0,1
71404,0033800002q5pVGAAY,0.0,0,0.0,8497.0,0,1,0,0,0,1,0,0,0,0,1,0,0
71406,0033800002q5phVAAQ,0.0,90,7873.0,1093.0,0,0,0,0,1,0,1,0,0,0,0,1,0
71407,0033800002q5pnFAAQ,0.0,0,0.0,3782.0,0,1,0,0,0,0,1,0,0,0,0,1,1
71411,0033800002q5qDmAAI,0.0,80,1599.0,2854.0,0,1,0,0,0,0,1,0,0,0,0,1,1
71414,0033800002q5qHyAAI,0.0,0,0.0,7499.0,0,0,0,0,1,0,0,0,0,1,0,1,0
71415,0033800002q5qI4AAI,0.0,0,0.0,1461.0,0,0,0,1,0,0,0,0,1,0,0,1,0
71416,0033800002q5qSNAAY,0.0,0,0.0,1519.0,0,0,0,1,0,0,0,0,1,0,1,0,1
71420,0033800002q5rFXAAY,0.0,0,0.0,9519.0,0,1,0,0,0,0,0,0,0,1,0,1,1
71425,0033800002q5rWxAAI,0.0,0,9227.0,1574.0,0,1,0,0,0,1,0,0,0,0,1,0,1
71426,0033800002q5rXCAAY,0.0,0,0.0,7959.0,0,0,0,0,1,0,1,0,0,0,1,0,1
71427,0033800002q5rYKAAY,0.0,50,902.0,1714.0,0,1,0,0,0,0,0,0,1,0,0,1,0
71440,0033800002q5sQ4AAI,0.0,0,0.0,2190.0,0,0,0,1,0,1,0,0,0,0,0,1,0
71441,0033800002q5sQ9AAI,0.0,0,0.0,7346.0,1,0,0,0,0,1,0,0,0,0,0,1,1
71444,0033800002q5sWlAAI,0.0,0,0.0,2251.0,1,0,0,0,0,0,1,0,0,0,0,1,1
71448,0033800002q5scFAAQ,0.0,90,7462.0,8794.0,0,0,0,0,1,0,1,0,0,0,1,0,0
71449,0033800002q5sj6AAA,0.0,0,0.0,9515.0,0,0,0,1,0,0,1,0,0,0,0,1,1
71455,0033800002q5tUqAAI,0.0,0,0.0,1592.0,0,1,0,0,0,0,1,0,0,0,1,0,0
71457,0033800002q5thHAAQ,0.0,40,1774.0,1208.0,0,1,0,0,0,0,1,0,0,0,0,1,0
71460,0033800002q5tuQAAQ,0.0,100,1313.0,2537.0,0,1,0,0,0,0,1,0,0,0,1,0,1
71464,0033800002q5uCpAAI,0.0,0,0.0,2957.0,0,0,0,0,1,0,1,0,0,0,0,1,1
71469,0033800002q5uZfAAI,0.0,0,0.0,7178.0,0,0,0,1,0,0,0,0,0,1,0,1,1
71473,0033800002q5vm4AAA,0.0,0,0.0,9144.0,0,0,0,1,0,0,1,0,0,0,0,1,1
71474,0033800002q5voPAAQ,0.0,0,0.0,7329.0,0,0,0,1,0,0,1,0,0,0,0,1,0
71475,0033800002q5vv6AAA,0.0,0,0.0,8916.0,0,1,0,0,0,0,0,0,0,1,0,1,1
71478,0033800002q5w3ZAAQ,0.0,0,0.0,1786.0,0,0,0,1,0,0,0,0,1,0,0,1,1
71480,0033800002q5wRsAAI,0.0,0,10073.0,2190.0,0,1,0,0,0,0,0,0,0,1,0,1,1
71482,0033800002q5wVaAAI,0.0,0,0.0,2746.0,0,0,0,1,0,0,1,0,0,0,0,1,0
71486,0033800002q5wzNAAQ,0.0,0,0.0,7310.0,0,1,0,0,0,1,0,0,0,0,0,1,1
71487,0033800002q5x4rAAA,0.0,0,0.0,3224.0,0,0,0,0,1,0,1,0,0,0,0,1,1
71491,0033800002q5xIKAAY,0.0,0,617.0,10799.0,0,1,0,0,0,1,0,0,0,0,0,1,1
71492,0033800002q5xLsAAI,0.0,40,1620.0,4451.0,0,0,0,0,1,0,1,0,0,0,1,0,0
71493,0033800002q5xMvAAI,0.0,0,0.0,7722.0,0,1,0,0,0,0,1,0,0,0,0,1,1
71494,0033800002q5xNZAAY,0.0,0,1399.0,5573.0,0,0,0,1,0,0,1,0,0,0,0,1,1
71495,0033800002q5xONAAY,0.0,100,3740.0,10970.0,0,0,0,0,1,0,1,0,0,0,0,1,1
71496,0033800002q5xTNAAY,0.0,0,0.0,5504.0,0,0,0,1,0,0,1,0,0,0,0,1,1
71498,0033800002q5y0tAAA,0.0,0,0.0,8044.0,0,0,0,1,0,0,1,0,0,0,0,1,1
71501,0033800002q5y4qAAA,0.0,30,0.0,7316.0,1,0,0,0,0,1,0,0,0,0,0,1,1
71506,0033800002q5yDwAAI,0.0,0,0.0,5113.0,0,0,0,1,0,0,1,0,0,0,0,1,1
71512,0033800002q5yKYAAY,0.0,30,2985.0,7618.0,0,0,0,0,1,0,1,0,0,0,1,0,1
71514,0033800002q5yY9AAI,0.0,0,9429.0,869.0,0,0,0,0,1,0,1,0,0,0,0,1,1
71519,0033800002q5ymxAAA,0.0,0,0.0,9153.0,0,0,0,0,1,0,1,0,0,0,0,1,1
71523,0033800002q5yp3AAA,0.0,10,403.0,2917.0,0,0,0,1,0,0,1,0,0,0,1,0,1
71525,0033800002q5yrxAAA,0.0,0,0.0,1460.0,0,0,0,1,0,0,0,0,1,0,1,0,1
71526,0033800002q5ysWAAQ,0.0,0,0.0,7716.0,1,0,0,0,0,1,0,0,0,0,0,1,1
71533,0033800002q5yzIAAQ,0.0,0,185.0,915.0,0,1,0,0,0,0,1,0,0,0,0,1,1
71536,0033800002q5z7WAAQ,0.0,0,1148.0,1826.0,0,1,0,0,0,0,1,0,0,0,0,1,0
71537,0033800002q5z7qAAA,0.0,0,35.0,9639.0,0,1,0,0,0,0,1,0,0,0,0,1,0
71539,0033800002q5zGAAAY,0.0,0,0.0,7321.0,0,0,0,1,0,0,0,0,0,1,0,1,1
71541,0033800002q5zGyAAI,0.0,0,0.0,2190.0,1,0,0,0,0,1,0,0,0,0,0,1,1
71544,0033800002q5zLoAAI,0.0,80,128.0,6302.0,1,0,0,0,0,0,1,0,0,0,0,1,1
71546,0033800002q5zNVAAY,0.0,0,0.0,2138.0,0,0,0,1,0,0,1,0,0,0,0,1,1
71547,0033800002q5zNkAAI,0.0,0,6828.0,2081.0,0,1,0,0,0,0,1,0,0,0,0,1,1
71549,0033800002q5zOOAAY,0.0,0,0.0,2536.0,1,0,0,0,0,0,1,0,0,0,0,1,1
71551,0033800002q5zPCAAY,0.0,0,0.0,2771.0,0,0,0,0,1,1,0,0,0,0,0,1,1
71555,0033800002q5zSQAAY,0.0,0,0.0,7329.0,1,0,0,0,0,0,0,0,0,1,0,1,0
71559,0033800002q5zVeAAI,0.0,60,2614.0,3146.0,0,0,0,0,1,0,1,0,0,0,1,0,1
71573,0033800002q60cLAAQ,0.0,0,0.0,1583.0,0,0,0,1,0,0,1,0,0,0,0,1,1
71574,0033800002q60hxAAA,0.0,70,462.0,6146.0,0,0,0,1,0,0,1,0,0,0,0,1,0
71575,0033800002q60khAAA,0.0,30,887.0,2554.0,0,1,0,0,0,0,1,0,0,0,0,1,1
71584,0033800002q61sTAAQ,0.0,100,7713.0,1460.0,0,1,0,0,0,1,0,0,0,0,0,1,0
71585,0033800002q61x9AAA,0.0,0,0.0,1793.0,0,1,0,0,0,0,0,0,1,0,0,1,0
71587,0033800002q637eAAA,0.0,80,2832.0,1888.0,0,1,0,0,0,0,1,0,0,0,0,1,1
71595,0033800002q63PnAAI,0.0,0,993.0,3948.0,1,0,0,0,0,0,1,0,0,0,0,1,1
71596,0033800002q63W0AAI,0.0,0,1513.0,2309.0,0,0,0,0,1,0,1,0,0,0,0,1,0
71597,0033800002q63jEAAQ,0.0,0,192.0,7.0,1,0,0,0,0,0,1,0,0,0,0,1,1
71598,0033800002q63mDAAQ,0.0,60,5738.0,1142.0,0,0,0,1,0,0,1,0,0,0,1,0,0
71599,0033800002q63u7AAA,0.0,0,0.0,8786.0,0,0,0,1,0,0,1,0,0,0,0,1,1
71602,0033800002q64CaAAI,0.0,0,0.0,7406.0,0,0,0,1,0,0,0,0,0,1,0,1,0
71603,0033800002q64D9AAI,0.0,70,0.0,3421.0,0,0,0,1,0,0,1,0,0,0,0,1,1
71604,0033800002q64E7AAI,0.0,0,39.0,7315.0,0,1,0,0,0,0,1,0,0,0,1,0,1
71608,0033800002q64ZyAAI,0.0,0,16021.0,1244.0,0,1,0,0,0,1,0,0,0,0,0,1,0
71610,0033800002q64jjAAA,0.0,90,1499.0,4302.0,0,0,0,0,1,0,1,0,0,0,0,1,1
71613,0033800002q64yFAAQ,0.0,70,2969.0,7376.0,0,1,0,0,0,1,0,0,0,0,0,1,0
71618,0033800002q65mUAAQ,0.0,30,2171.0,7519.0,0,1,0,0,0,1,0,0,0,0,1,0,0
71620,0033800002q65tLAAQ,0.0,0,0.0,7605.0,1,0,0,0,0,1,0,0,0,0,0,1,1
71624,0033800002q65yfAAA,0.0,0,6688.0,5086.0,0,0,0,1,0,1,0,0,0,0,0,1,0
71625,0033800002q660bAAA,0.0,0,0.0,3128.0,1,0,0,0,0,0,1,0,0,0,0,1,0
71630,0033800002q66BvAAI,0.0,0,0.0,7624.0,0,0,0,0,1,0,0,0,0,1,1,0,0
71631,0033800002q66EVAAY,0.0,100,1252.0,7095.0,0,1,0,0,0,0,1,0,0,0,0,1,1
71635,0033800002q67NaAAI,0.0,0,0.0,5654.0,1,0,0,0,0,0,1,0,0,0,1,0,1
71639,0033800002q67o7AAA,0.0,0,0.0,7280.0,1,0,0,0,0,1,0,0,0,0,0,1,1
71642,0033800002q68DgAAI,0.0,0,0.0,7309.0,0,0,0,1,0,0,0,0,0,1,0,1,0
71643,0033800002q68G1AAI,0.0,0,0.0,7319.0,0,1,0,0,0,0,0,0,0,1,0,1,1
71644,0033800002q68UqAAI,0.0,70,5764.0,7331.0,0,0,0,0,1,0,1,0,0,0,0,1,0
71647,0033800002q68dOAAQ,0.0,0,0.0,10957.0,0,1,0,0,0,1,0,0,0,0,0,1,1
71654,0033800002q699DAAQ,0.0,80,3005.0,3025.0,0,0,0,1,0,0,1,0,0,0,0,1,0
71658,0033800002q69YrAAI,0.0,100,654.0,8877.0,0,0,0,0,1,1,0,0,0,0,0,1,0
71662,0033800002q69j0AAA,0.0,0,361.0,1782.0,0,0,0,1,0,0,1,0,0,0,0,1,1
71667,0033800002q6ANwAAM,0.0,0,142.0,8744.0,0,1,0,0,0,1,0,0,0,0,0,1,1
71668,0033800002q6ASOAA2,0.0,0,0.0,9914.0,0,1,0,0,0,0,0,0,1,0,0,1,1
71670,0033800002q6AwCAAU,0.0,0,0.0,7323.0,0,1,0,0,0,0,0,0,0,1,1,0,1
71672,0033800002q6C9gAAE,0.0,0,1050.0,5801.0,0,0,0,0,1,0,1,0,0,0,1,0,0
71674,0033800002q6C9iAAE,0.0,0,9473.0,1825.0,1,0,0,0,0,0,1,0,0,0,1,0,0
71679,0033800002q6C9tAAE,0.0,50,8245.0,1804.0,0,0,0,1,0,0,1,0,0,0,1,0,0
71680,0033800002q6C9wAAE,0.0,0,7518.0,2012.0,0,0,0,0,1,0,1,0,0,0,1,0,1
71681,0033800002q6C9xAAE,0.0,0,1207.0,4546.0,0,0,0,1,0,0,1,0,0,0,1,0,1
71682,0033800002q6C9yAAE,0.0,30,4993.0,7372.0,0,1,0,0,0,1,0,0,0,0,1,0,0
71684,0033800002q6CDwAAM,0.0,0,0.0,7335.0,0,0,0,0,1,1,0,0,0,0,0,1,1
71689,0033800002q6CMLAA2,0.0,0,1566.0,863.0,0,0,0,1,0,0,1,0,0,0,0,1,1
71691,0033800002q6COgAAM,0.0,0,0.0,2190.0,0,0,0,1,0,1,0,0,0,0,0,1,1
71694,0033800002q6CcdAAE,0.0,0,68.0,1416.0,1,0,0,0,0,0,1,0,0,0,0,1,0
71696,0033800002q6CfNAAU,0.0,0,6422.0,3294.0,0,0,0,1,0,0,0,0,0,1,0,1,0
71703,0033800002q6D0MAAU,0.0,0,29.0,1826.0,0,0,0,1,0,0,0,0,1,0,0,1,0
71704,0033800002q6D28AAE,0.0,100,0.0,5930.0,0,1,0,0,0,0,1,0,0,0,0,1,1
71707,0033800002q6D8aAAE,0.0,0,0.0,7554.0,0,1,0,0,0,0,0,0,0,1,1,0,0
71708,0033800002q6D9OAAU,0.0,0,0.0,7335.0,0,1,0,0,0,0,0,0,0,1,1,0,0
71711,0033800002q6DUMAA2,0.0,0,0.0,4244.0,0,1,0,0,0,0,1,0,0,0,0,1,1
71721,0033800002q6E3mAAE,0.0,0,0.0,11483.0,0,0,0,0,1,1,0,0,0,0,0,1,1
71723,0033800002q6E4VAAU,0.0,20,3703.0,1463.0,0,0,0,0,1,0,0,0,1,0,0,1,1
71724,0033800002q6E6HAAU,0.0,0,0.0,3668.0,0,0,0,1,0,0,0,0,0,1,1,0,1
71728,0033800002q6EEWAA2,0.0,0,32.0,1462.0,0,0,0,1,0,0,0,0,1,0,0,1,1
71745,0033800002q6GBoAAM,0.0,0,0.0,3021.0,0,1,0,0,0,0,1,0,0,0,1,0,0
71751,0033800002q6Ge6AAE,0.0,60,1716.0,10328.0,1,0,0,0,0,0,1,0,0,0,0,1,0
71752,0033800002q6GefAAE,0.0,0,0.0,4066.0,0,0,0,0,1,0,0,0,0,1,0,1,1
71756,0033800002q6GuOAAU,0.0,0,0.0,2130.0,0,1,0,0,0,0,0,0,0,1,0,1,0
71757,0033800002q6GykAAE,0.0,0,0.0,9436.0,0,1,0,0,0,0,1,0,0,0,1,0,1
71760,0033800002q6H9BAAU,0.0,0,0.0,7997.0,1,0,0,0,0,0,0,0,0,1,0,1,1
71762,0033800002q6HE6AAM,0.0,0,9674.0,1461.0,0,0,0,1,0,0,1,0,0,0,0,1,0
71763,0033800002q6HKOAA2,0.0,0,0.0,6652.0,1,0,0,0,0,1,0,0,0,0,0,1,1
71773,0033800002q6IFXAA2,0.0,100,0.0,3734.0,0,0,0,1,0,0,1,0,0,0,1,0,1
71777,0033800002q6ISWAA2,0.0,0,0.0,7335.0,0,1,0,0,0,1,0,0,0,0,0,1,1
71778,0033800002q6IV6AAM,0.0,0,0.0,8060.0,1,0,0,0,0,0,0,0,0,1,0,1,1
71782,0033800002q6IjEAAU,0.0,0,0.0,2673.0,0,0,0,1,0,0,0,0,0,1,1,0,0
71785,0033800002q6J6jAAE,0.0,0,0.0,7317.0,1,0,0,0,0,0,1,0,0,0,0,1,1
71792,0033800002q6JijAAE,0.0,0,0.0,8582.0,0,1,0,0,0,0,0,0,1,0,0,1,1
71794,0033800002q6JlOAAU,0.0,0,0.0,4748.0,0,0,0,1,0,0,1,0,0,0,0,1,0
71799,0033800002q6KBlAAM,0.0,0,0.0,8769.0,0,1,0,0,0,1,0,0,0,0,0,1,1
71805,0033800002q6KMjAAM,0.0,0,0.0,7326.0,0,1,0,0,0,1,0,0,0,0,1,0,1
71809,0033800002q6KTQAA2,0.0,100,894.0,9609.0,0,1,0,0,0,0,1,0,0,0,1,0,1
71810,0033800002q6KTzAAM,0.0,0,0.0,1460.0,0,0,0,1,0,0,1,0,0,0,0,1,1
71812,0033800002q6KVbAAM,0.0,0,6270.0,1204.0,1,0,0,0,0,0,1,0,0,0,1,0,1
71816,0033800002q6KZOAA2,0.0,30,4413.0,1095.0,0,0,0,1,0,0,1,0,0,0,0,1,1
71818,0033800002q6KdfAAE,0.0,0,0.0,4809.0,0,0,0,1,0,0,1,0,0,0,0,1,1
71820,0033800002q6KrDAAU,0.0,0,204.0,2582.0,0,0,0,1,0,0,1,0,0,0,0,1,1
71821,0033800002q6KuTAAU,0.0,40,863.0,7327.0,0,0,0,0,1,0,1,0,0,0,0,1,1
71823,0033800002q6L3uAAE,0.0,0,0.0,1981.0,0,0,0,1,0,0,1,0,0,0,0,1,0
71826,0033800002q6Lx3AAE,0.0,70,287.0,8598.0,0,1,0,0,0,1,0,0,0,0,1,0,1
71827,0033800002q6M0CAAU,0.0,0,0.0,3104.0,0,1,0,0,0,0,1,0,0,0,0,1,1
71828,0033800002q6M6AAAU,0.0,0,0.0,7324.0,1,0,0,0,0,1,0,0,0,0,0,1,1
71830,0033800002q6MInAAM,0.0,0,680.0,1461.0,0,0,0,1,0,0,0,0,0,1,0,1,0
71840,0033800002q6NPvAAM,0.0,0,0.0,7328.0,0,1,0,0,0,1,0,0,0,0,0,1,1
71841,0033800002q6NSDAA2,0.0,0,0.0,6976.0,0,1,0,0,0,0,0,0,0,1,0,1,1
71848,0033800002q6ODlAAM,0.0,0,0.0,8495.0,0,0,0,1,0,0,0,0,0,1,0,1,1
71850,0033800002q6ONgAAM,0.0,70,1911.0,1293.0,1,0,0,0,0,0,1,0,0,0,0,1,1
71851,0033800002q6OUoAAM,0.0,0,0.0,8462.0,0,0,0,0,1,0,0,0,1,0,0,1,1
71855,0033800002q6OenAAE,0.0,0,3548.0,1635.0,0,1,0,0,0,0,0,0,1,0,0,1,1
71871,0033800002q6PX4AAM,0.0,0,0.0,1207.0,0,0,0,1,0,0,1,0,0,0,0,1,1
71872,0033800002q6PZ5AAM,0.0,0,53.0,1534.0,0,1,0,0,0,0,1,0,0,0,0,1,1
71878,0033800002q6Ps7AAE,0.0,90,1129.0,3442.0,1,0,0,0,0,0,0,0,1,0,0,1,1
71882,0033800002q6QABAA2,0.0,0,0.0,8772.0,1,0,0,0,0,1,0,0,0,0,0,1,1
71886,0033800002q6QNZAA2,0.0,0,2008.0,3511.0,0,1,0,0,0,0,0,0,1,0,0,1,1
71889,0033800002q6QVsAAM,0.0,0,0.0,8780.0,0,1,0,0,0,0,0,0,0,1,0,1,1
71890,0033800002q6QYhAAM,0.0,0,0.0,7886.0,0,0,0,0,1,1,0,0,0,0,0,1,1
71891,0033800002q6QasAAE,0.0,0,1732.0,6733.0,1,0,0,0,0,0,1,0,0,0,0,1,1
71892,0033800002q6QbqAAE,0.0,0,0.0,5479.0,1,0,0,0,0,1,0,0,0,0,0,1,1
71893,0033800002q6QbvAAE,0.0,0,0.0,1607.0,0,0,0,1,0,0,1,0,0,0,0,1,0
71894,0033800002q6QcjAAE,0.0,70,0.0,3761.0,0,1,0,0,0,0,1,0,0,0,1,0,1
71900,0033800002q6Qp3AAE,0.0,0,11.0,4794.0,1,0,0,0,0,0,1,0,0,0,0,1,1
71904,0033800002q6RAOAA2,0.0,0,0.0,8782.0,0,1,0,0,0,0,0,0,0,1,0,1,1
71906,0033800002q6RIJAA2,0.0,0,0.0,13901.0,1,0,0,0,0,1,0,0,0,0,0,1,1
71907,0033800002q6RRqAAM,0.0,0,0.0,4499.0,0,0,0,1,0,1,0,0,0,0,0,1,1
71909,0033800002q6RfdAAE,0.0,0,0.0,3407.0,1,0,0,0,0,0,1,0,0,0,1,0,0
71912,0033800002q6SFTAA2,0.0,50,3268.0,2613.0,1,0,0,0,0,1,0,0,0,0,0,1,0
71916,0033800002q6SJpAAM,0.0,0,0.0,7572.0,0,0,0,1,0,0,1,0,0,0,0,1,0
71920,0033800002q6TA0AAM,0.0,0,0.0,7372.0,1,0,0,0,0,0,0,0,0,1,0,1,1
71922,0033800002q6TL4AAM,0.0,0,162.0,8256.0,0,0,1,0,0,0,0,0,0,1,0,1,1
71925,0033800002q6TloAAE,0.0,100,39.0,5451.0,0,0,0,0,1,0,0,0,0,1,0,1,0
71932,0033800002q6ULBAA2,0.0,50,5938.0,3316.0,0,1,0,0,0,0,0,0,1,0,0,1,1
71935,0033800002q6Un1AAE,0.0,0,0.0,7234.0,0,0,0,0,1,0,0,1,0,0,0,1,1
71939,0033800002q6VhEAAU,0.0,0,27.0,3048.0,0,1,0,0,0,0,1,0,0,0,0,1,0
71941,0033800002q6VlVAAU,0.0,0,4402.0,1190.0,0,0,1,0,0,0,1,0,0,0,1,0,1
71942,0033800002q6VlfAAE,0.0,40,132.0,5787.0,1,0,0,0,0,0,0,0,0,1,0,1,0
71947,0033800002q6WDdAAM,0.0,0,102.0,12114.0,0,0,0,1,0,1,0,0,0,0,0,1,0
71955,0033800002q6WvDAAU,0.0,0,0.0,9959.0,0,0,0,1,0,0,0,0,1,0,0,1,1
71959,0033800002q6WyqAAE,0.0,60,3544.0,3679.0,0,0,0,1,0,0,0,0,0,1,1,0,0
71966,0033800002q6X6eAAE,0.0,50,3101.0,3669.0,0,0,0,1,0,0,0,0,0,1,1,0,1
71977,0033800002q6XW5AAM,0.0,0,0.0,1829.0,0,0,0,1,0,1,0,0,0,0,1,0,0
71978,0033800002q6XWPAA2,0.0,0,9464.0,1460.0,1,0,0,0,0,0,1,0,0,0,0,1,1
71980,0033800002q6XX8AAM,0.0,0,4465.0,7990.0,0,1,0,0,0,0,1,0,0,0,0,1,1
71983,0033800002q6XhcAAE,0.0,20,1439.0,2923.0,1,0,0,0,0,0,1,0,0,0,0,1,1
71985,0033800002q6YJ8AAM,0.0,0,0.0,5492.0,0,0,0,1,0,1,0,0,0,0,0,1,0
71996,0033800002q6ZOaAAM,0.0,0,0.0,3875.0,0,0,0,1,0,1,0,0,0,0,0,1,1
71997,0033800002q6ZTmAAM,0.0,0,0.0,2926.0,0,1,0,0,0,0,1,0,0,0,0,1,1
72002,0033800002q6ZZHAA2,0.0,0,0.0,7899.0,0,1,0,0,0,0,0,0,0,1,0,1,1
72009,0033800002q6ZsMAAU,0.0,100,2377.0,3348.0,0,1,0,0,0,0,1,0,0,0,0,1,0
72010,0033800002q6ZtoAAE,0.0,0,0.0,3692.0,1,0,0,0,0,0,1,0,0,0,0,1,1
72013,0033800002q6aH2AAI,0.0,0,12096.0,2398.0,0,1,0,0,0,0,0,0,1,0,0,1,0
72018,0033800002q6alfAAA,0.0,50,1365.0,2191.0,0,1,0,0,0,0,1,0,0,0,0,1,1
72020,0033800002q6atCAAQ,0.0,90,2303.0,8045.0,0,0,0,1,0,1,0,0,0,0,0,1,0
72025,0033800002q6bCTAAY,0.0,50,7270.0,1095.0,0,1,0,0,0,0,0,0,0,1,0,1,1
72026,0033800002q6bErAAI,0.0,0,0.0,2557.0,0,0,0,1,0,1,0,0,0,0,0,1,1
72027,0033800002q6bXbAAI,0.0,0,820.0,2332.0,0,0,0,1,0,0,1,0,0,0,0,1,0
72028,0033800002q6bszAAA,0.0,0,2541.0,7870.0,0,0,0,1,0,0,1,0,0,0,0,1,1
72029,0033800002q6c10AAA,0.0,0,0.0,2191.0,0,0,0,1,0,1,0,0,0,0,0,1,1
72031,0033800002q6cC5AAI,0.0,0,0.0,3576.0,0,0,0,1,0,0,1,0,0,0,0,1,0
72033,0033800002q6cJwAAI,0.0,0,0.0,1488.0,0,0,0,1,0,0,1,0,0,0,0,1,0
72040,0033800002q6ctGAAQ,0.0,100,537.0,3507.0,0,0,0,1,0,1,0,0,0,0,1,0,0
72041,0033800002q6d2hAAA,0.0,50,7130.0,165.0,0,1,0,0,0,0,0,0,0,1,1,0,0
72044,0033800002q6dETAAY,0.0,20,716.0,4413.0,1,0,0,0,0,0,1,0,0,0,1,0,0
72047,0033800002q6dJ4AAI,0.0,50,0.0,2226.0,0,1,0,0,0,0,1,0,0,0,0,1,1
72053,0033800002q6dXkAAI,0.0,0,0.0,9867.0,0,1,0,0,0,0,1,0,0,0,0,1,1
72054,0033800002q6dafAAA,0.0,0,0.0,7390.0,0,0,0,0,1,0,0,0,0,1,0,1,1
72056,0033800002qfOjMAAU,0.0,0,0.0,8801.0,0,1,0,0,0,0,0,0,0,1,0,1,1
72072,0033800002qpHGQAA2,0.0,90,228.0,7332.0,0,0,0,1,0,0,0,0,0,1,0,1,1
72074,0033800002qpHRnAAM,0.0,0,875.0,2190.0,0,0,0,1,0,0,1,0,0,0,0,1,1
72075,0033800002qpHVhAAM,0.0,60,157.0,1825.0,0,1,0,0,0,0,1,0,0,0,0,1,1
72077,0033800002qpHVjAAM,0.0,40,936.0,8159.0,0,0,1,0,0,0,1,0,0,0,0,1,1
72083,0033800002qpHVrAAM,0.0,0,0.0,7503.0,0,0,0,0,1,1,0,0,0,0,0,1,1
72092,0033800002qpHW1AAM,0.0,0,0.0,7989.0,0,0,0,0,1,0,1,0,0,0,0,1,0
72093,0033800002qpHW2AAM,0.0,0,0.0,10247.0,0,0,0,1,0,0,1,0,0,0,0,1,1
72098,0033800002qpHW7AAM,0.0,40,986.0,2850.0,0,0,0,1,0,0,1,0,0,0,0,1,0
72103,0033800002qpHWCAA2,0.0,50,3026.0,2092.0,0,1,0,0,0,0,1,0,0,0,1,0,1
72107,0033800002qpHWGAA2,0.0,0,4982.0,1691.0,0,0,0,1,0,0,1,0,0,0,0,1,1
72113,0033800002qpHWMAA2,0.0,0,0.0,11017.0,0,1,0,0,0,0,0,0,0,1,0,1,1
72115,0033800002qpHWOAA2,0.0,0,0.0,7197.0,0,0,0,1,0,0,1,0,0,0,0,1,1
72128,0033800002qpHWbAAM,0.0,0,0.0,7404.0,0,1,0,0,0,0,1,0,0,0,1,0,0
72129,0033800002qpHWcAAM,0.0,0,1205.0,2913.0,0,1,0,0,0,0,1,0,0,0,1,0,1
72136,0033800002qpHWtAAM,0.0,10,5846.0,859.0,0,0,0,0,1,1,0,0,0,0,0,1,1
72137,0033800002qpHYXAA2,0.0,0,2735.0,791.0,0,0,0,1,0,0,1,0,0,0,0,1,1
72140,0033800002qpHjeAAE,0.0,0,0.0,1316.0,0,1,0,0,0,0,1,0,0,0,0,1,1
72141,0033800002qpIm3AAE,0.0,0,1309.0,1461.0,0,1,0,0,0,1,0,0,0,0,0,1,1
72142,0033800002qpImmAAE,0.0,0,0.0,3635.0,0,0,0,1,0,0,1,0,0,0,0,1,0
72146,0033800002qpKiiAAE,0.0,50,0.0,2967.0,0,0,0,1,0,0,1,0,0,0,0,1,1
72147,0033800002qpKm1AAE,0.0,0,0.0,8312.0,0,0,0,1,0,0,0,0,0,1,0,1,1
72150,0033800002qpLE6AAM,0.0,0,0.0,2917.0,0,0,0,1,0,0,1,0,0,0,0,1,0
72152,0033800002qpLOQAA2,0.0,0,0.0,1221.0,0,0,0,1,0,0,1,0,0,0,0,1,1
72156,0033800002qpMMuAAM,0.0,100,2612.0,2124.0,0,0,0,1,0,0,1,0,0,0,0,1,1
72157,0033800002qpMOWAA2,0.0,30,8120.0,3982.0,0,1,0,0,0,0,0,0,0,1,0,1,1
72158,0033800002qpMR7AAM,0.0,0,17449.0,1289.0,0,0,0,1,0,0,1,0,0,0,0,1,0
72161,0033800002qpMfmAAE,0.0,0,0.0,7325.0,1,0,0,0,0,0,1,0,0,0,1,0,1
72162,0033800002qpMhiAAE,0.0,0,0.0,7322.0,0,0,0,1,0,0,1,0,0,0,0,1,1
72163,0033800002qpMreAAE,0.0,20,1287.0,4162.0,0,0,0,0,1,0,0,0,1,0,1,0,1
72169,0033800002qpNNHAA2,0.0,0,159.0,226.0,0,0,0,0,1,0,1,0,0,0,0,1,1
72170,0033800002qpNQQAA2,0.0,90,0.0,2294.0,0,0,0,1,0,0,1,0,0,0,1,0,1
72172,0033800002qpNRJAA2,0.0,0,0.0,7789.0,1,0,0,0,0,0,1,0,0,0,0,1,0
72175,0033800002qpNTUAA2,0.0,0,0.0,9505.0,0,0,0,1,0,0,1,0,0,0,0,1,1
72177,0033800002qpNWYAA2,0.0,0,0.0,1641.0,0,0,0,1,0,0,1,0,0,0,0,1,0
72178,0033800002qpNXMAA2,0.0,60,586.0,7366.0,0,0,0,0,1,1,0,0,0,0,1,0,0
72179,0033800002qpNYUAA2,0.0,0,0.0,8228.0,0,0,0,0,1,0,1,0,0,0,0,1,0
72180,0033800002qpNYoAAM,0.0,0,603.0,1273.0,0,0,0,1,0,0,1,0,0,0,0,1,1
72181,0033800002qpNZhAAM,0.0,100,0.0,2252.0,0,0,0,1,0,0,1,0,0,0,0,1,0
72182,0033800002qpNbJAAU,0.0,0,0.0,9893.0,0,1,0,0,0,0,0,0,0,1,0,1,1
72183,0033800002qpNbTAAU,0.0,0,0.0,2830.0,0,0,0,1,0,0,0,0,0,1,0,1,1
72188,0033800002qpNhrAAE,0.0,40,2240.0,1846.0,0,0,0,0,1,0,1,0,0,0,1,0,0
72195,0033800002qpNpCAAU,0.0,0,0.0,9503.0,0,0,0,0,1,1,0,0,0,0,0,1,1
72198,0033800002qpNrrAAE,0.0,0,2318.0,3969.0,0,1,0,0,0,0,0,0,1,0,0,1,1
72203,0033800002qpNuWAAU,0.0,0,0.0,6602.0,0,0,0,0,1,0,1,0,0,0,0,1,0
72212,0033800002qpO0FAAU,0.0,0,0.0,4795.0,0,0,0,0,1,0,1,0,0,0,0,1,0
72218,0033800002qpO4lAAE,0.0,0,0.0,3532.0,0,1,0,0,0,0,0,0,0,1,0,1,1
72225,0033800002qpO9lAAE,0.0,0,16.0,7621.0,0,1,0,0,0,0,0,0,0,1,0,1,1
72226,0033800002qpO9qAAE,0.0,0,0.0,2568.0,0,0,0,1,0,0,1,0,0,0,0,1,0
72231,0033800002qpOYzAAM,0.0,0,1616.0,2502.0,0,0,0,1,0,0,1,0,0,0,0,1,1
72237,0033800002qpP7kAAE,0.0,0,0.0,3048.0,0,0,0,1,0,0,0,0,1,0,1,0,1
72245,0033800002qpPc8AAE,0.0,0,1598.0,6760.0,0,0,0,0,1,0,1,0,0,0,0,1,0
72246,0033800002qpPjLAAU,0.0,0,287.0,2100.0,1,0,0,0,0,0,0,0,0,1,1,0,0
72249,0033800002qpQ28AAE,0.0,50,228.0,11302.0,0,1,0,0,0,0,0,0,0,1,0,1,1
72257,0033800002qpQJJAA2,0.0,0,0.0,4054.0,0,0,0,0,1,0,1,0,0,0,0,1,1
72260,0033800002qpQNQAA2,0.0,40,0.0,3366.0,0,1,0,0,0,1,0,0,0,0,1,0,1
72262,0033800002qpQOdAAM,0.0,70,291.0,7457.0,0,0,0,0,1,0,0,0,0,1,0,1,0
72263,0033800002qpQRcAAM,0.0,0,8766.0,2190.0,0,1,0,0,0,0,0,0,1,0,0,1,0
72265,0033800002qpQcNAAU,0.0,0,0.0,7727.0,1,0,0,0,0,1,0,0,0,0,0,1,1
72267,0033800002qpQt3AAE,0.0,100,0.0,6273.0,0,0,0,1,0,0,1,0,0,0,0,1,0
72276,0033800002qpRgxAAE,0.0,0,0.0,8936.0,0,0,0,1,0,0,0,0,0,1,0,1,0
72277,0033800002qpS0TAAU,0.0,0,0.0,9518.0,0,0,0,0,1,0,1,0,0,0,0,1,1
72278,0033800002qpS8rAAE,0.0,100,0.0,7849.0,1,0,0,0,0,0,1,0,0,0,0,1,1
72287,0033800002qpSq9AAE,0.0,60,1533.0,2935.0,0,0,0,1,0,0,0,0,0,1,0,1,0
72297,0033800002qpToEAAU,0.0,0,474.0,4536.0,1,0,0,0,0,0,1,0,0,0,0,1,1
72298,0033800002qpTpbAAE,0.0,100,0.0,13422.0,0,0,0,1,0,0,1,0,0,0,0,1,1
72300,0033800002qpTzvAAE,0.0,0,0.0,7412.0,0,1,0,0,0,0,1,0,0,0,0,1,1
72318,0033800002qpWvUAAU,0.0,0,0.0,2556.0,0,0,0,1,0,0,1,0,0,0,0,1,1
72320,0033800002qpXJ4AAM,0.0,0,0.0,8296.0,1,0,0,0,0,0,0,0,0,1,1,0,0
72325,0033800002qpXONAA2,0.0,0,4924.0,2191.0,0,0,0,1,0,0,1,0,0,0,0,1,0
72328,0033800002qpXQsAAM,0.0,0,1598.0,1461.0,1,0,0,0,0,0,1,0,0,0,0,1,0
72329,0033800002qpXT3AAM,0.0,0,0.0,2568.0,0,0,0,1,0,0,1,0,0,0,0,1,1
72330,0033800002qpXUGAA2,0.0,0,0.0,7172.0,0,0,0,0,1,1,0,0,0,0,0,1,1
72335,0033800002qpXY8AAM,0.0,0,0.0,9231.0,0,0,0,0,1,0,1,0,0,0,0,1,0
72336,0033800002qpXZ6AAM,0.0,0,0.0,2679.0,1,0,0,0,0,0,0,0,1,0,0,1,1
72337,0033800002qpXjzAAE,0.0,0,0.0,8457.0,1,0,0,0,0,1,0,0,0,0,1,0,0
72348,0033800002qpYznAAE,0.0,0,0.0,700.0,0,0,0,1,0,0,1,0,0,0,0,1,0
72352,0033800002qpZGfAAM,0.0,0,8412.0,2099.0,1,0,0,0,0,1,0,0,0,0,0,1,1
72355,0033800002qpZGjAAM,0.0,0,3882.0,1429.0,0,1,0,0,0,0,0,0,1,0,0,1,0
72357,0033800002qpZGlAAM,0.0,0,4764.0,2935.0,0,0,0,1,0,0,1,0,0,0,0,1,1
72358,0033800002qpZGmAAM,0.0,70,746.0,5844.0,0,0,0,1,0,0,1,0,0,0,0,1,1
72359,0033800002qpZGnAAM,0.0,80,6468.0,10248.0,0,1,0,0,0,0,0,0,1,0,0,1,0
72361,0033800002qpZNCAA2,0.0,0,0.0,7896.0,1,0,0,0,0,0,1,0,0,0,0,1,1
72363,0033800002qpZQLAA2,0.0,10,9603.0,2191.0,0,0,0,1,0,0,0,0,0,1,0,1,0
72365,0033800002qpZYFAA2,0.0,0,1577.0,2526.0,0,0,0,0,1,0,0,1,0,0,0,1,1
72374,0033800002qpaT1AAI,0.0,0,0.0,3316.0,0,1,0,0,0,0,0,0,1,0,0,1,0
72378,0033800002qpadVAAQ,0.0,100,228.0,7310.0,0,1,0,0,0,0,0,0,1,0,0,1,1
72383,0033800002qpbCfAAI,0.0,20,0.0,9151.0,0,0,0,1,0,0,1,0,0,0,1,0,1
72384,0033800002qpbEgAAI,0.0,0,5411.0,1406.0,0,1,0,0,0,0,0,0,0,1,0,1,0
72386,0033800002qpbGmAAI,0.0,0,0.0,1460.0,0,0,0,1,0,0,0,0,1,0,0,1,1
72389,0033800002qpbYrAAI,0.0,0,0.0,3012.0,0,0,0,1,0,0,1,0,0,0,1,0,0
72390,0033800002qpbZfAAI,0.0,0,0.0,2308.0,0,0,0,1,0,0,1,0,0,0,0,1,0
72399,0033800002qpccxAAA,0.0,10,5918.0,2953.0,0,0,0,1,0,0,0,0,1,0,0,1,1
72400,0033800002qpcueAAA,0.0,0,5110.0,2509.0,0,0,0,1,0,0,1,0,0,0,0,1,1
72403,0033800002qpdGSAAY,0.0,0,0.0,7318.0,0,0,0,1,0,1,0,0,0,0,0,1,1
72404,0033800002qpe3HAAQ,0.0,0,0.0,7330.0,0,0,0,1,0,0,0,0,0,1,0,1,1
72411,0033800002qpeRfAAI,0.0,0,0.0,2589.0,0,1,0,0,0,0,1,0,0,0,0,1,1
72418,0033800002qpfLyAAI,0.0,50,163.0,12131.0,0,0,0,0,1,0,0,1,0,0,0,1,1
72419,0033800002qpfOsAAI,0.0,90,0.0,4427.0,0,0,0,1,0,0,0,0,0,1,0,1,1
72436,0033800002qpgV7AAI,0.0,0,0.0,7219.0,0,0,0,0,1,0,1,0,0,0,0,1,1
72439,0033800002qpghtAAA,0.0,0,6296.0,1460.0,0,0,0,0,1,0,1,0,0,0,1,0,0
72440,0033800002qpgkSAAQ,0.0,90,47.0,11464.0,0,0,0,0,1,0,1,0,0,0,0,1,1
72441,0033800002qpgkrAAA,0.0,0,2006.0,3134.0,0,0,0,1,0,0,0,0,1,0,0,1,0
72447,0033800002qphcCAAQ,0.0,20,75.0,2928.0,1,0,0,0,0,0,1,0,0,0,1,0,1
72449,0033800002qphe8AAA,0.0,90,200.0,5265.0,0,0,0,1,0,0,1,0,0,0,0,1,1
72450,0033800002qphfuAAA,0.0,30,4643.0,974.0,0,1,0,0,0,0,1,0,0,0,0,1,1
72452,0033800002qphhMAAQ,0.0,0,0.0,9073.0,1,0,0,0,0,0,1,0,0,0,0,1,1
72455,0033800002qphlYAAQ,0.0,0,0.0,8043.0,0,1,0,0,0,1,0,0,0,0,1,0,1
72456,0033800002qphpkAAA,0.0,40,3059.0,9511.0,0,1,0,0,0,1,0,0,0,0,0,1,0
72460,0033800002qphyqAAA,0.0,0,1785.0,2723.0,1,0,0,0,0,0,1,0,0,0,0,1,1
72463,0033800002qpiJoAAI,0.0,90,76.0,8409.0,1,0,0,0,0,1,0,0,0,0,0,1,1
72469,0033800002qpjTaAAI,0.0,70,1119.0,3858.0,0,0,0,1,0,0,0,0,1,0,0,1,0
72474,0033800002qpk7DAAQ,0.0,0,6287.0,3611.0,0,1,0,0,0,0,1,0,0,0,1,0,0
72476,0033800002qpkHIAAY,0.0,10,1023.0,1842.0,0,0,0,1,0,0,1,0,0,0,0,1,0
72477,0033800002qpkHmAAI,0.0,0,0.0,3221.0,0,0,0,1,0,0,1,0,0,0,0,1,0
72478,0033800002qpkQAAAY,0.0,0,0.0,9499.0,0,0,0,0,1,0,1,0,0,0,0,1,0
72483,0033800002qpl9KAAQ,0.0,0,0.0,2190.0,0,0,0,1,0,1,0,0,0,0,0,1,1
72485,0033800002qplDcAAI,0.0,100,2160.0,9442.0,0,0,0,0,1,0,1,0,0,0,0,1,1
72486,0033800002qplF3AAI,0.0,0,1332.0,4958.0,0,0,0,1,0,1,0,0,0,0,0,1,1
72488,0033800002qplSdAAI,0.0,0,0.0,7321.0,0,1,0,0,0,1,0,0,0,0,0,1,1
72489,0033800002qplamAAA,0.0,0,0.0,9715.0,0,0,0,1,0,0,1,0,0,0,0,1,1
72490,0033800002qpld2AAA,0.0,0,0.0,1394.0,0,0,0,1,0,0,1,0,0,0,0,1,1
72505,0033800002qpmeMAAQ,0.0,0,0.0,9495.0,0,0,0,1,0,0,1,0,0,0,0,1,1
72506,0033800002qpml3AAA,0.0,0,0.0,1079.0,0,0,0,1,0,0,1,0,0,0,0,1,1
72507,0033800002qpmmfAAA,0.0,0,0.0,7354.0,0,0,0,1,0,0,1,0,0,0,0,1,1
72508,0033800002qpmuyAAA,0.0,0,0.0,2685.0,0,0,0,1,0,0,1,0,0,0,0,1,1
72509,0033800002qpn97AAA,0.0,0,0.0,7430.0,1,0,0,0,0,0,0,0,1,0,0,1,1
72513,0033800002qpnNEAAY,0.0,0,0.0,6254.0,0,1,0,0,0,0,1,0,0,0,0,1,0
72516,0033800002qpnTqAAI,0.0,0,0.0,6979.0,0,1,0,0,0,0,1,0,0,0,0,1,1
72519,0033800002qpnotAAA,0.0,0,0.0,9526.0,0,0,0,1,0,1,0,0,0,0,0,1,1
72521,0033800002qpnvGAAQ,0.0,0,0.0,7231.0,0,1,0,0,0,1,0,0,0,0,0,1,1
72523,0033800002qpo1YAAQ,0.0,90,6316.0,5530.0,0,0,0,0,1,1,0,0,0,0,0,1,0
72533,0033800002qppn8AAA,0.0,0,0.0,2819.0,0,0,0,1,0,0,1,0,0,0,0,1,1
72546,0033800002qprngAAA,0.0,0,3832.0,3581.0,0,1,0,0,0,0,0,0,0,1,0,1,1
72549,0033800002qpsW7AAI,0.0,0,0.0,1217.0,0,0,0,1,0,0,1,0,0,0,0,1,1
72550,0033800002qpsYSAAY,0.0,70,4702.0,2927.0,0,1,0,0,0,0,0,0,1,0,0,1,1
72553,0033800002qpsrFAAQ,0.0,0,544.0,1460.0,1,0,0,0,0,0,0,0,1,0,0,1,0
72556,0033800002qptFIAAY,0.0,60,2079.0,920.0,0,0,0,1,0,0,1,0,0,0,1,0,1
72558,0033800002qptGVAAY,0.0,0,1198.0,1599.0,0,0,0,1,0,0,0,0,0,1,0,1,1
72562,0033800002qpu01AAA,0.0,0,0.0,4383.0,1,0,0,0,0,0,1,0,0,0,0,1,0
72570,0033800002qpuxgAAA,0.0,0,0.0,3267.0,1,0,0,0,0,0,1,0,0,0,0,1,1
72579,0033800002qpvOhAAI,0.0,0,0.0,2228.0,0,1,0,0,0,0,0,0,1,0,1,0,0
72580,0033800002qpvPGAAY,0.0,0,2.0,8895.0,0,0,0,0,1,0,0,0,1,0,0,1,1
72583,0033800002qpvQiAAI,0.0,50,1454.0,9194.0,0,1,0,0,0,0,1,0,0,0,0,1,0
72589,0033800002qpvkMAAQ,0.0,0,0.0,4227.0,1,0,0,0,0,0,1,0,0,0,0,1,1
72591,0033800002qpvmcAAA,0.0,20,5748.0,4676.0,0,1,0,0,0,0,1,0,0,0,0,1,0
72592,0033800002qpvmrAAA,0.0,0,1882.0,2849.0,0,0,0,1,0,0,1,0,0,0,0,1,1
72595,0033800002qpwEaAAI,0.0,10,930.0,1727.0,0,0,0,0,1,0,0,0,1,0,0,1,1
72596,0033800002qpwEzAAI,0.0,0,21.0,1239.0,0,0,0,1,0,0,1,0,0,0,0,1,1
72597,0033800002qpwFTAAY,0.0,0,0.0,8193.0,0,0,0,0,1,1,0,0,0,0,0,1,1
72599,0033800002qpwGHAAY,0.0,0,0.0,7296.0,0,0,0,1,0,0,1,0,0,0,0,1,0
72607,0033800002qpwgnAAA,0.0,0,139.0,2110.0,0,0,0,1,0,0,1,0,0,0,0,1,0
72612,0033800002qpxYwAAI,0.0,0,0.0,8071.0,1,0,0,0,0,0,0,0,0,1,0,1,1
72615,0033800002qpyBzAAI,0.0,0,0.0,4637.0,0,1,0,0,0,0,0,0,1,0,0,1,0
72617,0033800002qpyKuAAI,0.0,0,0.0,847.0,0,0,1,0,0,1,0,0,0,0,0,1,0
72619,0033800002qpyZWAAY,0.0,60,2524.0,2829.0,1,0,0,0,0,0,1,0,0,0,1,0,0
72620,0033800002qpz3CAAQ,0.0,0,2962.0,1826.0,0,1,0,0,0,0,0,0,1,0,0,1,1
72621,0033800002qpzAdAAI,0.0,0,141.0,2729.0,1,0,0,0,0,0,1,0,0,0,1,0,0
72627,0033800002qpzghAAA,0.0,0,980.0,2049.0,0,0,0,1,0,0,1,0,0,0,0,1,1
72635,0033800002qq0UoAAI,0.0,0,0.0,4795.0,0,0,0,1,0,0,1,0,0,0,0,1,1
72636,0033800002qq0gTAAQ,0.0,0,266.0,10325.0,0,0,0,0,1,0,0,1,0,0,0,1,1
72653,0033800002qq1RGAAY,0.0,0,0.0,10643.0,1,0,0,0,0,0,1,0,0,0,0,1,1
72657,0033800002qq1hYAAQ,0.0,30,4726.0,1460.0,0,1,0,0,0,1,0,0,0,0,1,0,1
72660,0033800002qq1n1AAA,0.0,0,188.0,3284.0,0,0,0,1,0,0,0,0,1,0,0,1,1
72664,0033800002qq248AAA,0.0,0,0.0,1483.0,0,0,0,1,0,0,1,0,0,0,0,1,1
72666,0033800002qq24hAAA,0.0,10,8383.0,1702.0,0,1,0,0,0,1,0,0,0,0,1,0,1
72668,0033800002qq2CCAAY,0.0,0,1194.0,1934.0,0,1,0,0,0,0,1,0,0,0,0,1,0
72670,0033800002qq2KpAAI,0.0,70,0.0,3378.0,0,1,0,0,0,0,1,0,0,0,0,1,0
72685,0033800002qq3T1AAI,0.0,0,4588.0,7595.0,1,0,0,0,0,0,0,0,0,1,0,1,1
72694,0033800002qq442AAA,0.0,0,0.0,7856.0,0,0,0,1,0,0,0,0,0,1,0,1,1
72695,0033800002qq46NAAQ,0.0,20,173.0,5114.0,0,0,0,1,0,0,1,0,0,0,0,1,1
72697,0033800002qq4FIAAY,0.0,0,0.0,9870.0,0,0,0,0,1,0,1,0,0,0,0,1,1
72699,0033800002qq4T7AAI,0.0,0,0.0,7328.0,1,0,0,0,0,1,0,0,0,0,0,1,0
72701,0033800002qq4q1AAA,0.0,0,0.0,3652.0,1,0,0,0,0,0,0,0,0,1,1,0,0
72702,0033800002qq4s7AAA,0.0,0,0.0,1564.0,1,0,0,0,0,0,1,0,0,0,0,1,0
72711,0033800002qq64qAAA,0.0,40,2229.0,1145.0,0,1,0,0,0,0,0,0,1,0,0,1,1
72712,0033800002qq6A5AAI,0.0,60,2369.0,1460.0,0,1,0,0,0,0,0,0,1,0,1,0,1
72715,0033800002qq6EMAAY,0.0,0,3564.0,2977.0,0,0,0,0,1,0,1,0,0,0,1,0,1
72724,0033800002qq70xAAA,0.0,60,213.0,1593.0,0,1,0,0,0,0,1,0,0,0,0,1,1
72727,0033800002qq7CFAAY,0.0,0,861.0,2579.0,0,0,0,0,1,1,0,0,0,0,0,1,1
72728,0033800002qq7GHAAY,0.0,0,0.0,1911.0,0,1,0,0,0,0,1,0,0,0,0,1,0
72731,0033800002qq7f8AAA,0.0,0,7097.0,1911.0,0,0,0,0,1,1,0,0,0,0,1,0,1
72732,0033800002qq7gVAAQ,0.0,100,56.0,7672.0,0,1,0,0,0,0,1,0,0,0,0,1,1
72739,0033800002qq8HbAAI,0.0,0,5025.0,4446.0,1,0,0,0,0,0,0,0,0,1,0,1,0
72747,0033800002qq8UuAAI,0.0,60,3220.0,7411.0,0,1,0,0,0,0,0,0,0,1,0,1,0
72752,0033800002qq8YIAAY,0.0,0,0.0,3207.0,0,1,0,0,0,0,1,0,0,0,0,1,1
72754,0033800002qq8knAAA,0.0,0,0.0,10252.0,0,1,0,0,0,0,1,0,0,0,0,1,0
72756,0033800002qq9HiAAI,0.0,0,0.0,10958.0,0,0,0,0,1,0,0,0,1,0,0,1,1
72765,0033800002qq9oNAAQ,0.0,0,0.0,7321.0,0,0,0,1,0,0,0,0,0,1,0,1,1
72770,0033800002qqASZAA2,0.0,0,0.0,7319.0,1,0,0,0,0,0,1,0,0,0,0,1,0
72773,0033800002qqBV6AAM,0.0,0,3399.0,3165.0,0,1,0,0,0,1,0,0,0,0,0,1,0
72777,0033800002qqCADAA2,0.0,100,0.0,2611.0,0,0,0,1,0,0,1,0,0,0,0,1,0
72781,0033800002qqCuqAAE,0.0,0,3.0,2495.0,0,0,0,1,0,0,0,0,1,0,0,1,0
72784,0033800002qqIW1AAM,0.0,0,0.0,9525.0,0,0,0,0,1,1,0,0,0,0,0,1,1
72786,0033800002qqO54AAE,0.0,0,0.0,1291.0,0,0,0,1,0,0,1,0,0,0,0,1,0
72790,0033800002qqSrnAAE,0.0,0,665.0,1805.0,0,0,0,1,0,0,1,0,0,0,0,1,1
72794,0033800002qqT7HAAU,0.0,0,13797.0,1492.0,0,0,0,1,0,0,0,1,0,0,0,1,1
72797,0033800002qqTESAA2,0.0,0,0.0,7671.0,0,1,0,0,0,0,1,0,0,0,0,1,0
72798,0033800002qqTEXAA2,0.0,60,2305.0,8784.0,0,0,0,1,0,0,0,0,0,1,0,1,0
72802,0033800002qqTJSAA2,0.0,0,0.0,2489.0,0,0,0,1,0,0,1,0,0,0,0,1,0
72803,0033800002qqTJcAAM,0.0,0,0.0,3372.0,0,0,0,1,0,0,1,0,0,0,0,1,1
72804,0033800002qqTOrAAM,0.0,0,4320.0,2921.0,0,0,0,0,1,0,0,0,0,1,0,1,0
72806,0033800002qqTXZAA2,0.0,0,1943.0,2769.0,0,0,0,1,0,0,1,0,0,0,0,1,1
72810,0033800002qqTwQAAU,0.0,70,7143.0,1460.0,0,1,0,0,0,0,1,0,0,0,0,1,1
72811,0033800002qqU32AAE,0.0,0,0.0,4490.0,0,0,0,1,0,1,0,0,0,0,0,1,0
72814,0033800002qqURnAAM,0.0,100,6231.0,7152.0,0,1,0,0,0,0,1,0,0,0,1,0,0
72816,0033800002qqUT0AAM,0.0,0,0.0,7324.0,0,0,0,1,0,0,1,0,0,0,0,1,0
72820,0033800002qqUg4AAE,0.0,60,2519.0,10974.0,0,0,0,1,0,0,0,0,0,1,0,1,0
72821,0033800002qqUiFAAU,0.0,0,90.0,1533.0,0,0,0,1,0,0,1,0,0,0,0,1,1
72829,0033800002qqUvxAAE,0.0,90,1309.0,5206.0,0,1,0,0,0,0,1,0,0,0,0,1,0
72830,0033800002qqUxeAAE,0.0,0,0.0,7490.0,0,0,0,1,0,1,0,0,0,0,0,1,1
72833,0033800002qqV9GAAU,0.0,0,2141.0,2534.0,0,0,0,0,1,0,1,0,0,0,1,0,1
72841,0033800002qqWOXAA2,0.0,80,1720.0,4437.0,0,1,0,0,0,0,0,0,0,1,1,0,1
72843,0033800002qqWWlAAM,0.0,0,0.0,2771.0,1,0,0,0,0,1,0,0,0,0,0,1,1
72846,0033800002qqWfiAAE,0.0,0,0.0,8197.0,0,0,0,0,1,0,1,0,0,0,0,1,0
72848,0033800002qqX2qAAE,0.0,0,0.0,2192.0,0,1,0,0,0,1,0,0,0,0,0,1,1
72856,0033800002qqXyIAAU,0.0,0,0.0,7800.0,0,1,0,0,0,1,0,0,0,0,0,1,1
72864,0033800002qqZUHAA2,0.0,0,0.0,1826.0,0,0,0,1,0,0,1,0,0,0,0,1,1
72869,0033800002qqaHQAAY,0.0,0,0.0,3740.0,0,0,0,1,0,0,0,0,0,1,0,1,1
72876,0033800002qqbFZAAY,0.0,0,0.0,3866.0,0,0,0,1,0,0,0,0,1,0,0,1,0
72879,0033800002qqbLcAAI,0.0,80,907.0,11852.0,0,0,0,0,1,0,1,0,0,0,1,0,1
72884,0033800002qqbZFAAY,0.0,0,56.0,1524.0,0,1,0,0,0,0,1,0,0,0,0,1,1
72887,0033800002qqbmTAAQ,0.0,20,4055.0,1107.0,0,1,0,0,0,0,1,0,0,0,0,1,1
72890,0033800002qqbucAAA,0.0,50,425.0,779.0,0,0,0,0,1,0,1,0,0,0,0,1,1
72892,0033800002qqcFcAAI,0.0,0,998.0,2832.0,0,1,0,0,0,0,1,0,0,0,0,1,1
72907,0033800002qqe5nAAA,0.0,0,1046.0,1646.0,0,0,0,1,0,0,0,0,0,1,0,1,0
72910,0033800002qqeJnAAI,0.0,0,0.0,5036.0,0,0,0,1,0,0,1,0,0,0,0,1,1
72917,0033800002qqeTpAAI,0.0,0,134.0,1456.0,0,0,0,1,0,0,0,0,0,1,0,1,1
72924,0033800002qqfRIAAY,0.0,0,0.0,7308.0,1,0,0,0,0,1,0,0,0,0,0,1,0
72926,0033800002qqfVFAAY,0.0,0,0.0,7326.0,0,0,0,1,0,0,1,0,0,0,0,1,1
72940,0033800002qqh9PAAQ,0.0,0,0.0,7526.0,0,0,0,0,1,0,1,0,0,0,0,1,1
72944,0033800002qqhFNAAY,0.0,0,716.0,3581.0,0,1,0,0,0,0,1,0,0,0,0,1,0
72950,0033800002qqhemAAA,0.0,0,0.0,2546.0,0,0,0,1,0,0,1,0,0,0,0,1,1
72954,0033800002qqhjIAAQ,0.0,0,4572.0,3029.0,0,1,0,0,0,0,1,0,0,0,1,0,1
72955,0033800002qqhm7AAA,0.0,0,22.0,8755.0,0,1,0,0,0,1,0,0,0,0,1,0,0
72957,0033800002qqho8AAA,0.0,0,1030.0,8776.0,0,1,0,0,0,0,0,0,0,1,0,1,1
72959,0033800002qqhqiAAA,0.0,90,298.0,7357.0,1,0,0,0,0,0,1,0,0,0,0,1,1
72961,0033800002qqhsjAAA,0.0,0,0.0,7316.0,0,1,0,0,0,1,0,0,0,0,0,1,1
72963,0033800002qqhvsAAA,0.0,0,53.0,1284.0,0,0,0,1,0,0,1,0,0,0,0,1,0
72964,0033800002qqhwWAAQ,0.0,100,3951.0,974.0,0,0,0,1,0,0,1,0,0,0,0,1,1
72968,0033800002qqhymAAA,0.0,0,0.0,8208.0,0,0,0,1,0,0,0,0,0,1,0,1,1
72976,0033800002qqiEzAAI,0.0,60,4628.0,1460.0,0,0,0,0,1,0,1,0,0,0,1,0,0
72978,0033800002qqiGgAAI,0.0,0,0.0,1460.0,0,0,0,1,0,0,0,0,0,1,0,1,1
72981,0033800002qqiKiAAI,0.0,0,2722.0,1169.0,0,1,0,0,0,0,0,0,0,1,0,1,0
72983,0033800002qqiMFAAY,0.0,0,0.0,11652.0,0,0,0,0,1,0,1,0,0,0,0,1,1
72985,0033800002qqiQ2AAI,0.0,80,582.0,7908.0,0,0,0,0,1,1,0,0,0,0,1,0,0
72991,0033800002qqienAAA,0.0,70,1192.0,9501.0,0,1,0,0,0,0,0,0,0,1,0,1,1
72992,0033800002qqilUAAQ,0.0,0,1241.0,2968.0,1,0,0,0,0,0,0,0,0,1,0,1,1
72997,0033800002qqjYlAAI,0.0,0,3428.0,8773.0,0,1,0,0,0,0,0,0,0,1,0,1,1
72999,0033800002qqkKvAAI,0.0,0,0.0,8419.0,1,0,0,0,0,1,0,0,0,0,0,1,0
73000,0033800002qqkOZAAY,0.0,0,0.0,1221.0,0,0,0,1,0,0,1,0,0,0,0,1,0
73005,0033800002qqkYUAAY,0.0,0,0.0,5447.0,1,0,0,0,0,1,0,0,0,0,0,1,0
73008,0033800002qqkmRAAQ,0.0,0,0.0,10167.0,1,0,0,0,0,0,1,0,0,0,0,1,1
73009,0033800002qqktXAAQ,0.0,0,0.0,1460.0,0,0,0,1,0,0,0,0,1,0,1,0,0
73010,0033800002qqkw2AAA,0.0,90,1219.0,9218.0,0,0,0,0,1,1,0,0,0,0,0,1,0
73015,0033800002qqlMKAAY,0.0,0,0.0,5065.0,0,0,0,1,0,0,1,0,0,0,0,1,1
73018,0033800002qqllUAAQ,0.0,0,0.0,7764.0,0,1,0,0,0,0,0,0,0,1,0,1,1
73021,0033800002qqmz2AAA,0.0,0,68.0,7330.0,0,1,0,0,0,1,0,0,0,0,1,0,1
73022,0033800002qqmzHAAQ,0.0,0,0.0,4980.0,1,0,0,0,0,0,1,0,0,0,0,1,1
73032,0033800002qqnsVAAQ,0.0,0,3.0,2138.0,0,0,0,1,0,0,1,0,0,0,0,1,1
73036,0033800002qqoD4AAI,0.0,0,0.0,1461.0,0,0,0,1,0,0,0,0,1,0,0,1,0
73038,0033800002qqoKoAAI,0.0,0,0.0,7983.0,0,0,0,1,0,0,0,0,0,1,0,1,1
73040,0033800002qqoMpAAI,0.0,0,0.0,1947.0,0,1,0,0,0,0,0,0,1,0,0,1,1
73041,0033800002qqoPyAAI,0.0,0,8347.0,6313.0,0,1,0,0,0,0,1,0,0,0,0,1,0
73045,0033800002qqoY7AAI,0.0,0,0.0,2921.0,0,1,0,0,0,0,1,0,0,0,0,1,1
73046,0033800002qqoZ0AAI,0.0,0,637.0,7336.0,0,0,0,1,0,0,0,0,0,1,0,1,0
73066,0033800002qqqxNAAQ,0.0,80,111.0,4844.0,0,0,0,1,0,0,0,0,0,1,1,0,0
73067,0033800002qqqyQAAQ,0.0,0,0.0,2005.0,0,0,0,1,0,0,1,0,0,0,0,1,1
73070,0033800002qqrH9AAI,0.0,0,9618.0,1313.0,1,0,0,0,0,0,1,0,0,0,0,1,1
73071,0033800002qqrNCAAY,0.0,10,998.0,3472.0,1,0,0,0,0,0,0,0,0,1,0,1,0
73072,0033800002qqrW9AAI,0.0,70,3652.0,5036.0,0,1,0,0,0,0,0,0,0,1,0,1,0
73073,0033800002qqraGAAQ,0.0,0,2405.0,9999.0,0,0,0,0,1,0,1,0,0,0,0,1,1
73075,0033800002qqraVAAQ,0.0,100,1409.0,5028.0,1,0,0,0,0,0,1,0,0,0,0,1,0
73077,0033800002qqrk1AAA,0.0,0,0.0,7317.0,0,0,0,1,0,0,1,0,0,0,0,1,0
73079,0033800002qqrqiAAA,0.0,0,1882.0,1631.0,0,1,0,0,0,0,0,1,0,0,0,1,1
73084,0033800002qqsMtAAI,0.0,50,0.0,1178.0,0,0,0,1,0,0,1,0,0,0,1,0,0
73087,0033800002qqsTQAAY,0.0,0,0.0,1248.0,0,0,0,1,0,0,1,0,0,0,0,1,1
73090,0033800002qqsXhAAI,0.0,0,3154.0,1460.0,0,0,0,0,1,0,0,0,1,0,0,1,0
73093,0033800002qqsbeAAA,0.0,0,642.0,2915.0,0,0,0,1,0,0,0,0,0,1,0,1,1
73097,0033800002qqt2aAAA,0.0,0,0.0,7782.0,0,1,0,0,0,1,0,0,0,0,0,1,1
73109,0033800002qquDJAAY,0.0,0,0.0,7307.0,0,0,0,1,0,0,0,0,0,1,0,1,1
73111,0033800002qquHkAAI,0.0,0,723.0,1460.0,0,1,0,0,0,0,1,0,0,0,0,1,0
73113,0033800002qquOHAAY,0.0,0,0.0,1826.0,0,0,0,1,0,0,0,0,1,0,0,1,1
73117,0033800002qque2AAA,0.0,0,0.0,4004.0,0,0,0,1,0,1,0,0,0,0,0,1,1
73125,0033800002qquwaAAA,0.0,80,3255.0,9427.0,0,0,0,0,1,0,0,0,1,0,0,1,1
73127,0033800002qqvLRAAY,0.0,0,0.0,2793.0,0,1,0,0,0,0,1,0,0,0,0,1,1
73133,0033800002qqxa4AAA,0.0,0,0.0,675.0,1,0,0,0,0,0,1,0,0,0,1,0,1
73138,0033800002qqxooAAA,0.0,10,1874.0,3116.0,0,1,0,0,0,0,1,0,0,0,1,0,1
73139,0033800002qqxzNAAQ,0.0,0,0.0,6250.0,0,0,0,0,1,0,1,0,0,0,0,1,0
73140,0033800002qqy5fAAA,0.0,0,0.0,7309.0,0,0,0,1,0,0,0,0,0,1,0,1,1
73141,0033800002qqy85AAA,0.0,0,0.0,8345.0,1,0,0,0,0,0,1,0,0,0,0,1,1
73145,0033800002qqyEWAAY,0.0,0,0.0,7305.0,1,0,0,0,0,1,0,0,0,0,1,0,0
73151,0033800002qqybzAAA,0.0,0,0.0,10984.0,0,1,0,0,0,0,1,0,0,0,0,1,0
73155,0033800002qqypkAAA,0.0,20,4050.0,2250.0,0,0,0,1,0,0,1,0,0,0,0,1,0
73156,0033800002qqypuAAA,0.0,0,0.0,4140.0,0,1,0,0,0,0,0,0,0,1,1,0,1
73159,0033800002qqz8RAAQ,0.0,50,917.0,92.0,1,0,0,0,0,0,0,0,0,1,1,0,1
73160,0033800002qqz8WAAQ,0.0,0,0.0,8435.0,0,0,0,0,1,1,0,0,0,0,0,1,0
73163,0033800002qqzIfAAI,0.0,50,1945.0,8066.0,1,0,0,0,0,0,1,0,0,0,0,1,0
73172,0033800002qqztwAAA,0.0,0,2506.0,1460.0,0,1,0,0,0,0,1,0,0,0,0,1,0
73177,0033800002qr042AAA,0.0,80,1949.0,2615.0,0,1,0,0,0,0,1,0,0,0,1,0,1
73190,0033800002qr0K4AAI,0.0,0,0.0,1828.0,0,0,0,1,0,0,1,0,0,0,1,0,1
73196,0033800002qr0abAAA,0.0,0,0.0,1552.0,0,0,0,1,0,0,0,0,1,0,0,1,1
73198,0033800002qr0gtAAA,0.0,0,0.0,669.0,0,0,0,1,0,0,0,0,1,0,0,1,1
73201,0033800002qr0kvAAA,0.0,0,0.0,1460.0,1,0,0,0,0,0,1,0,0,0,0,1,1
73202,0033800002qr0mNAAQ,0.0,0,738.0,1460.0,1,0,0,0,0,0,0,0,0,1,1,0,0
73203,0033800002qr0o4AAA,0.0,0,0.0,8165.0,0,0,0,1,0,0,0,0,1,0,0,1,1
73205,0033800002qr0pbAAA,0.0,0,0.0,1212.0,0,0,0,1,0,0,1,0,0,0,0,1,0
73209,0033800002qr14qAAA,0.0,0,0.0,7997.0,1,0,0,0,0,0,1,0,0,0,0,1,1
73217,0033800002qr1dbAAA,0.0,60,576.0,2916.0,0,1,0,0,0,1,0,0,0,0,1,0,1
73225,0033800002qr2YPAAY,0.0,0,0.0,7892.0,0,0,0,1,0,1,0,0,0,0,0,1,1
73228,0033800002qr3KnAAI,0.0,40,2190.0,2116.0,0,1,0,0,0,0,1,0,0,0,0,1,1
73232,0033800002qr49pAAA,0.0,0,729.0,5127.0,0,0,0,1,0,0,1,0,0,0,0,1,0
73233,0033800002qr4BUAAY,0.0,0,0.0,7314.0,0,1,0,0,0,0,1,0,0,0,0,1,1
73234,0033800002qr4H8AAI,0.0,0,0.0,2048.0,0,0,0,1,0,0,1,0,0,0,1,0,0
73239,0033800002qr5BdAAI,0.0,0,11362.0,1461.0,0,1,0,0,0,1,0,0,0,0,1,0,1
73243,0033800002qr5f4AAA,0.0,0,0.0,1460.0,0,0,0,1,0,0,0,0,1,0,0,1,1
73245,0033800002qr5mmAAA,0.0,0,0.0,1461.0,0,0,0,1,0,0,0,0,0,1,0,1,1
73248,0033800002qr678AAA,0.0,50,4711.0,3287.0,0,1,0,0,0,0,1,0,0,0,1,0,1
73254,0033800002qr6h4AAA,0.0,20,1165.0,2339.0,0,1,0,0,0,0,1,0,0,0,0,1,0
73258,0033800002qr70WAAQ,0.0,0,0.0,8087.0,0,1,0,0,0,0,1,0,0,0,0,1,1
73266,0033800002qr7SvAAI,0.0,0,305.0,8408.0,0,0,0,1,0,0,1,0,0,0,0,1,0
73272,0033800002qr80xAAA,0.0,0,1059.0,1825.0,1,0,0,0,0,0,0,0,0,1,1,0,1
73273,0033800002qr85iAAA,0.0,0,1312.0,3433.0,0,0,0,0,1,1,0,0,0,0,0,1,1
73277,0033800002qr9CLAAY,0.0,0,0.0,1461.0,0,1,0,0,0,0,0,0,0,1,0,1,1
73285,0033800002qrAzOAAU,0.0,0,0.0,1473.0,0,0,0,1,0,0,1,0,0,0,1,0,1
73286,0033800002qrB7XAAU,0.0,0,0.0,8907.0,0,0,0,1,0,0,1,0,0,0,0,1,1
73287,0033800002qrBAWAA2,0.0,0,0.0,1825.0,0,0,0,1,0,0,1,0,0,0,0,1,0
73288,0033800002qrBAvAAM,0.0,0,0.0,2632.0,0,0,0,1,0,0,1,0,0,0,1,0,0
73289,0033800002qrBD6AAM,0.0,0,1641.0,1461.0,0,1,0,0,0,0,0,0,1,0,0,1,1
73292,0033800002qrBK2AAM,0.0,70,3141.0,1052.0,0,0,0,1,0,0,1,0,0,0,0,1,1
73298,0033800002qrC4WAAU,0.0,0,5379.0,1759.0,0,1,0,0,0,1,0,0,0,0,1,0,0
73299,0033800002qrC92AAE,0.0,0,2645.0,2677.0,0,0,0,0,1,0,0,0,1,0,0,1,0
73301,0033800002qrCa3AAE,0.0,0,0.0,2190.0,0,0,0,1,0,1,0,0,0,0,0,1,1
73304,0033800002qrDQLAA2,0.0,0,0.0,10679.0,0,1,0,0,0,0,1,0,0,0,0,1,1
73310,0033800002qrE9pAAE,0.0,0,0.0,2191.0,0,0,0,1,0,0,1,0,0,0,0,1,1
73313,0033800002qrECAAA2,0.0,80,2067.0,3664.0,1,0,0,0,0,0,0,0,0,1,0,1,1
73314,0033800002qrELbAAM,0.0,0,13.0,4369.0,1,0,0,0,0,1,0,0,0,0,1,0,1
73316,0033800002qrEN8AAM,0.0,80,1741.0,2191.0,0,0,0,1,0,0,0,0,0,1,0,1,1
73317,0033800002qrEQbAAM,0.0,0,0.0,8741.0,0,0,0,0,1,1,0,0,0,0,0,1,1
73325,0033800002qrF9YAAU,0.0,0,0.0,2891.0,0,0,0,1,0,0,1,0,0,0,1,0,0
73326,0033800002qrF9sAAE,0.0,0,3.0,8159.0,0,1,0,0,0,0,0,0,0,1,0,1,1
73327,0033800002qrFA7AAM,0.0,20,0.0,3015.0,0,1,0,0,0,0,0,0,0,1,0,1,1
73333,0033800002qrFDBAA2,0.0,0,0.0,9524.0,1,0,0,0,0,0,0,0,0,1,0,1,1
73334,0033800002qrFE4AAM,0.0,0,4647.0,5156.0,0,0,0,1,0,0,1,0,0,0,0,1,0
73336,0033800002qrFG0AAM,0.0,0,0.0,3285.0,0,1,0,0,0,0,0,0,1,0,0,1,1
73337,0033800002qrFGFAA2,0.0,0,9684.0,1666.0,0,1,0,0,0,0,1,0,0,0,0,1,1
73342,0033800002qrFeqAAE,0.0,0,18.0,2999.0,0,1,0,0,0,0,1,0,0,0,0,1,0
73343,0033800002qrFhfAAE,0.0,0,0.0,2023.0,0,1,0,0,0,0,1,0,0,0,1,0,0
73344,0033800002qrFkFAAU,0.0,0,0.0,7563.0,1,0,0,0,0,1,0,0,0,0,0,1,1
73347,0033800002qrFmQAAU,0.0,90,3209.0,7225.0,0,0,0,1,0,0,1,0,0,0,0,1,0
73349,0033800002qrFmzAAE,0.0,0,0.0,2950.0,0,0,0,1,0,0,1,0,0,0,0,1,1
73351,0033800002qrFpyAAE,0.0,100,4272.0,2705.0,0,0,0,1,0,0,1,0,0,0,0,1,0
73352,0033800002qrFqDAAU,0.0,40,1145.0,1408.0,0,0,0,0,1,0,0,0,0,1,1,0,0
73358,0033800002qrHOFAA2,0.0,0,132.0,1926.0,0,0,0,1,0,0,0,0,0,1,0,1,0
73366,0033800002qrHxQAAU,0.0,0,0.0,1248.0,0,0,0,1,0,0,1,0,0,0,0,1,1
73367,0033800002qrIQmAAM,0.0,0,0.0,1461.0,1,0,0,0,0,1,0,0,0,0,0,1,1
73368,0033800002qrIWQAA2,0.0,0,0.0,2712.0,0,0,0,1,0,0,0,0,0,1,0,1,0
73370,0033800002qrIbBAAU,0.0,80,340.0,7687.0,0,1,0,0,0,0,1,0,0,0,0,1,1
73374,0033800002qrIwTAAU,0.0,0,0.0,8123.0,0,1,0,0,0,1,0,0,0,0,0,1,1
73378,0033800002qrJ8bAAE,0.0,0,0.0,2826.0,0,1,0,0,0,0,1,0,0,0,0,1,0
73379,0033800002qrJAcAAM,0.0,0,1608.0,1760.0,0,0,0,1,0,0,1,0,0,0,0,1,1
73381,0033800002qrJHnAAM,0.0,0,736.0,1728.0,0,0,0,1,0,0,0,0,1,0,0,1,1
73384,0033800002qrJNlAAM,0.0,0,50.0,3575.0,0,1,0,0,0,1,0,0,0,0,0,1,1
73386,0033800002qrJTtAAM,0.0,0,0.0,2435.0,0,1,0,0,0,0,0,0,0,1,0,1,1
73387,0033800002qrJUDAA2,0.0,0,0.0,4611.0,0,0,0,0,1,0,1,0,0,0,0,1,1
73390,0033800002qrJjvAAE,0.0,0,2320.0,1095.0,0,1,0,0,0,0,1,0,0,0,0,1,1
73394,0033800002qrJkIAAU,0.0,0,2028.0,7316.0,0,0,0,0,1,0,1,0,0,0,1,0,0
73420,0033800002qrJkiAAE,0.0,0,0.0,9013.0,0,1,0,0,0,0,0,0,1,0,0,1,1
73439,0033800002qrJl1AAE,0.0,0,0.0,9948.0,0,0,0,0,1,1,0,0,0,0,1,0,1
73456,0033800002qrJlIAAU,0.0,0,1108.0,5137.0,0,0,0,1,0,0,0,0,0,1,0,1,0
73469,0033800002qrJlVAAU,0.0,0,1985.0,1718.0,0,1,0,0,0,0,1,0,0,0,0,1,0
73481,0033800002qrJlhAAE,0.0,0,864.0,2949.0,0,0,0,1,0,0,1,0,0,0,1,0,1
73499,0033800002qrJlzAAE,0.0,0,1507.0,4106.0,0,0,0,1,0,0,1,0,0,0,0,1,1
73511,0033800002qrJmBAAU,0.0,0,18.0,11089.0,0,0,0,0,1,0,1,0,0,0,0,1,1
73522,0033800002qrJmMAAU,0.0,0,0.0,3217.0,1,0,0,0,0,0,1,0,0,0,0,1,1
73528,0033800002qrJmTAAU,0.0,100,164.0,6121.0,0,0,0,0,1,0,0,0,1,0,0,1,0
73533,0033800002qrJmYAAU,0.0,90,418.0,1150.0,0,0,0,0,1,0,1,0,0,0,0,1,0
73545,0033800002qrJmkAAE,0.0,80,3704.0,2824.0,0,1,0,0,0,0,1,0,0,0,0,1,0
73547,0033800002qrJmmAAE,0.0,70,1877.0,1477.0,0,0,0,0,1,0,0,0,1,0,0,1,1
73564,0033800002qrJn3AAE,0.0,0,974.0,2259.0,1,0,0,0,0,0,1,0,0,0,1,0,1
73582,0033800002qrJnLAAU,0.0,0,2686.0,9283.0,0,0,0,0,1,0,1,0,0,0,0,1,1
73585,0033800002qrJnOAAU,0.0,0,0.0,8390.0,0,1,0,0,0,1,0,0,0,0,1,0,1
73599,0033800002qrJoBAAU,0.0,60,4694.0,1354.0,0,0,0,0,1,0,1,0,0,0,0,1,1
73602,0033800002qrJoEAAU,0.0,60,3723.0,6280.0,0,0,0,1,0,1,0,0,0,0,0,1,0
73613,0033800002qrJoQAAU,0.0,60,4349.0,2556.0,0,1,0,0,0,0,0,0,1,0,0,1,1
73614,0033800002qrJoRAAU,0.0,80,846.0,7323.0,0,1,0,0,0,0,1,0,0,0,0,1,0
73630,0033800002qrJohAAE,0.0,100,0.0,8064.0,0,1,0,0,0,0,1,0,0,0,0,1,1
73643,0033800002qrJouAAE,0.0,20,1649.0,10312.0,0,0,0,0,1,0,1,0,0,0,0,1,1
73647,0033800002qrJoyAAE,0.0,60,314.0,9040.0,0,1,0,0,0,0,1,0,0,0,0,1,1
73649,0033800002qrJp0AAE,0.0,0,215.0,1460.0,0,1,0,0,0,0,0,0,1,0,0,1,1
73654,0033800002qrJp5AAE,0.0,0,35.0,1813.0,0,1,0,0,0,0,0,0,0,1,0,1,1
73658,0033800002qrJpAAAU,0.0,0,0.0,1461.0,0,0,0,0,1,0,0,0,1,0,0,1,1
73675,0033800002qrJpRAAU,0.0,0,0.0,6303.0,0,1,0,0,0,0,1,0,0,0,0,1,1
73677,0033800002qrJpTAAU,0.0,0,3397.0,5499.0,0,0,0,1,0,0,0,0,1,0,0,1,1
73678,0033800002qrJpUAAU,0.0,20,2468.0,1461.0,0,1,0,0,0,0,0,0,0,1,1,0,0
73691,0033800002qrJpiAAE,0.0,0,0.0,10149.0,0,1,0,0,0,0,0,0,0,1,0,1,1
73706,0033800002qrJpxAAE,0.0,10,201.0,8357.0,0,0,0,0,1,1,0,0,0,0,1,0,1
73711,0033800002qrJq2AAE,0.0,0,2527.0,733.0,0,0,0,1,0,0,1,0,0,0,1,0,0
73712,0033800002qrJq3AAE,0.0,50,2225.0,4386.0,0,0,0,1,0,0,0,0,1,0,0,1,0
73717,0033800002qrJq8AAE,0.0,0,0.0,7324.0,0,0,0,0,1,0,1,0,0,0,0,1,0
73727,0033800002qrJqIAAU,0.0,0,0.0,8220.0,0,1,0,0,0,0,0,0,1,0,0,1,1
73732,0033800002qrJqNAAU,0.0,60,1315.0,5494.0,0,1,0,0,0,0,0,0,1,0,1,0,1
73751,0033800002qrJqhAAE,0.0,20,586.0,3196.0,1,0,0,0,0,1,0,0,0,0,1,0,1
73756,0033800002qrJqmAAE,0.0,0,0.0,7824.0,0,1,0,0,0,0,1,0,0,0,0,1,1
73769,0033800002qrJqzAAE,0.0,0,0.0,11016.0,0,1,0,0,0,0,1,0,0,0,0,1,1
73780,0033800002qrJrAAAU,0.0,0,55.0,2199.0,0,1,0,0,0,0,1,0,0,0,1,0,0
73781,0033800002qrJrBAAU,0.0,90,7.0,8339.0,1,0,0,0,0,0,0,0,0,1,0,1,1
73786,0033800002qrJsJAAU,0.0,0,0.0,1460.0,0,1,0,0,0,0,1,0,0,0,0,1,1
73790,0033800002qrKHxAAM,0.0,100,0.0,1416.0,0,0,0,1,0,0,0,0,1,0,0,1,0
73791,0033800002qrKJAAA2,0.0,0,0.0,1825.0,0,0,0,1,0,0,0,0,0,1,1,0,1
73792,0033800002qrKTUAA2,0.0,70,1003.0,3989.0,0,0,0,1,0,0,1,0,0,0,0,1,1
73795,0033800002qrKj3AAE,0.0,0,0.0,2190.0,0,0,0,1,0,0,1,0,0,0,0,1,1
73799,0033800002qrKzbAAE,0.0,0,0.0,9441.0,1,0,0,0,0,0,1,0,0,0,0,1,1
73801,0033800002qrLMfAAM,0.0,0,0.0,2722.0,1,0,0,0,0,1,0,0,0,0,1,0,0
73802,0033800002qrLQXAA2,0.0,0,0.0,7312.0,0,0,0,0,1,1,0,0,0,0,0,1,1
73803,0033800002qrLXsAAM,0.0,0,97.0,10984.0,0,0,0,0,1,1,0,0,0,0,0,1,1
73806,0033800002qrLpDAAU,0.0,0,189.0,7309.0,0,0,0,1,0,0,0,0,0,1,0,1,0
73807,0033800002qrLyFAAU,0.0,0,0.0,1207.0,0,0,0,1,0,0,1,0,0,0,0,1,1
73817,0033800002qrNHnAAM,0.0,0,0.0,1677.0,0,1,0,0,0,0,1,0,0,0,1,0,0
73819,0033800002qrO2dAAE,0.0,0,0.0,7452.0,0,0,0,1,0,0,0,0,0,1,0,1,0
73820,0033800002qrOAuAAM,0.0,10,2245.0,1462.0,0,0,0,1,0,0,0,0,1,0,0,1,1
73821,0033800002qrOG4AAM,0.0,70,336.0,2039.0,1,0,0,0,0,1,0,0,0,0,0,1,0
73828,0033800002qrOzqAAE,0.0,80,2474.0,2397.0,0,0,0,1,0,0,1,0,0,0,0,1,1
73829,0033800002qrP6tAAE,0.0,0,416.0,1461.0,0,0,0,1,0,0,0,0,0,1,1,0,0
73834,0033800002qrPTFAA2,0.0,0,0.0,1609.0,0,0,0,1,0,0,1,0,0,0,0,1,0
73836,0033800002qrPctAAE,0.0,0,0.0,4297.0,0,0,0,1,0,0,0,0,0,1,0,1,0
73838,0033800002qrPqeAAE,0.0,0,0.0,1825.0,0,0,0,1,0,0,1,0,0,0,0,1,0
73839,0033800002qrPsBAAU,0.0,100,2828.0,1461.0,0,1,0,0,0,0,0,0,1,0,0,1,1
73841,0033800002qrQ13AAE,0.0,50,367.0,2922.0,1,0,0,0,0,1,0,0,0,0,1,0,1
73842,0033800002qrQ1DAAU,0.0,0,0.0,7683.0,0,1,0,0,0,0,1,0,0,0,0,1,0
73843,0033800002qrQ4vAAE,0.0,100,1862.0,9003.0,0,0,0,0,1,0,1,0,0,0,0,1,0
73848,0033800002qrQ8kAAE,0.0,0,8737.0,4796.0,0,0,0,0,1,0,0,0,0,1,1,0,0
73852,0033800002qrQCaAAM,0.0,0,0.0,1284.0,0,0,0,1,0,0,1,0,0,0,1,0,0
73870,0033800002rfngKAAQ,0.0,0,1319.0,1583.0,0,0,0,1,0,0,0,1,0,0,1,0,0
73871,0033800002rfnikAAA,0.0,20,10681.0,1827.0,1,0,0,0,0,0,0,0,1,0,0,1,0
73875,0033800002rfoETAAY,0.0,0,536.0,7471.0,1,0,0,0,0,0,1,0,0,0,0,1,0
73876,0033800002rfoH8AAI,0.0,0,2041.0,4387.0,0,1,0,0,0,0,0,0,0,1,0,1,1
73884,0033800002rfp1hAAA,0.0,0,458.0,10973.0,0,0,0,0,1,0,1,0,0,0,0,1,1
73893,0033800002rfpnpAAA,0.0,80,9444.0,993.0,0,1,0,0,0,1,0,0,0,0,0,1,0
73894,0033800002rfq9ZAAQ,0.0,30,1583.0,7321.0,0,0,0,1,0,0,1,0,0,0,0,1,1
73899,0033800002rfqPBAAY,0.0,0,0.0,6489.0,0,0,0,0,1,0,1,0,0,0,1,0,1
73906,0033800002rfrWGAAY,0.0,0,0.0,7318.0,0,0,0,1,0,0,0,0,0,1,1,0,1
73913,0033800002rfryFAAQ,0.0,0,0.0,5486.0,0,1,0,0,0,1,0,0,0,0,1,0,0
73914,0033800002rfrytAAA,0.0,0,0.0,6241.0,0,0,0,1,0,0,0,1,0,0,1,0,1
73916,0033800002rfs5uAAA,0.0,40,5177.0,8282.0,0,1,0,0,0,1,0,0,0,0,0,1,0
73917,0033800002rfs6YAAQ,0.0,0,0.0,7322.0,0,0,0,1,0,0,1,0,0,0,0,1,1
73919,0033800002rfsF6AAI,0.0,0,0.0,7661.0,1,0,0,0,0,1,0,0,0,0,0,1,0
73924,0033800002rftX6AAI,0.0,100,0.0,5103.0,0,1,0,0,0,0,1,0,0,0,0,1,0
73925,0033800002rftevAAA,0.0,0,0.0,9091.0,0,0,0,0,1,0,1,0,0,0,1,0,1
73927,0033800002rftuUAAQ,0.0,70,1079.0,4387.0,0,1,0,0,0,0,0,0,1,0,0,1,1
73929,0033800002rftwIAAQ,0.0,0,0.0,8794.0,0,0,0,1,0,0,1,0,0,0,0,1,1
73930,0033800002rfu1VAAQ,0.0,90,4998.0,1356.0,1,0,0,0,0,0,1,0,0,0,1,0,1
73931,0033800002rfu4oAAA,0.0,0,0.0,9161.0,0,0,0,0,1,0,1,0,0,0,0,1,0
73933,0033800002rfuG1AAI,0.0,60,3875.0,9587.0,0,0,0,1,0,0,0,0,1,0,0,1,0
73934,0033800002rfuIgAAI,0.0,60,382.0,1977.0,0,1,0,0,0,0,0,0,1,0,1,0,1
73944,0033800002rfuIqAAI,0.0,0,5503.0,7729.0,0,0,0,0,1,0,1,0,0,0,0,1,0
73946,0033800002rfuIsAAI,0.0,90,0.0,7705.0,0,0,0,0,1,0,1,0,0,0,0,1,1
73955,0033800002rfuJ1AAI,0.0,0,0.0,2786.0,0,1,0,0,0,0,1,0,0,0,0,1,1
73963,0033800002rfuJAAAY,0.0,100,307.0,9161.0,0,0,0,0,1,1,0,0,0,0,0,1,1
73966,0033800002rfuJEAAY,0.0,0,178.0,3757.0,0,0,0,1,0,0,0,0,1,0,0,1,1
73981,0033800002rfuJUAAY,0.0,0,0.0,9161.0,0,0,0,0,1,0,1,0,0,0,1,0,0
73983,0033800002rfuJWAAY,0.0,0,0.0,9177.0,0,0,0,0,1,0,1,0,0,0,0,1,1
73986,0033800002rfuJZAAY,0.0,0,0.0,3412.0,0,1,0,0,0,0,1,0,0,0,0,1,1
74000,0033800002rfuJnAAI,0.0,0,12.0,1768.0,1,0,0,0,0,0,1,0,0,0,0,1,1
74004,0033800002rfuJrAAI,0.0,40,0.0,4218.0,0,1,0,0,0,0,0,0,1,0,0,1,1
74011,0033800002rfuJyAAI,0.0,0,0.0,7315.0,0,1,0,0,0,0,0,0,0,1,1,0,1
74013,0033800002rfuK0AAI,0.0,90,3373.0,7302.0,0,1,0,0,0,0,1,0,0,0,0,1,1
74016,0033800002rfuK3AAI,0.0,100,139.0,9130.0,0,1,0,0,0,0,1,0,0,0,0,1,1
74019,0033800002rfuK6AAI,0.0,0,3.0,10316.0,0,0,0,0,1,0,1,0,0,0,0,1,1
74029,0033800002rfuKGAAY,0.0,90,1100.0,5552.0,0,0,0,0,1,0,0,0,0,1,1,0,0
74031,0033800002rfuKIAAY,0.0,10,5726.0,3729.0,0,1,0,0,0,0,0,0,1,0,0,1,0
74032,0033800002rfuKJAAY,0.0,0,0.0,7762.0,0,1,0,0,0,0,1,0,0,0,1,0,1
74036,0033800002rfuKNAAY,0.0,0,0.0,10886.0,0,1,0,0,0,0,1,0,0,0,0,1,1
74039,0033800002rfuKQAAY,0.0,0,0.0,9590.0,0,0,0,0,1,0,0,0,1,0,0,1,0
74043,0033800002rfuKUAAY,0.0,0,2313.0,7437.0,0,1,0,0,0,0,1,0,0,0,1,0,1
74052,0033800002rfuKdAAI,0.0,40,3239.0,2647.0,0,0,0,0,1,0,0,0,0,1,0,1,1
74056,0033800002rfuKhAAI,0.0,0,0.0,8073.0,0,1,0,0,0,0,1,0,0,0,0,1,1
74062,0033800002rfuLCAAY,0.0,80,256.0,3621.0,1,0,0,0,0,1,0,0,0,0,0,1,1
74068,0033800002rfuesAAA,0.0,100,0.0,7468.0,0,1,0,0,0,0,1,0,0,0,0,1,1
74069,0033800002rfuqZAAQ,0.0,0,0.0,1979.0,0,0,0,1,0,0,0,0,1,0,0,1,0
74070,0033800002rfv7tAAA,0.0,100,1128.0,2922.0,0,0,0,1,0,0,0,0,0,1,0,1,0
74074,0033800002rfvAqAAI,0.0,0,7026.0,8401.0,1,0,0,0,0,0,0,0,1,0,0,1,1
74078,0033800002rfvIRAAY,0.0,0,0.0,7905.0,1,0,0,0,0,0,0,0,1,0,0,1,1
74083,0033800002rfvZyAAI,0.0,60,0.0,7690.0,0,0,0,0,1,0,0,0,0,1,0,1,1
74085,0033800002rfwZ6AAI,0.0,0,0.0,8241.0,0,0,0,1,0,0,1,0,0,0,0,1,1
74086,0033800002rfwc5AAA,0.0,0,0.0,2408.0,0,1,0,0,0,0,1,0,0,0,0,1,1
74089,0033800002rfx3dAAA,0.0,0,1282.0,3947.0,0,0,0,0,1,1,0,0,0,0,1,0,1
74092,0033800002rfxDFAAY,0.0,80,919.0,1014.0,1,0,0,0,0,1,0,0,0,0,1,0,1
74093,0033800002rfxELAAY,0.0,0,793.0,2776.0,0,0,0,0,1,0,0,0,1,0,0,1,1
74098,0033800002rfxpZAAQ,0.0,0,70.0,2921.0,0,0,0,1,0,1,0,0,0,0,0,1,0
74100,0033800002rfy74AAA,0.0,0,0.0,2125.0,1,0,0,0,0,1,0,0,0,0,0,1,0
74101,0033800002rfyA8AAI,0.0,0,1215.0,1460.0,0,1,0,0,0,0,0,0,1,0,0,1,1
74102,0033800002rfyDgAAI,0.0,0,0.0,3116.0,1,0,0,0,0,0,1,0,0,0,1,0,0
74106,0033800002rfz48AAA,0.0,0,2353.0,4652.0,0,0,0,0,1,0,1,0,0,0,1,0,0
74107,0033800002rfz4NAAQ,0.0,0,0.0,7307.0,1,0,0,0,0,1,0,0,0,0,0,1,1
74112,0033800002rfzGCAAY,0.0,0,0.0,1460.0,0,0,0,1,0,0,0,0,1,0,0,1,1
74113,0033800002rfzLpAAI,0.0,0,0.0,9864.0,0,0,0,0,1,0,1,0,0,0,0,1,1
74116,0033800002rfzQVAAY,0.0,100,1282.0,2812.0,0,0,0,1,0,1,0,0,0,0,0,1,0
74119,0033800002rfzakAAA,0.0,0,641.0,7478.0,1,0,0,0,0,0,1,0,0,0,0,1,1
74121,0033800002rfziuAAA,0.0,0,0.0,2762.0,0,1,0,0,0,0,0,0,1,0,0,1,1
74127,0033800002rg0m2AAA,0.0,0,0.0,8551.0,0,1,0,0,0,1,0,0,0,0,0,1,1
74128,0033800002rg0txAAA,0.0,0,0.0,7407.0,0,1,0,0,0,0,1,0,0,0,0,1,1
74131,0033800002rg1mNAAQ,0.0,0,3121.0,3957.0,0,1,0,0,0,1,0,0,0,0,1,0,0
74133,0033800002rg26yAAA,0.0,0,0.0,7318.0,1,0,0,0,0,0,1,0,0,0,0,1,1
74134,0033800002rg2DEAAY,0.0,0,0.0,9565.0,0,1,0,0,0,0,1,0,0,0,0,1,1
74135,0033800002rg2EbAAI,0.0,0,2307.0,4055.0,0,0,0,1,0,0,1,0,0,0,1,0,0
74137,0033800002rg2H5AAI,0.0,0,0.0,4358.0,0,0,0,0,1,0,1,0,0,0,0,1,1
74141,0033800002rg2ZlAAI,0.0,0,15346.0,2191.0,0,1,0,0,0,0,0,0,0,1,0,1,0
74142,0033800002rg2cLAAQ,0.0,0,3008.0,1461.0,0,0,0,1,0,0,0,0,0,1,0,1,1
74146,0033800002rg311AAA,0.0,0,0.0,1607.0,0,1,0,0,0,0,1,0,0,0,0,1,1
74147,0033800002rg370AAA,0.0,0,2487.0,1461.0,0,1,0,0,0,0,0,0,1,0,0,1,0
74148,0033800002rg3AnAAI,0.0,0,0.0,7319.0,1,0,0,0,0,0,0,0,0,1,1,0,1
74149,0033800002rg3EpAAI,0.0,0,0.0,4728.0,0,0,0,1,0,1,0,0,0,0,0,1,1
74153,0033800002rg3XdAAI,0.0,0,166.0,3274.0,0,1,0,0,0,0,1,0,0,0,0,1,1
74155,0033800002rg3kuAAA,0.0,0,1965.0,1462.0,0,1,0,0,0,0,0,0,1,0,1,0,1
74156,0033800002rg3lEAAQ,0.0,0,0.0,7333.0,0,0,0,1,0,0,1,0,0,0,0,1,1
74160,0033800002rg4G4AAI,0.0,100,3825.0,2990.0,0,0,0,1,0,0,1,0,0,0,0,1,1
74162,0033800002rg4SFAAY,0.0,0,0.0,1205.0,0,0,0,1,0,0,1,0,0,0,0,1,1
74163,0033800002rg4ViAAI,0.0,50,0.0,5121.0,0,1,0,0,0,0,1,0,0,0,0,1,1
74164,0033800002rg4qdAAA,0.0,0,1259.0,3017.0,1,0,0,0,0,0,1,0,0,0,0,1,1
74166,0033800002rg52eAAA,0.0,0,0.0,2614.0,0,0,0,1,0,0,1,0,0,0,0,1,0
74170,0033800002rg5MZAAY,0.0,0,0.0,2830.0,0,1,0,0,0,0,1,0,0,0,0,1,0
74171,0033800002rg5PYAAY,0.0,0,0.0,8172.0,0,0,0,1,0,1,0,0,0,0,0,1,1
74172,0033800002rg5U9AAI,0.0,0,92.0,11244.0,0,1,0,0,0,0,1,0,0,0,0,1,1
74175,0033800002rg5jTAAQ,0.0,0,0.0,7698.0,1,0,0,0,0,0,0,0,0,1,0,1,1
74178,0033800002rg5oJAAQ,0.0,0,277.0,1460.0,0,0,0,1,0,0,1,0,0,0,0,1,0
74180,0033800002rg5sQAAQ,0.0,0,0.0,7319.0,1,0,0,0,0,0,1,0,0,0,1,0,1
74182,0033800002rg5vuAAA,1.0,0,319.0,6714.0,1,0,0,0,0,0,1,0,0,0,1,0,1
74183,0033800002rg62tAAA,0.0,0,11233.0,1399.0,0,0,0,1,0,0,0,0,1,0,0,1,1
74184,0033800002rg67gAAA,0.0,60,2658.0,1460.0,0,1,0,0,0,0,0,0,1,0,1,0,1
74225,0033800002rg88YAAQ,0.0,0,68.0,11214.0,0,0,0,0,1,0,1,0,0,0,0,1,1
74293,0033800002rg8FtAAI,0.0,60,751.0,1461.0,0,0,0,1,0,0,0,0,1,0,0,1,0
74297,0033800002rg8hoAAA,0.0,0,4229.0,8934.0,0,1,0,0,0,0,0,0,1,0,0,1,0
74306,0033800002rg9tPAAQ,0.0,0,0.0,5110.0,0,0,0,1,0,0,1,0,0,0,0,1,1
74308,0033800002rg9vBAAQ,0.0,0,2503.0,4343.0,0,1,0,0,0,0,1,0,0,0,0,1,0
74326,0033800002rgBypAAE,0.0,50,154.0,8114.0,0,1,0,0,0,0,0,0,0,1,1,0,1
74327,0033800002rgBzOAAU,0.0,20,6229.0,2742.0,0,1,0,0,0,0,0,0,1,0,0,1,1
74332,0033800002rgCBAAA2,0.0,0,0.0,3063.0,1,0,0,0,0,0,1,0,0,0,0,1,1
74340,0033800002rgDGOAA2,0.0,0,0.0,7297.0,0,1,0,0,0,0,1,0,0,0,0,1,1
74341,0033800002rgDN0AAM,0.0,0,0.0,3670.0,1,0,0,0,0,1,0,0,0,0,0,1,1
74345,0033800002rgDQ2AAM,0.0,0,0.0,8474.0,0,1,0,0,0,0,0,0,0,1,0,1,1
74350,0033800002rgDg4AAE,0.0,0,5084.0,4749.0,0,1,0,0,0,0,0,0,0,1,1,0,1
74351,0033800002rgDtiAAE,0.0,50,6430.0,2922.0,0,1,0,0,0,1,0,0,0,0,1,0,1
74358,0033800002rgEUlAAM,0.0,0,0.0,8326.0,0,1,0,0,0,1,0,0,0,0,0,1,1
74360,0033800002rgEcLAAU,0.0,0,0.0,9244.0,0,0,0,0,1,1,0,0,0,0,0,1,1
74362,0033800002rgEkZAAU,0.0,0,0.0,1661.0,0,1,0,0,0,0,0,0,1,0,0,1,1
74363,0033800002rgEyHAAU,0.0,0,765.0,2148.0,1,0,0,0,0,0,1,0,0,0,0,1,0
74370,0033800002rgFoEAAU,0.0,0,46.0,1495.0,0,0,0,1,0,1,0,0,0,0,0,1,0
74371,0033800002rgFpbAAE,0.0,0,67.0,751.0,0,0,0,1,0,0,0,0,0,1,0,1,1
74381,0033800002rgGpmAAE,0.0,0,0.0,3468.0,0,1,0,0,0,1,0,0,0,0,1,0,0
74384,0033800002rgHIWAA2,0.0,80,244.0,7511.0,0,0,0,0,1,0,1,0,0,0,1,0,0
74388,0033800002rgIEjAAM,0.0,0,5073.0,1461.0,0,1,0,0,0,0,0,0,1,0,0,1,0
74390,0033800002rgIPsAAM,0.0,0,0.0,7707.0,1,0,0,0,0,1,0,0,0,0,0,1,1
74395,0033800002rgITLAA2,0.0,0,0.0,3748.0,0,1,0,0,0,1,0,0,0,0,0,1,1
74397,0033800002rgIWUAA2,0.0,0,0.0,2922.0,0,0,0,1,0,1,0,0,0,0,0,1,0
74403,0033800002rgIdfAAE,0.0,0,5238.0,1656.0,0,1,0,0,0,0,1,0,0,0,0,1,1
74409,0033800002rgIizAAE,0.0,0,0.0,7246.0,0,0,0,1,0,0,1,0,0,0,1,0,0
74412,0033800002rgIsOAAU,0.0,0,0.0,7900.0,1,0,0,0,0,0,1,0,0,0,0,1,1
74417,0033800002rgJ6kAAE,0.0,0,0.0,1461.0,0,0,0,1,0,0,0,0,0,1,0,1,1
74428,0033800002rgK2BAAU,0.0,70,2588.0,1826.0,0,1,0,0,0,0,0,0,0,1,0,1,1
74431,0033800002rgK9yAAE,0.0,30,4406.0,2997.0,0,0,0,0,1,0,0,0,1,0,1,0,1
74444,0033800002rgKABAA2,0.0,0,1687.0,8781.0,0,0,0,1,0,0,0,0,0,1,0,1,1
74452,0033800002rgKAKAA2,0.0,0,0.0,7596.0,0,0,0,0,1,0,1,0,0,0,0,1,0
74461,0033800002rgKATAA2,0.0,30,1576.0,7938.0,0,0,0,0,1,0,0,0,0,1,0,1,0
74470,0033800002rgKAdAAM,0.0,0,0.0,10963.0,0,0,0,0,1,0,1,0,0,0,0,1,1
74472,0033800002rgKAfAAM,0.0,80,376.0,2372.0,1,0,0,0,0,0,1,0,0,0,0,1,1
74483,0033800002rgKArAAM,0.0,0,0.0,12718.0,0,0,0,0,1,0,1,0,0,0,0,1,1
74486,0033800002rgKAuAAM,0.0,0,33.0,7890.0,0,1,0,0,0,0,1,0,0,0,1,0,1
74495,0033800002rgKB3AAM,0.0,0,0.0,7332.0,1,0,0,0,0,0,0,0,0,1,1,0,1
74508,0033800002rgKvTAAU,0.0,0,0.0,8273.0,0,1,0,0,0,0,0,1,0,0,0,1,1
74509,0033800002rgKw1AAE,0.0,0,0.0,4981.0,0,0,0,1,0,0,1,0,0,0,1,0,1
74513,0033800002rgLF3AAM,0.0,0,0.0,9677.0,1,0,0,0,0,0,1,0,0,0,1,0,0
74516,0033800002rgLb9AAE,0.0,0,0.0,2557.0,0,0,0,1,0,0,1,0,0,0,0,1,1
74517,0033800002rgLbdAAE,0.0,0,830.0,1826.0,0,1,0,0,0,0,1,0,0,0,0,1,0
74521,0033800002rgMAPAA2,0.0,0,0.0,5548.0,0,0,0,1,0,0,0,0,0,1,0,1,0
74522,0033800002rgMJkAAM,0.0,0,1747.0,1431.0,0,1,0,0,0,0,1,0,0,0,0,1,1
74523,0033800002rgMNNAA2,0.0,0,0.0,2343.0,0,0,0,1,0,0,1,0,0,0,0,1,1
74529,0033800002rgMmBAAU,0.0,70,225.0,1825.0,0,0,0,1,0,0,0,0,0,1,0,1,0
74536,0033800002rgN41AAE,0.0,50,595.0,2063.0,0,0,0,1,0,0,1,0,0,0,0,1,1
74542,0033800002rgNVCAA2,0.0,50,196.0,4052.0,0,0,0,1,0,0,0,0,1,0,0,1,0
74543,0033800002rgNdLAAU,0.0,0,1258.0,8770.0,0,0,0,0,1,0,0,0,0,1,0,1,1
74545,0033800002rgNizAAE,0.0,0,0.0,4161.0,0,0,0,1,0,0,1,0,0,0,0,1,1
74548,0033800002rgNydAAE,0.0,30,4041.0,1158.0,0,0,0,1,0,0,1,0,0,0,1,0,1
74549,0033800002rgO8JAAU,0.0,0,0.0,6417.0,0,1,0,0,0,0,1,0,0,0,0,1,1
74557,0033800002rgOIdAAM,0.0,0,0.0,8777.0,0,0,0,1,0,0,1,0,0,0,0,1,1
74558,0033800002rgOInAAM,0.0,0,557.0,9978.0,0,0,0,0,1,0,1,0,0,0,0,1,0
74566,0033800002rgOy6AAE,0.0,0,0.0,2913.0,0,0,0,1,0,1,0,0,0,0,1,0,0
74571,0033800002rgQYBAA2,0.0,0,0.0,7321.0,0,0,0,1,0,0,1,0,0,0,1,0,1
74574,0033800002rgQqWAAU,0.0,0,1699.0,7583.0,0,1,0,0,0,1,0,0,0,0,0,1,1
74575,0033800002rgR9AAAU,0.0,100,4366.0,4312.0,0,0,0,1,0,0,0,0,1,0,0,1,1
74576,0033800002rgRE7AAM,0.0,0,0.0,4491.0,0,1,0,0,0,0,1,0,0,0,0,1,0
74582,0033800002rgRnzAAE,0.0,90,0.0,5818.0,1,0,0,0,0,0,1,0,0,0,0,1,1
74586,0033800002rgS5wAAE,0.0,50,0.0,6486.0,0,1,0,0,0,1,0,0,0,0,1,0,1
74590,0033800002rgSHTAA2,0.0,0,0.0,10085.0,0,0,0,0,1,0,0,0,1,0,0,1,1
74591,0033800002rgSHnAAM,0.0,0,1246.0,1729.0,1,0,0,0,0,0,1,0,0,0,0,1,1
74592,0033800002rgSMxAAM,0.0,0,0.0,2679.0,0,1,0,0,0,0,1,0,0,0,0,1,1
74596,0033800002rgSfbAAE,0.0,0,0.0,10984.0,0,1,0,0,0,0,1,0,0,0,1,0,0
74599,0033800002rgSuMAAU,0.0,0,0.0,7329.0,0,0,0,1,0,0,0,0,1,0,0,1,0
74600,0033800002rgSwhAAE,0.0,0,0.0,2190.0,0,0,0,1,0,0,0,0,0,1,0,1,1
74609,0033800002rgThOAAU,0.0,0,0.0,7314.0,0,0,0,1,0,0,1,0,0,0,0,1,0
74610,0033800002rgToKAAU,0.0,0,0.0,3144.0,0,0,0,0,1,0,1,0,0,0,1,0,1
74611,0033800002rgTpXAAU,0.0,80,675.0,1022.0,1,0,0,0,0,0,1,0,0,0,0,1,1
74617,0033800002rgU4cAAE,0.0,0,0.0,8847.0,0,0,0,1,0,0,0,0,1,0,0,1,1
74618,0033800002rgU9rAAE,0.0,0,1194.0,2997.0,0,1,0,0,0,0,1,0,0,0,0,1,1
74621,0033800002rgUGOAA2,0.0,0,0.0,7346.0,0,1,0,0,0,0,1,0,0,0,0,1,1
74629,0033800002rgVTxAAM,0.0,0,0.0,1673.0,0,1,0,0,0,0,1,0,0,0,0,1,1
74633,0033800002rgVwWAAU,0.0,0,0.0,1460.0,1,0,0,0,0,1,0,0,0,0,1,0,1
74644,0033800002rgWmtAAE,0.0,100,1476.0,2705.0,0,1,0,0,0,0,0,0,1,0,1,0,0
74645,0033800002rgWp4AAE,0.0,0,0.0,1600.0,0,1,0,0,0,0,0,0,0,1,0,1,1
74649,0033800002rgWvQAAU,0.0,10,1726.0,2525.0,1,0,0,0,0,0,0,0,0,1,1,0,1
74654,0033800002rgXNUAA2,0.0,0,0.0,2037.0,1,0,0,0,0,0,1,0,0,0,0,1,1
74655,0033800002rgXPBAA2,0.0,0,707.0,2498.0,0,0,0,1,0,0,1,0,0,0,0,1,1
74657,0033800002rgXZBAA2,0.0,0,0.0,8774.0,0,1,0,0,0,0,0,0,0,1,0,1,0
74665,0033800002rgYJZAA2,0.0,0,0.0,7369.0,1,0,0,0,0,1,0,0,0,0,0,1,0
74667,0033800002rgaKVAAY,0.0,0,0.0,7323.0,0,0,0,1,0,0,0,0,1,0,0,1,1
74670,0033800002rgbTJAAY,0.0,100,596.0,5617.0,1,0,0,0,0,0,1,0,0,0,1,0,1
74672,0033800002rgbczAAA,0.0,30,2389.0,1918.0,0,0,0,1,0,0,0,0,1,0,1,0,1
74673,0033800002rgbfkAAA,0.0,0,14.0,2919.0,1,0,0,0,0,1,0,0,0,0,1,0,1
74675,0033800002rgbi0AAA,0.0,0,0.0,7420.0,1,0,0,0,0,0,1,0,0,0,0,1,0
74677,0033800002rgc4CAAQ,0.0,0,0.0,7538.0,0,1,0,0,0,0,1,0,0,0,0,1,0
74678,0033800002rgc7VAAQ,0.0,0,0.0,3096.0,1,0,0,0,0,0,1,0,0,0,0,1,1
74679,0033800002rgcERAAY,0.0,0,926.0,2191.0,1,0,0,0,0,1,0,0,0,0,0,1,1
74680,0033800002rgcJ7AAI,0.0,0,0.0,1205.0,0,0,0,1,0,0,1,0,0,0,0,1,0
74681,0033800002rgcQmAAI,0.0,0,0.0,12036.0,0,0,0,0,1,0,1,0,0,0,0,1,1
74682,0033800002rgcWBAAY,0.0,0,0.0,8057.0,1,0,0,0,0,0,1,0,0,0,0,1,1
74683,0033800002rgcWGAAY,0.0,0,0.0,5945.0,0,0,0,1,0,0,1,0,0,0,0,1,0
74684,0033800002rgcZFAAY,0.0,60,2068.0,1460.0,0,1,0,0,0,0,0,0,0,1,1,0,1
74685,0033800002rgcamAAA,0.0,0,536.0,1270.0,0,1,0,0,0,0,1,0,0,0,0,1,1
74686,0033800002rgch9AAA,0.0,0,0.0,7366.0,1,0,0,0,0,0,1,0,0,0,0,1,1
74687,0033800002rgciMAAQ,0.0,0,0.0,4742.0,0,0,0,1,0,0,0,1,0,0,0,1,1
74690,0033800002rgckDAAQ,0.0,0,0.0,7404.0,1,0,0,0,0,0,0,0,0,1,0,1,1
74693,0033800002rgd3QAAQ,0.0,0,0.0,10610.0,0,0,0,1,0,0,1,0,0,0,0,1,1
74694,0033800002rgdLPAAY,0.0,0,0.0,4440.0,0,0,0,1,0,0,0,0,0,1,0,1,0
74695,0033800002rgdMcAAI,0.0,0,452.0,2040.0,0,1,0,0,0,0,0,0,0,1,0,1,1
74696,0033800002rgdMmAAI,0.0,0,5040.0,1461.0,0,1,0,0,0,0,1,0,0,0,0,1,1
74697,0033800002rgdO9AAI,0.0,0,1684.0,3743.0,0,1,0,0,0,0,1,0,0,0,0,1,0
74698,0033800002rgdOYAAY,0.0,0,0.0,9494.0,0,1,0,0,0,0,1,0,0,0,0,1,1
74699,0033800002rgdOdAAI,0.0,0,4972.0,1578.0,0,0,0,1,0,1,0,0,0,0,0,1,1
74704,0033800002rgddyAAA,0.0,0,0.0,7305.0,0,0,0,1,0,0,0,0,1,0,0,1,0
74714,0033800002rgfwcAAA,0.0,0,4483.0,1311.0,0,0,0,1,0,0,1,0,0,0,0,1,1
74720,0033800002rggRBAAY,0.0,0,0.0,1291.0,0,0,0,1,0,0,1,0,0,0,0,1,1
74721,0033800002rggRQAAY,0.0,0,0.0,2811.0,0,0,0,1,0,0,1,0,0,0,1,0,1
74723,0033800002rggSJAAY,0.0,0,0.0,7259.0,1,0,0,0,0,1,0,0,0,0,1,0,1
74730,0033800002rggyoAAA,0.0,0,0.0,1576.0,0,0,0,1,0,0,1,0,0,0,0,1,1
74734,0033800002rghEDAAY,0.0,0,0.0,3726.0,0,0,0,1,0,0,0,0,0,1,0,1,0
74736,0033800002rghIPAAY,0.0,0,2399.0,1825.0,0,1,0,0,0,0,0,0,1,0,0,1,0
74740,0033800002rgkL8AAI,0.0,0,1470.0,7999.0,1,0,0,0,0,1,0,0,0,0,0,1,1
74746,0033800002rgnPXAAY,0.0,40,814.0,1944.0,0,0,0,0,1,0,1,0,0,0,0,1,1
74749,0033800002rgngiAAA,0.0,0,0.0,7319.0,0,1,0,0,0,0,1,0,0,0,0,1,0
74750,0033800002rgnvOAAQ,0.0,0,0.0,7372.0,0,0,0,1,0,0,1,0,0,0,0,1,1
74751,0033800002rgnxeAAA,0.0,0,0.0,1825.0,0,0,0,1,0,0,1,0,0,0,0,1,0
74753,0033800002rgo8SAAQ,0.0,0,4181.0,2040.0,0,0,0,1,0,0,0,0,0,1,0,1,1
74754,0033800002rgo9BAAQ,0.0,0,412.0,7327.0,0,1,0,0,0,1,0,0,0,0,0,1,0
74755,0033800002rgoGvAAI,0.0,50,523.0,2707.0,0,0,0,0,1,0,1,0,0,0,0,1,0
74757,0033800002rgoINAAY,0.0,0,0.0,540.0,0,0,0,1,0,0,1,0,0,0,1,0,0
74764,0033800002sHZbjAAG,0.0,0,1432.0,2347.0,1,0,0,0,0,0,1,0,0,0,1,0,1
74766,0033800002sHZhwAAG,0.0,0,3909.0,1460.0,1,0,0,0,0,0,0,0,1,0,0,1,1
74770,0033800002sHZyTAAW,0.0,0,0.0,10960.0,0,0,0,0,1,0,1,0,0,0,1,0,0
74774,0033800002sHa8hAAC,0.0,0,0.0,1461.0,0,1,0,0,0,0,1,0,0,0,0,1,1
74777,0033800002sHaabAAC,0.0,80,5059.0,2164.0,0,0,0,0,1,1,0,0,0,0,1,0,0
74781,0033800002sHb30AAC,0.0,0,0.0,9509.0,0,1,0,0,0,0,1,0,0,0,0,1,1
74782,0033800002sHbJ1AAK,0.0,80,3071.0,3840.0,0,1,0,0,0,0,1,0,0,0,0,1,1
74793,0033800002sHcqDAAS,0.0,0,6.0,9691.0,0,1,0,0,0,1,0,0,0,0,0,1,0
74794,0033800002sHdBuAAK,0.0,0,0.0,8239.0,1,0,0,0,0,0,1,0,0,0,1,0,1
74795,0033800002sHdOUAA0,0.0,0,0.0,7334.0,0,0,0,0,1,0,0,0,0,1,0,1,1
74796,0033800002sHdQGAA0,0.0,0,0.0,2765.0,0,0,0,1,0,0,1,0,0,0,0,1,0
74801,0033800002sHdfxAAC,0.0,0,0.0,1131.0,0,0,0,1,0,0,0,0,1,0,0,1,0
74803,0033800002sHdsrAAC,0.0,0,0.0,9222.0,0,0,0,1,0,0,0,0,0,1,0,1,0
74805,0033800002sHe2hAAC,0.0,0,701.0,4146.0,0,0,0,0,1,0,1,0,0,0,1,0,1
74810,0033800002sHeIvAAK,0.0,50,2570.0,3287.0,0,0,0,0,1,0,1,0,0,0,1,0,1
74819,0033800002sHeskAAC,0.0,0,250.0,7316.0,0,1,0,0,0,0,0,0,0,1,0,1,1
74824,0033800002sHfFZAA0,0.0,50,1073.0,3170.0,1,0,0,0,0,0,0,0,0,1,0,1,1
74825,0033800002sHfHpAAK,0.0,0,3474.0,1950.0,0,1,0,0,0,1,0,0,0,0,1,0,1
74827,0033800002sHfNJAA0,0.0,70,1696.0,3301.0,1,0,0,0,0,1,0,0,0,0,0,1,0
74828,0033800002sHfPAAA0,0.0,50,0.0,1325.0,0,0,0,1,0,0,1,0,0,0,1,0,1
74831,0033800002sHfUoAAK,0.0,0,1890.0,4559.0,0,1,0,0,0,0,0,0,1,0,0,1,0
74834,0033800002sHfXEAA0,0.0,70,5517.0,5334.0,0,0,0,0,1,0,1,0,0,0,1,0,1
74839,0033800002sHfjPAAS,0.0,0,0.0,1109.0,0,0,0,1,0,0,1,0,0,0,0,1,1
74845,0033800002sHfwJAAS,0.0,20,1442.0,1674.0,0,0,0,1,0,0,0,0,1,0,0,1,0
74846,0033800002sHg0zAAC,0.0,0,24.0,2900.0,1,0,0,0,0,1,0,0,0,0,1,0,0
74847,0033800002sHg2EAAS,0.0,60,4665.0,848.0,0,0,0,0,1,1,0,0,0,0,1,0,0
74854,0033800002sHhjdAAC,0.0,0,0.0,1461.0,0,0,0,1,0,1,0,0,0,0,0,1,1
74858,0033800002sHi3DAAS,0.0,0,4272.0,7322.0,0,0,0,0,1,1,0,0,0,0,0,1,0
74863,0033800002sHin1AAC,0.0,0,0.0,5826.0,0,1,0,0,0,0,1,0,0,0,0,1,1
74867,0033800002sHjDfAAK,0.0,0,3506.0,7309.0,1,0,0,0,0,0,0,0,0,1,0,1,1
74868,0033800002sHjE9AAK,0.0,0,0.0,11722.0,0,0,0,0,1,0,1,0,0,0,0,1,1
74869,0033800002sHjFHAA0,0.0,0,120.0,2903.0,0,0,0,1,0,1,0,0,0,0,0,1,0
74875,0033800002sHjVxAAK,0.0,0,1192.0,3911.0,0,1,0,0,0,0,0,0,0,1,0,1,0
74876,0033800002sHjgCAAS,0.0,0,0.0,3024.0,0,0,0,1,0,0,1,0,0,0,0,1,1
74884,0033800002sHkbBAAS,0.0,40,862.0,8568.0,0,1,0,0,0,1,0,0,0,0,0,1,0
74887,0033800002sHkq1AAC,0.0,0,0.0,5477.0,0,1,0,0,0,0,1,0,0,0,0,1,0
74890,0033800002sHkv1AAC,0.0,0,0.0,7073.0,0,0,0,0,1,0,1,0,0,0,0,1,0
74894,0033800002sHlAtAAK,0.0,0,0.0,7327.0,0,0,0,1,0,0,1,0,0,0,0,1,1
74898,0033800002sHlKnAAK,0.0,0,0.0,2118.0,0,0,0,1,0,0,1,0,0,0,0,1,0
74901,0033800002sHlbqAAC,0.0,0,0.0,8522.0,0,0,0,1,0,0,1,0,0,0,1,0,1
74904,0033800002sHleLAAS,0.0,40,2566.0,1909.0,0,1,0,0,0,0,1,0,0,0,0,1,0
74908,0033800002sHm0MAAS,0.0,0,0.0,1460.0,0,0,0,1,0,0,0,0,0,1,0,1,1
74909,0033800002sHm15AAC,0.0,40,1193.0,7718.0,1,0,0,0,0,1,0,0,0,0,0,1,1
74910,0033800002sHm23AAC,0.0,0,4485.0,7369.0,0,0,0,0,1,0,0,0,0,1,0,1,0
74912,0033800002sHm4nAAC,0.0,30,218.0,3219.0,0,0,0,1,0,0,0,0,1,0,0,1,0
74916,0033800002sHo1yAAC,0.0,0,0.0,8768.0,0,0,0,1,0,0,1,0,0,0,0,1,1
74919,0033800002sHoU3AAK,0.0,0,588.0,5479.0,0,0,0,1,0,1,0,0,0,0,0,1,1
74920,0033800002sHoWAAA0,0.0,0,0.0,10957.0,1,0,0,0,0,0,1,0,0,0,0,1,1
74923,0033800002sHqYnAAK,0.0,0,12796.0,1084.0,1,0,0,0,0,0,1,0,0,0,0,1,0
74929,0033800002sHqzhAAC,0.0,0,10224.0,1508.0,0,0,0,1,0,0,1,0,0,0,0,1,1
74932,0033800002sHr7MAAS,0.0,0,0.0,7924.0,0,0,0,0,1,1,0,0,0,0,1,0,0
74940,0033800002sHt02AAC,0.0,0,0.0,8909.0,0,1,0,0,0,0,0,0,0,1,0,1,1
74943,0033800002sHt7vAAC,0.0,0,0.0,8418.0,1,0,0,0,0,0,1,0,0,0,0,1,1
74945,0033800002sHtEcAAK,0.0,0,0.0,1416.0,0,0,0,1,0,0,0,0,1,0,0,1,1
74948,0033800002sHtNSAA0,0.0,0,0.0,1826.0,1,0,0,0,0,0,0,0,0,1,1,0,0
74953,0033800002sHu0BAAS,0.0,0,0.0,2191.0,1,0,0,0,0,0,1,0,0,0,0,1,1
74960,0033800002sHuGRAA0,0.0,0,0.0,7344.0,0,0,0,1,0,0,0,0,1,0,0,1,1
74962,0033800002sHuHUAA0,0.0,0,0.0,7612.0,1,0,0,0,0,1,0,0,0,0,0,1,1
74966,0033800002sHuYdAAK,0.0,0,0.0,10961.0,0,0,0,1,0,0,0,0,0,1,0,1,1
74974,0033800002sHudsAAC,0.0,0,0.0,7487.0,0,1,0,0,0,0,0,0,0,1,0,1,0
74975,0033800002sHuevAAC,0.0,0,0.0,7068.0,0,1,0,0,0,0,0,0,0,1,0,1,0
74976,0033800002sHuf0AAC,0.0,100,1253.0,9239.0,0,0,0,0,1,0,0,0,0,1,0,1,1
74981,0033800002sHugcAAC,0.0,90,1574.0,1430.0,0,0,0,1,0,0,1,0,0,0,1,0,0
74991,0033800002sHvMYAA0,0.0,0,0.0,3160.0,1,0,0,0,0,0,1,0,0,0,0,1,1
74997,0033800002sHwCLAA0,0.0,0,1642.0,4762.0,0,0,0,1,0,1,0,0,0,0,0,1,1
75011,0033800002sHxKGAA0,0.0,0,0.0,1144.0,0,0,0,1,0,1,0,0,0,0,1,0,0
75014,0033800002sHxVaAAK,0.0,0,5322.0,1460.0,0,0,0,0,1,0,0,0,0,1,0,1,0
75015,0033800002sHxcCAAS,0.0,0,0.0,8766.0,0,0,0,1,0,0,1,0,0,0,0,1,1
75019,0033800002sHyBuAAK,0.0,0,0.0,12792.0,0,0,0,0,1,0,1,0,0,0,0,1,1
75029,0033800002sHzBjAAK,0.0,0,0.0,9238.0,1,0,0,0,0,1,0,0,0,0,0,1,1
75031,0033800002sHzJYAA0,0.0,70,1869.0,9131.0,0,0,0,0,1,0,1,0,0,0,0,1,1
75037,0033800002sHzkUAAS,0.0,0,0.0,8633.0,0,1,0,0,0,1,0,0,0,0,0,1,1
75040,0033800002sI08nAAC,0.0,0,892.0,2190.0,0,1,0,0,0,0,1,0,0,0,0,1,1
75043,0033800002sI0T2AAK,0.0,0,0.0,1460.0,1,0,0,0,0,1,0,0,0,0,0,1,1
75052,0033800002sI0lfAAC,0.0,100,657.0,2490.0,0,0,0,1,0,0,1,0,0,0,0,1,1
75053,0033800002sI0nlAAC,0.0,0,0.0,3387.0,0,0,0,0,1,0,1,0,0,0,0,1,1
75056,0033800002sI0oyAAC,0.0,0,550.0,5688.0,0,1,0,0,0,0,0,0,0,1,1,0,1
75057,0033800002sI0rxAAC,0.0,100,1475.0,8059.0,0,0,0,0,1,0,0,0,0,1,0,1,1
75059,0033800002sI0yyAAC,0.0,0,0.0,2190.0,0,0,0,1,0,1,0,0,0,0,0,1,1
75062,0033800002sI12CAAS,0.0,0,0.0,8480.0,0,0,0,0,1,1,0,0,0,0,0,1,1
75063,0033800002sI14DAAS,0.0,0,649.0,2401.0,0,0,0,1,0,0,0,0,0,1,0,1,1
75064,0033800002sI169AAC,0.0,0,9775.0,674.0,0,0,0,1,0,0,0,0,0,1,0,1,1
75065,0033800002sI1A1AAK,0.0,0,0.0,2741.0,0,0,0,1,0,0,1,0,0,0,0,1,0
75067,0033800002sI1IlAAK,0.0,80,255.0,7311.0,0,0,0,0,1,0,1,0,0,0,0,1,1
75071,0033800002sI2pzAAC,0.0,0,0.0,9983.0,0,0,0,0,1,0,0,0,0,1,0,1,0
75078,0033800002sI3BwAAK,0.0,0,0.0,8236.0,0,0,0,0,1,1,0,0,0,0,0,1,1
75085,0033800002sI3h5AAC,0.0,0,0.0,7306.0,0,0,0,1,0,0,1,0,0,0,0,1,1
75094,0033800002sI4LcAAK,0.0,60,48.0,9800.0,1,0,0,0,0,0,1,0,0,0,0,1,0
75096,0033800002sI4NnAAK,0.0,0,0.0,862.0,0,0,0,1,0,0,0,0,0,1,1,0,0
75097,0033800002sI4T7AAK,0.0,0,0.0,1836.0,0,1,0,0,0,0,1,0,0,0,1,0,1
75101,0033800002sI4dMAAS,0.0,90,255.0,7674.0,0,1,0,0,0,1,0,0,0,0,0,1,1
75116,0033800002sI5s1AAC,0.0,0,0.0,8343.0,0,1,0,0,0,0,0,0,1,0,0,1,1
75120,0033800002sI61YAAS,0.0,0,0.0,1822.0,0,0,0,0,1,0,1,0,0,0,0,1,1
75124,0033800002sI68jAAC,0.0,0,0.0,8430.0,0,1,0,0,0,1,0,0,0,0,0,1,0
75125,0033800002sI6E8AAK,0.0,0,0.0,5673.0,0,1,0,0,0,1,0,0,0,0,1,0,0
75126,0033800002sI6FBAA0,0.0,100,1080.0,8771.0,0,1,0,0,0,0,0,0,0,1,0,1,0
75128,0033800002sI6TBAA0,0.0,0,0.0,2746.0,0,1,0,0,0,0,1,0,0,0,0,1,1
75132,0033800002sI6pbAAC,0.0,0,0.0,1461.0,0,0,0,1,0,0,0,0,0,1,0,1,1
75135,0033800002sI6whAAC,0.0,0,0.0,8783.0,1,0,0,0,0,0,1,0,0,0,0,1,1
75138,0033800002sI6zvAAC,0.0,60,1095.0,2915.0,0,1,0,0,0,1,0,0,0,0,0,1,1
75150,0033800002sI7WGAA0,0.0,60,0.0,2611.0,0,1,0,0,0,0,0,0,0,1,0,1,1
75154,0033800002sI7ctAAC,0.0,0,625.0,2925.0,0,0,0,0,1,0,0,0,1,0,1,0,1
75155,0033800002sI7f9AAC,0.0,50,5622.0,1238.0,0,1,0,0,0,0,1,0,0,0,0,1,1
75162,0033800002sI81oAAC,0.0,0,0.0,8051.0,0,0,0,0,1,0,1,0,0,0,0,1,1
75171,0033800002sI9uoAAC,0.0,80,591.0,9313.0,1,0,0,0,0,0,1,0,0,0,0,1,1
75172,0033800002sIA1rAAG,0.0,100,1233.0,4381.0,0,0,0,1,0,0,0,0,1,0,0,1,0
75176,0033800002sIAIHAA4,0.0,0,0.0,3246.0,0,1,0,0,0,1,0,0,0,0,1,0,0
75179,0033800002sIAfxAAG,0.0,0,8858.0,232.0,1,0,0,0,0,0,0,0,0,1,1,0,0
75182,0033800002sIB2AAAW,0.0,0,0.0,2072.0,0,0,0,1,0,0,1,0,0,0,0,1,0
75184,0033800002sIBISAA4,0.0,10,0.0,3031.0,0,1,0,0,0,0,0,0,0,1,0,1,1
75193,0033800002sIBr8AAG,0.0,0,0.0,8751.0,0,1,0,0,0,0,0,0,0,1,0,1,1
75195,0033800002sIBubAAG,0.0,0,4370.0,1082.0,0,1,0,0,0,0,1,0,0,0,1,0,0
75200,0033800002sICBHAA4,0.0,0,0.0,7251.0,1,0,0,0,0,0,1,0,0,0,0,1,1
75206,0033800002sICNIAA4,0.0,0,0.0,8524.0,1,0,0,0,0,0,1,0,0,0,0,1,1
75212,0033800002sIClyAAG,0.0,0,509.0,2948.0,0,0,0,1,0,0,0,0,0,1,1,0,1
75214,0033800002sICskAAG,0.0,0,0.0,7305.0,0,0,0,1,0,0,1,0,0,0,0,1,0
75215,0033800002sICypAAG,0.0,0,0.0,8775.0,1,0,0,0,0,0,0,0,0,1,0,1,1
75220,0033800002sIDKLAA4,0.0,0,0.0,2286.0,0,0,0,1,0,0,0,0,0,1,0,1,1
75222,0033800002sIDaNAAW,0.0,0,26.0,1927.0,0,0,0,1,0,0,1,0,0,0,1,0,0
75226,0033800002sIDyFAAW,0.0,90,0.0,1393.0,0,0,0,1,0,0,1,0,0,0,0,1,0
75227,0033800002sIDyjAAG,0.0,0,9587.0,1313.0,0,0,0,1,0,0,1,0,0,0,0,1,0
75228,0033800002sIE9NAAW,0.0,40,6768.0,2192.0,0,1,0,0,0,0,1,0,0,0,0,1,1
75234,0033800002sIEXcAAO,0.0,0,0.0,4383.0,1,0,0,0,0,0,1,0,0,0,0,1,0
75241,0033800002sIEmSAAW,0.0,30,3217.0,2192.0,0,1,0,0,0,0,0,0,0,1,0,1,1
75246,0033800002sIFb4AAG,0.0,10,3597.0,2543.0,1,0,0,0,0,0,0,0,0,1,1,0,1
75249,0033800002sIFxYAAW,0.0,80,136.0,2757.0,0,1,0,0,0,0,1,0,0,0,1,0,0
75250,0033800002sIG5DAAW,0.0,0,162.0,2922.0,0,0,0,1,0,0,0,0,0,1,1,0,1
75269,0033800002sIHWmAAO,0.0,0,0.0,9274.0,1,0,0,0,0,0,1,0,0,0,0,1,0
75273,0033800002sII5bAAG,0.0,0,0.0,3319.0,0,0,0,1,0,0,0,0,1,0,0,1,1
75275,0033800002sIIOjAAO,0.0,0,0.0,5823.0,1,0,0,0,0,0,0,0,1,0,0,1,1
75277,0033800002sIIRoAAO,0.0,100,472.0,2394.0,0,1,0,0,0,0,1,0,0,0,0,1,0
75280,0033800002sIIcmAAG,0.0,80,443.0,2921.0,1,0,0,0,0,0,1,0,0,0,1,0,0
75284,0033800002sIItJAAW,0.0,0,0.0,7329.0,0,1,0,0,0,0,1,0,0,0,0,1,0
75286,0033800002sIJ9iAAG,0.0,0,0.0,8032.0,0,0,0,1,0,0,0,0,0,1,0,1,1
75288,0033800002sIJDIAA4,0.0,0,0.0,8419.0,0,1,0,0,0,0,0,0,0,1,0,1,0
75289,0033800002sIJEVAA4,0.0,0,0.0,4079.0,1,0,0,0,0,0,0,0,0,1,0,1,1
75290,0033800002sIJIyAAO,0.0,0,0.0,7327.0,0,0,0,1,0,1,0,0,0,0,0,1,0
75291,0033800002sIJKzAAO,0.0,0,0.0,3752.0,0,1,0,0,0,0,0,0,0,1,0,1,1
75293,0033800002sIJS9AAO,0.0,0,0.0,4062.0,1,0,0,0,0,0,1,0,0,0,0,1,0
75298,0033800002sIJurAAG,0.0,0,0.0,4384.0,0,1,0,0,0,0,1,0,0,0,0,1,1
75301,0033800002sIK0NAAW,0.0,0,0.0,7810.0,1,0,0,0,0,0,1,0,0,0,0,1,1
75311,0033800002sIKo7AAG,0.0,60,1992.0,2745.0,0,0,0,1,0,0,1,0,0,0,0,1,1
75318,0033800002sIKoEAAW,0.0,90,1748.0,9037.0,0,1,0,0,0,0,1,0,0,0,0,1,1
75323,0033800002sIKoJAAW,0.0,0,0.0,3679.0,0,1,0,0,0,0,1,0,0,0,0,1,0
75329,0033800002sIKoQAAW,0.0,90,320.0,8159.0,0,0,0,0,1,0,0,0,0,1,0,1,1
75331,0033800002sIKoSAAW,0.0,80,3168.0,1411.0,0,0,0,0,1,0,1,0,0,0,0,1,1
75343,0033800002sIKoeAAG,0.0,0,4366.0,1842.0,0,0,0,0,1,1,0,0,0,0,1,0,0
75345,0033800002sIKogAAG,0.0,0,0.0,10959.0,0,0,1,0,0,0,0,0,0,1,0,1,1
75350,0033800002sIKolAAG,0.0,0,0.0,8498.0,0,1,0,0,0,0,1,0,0,0,0,1,1
75376,0033800002sIKpBAAW,0.0,50,510.0,5958.0,0,1,0,0,0,0,0,0,0,1,1,0,0
75384,0033800002sIKpJAAW,0.0,100,98.0,2842.0,0,0,0,0,1,0,1,0,0,0,0,1,1
75391,0033800002sIKpQAAW,0.0,0,0.0,6719.0,0,0,0,0,1,1,0,0,0,0,0,1,1
75403,0033800002sIKpcAAG,0.0,0,225.0,8766.0,0,0,0,0,1,0,1,0,0,0,0,1,1
75406,0033800002sIKpfAAG,0.0,0,142.0,4886.0,0,0,0,0,1,0,0,0,0,1,0,1,0
75407,0033800002sIKpgAAG,0.0,0,0.0,8173.0,0,0,0,1,0,0,1,0,0,0,0,1,0
75410,0033800002sIKpjAAG,0.0,30,2146.0,2555.0,0,0,0,1,0,0,1,0,0,0,0,1,1
75412,0033800002sIKplAAG,0.0,0,0.0,3678.0,0,0,0,1,0,0,0,0,1,0,0,1,0
75414,0033800002sIKpnAAG,0.0,0,0.0,2261.0,0,1,0,0,0,0,1,0,0,0,0,1,0
75416,0033800002sIKppAAG,0.0,90,2546.0,7517.0,0,0,0,1,0,0,1,0,0,0,0,1,0
75418,0033800002sIKprAAG,0.0,0,0.0,7318.0,0,1,0,0,0,0,1,0,0,0,1,0,0
75422,0033800002sIKpvAAG,0.0,0,0.0,9070.0,0,1,0,0,0,0,1,0,0,0,0,1,1
75424,0033800002sIKpxAAG,0.0,0,701.0,7607.0,0,0,0,0,1,0,0,0,1,0,1,0,1
75438,0033800002sIKqBAAW,0.0,0,0.0,3007.0,0,0,1,0,0,0,1,0,0,0,0,1,1
75456,0033800002sIKqTAAW,0.0,0,12.0,5510.0,0,1,0,0,0,0,1,0,0,0,0,1,1
75460,0033800002sIKqXAAW,0.0,0,0.0,3315.0,0,1,0,0,0,0,1,0,0,0,0,1,1
75462,0033800002sIKqZAAW,0.0,0,0.0,10434.0,0,1,0,0,0,0,1,0,0,0,0,1,1
75463,0033800002sIKqaAAG,0.0,70,5248.0,7331.0,0,1,0,0,0,0,1,0,0,0,0,1,1
75469,0033800002sIKqhAAG,0.0,0,20.0,2755.0,0,0,0,0,1,0,1,0,0,0,1,0,0
75470,0033800002sIKqiAAG,0.0,0,1576.0,5604.0,0,0,0,0,1,0,1,0,0,0,1,0,1
75473,0033800002sIKqlAAG,0.0,90,2873.0,191.0,0,0,1,0,0,0,1,0,0,0,1,0,1
75477,0033800002sIKqpAAG,0.0,0,0.0,12633.0,0,0,0,1,0,0,1,0,0,0,0,1,1
75496,0033800002sIKr8AAG,0.0,0,0.0,9085.0,0,0,0,0,1,0,0,0,0,1,0,1,1
75497,0033800002sIKr9AAG,0.0,0,0.0,3023.0,0,1,0,0,0,0,1,0,0,0,0,1,1
75553,0033800002sIKs4AAG,0.0,0,2047.0,2789.0,0,1,0,0,0,0,0,0,1,0,0,1,1
75556,0033800002sIKs7AAG,0.0,0,0.0,2703.0,0,1,0,0,0,0,0,0,0,1,0,1,1
75560,0033800002sIKsBAAW,0.0,50,4647.0,6232.0,0,0,0,0,1,0,0,0,0,1,0,1,0
75563,0033800002sIKsEAAW,0.0,0,0.0,7949.0,0,1,0,0,0,0,1,0,0,0,0,1,1
75566,0033800002sIKsHAAW,0.0,0,0.0,8491.0,0,0,0,1,0,0,1,0,0,0,0,1,1
75573,0033800002sIKsOAAW,0.0,0,0.0,7204.0,0,0,0,1,0,0,1,0,0,0,0,1,1
75585,0033800002sIKsaAAG,0.0,0,0.0,8096.0,0,0,0,0,1,0,0,1,0,0,0,1,1
75586,0033800002sIKsbAAG,0.0,0,0.0,1599.0,0,1,0,0,0,0,1,0,0,0,0,1,1
75592,0033800002sIKshAAG,0.0,30,3194.0,8358.0,0,0,0,0,1,0,0,0,0,1,0,1,0
75598,0033800002sIKsnAAG,0.0,0,0.0,7323.0,0,1,0,0,0,0,1,0,0,0,0,1,1
75604,0033800002sIKstAAG,0.0,0,0.0,8927.0,0,1,0,0,0,0,1,0,0,0,1,0,0
75607,0033800002sIKswAAG,0.0,30,0.0,5813.0,0,1,0,0,0,0,1,0,0,0,0,1,1
75612,0033800002sIKt1AAG,0.0,70,287.0,6039.0,0,0,0,0,1,0,1,0,0,0,1,0,0
75613,0033800002sIKt2AAG,0.0,0,0.0,7311.0,0,0,0,0,1,0,0,0,0,1,1,0,1
75622,0033800002sILE6AAO,0.0,0,0.0,11479.0,0,0,0,0,1,0,1,0,0,0,1,0,1
75631,0033800002sILU9AAO,0.0,70,1209.0,925.0,0,0,0,1,0,1,0,0,0,0,0,1,0
75633,0033800002sILYfAAO,0.0,0,1163.0,6805.0,0,0,0,1,0,0,1,0,0,0,0,1,0
75645,0033800002sINDaAAO,0.0,0,0.0,9861.0,0,1,0,0,0,0,1,0,0,0,0,1,0
75647,0033800002sINI2AAO,0.0,0,0.0,7477.0,0,1,0,0,0,0,1,0,0,0,1,0,1
75650,0033800002sINe3AAG,0.0,0,0.0,8041.0,0,1,0,0,0,1,0,0,0,0,0,1,0
75654,0033800002sIODaAAO,0.0,0,0.0,3327.0,0,1,0,0,0,0,1,0,0,0,0,1,1
75660,0033800002sIOT2AAO,0.0,0,0.0,1781.0,0,1,0,0,0,0,1,0,0,0,1,0,1
75668,0033800002sIPE4AAO,0.0,100,805.0,7314.0,1,0,0,0,0,0,1,0,0,0,1,0,1
75672,0033800002sIPeJAAW,0.0,0,0.0,7313.0,0,0,0,1,0,0,1,0,0,0,0,1,1
75677,0033800002sIQ2uAAG,0.0,0,1256.0,1307.0,0,1,0,0,0,0,1,0,0,0,0,1,1
75683,0033800002sIQPlAAO,0.0,0,0.0,7800.0,0,0,0,0,1,0,1,0,0,0,0,1,1
75684,0033800002sIQRXAA4,0.0,0,1490.0,1275.0,0,0,0,1,0,0,1,0,0,0,0,1,0
75686,0033800002sIQWwAAO,0.0,0,50.0,7523.0,0,0,0,1,0,0,0,0,1,0,0,1,1
75692,0033800002sIQp5AAG,0.0,0,4360.0,1096.0,0,0,1,0,0,0,0,0,0,1,0,1,1
75700,0033800002sIQvmAAG,0.0,0,100.0,305.0,0,0,0,1,0,0,0,0,0,1,0,1,1
75706,0033800002sIRNPAA4,0.0,60,1093.0,4661.0,0,0,0,1,0,0,1,0,0,0,0,1,1
75707,0033800002sIRRWAA4,0.0,0,0.0,2191.0,0,0,0,1,0,1,0,0,0,0,0,1,1
75710,0033800002sIRTNAA4,0.0,0,0.0,7309.0,0,0,0,1,0,0,0,0,1,0,0,1,1
75712,0033800002sIRTmAAO,0.0,0,0.0,8146.0,1,0,0,0,0,0,1,0,0,0,0,1,1
75714,0033800002sIRU6AAO,0.0,0,2401.0,1980.0,0,1,0,0,0,0,1,0,0,0,0,1,1
75715,0033800002sIRW2AAO,0.0,0,0.0,2236.0,0,0,0,0,1,0,1,0,0,0,0,1,1
75717,0033800002sIRXAAA4,0.0,0,0.0,7322.0,1,0,0,0,0,0,0,1,0,0,0,1,1
75723,0033800002sIRd8AAG,0.0,0,0.0,1773.0,0,0,0,1,0,0,0,0,0,1,0,1,0
75726,0033800002sIRfOAAW,0.0,0,1263.0,2799.0,0,0,0,1,0,0,0,0,0,1,1,0,1
75728,0033800002sIRvMAAW,0.0,0,0.0,1918.0,1,0,0,0,0,0,0,0,0,1,0,1,0
75729,0033800002sIRw0AAG,0.0,70,1676.0,1460.0,0,0,0,1,0,0,0,0,1,0,0,1,1
75744,0033800002sISC9AAO,0.0,0,704.0,2921.0,0,0,0,1,0,0,0,0,0,1,0,1,0
75747,0033800002sISEtAAO,0.0,0,0.0,4040.0,0,0,0,1,0,0,1,0,0,0,0,1,1
75748,0033800002sISGGAA4,0.0,50,963.0,2829.0,1,0,0,0,0,1,0,0,0,0,1,0,1
75769,0033800002sIUCLAA4,0.0,60,84.0,5128.0,0,0,0,1,0,0,1,0,0,0,0,1,0
75770,0033800002sIUFyAAO,0.0,0,0.0,8779.0,0,0,0,1,0,0,1,0,0,0,0,1,1
75771,0033800002sIUI4AAO,0.0,30,3128.0,2488.0,0,0,0,0,1,0,0,0,1,0,0,1,0
75775,0033800002sIUPoAAO,0.0,0,2699.0,1096.0,1,0,0,0,0,1,0,0,0,0,0,1,0
75778,0033800002sIUYMAA4,0.0,0,0.0,10620.0,0,0,0,1,0,0,1,0,0,0,0,1,0
75789,0033800002sIVCSAA4,0.0,0,0.0,1190.0,0,0,0,1,0,0,1,0,0,0,0,1,1
75792,0033800002sIVn4AAG,0.0,0,0.0,2190.0,0,0,0,1,0,1,0,0,0,0,0,1,1
75793,0033800002sIVnYAAW,0.0,40,6495.0,1827.0,0,1,0,0,0,0,0,0,0,1,1,0,1
75798,0033800002sIWJoAAO,0.0,0,2125.0,1620.0,0,0,0,1,0,0,0,0,0,1,0,1,1
75799,0033800002sIWKcAAO,0.0,0,0.0,3931.0,0,0,0,1,0,0,0,0,1,0,0,1,0
75801,0033800002sIWTFAA4,0.0,0,7.0,2561.0,0,1,0,0,0,0,1,0,0,0,0,1,0
75809,0033800002sIX0sAAG,0.0,10,5659.0,1613.0,0,0,1,0,0,1,0,0,0,0,0,1,1
75818,0033800002sIXG8AAO,0.0,0,110.0,1767.0,0,1,0,0,0,0,0,0,0,1,1,0,1
75832,0033800002sIYDnAAO,0.0,0,0.0,3754.0,0,0,0,0,1,1,0,0,0,0,0,1,1
75836,0033800002sIYMGAA4,0.0,100,0.0,3521.0,1,0,0,0,0,1,0,0,0,0,0,1,1
75846,0033800002sIahsAAC,0.0,0,3062.0,823.0,0,0,0,1,0,0,0,0,1,0,0,1,0
75852,0033800002sIbK9AAK,0.0,0,1653.0,6017.0,0,0,0,1,0,0,1,0,0,0,0,1,0
75855,0033800002sIbWsAAK,0.0,0,1037.0,5174.0,0,1,0,0,0,0,0,0,0,1,0,1,1
75858,0033800002sIbtuAAC,0.0,60,2032.0,2814.0,0,0,0,1,0,1,0,0,0,0,0,1,0
75862,0033800002sIeBNAA0,0.0,0,0.0,1460.0,0,0,0,1,0,0,0,0,1,0,0,1,1
75863,0033800002sIeC6AAK,0.0,0,0.0,1460.0,0,0,0,1,0,0,0,0,1,0,0,1,1
75866,0033800002sIePAAA0,0.0,0,3713.0,1460.0,0,0,0,0,1,0,0,0,1,0,0,1,1
75868,0033800002sIeQ8AAK,0.0,20,8882.0,1491.0,0,0,0,1,0,0,0,0,0,1,0,1,0
75869,0033800002sIeXnAAK,0.0,0,0.0,4768.0,0,0,0,1,0,0,1,0,0,0,0,1,0
75872,0033800002sIf3AAAS,0.0,0,0.0,1826.0,0,0,0,1,0,0,0,0,1,0,0,1,1
75874,0033800002sIf3UAAS,0.0,0,0.0,1461.0,0,0,0,1,0,0,0,0,1,0,0,1,1
75875,0033800002sIf3eAAC,0.0,0,0.0,1460.0,1,0,0,0,0,0,0,0,1,0,1,0,0
75876,0033800002sIf43AAC,0.0,0,0.0,1461.0,0,0,0,1,0,0,0,0,1,0,0,1,0
75878,0033800002sIf4IAAS,0.0,0,0.0,1825.0,0,0,0,1,0,0,0,0,1,0,0,1,0
75881,0033800002sIf7CAAS,0.0,80,2447.0,2938.0,0,0,0,1,0,0,0,0,1,0,0,1,1
75883,0033800002sIfItAAK,0.0,0,0.0,2931.0,0,0,0,1,0,0,0,0,1,0,0,1,1
75884,0033800002sIfJIAA0,0.0,0,255.0,1460.0,0,0,0,1,0,0,0,0,1,0,0,1,1
75885,0033800002sIfJNAA0,0.0,0,0.0,1461.0,0,0,0,1,0,0,0,0,1,0,0,1,1
75887,0033800002sIfRCAA0,0.0,0,0.0,1460.0,0,0,0,1,0,0,0,0,1,0,0,1,1
75889,0033800002sIfWbAAK,0.0,90,0.0,4094.0,0,0,0,1,0,0,0,0,1,0,0,1,1
75893,0033800002sIfXoAAK,0.0,0,0.0,1826.0,0,0,0,1,0,0,0,0,1,0,0,1,1
75894,0033800002sIfXtAAK,0.0,0,0.0,1458.0,0,0,0,1,0,0,0,0,1,0,0,1,0
75896,0033800002sIfYNAA0,0.0,0,0.0,1826.0,0,0,0,1,0,0,0,0,1,0,0,1,1
75897,0033800002sIfYXAA0,0.0,0,43.0,1462.0,0,0,0,1,0,0,0,0,0,1,0,1,1
75898,0033800002sIfYcAAK,0.0,0,0.0,1461.0,0,0,0,1,0,0,0,0,1,0,0,1,1
75899,0033800002sIfYrAAK,0.0,0,0.0,1825.0,0,0,0,1,0,0,0,0,1,0,0,1,1
75910,0033800002sIg3oAAC,0.0,80,2291.0,3323.0,0,0,0,0,1,0,1,0,0,0,1,0,0
75914,0033800002sIgEDAA0,0.0,0,0.0,1825.0,0,0,0,1,0,0,0,0,1,0,0,1,0
75917,0033800002sIgJwAAK,0.0,0,0.0,7396.0,0,1,0,0,0,1,0,0,0,0,0,1,1
75918,0033800002sIgPGAA0,0.0,0,0.0,7235.0,0,0,0,1,0,0,1,0,0,0,0,1,0
75922,0033800002sIgjjAAC,0.0,80,0.0,5420.0,1,0,0,0,0,0,1,0,0,0,0,1,0
75924,0033800002sIgm9AAC,0.0,90,3575.0,891.0,0,0,0,0,1,1,0,0,0,0,1,0,1
75928,0033800002sIgriAAC,0.0,0,0.0,7206.0,0,1,0,0,0,0,0,0,0,1,0,1,1
75937,0033800002sIhwVAAS,0.0,0,9480.0,3248.0,0,0,0,1,0,1,0,0,0,0,0,1,1
75944,0033800002sIjxtAAC,0.0,0,0.0,11000.0,0,1,0,0,0,0,0,0,0,1,0,1,0
75952,0033800002sIlBKAA0,0.0,0,4280.0,1461.0,0,0,1,0,0,1,0,0,0,0,1,0,1
75956,0033800002sIlQKAA0,0.0,100,2553.0,4286.0,0,0,0,0,1,0,1,0,0,0,1,0,1
75960,0033800002sIldTAAS,0.0,0,0.0,7331.0,1,0,0,0,0,1,0,0,0,0,0,1,0
75969,0033800002sIlsYAAS,0.0,0,5101.0,1235.0,0,1,0,0,0,1,0,0,0,0,0,1,1
75971,0033800002sIm3bAAC,0.0,100,0.0,2376.0,0,0,0,0,1,1,0,0,0,0,1,0,0
75974,0033800002sImBuAAK,0.0,0,21.0,8392.0,0,0,0,0,1,0,1,0,0,0,1,0,1
75977,0033800002sImSRAA0,0.0,0,288.0,1828.0,1,0,0,0,0,0,0,0,1,0,0,1,1
75982,0033800002sIn12AAC,0.0,0,3642.0,1827.0,0,0,0,0,1,0,1,0,0,0,1,0,1
75984,0033800002sInf4AAC,0.0,90,172.0,7323.0,0,0,0,1,0,0,0,0,0,1,0,1,1
75986,0033800002sIniwAAC,0.0,0,0.0,8774.0,1,0,0,0,0,0,1,0,0,0,0,1,1
75987,0033800002sInjfAAC,0.0,0,0.0,8416.0,1,0,0,0,0,0,0,0,1,0,0,1,0
76001,0033800002sIo9TAAS,0.0,0,0.0,1825.0,0,0,0,1,0,0,0,0,1,0,0,1,1
76006,0033800002sIoSdAAK,0.0,80,1487.0,3120.0,1,0,0,0,0,1,0,0,0,0,1,0,1
76008,0033800002sIoV8AAK,0.0,20,739.0,4209.0,0,0,0,1,0,0,1,0,0,0,1,0,0
76013,0033800002sIotKAAS,0.0,0,0.0,8423.0,0,0,0,0,1,0,1,0,0,0,0,1,0
76020,0033800002sIqJdAAK,0.0,0,10524.0,1461.0,0,0,0,0,1,0,1,0,0,0,0,1,0
76021,0033800002sIqOJAA0,0.0,90,2150.0,7489.0,0,1,0,0,0,0,1,0,0,0,0,1,1
76033,0033800002sIrFgAAK,0.0,0,0.0,1461.0,0,0,0,1,0,1,0,0,0,0,0,1,1
76045,0033800002sIrd1AAC,0.0,0,0.0,1096.0,0,1,0,0,0,0,1,0,0,0,0,1,1
76061,0033800002sIrdHAAS,0.0,0,0.0,10629.0,0,0,0,0,1,1,0,0,0,0,0,1,1
76063,0033800002sIrdJAAS,0.0,0,28.0,9569.0,1,0,0,0,0,0,1,0,0,0,0,1,1
76064,0033800002sIrdKAAS,0.0,0,3609.0,749.0,0,0,0,1,0,0,1,0,0,0,1,0,1
76069,0033800002sIrdPAAS,0.0,0,0.0,7311.0,0,0,0,0,1,0,1,0,0,0,0,1,1
76075,0033800002sIrdVAAS,0.0,0,0.0,8986.0,0,1,0,0,0,0,1,0,0,0,0,1,1
76083,0033800002sIrddAAC,0.0,0,0.0,7311.0,0,1,0,0,0,0,1,0,0,0,0,1,0
76087,0033800002sIrdhAAC,0.0,0,0.0,7939.0,0,0,0,0,1,0,1,0,0,0,0,1,0
76088,0033800002sIrdiAAC,0.0,100,2927.0,4729.0,0,0,0,0,1,1,0,0,0,0,0,1,1
76089,0033800002sIrdjAAC,0.0,10,218.0,8889.0,0,0,0,0,1,0,0,0,0,1,0,1,0
76097,0033800002sIrdrAAC,0.0,0,0.0,7895.0,0,0,0,0,1,0,0,0,0,1,0,1,1
76109,0033800002sIsM6AAK,0.0,0,221.0,1807.0,0,0,0,1,0,0,0,0,0,1,0,1,1
76110,0033800002sIsPPAA0,0.0,30,557.0,7310.0,1,0,0,0,0,1,0,0,0,0,0,1,1
76115,0033800002sIslBAAS,0.0,70,4817.0,892.0,1,0,0,0,0,0,1,0,0,0,0,1,0
76116,0033800002sIsm9AAC,0.0,0,0.0,1826.0,0,0,0,1,0,0,1,0,0,0,0,1,1
76124,0033800002sItEmAAK,0.0,100,505.0,3380.0,1,0,0,0,0,0,1,0,0,0,0,1,0
76125,0033800002sItKuAAK,0.0,0,0.0,13455.0,0,0,0,0,1,0,1,0,0,0,0,1,1
76127,0033800002sItPGAA0,0.0,0,0.0,1460.0,0,0,0,1,0,0,1,0,0,0,0,1,0
76128,0033800002sItQiAAK,0.0,0,0.0,3412.0,1,0,0,0,0,0,1,0,0,0,0,1,1
76129,0033800002sItRCAA0,0.0,0,0.0,3360.0,0,0,0,1,0,0,1,0,0,0,0,1,1
76137,0033800002sItncAAC,0.0,90,372.0,3692.0,0,0,0,1,0,0,1,0,0,0,0,1,1
76138,0033800002sItsDAAS,0.0,0,0.0,749.0,0,0,0,1,0,0,1,0,0,0,0,1,1
76141,0033800002sIuYjAAK,0.0,0,0.0,9830.0,0,0,0,1,0,0,1,0,0,0,0,1,1
76142,0033800002sIugJAAS,0.0,80,873.0,9716.0,0,0,0,0,1,0,1,0,0,0,0,1,0
76149,0033800002sIuntAAC,0.0,0,2285.0,2922.0,1,0,0,0,0,0,1,0,0,0,0,1,1
76151,0033800002sIutwAAC,0.0,0,13.0,2303.0,0,1,0,0,0,0,1,0,0,0,0,1,1
76157,0033800002sIvBmAAK,0.0,0,1727.0,1411.0,0,0,0,1,0,0,0,0,1,0,0,1,0
76162,0033800002sIwBZAA0,0.0,0,0.0,11123.0,0,0,0,0,1,0,1,0,0,0,0,1,1
76163,0033800002sIwGAAA0,0.0,80,2096.0,7491.0,0,0,0,1,0,0,1,0,0,0,0,1,1
76166,0033800002sIwQPAA0,0.0,0,0.0,7109.0,0,0,0,0,1,0,1,0,0,0,0,1,1
76176,0033800002sIxOSAA0,0.0,0,10565.0,3073.0,0,1,0,0,0,1,0,0,0,0,0,1,0
76179,0033800002sIxaEAAS,0.0,0,14402.0,1082.0,1,0,0,0,0,0,1,0,0,0,1,0,0
76183,0033800002sIxryAAC,0.0,0,0.0,7330.0,0,0,0,1,0,0,1,0,0,0,0,1,1
76191,0033800002sIyTXAA0,0.0,0,0.0,719.0,0,0,0,1,0,0,1,0,0,0,0,1,0
76196,0033800002sIzBzAAK,0.0,0,98.0,8419.0,0,1,0,0,0,0,1,0,0,0,0,1,1
76208,0033800002sIzs3AAC,0.0,0,0.0,7410.0,1,0,0,0,0,0,0,0,1,0,0,1,0
76209,0033800002sIzsSAAS,0.0,0,0.0,7311.0,0,0,0,1,0,0,0,0,0,1,0,1,1
76213,0033800002sJ0UcAAK,0.0,0,8566.0,4383.0,0,0,0,1,0,1,0,0,0,0,0,1,1
76214,0033800002sJ0YjAAK,0.0,0,0.0,6452.0,1,0,0,0,0,0,1,0,0,0,1,0,0
76216,0033800002sJ0bdAAC,0.0,0,2194.0,1460.0,0,1,0,0,0,0,0,0,1,0,0,1,1
76219,0033800002sJ0doAAC,0.0,70,2971.0,8300.0,0,1,0,0,0,0,0,0,0,1,1,0,0
76238,0033800002sJ18BAAS,0.0,20,3530.0,2921.0,0,1,0,0,0,0,1,0,0,0,0,1,0
76240,0033800002sJ19TAAS,0.0,0,0.0,1460.0,0,0,0,0,1,0,1,0,0,0,0,1,0
76258,0033800002sJ2M6AAK,0.0,0,0.0,7917.0,1,0,0,0,0,0,0,0,0,1,0,1,1
76266,0033800002sJ38mAAC,0.0,80,1004.0,2631.0,1,0,0,0,0,0,0,0,1,0,0,1,0
76269,0033800002sJ39pAAC,0.0,0,9371.0,791.0,0,0,0,1,0,0,0,0,0,1,0,1,1
76271,0033800002sJ3KqAAK,0.0,0,0.0,9431.0,0,0,0,1,0,0,0,0,0,1,0,1,1
76275,0033800002sJ3UbAAK,0.0,0,0.0,1156.0,0,0,0,1,0,0,1,0,0,0,0,1,1
76282,0033800002sJ3nKAAS,0.0,60,455.0,2905.0,0,1,0,0,0,1,0,0,0,0,0,1,1
76283,0033800002sJ3qiAAC,0.0,90,2971.0,2708.0,0,0,0,0,1,0,1,0,0,0,1,0,0
76285,0033800002sJ3sAAAS,0.0,60,2456.0,2951.0,0,1,0,0,0,0,1,0,0,0,1,0,1
76290,0033800002sJ4HBAA0,0.0,0,0.0,2922.0,0,0,0,0,1,1,0,0,0,0,1,0,1
76292,0033800002sJ4O7AAK,0.0,0,1634.0,1461.0,0,1,0,0,0,0,0,0,0,1,0,1,1
76295,0033800002sJ4cNAAS,0.0,0,0.0,7305.0,0,0,0,1,0,0,0,0,0,1,0,1,1
76297,0033800002sJ4oJAAS,0.0,0,0.0,8135.0,0,1,0,0,0,0,1,0,0,0,0,1,1
76303,0033800002sJ5CkAAK,0.0,0,0.0,8234.0,0,0,0,1,0,0,1,0,0,0,0,1,1
76304,0033800002sJ5FoAAK,0.0,0,682.0,4281.0,1,0,0,0,0,1,0,0,0,0,1,0,1
76312,0033800002sJ6HMAA0,0.0,0,0.0,8263.0,0,0,0,0,1,0,1,0,0,0,0,1,1
76313,0033800002sJ6LWAA0,0.0,0,0.0,8852.0,0,0,0,0,1,0,1,0,0,0,0,1,1
76315,0033800002sJ6bXAAS,0.0,0,3535.0,7322.0,0,0,1,0,0,0,1,0,0,0,0,1,0
76318,0033800002sJ6hGAAS,0.0,0,8392.0,2922.0,0,1,0,0,0,0,1,0,0,0,0,1,1
76320,0033800002sJ6jlAAC,0.0,0,14124.0,1092.0,0,1,0,0,0,0,1,0,0,0,0,1,1
76327,0033800002sJ8YXAA0,0.0,0,0.0,8874.0,0,1,0,0,0,0,1,0,0,0,0,1,0
76341,0033800002sJ8hZAAS,0.0,0,10198.0,1396.0,0,1,0,0,0,0,1,0,0,0,0,1,1
76357,0033800002sJ9J6AAK,0.0,0,0.0,8779.0,0,0,0,1,0,0,1,0,0,0,0,1,0
76361,0033800002sJ9UQAA0,0.0,100,17894.0,1757.0,0,0,0,1,0,0,0,0,0,1,0,1,0
76363,0033800002sJ9iXAAS,0.0,0,0.0,7687.0,1,0,0,0,0,0,1,0,0,0,0,1,0
76368,0033800002sJA6FAAW,0.0,10,1358.0,2722.0,0,1,0,0,0,1,0,0,0,0,0,1,1
76387,0033800002sJBASAA4,0.0,30,4626.0,1677.0,0,1,0,0,0,0,1,0,0,0,1,0,0
76391,0033800002sJBjtAAG,0.0,40,333.0,1825.0,1,0,0,0,0,0,1,0,0,0,0,1,1
76394,0033800002sJBx7AAG,0.0,30,2189.0,2481.0,0,0,0,1,0,0,0,0,1,0,0,1,1
76397,0033800002sJC2HAAW,0.0,0,0.0,3131.0,1,0,0,0,0,0,1,0,0,0,1,0,1
76398,0033800002sJCBTAA4,0.0,0,37.0,4421.0,0,0,0,1,0,0,1,0,0,0,0,1,0
76403,0033800002sJCULAA4,0.0,30,0.0,3123.0,1,0,0,0,0,0,1,0,0,0,0,1,1
76408,0033800002sJCdcAAG,0.0,0,0.0,3916.0,0,0,0,1,0,0,0,0,0,1,0,1,1
76411,0033800002sJCvSAAW,0.0,0,75.0,1460.0,0,1,0,0,0,0,1,0,0,0,0,1,1
76424,0033800002sJF5zAAG,0.0,0,0.0,7550.0,0,0,0,1,0,0,1,0,0,0,0,1,1
76425,0033800002sJFCOAA4,0.0,30,2066.0,1369.0,0,0,0,1,0,0,1,0,0,0,0,1,0
76429,0033800002sJFH4AAO,0.0,0,0.0,1460.0,0,0,0,1,0,0,0,0,1,0,0,1,0
76432,0033800002sJFN6AAO,0.0,0,0.0,5796.0,0,0,0,1,0,0,0,0,1,0,0,1,1
76440,0033800002sJFtBAAW,0.0,0,6934.0,1462.0,0,0,0,0,1,0,0,0,1,0,0,1,0
76441,0033800002sJFviAAG,0.0,10,1635.0,6415.0,0,0,0,1,0,0,0,0,0,1,0,1,1
76455,0033800002sJGpCAAW,0.0,40,0.0,7371.0,0,0,0,1,0,0,1,0,0,0,0,1,1
76456,0033800002sJGvCAAW,0.0,60,1978.0,7879.0,0,1,0,0,0,0,0,0,0,1,0,1,1
76472,0033800002sJGvSAAW,0.0,60,2378.0,4306.0,0,0,0,0,1,0,0,0,0,1,1,0,0
76475,0033800002sJGvVAAW,0.0,10,1289.0,4110.0,0,0,0,1,0,0,1,0,0,0,0,1,0
76480,0033800002sJGvaAAG,0.0,0,0.0,8342.0,1,0,0,0,0,0,0,1,0,0,1,0,1
76481,0033800002sJGvbAAG,0.0,0,125.0,2170.0,0,0,0,1,0,1,0,0,0,0,1,0,1
76485,0033800002sJGvfAAG,0.0,0,2462.0,1825.0,0,1,0,0,0,0,0,1,0,0,0,1,0
76486,0033800002sJGvgAAG,0.0,30,937.0,2367.0,0,1,0,0,0,0,1,0,0,0,0,1,1
76490,0033800002sJGvkAAG,0.0,40,160.0,8599.0,0,1,0,0,0,1,0,0,0,0,1,0,1
76492,0033800002sJGvmAAG,0.0,0,862.0,1461.0,0,0,0,1,0,0,0,0,0,1,0,1,0
76494,0033800002sJGvoAAG,0.0,0,2556.0,3890.0,0,1,0,0,0,1,0,0,0,0,1,0,1
76509,0033800002sJGw3AAG,0.0,90,159.0,4988.0,0,1,0,0,0,0,1,0,0,0,1,0,1
76519,0033800002sJGwcAAG,0.0,0,0.0,4968.0,0,0,0,1,0,0,1,0,0,0,0,1,0
76536,0033800002sJIPVAA4,0.0,0,0.0,1460.0,0,0,0,1,0,0,1,0,0,0,0,1,1
76538,0033800002sJIUkAAO,0.0,0,0.0,5221.0,0,0,0,1,0,0,1,0,0,0,0,1,1
76547,0033800002sJIunAAG,0.0,80,1732.0,2563.0,1,0,0,0,0,0,0,0,1,0,0,1,0
76548,0033800002sJIvHAAW,0.0,0,0.0,1460.0,0,0,0,1,0,0,0,0,0,1,0,1,1
76557,0033800002sJL1nAAG,0.0,0,0.0,1976.0,0,0,0,1,0,1,0,0,0,0,0,1,0
76559,0033800002sJLHaAAO,0.0,0,0.0,4944.0,1,0,0,0,0,0,1,0,0,0,0,1,1
76561,0033800002sJLeKAAW,0.0,0,0.0,1461.0,0,0,0,1,0,0,0,0,1,0,0,1,0
76570,0033800002sJMheAAG,0.0,10,3498.0,3063.0,0,0,0,0,1,1,0,0,0,0,0,1,1
76572,0033800002sJMm5AAG,0.0,0,106.0,2191.0,0,1,0,0,0,1,0,0,0,0,0,1,1
76573,0033800002sJMmyAAG,0.0,0,0.0,1965.0,0,0,0,1,0,0,1,0,0,0,1,0,1
76574,0033800002sJMpOAAW,0.0,80,916.0,3466.0,1,0,0,0,0,0,1,0,0,0,0,1,1
76590,0033800002sJOSSAA4,0.0,100,0.0,3449.0,1,0,0,0,0,0,1,0,0,0,0,1,0
76594,0033800002sJPVtAAO,0.0,80,113.0,6185.0,0,0,0,0,1,1,0,0,0,0,0,1,0
76599,0033800002sJPe7AAG,0.0,0,0.0,7312.0,0,0,0,1,0,0,0,0,0,1,0,1,1
76603,0033800002sJPoHAAW,0.0,0,0.0,7168.0,0,1,0,0,0,0,0,0,1,0,0,1,1
76605,0033800002sJPpAAAW,0.0,0,2667.0,2344.0,1,0,0,0,0,0,1,0,0,0,0,1,1
76610,0033800002sJPx4AAG,0.0,70,2037.0,10628.0,0,0,0,0,1,0,1,0,0,0,0,1,1
76614,0033800002sJQ1IAAW,0.0,0,30.0,1456.0,0,0,0,1,0,0,0,0,0,1,0,1,0
76620,0033800002sJSKbAAO,0.0,0,2213.0,2192.0,0,0,0,0,1,0,1,0,0,0,0,1,1
76622,0033800002sJSibAAG,0.0,40,951.0,730.0,0,0,0,1,0,0,0,0,1,0,0,1,1
76623,0033800002sJSl1AAG,0.0,0,6465.0,1080.0,0,0,0,1,0,0,0,0,0,1,0,1,0
76625,0033800002sJT2IAAW,1.0,0,28.0,7740.0,1,0,0,0,0,1,0,0,0,0,0,1,1
76627,0033800002sJTAHAA4,0.0,0,0.0,7320.0,0,0,0,1,0,0,0,0,0,1,1,0,1
76629,0033800002sJTVUAA4,0.0,60,626.0,5176.0,1,0,0,0,0,0,0,0,0,1,0,1,1
76630,0033800002sJTVeAAO,0.0,60,91.0,3901.0,0,0,0,1,0,0,0,0,1,0,0,1,0
76637,0033800002sJULQAA4,0.0,0,0.0,6572.0,1,0,0,0,0,0,1,0,0,0,1,0,0
76645,0033800002sJV3CAAW,0.0,0,0.0,10981.0,0,0,0,1,0,0,1,0,0,0,0,1,1
76652,0033800002sJVOyAAO,0.0,0,1621.0,1095.0,0,0,0,1,0,0,1,0,0,0,0,1,0
76654,0033800002sJWnWAAW,0.0,0,155.0,4082.0,0,0,0,1,0,0,0,0,1,0,0,1,1
76661,0033800002sJYpqAAG,0.0,0,0.0,1460.0,0,0,0,1,0,0,0,0,0,1,1,0,1
76667,0033800002sJZ49AAG,0.0,0,2959.0,2620.0,0,0,0,0,1,0,1,0,0,0,0,1,0
76669,0033800002sJZHWAA4,0.0,0,1630.0,1501.0,0,0,0,0,1,1,0,0,0,0,1,0,1
76672,0033800002sJZUYAA4,0.0,0,0.0,3012.0,0,1,0,0,0,0,0,1,0,0,0,1,1
76676,0033800002sJZXcAAO,0.0,90,0.0,3212.0,0,1,0,0,0,1,0,0,0,0,0,1,1
76679,0033800002sJZaCAAW,0.0,100,3162.0,4621.0,1,0,0,0,0,0,1,0,0,0,0,1,1
76680,0033800002sJZaqAAG,0.0,0,0.0,9625.0,0,0,0,0,1,0,1,0,0,0,0,1,1
76687,0033800002sJZiLAAW,0.0,0,155.0,8716.0,0,0,0,0,1,0,1,0,0,0,0,1,1
76703,0033800002sJZsaAAG,0.0,0,0.0,8405.0,0,1,0,0,0,1,0,0,0,0,1,0,1
76707,0033800002sJZyxAAG,0.0,0,0.0,2836.0,0,0,0,1,0,0,0,0,1,0,0,1,1
76710,0033800002sJaDiAAK,0.0,0,0.0,1460.0,1,0,0,0,0,0,1,0,0,0,0,1,1
76713,0033800002sJaZgAAK,0.0,0,0.0,6343.0,0,0,0,1,0,0,1,0,0,0,0,1,1
76723,0033800002sJbnjAAC,0.0,0,0.0,4124.0,0,1,0,0,0,0,1,0,0,0,1,0,0
76725,0033800002sJbrWAAS,0.0,0,0.0,9336.0,1,0,0,0,0,0,0,0,0,1,0,1,1
76730,0033800002sJc1gAAC,0.0,0,3595.0,1430.0,0,1,0,0,0,0,0,0,1,0,0,1,1
76731,0033800002sJc1qAAC,0.0,90,1412.0,5951.0,0,1,0,0,0,1,0,0,0,0,1,0,0
76732,0033800002sJc96AAC,0.0,0,0.0,7311.0,0,1,0,0,0,0,1,0,0,0,0,1,1
76733,0033800002sJcBvAAK,0.0,100,650.0,6405.0,0,1,0,0,0,0,0,0,1,0,0,1,1
76734,0033800002sJcEaAAK,0.0,0,0.0,7317.0,0,1,0,0,0,0,0,0,1,0,0,1,1
76735,0033800002sJcGbAAK,0.0,0,0.0,3424.0,0,0,0,1,0,0,1,0,0,0,0,1,0
76737,0033800002sJcOQAA0,0.0,90,0.0,1675.0,0,0,0,1,0,0,1,0,0,0,0,1,0
76743,0033800002sJdEvAAK,0.0,0,0.0,8131.0,0,0,0,1,0,0,0,0,1,0,0,1,1
76755,0033800002sJdgYAAS,0.0,30,1526.0,1623.0,0,0,0,0,1,0,1,0,0,0,0,1,1
76758,0033800002sJdmWAAS,0.0,0,0.0,7765.0,0,1,0,0,0,0,1,0,0,0,0,1,1
76763,0033800002sJeImAAK,0.0,0,0.0,3093.0,0,0,0,0,1,0,1,0,0,0,0,1,1
76764,0033800002sJeyoAAC,0.0,0,0.0,7326.0,0,0,0,1,0,0,0,0,1,0,0,1,1
76767,0033800002sJfNbAAK,0.0,0,2400.0,3899.0,0,1,0,0,0,0,0,0,0,1,0,1,0
76772,0033800002sJfr5AAC,0.0,10,247.0,7325.0,1,0,0,0,0,0,0,0,0,1,0,1,1
76774,0033800002sJftBAAS,0.0,0,0.0,1614.0,1,0,0,0,0,0,0,0,0,1,1,0,1
76775,0033800002sJftVAAS,0.0,0,0.0,1948.0,1,0,0,0,0,0,0,0,0,1,1,0,0
76776,0033800002sJftaAAC,0.0,0,0.0,2191.0,0,0,0,1,0,0,0,0,0,1,1,0,1
76777,0033800002sJfxSAAS,0.0,0,0.0,7306.0,0,0,0,1,0,0,0,0,0,1,0,1,1
76778,0033800002sJfxcAAC,0.0,50,1372.0,7334.0,0,1,0,0,0,1,0,0,0,0,0,1,1
76786,0033800002sJgpuAAC,0.0,90,0.0,5023.0,0,1,0,0,0,0,0,0,1,0,0,1,1
76787,0033800002sJgr7AAC,0.0,90,0.0,7690.0,1,0,0,0,0,0,0,0,0,1,0,1,1
76795,0033800002sJhJzAAK,0.0,0,0.0,8438.0,0,0,0,1,0,0,0,0,0,1,0,1,1
76796,0033800002sJhRwAAK,0.0,100,319.0,906.0,0,0,0,1,0,0,1,0,0,0,1,0,0
76797,0033800002sJhTiAAK,0.0,0,0.0,8839.0,1,0,0,0,0,0,1,0,0,0,0,1,0
76798,0033800002sJhVZAA0,0.0,0,5800.0,1220.0,1,0,0,0,0,1,0,0,0,0,1,0,0
76801,0033800002sJiIvAAK,0.0,0,1521.0,1827.0,0,0,0,1,0,0,0,0,1,0,0,1,1
76803,0033800002sJiZ8AAK,0.0,30,3353.0,2016.0,0,0,0,1,0,0,0,0,1,0,0,1,0
76811,0033800002sJjBgAAK,0.0,0,0.0,10721.0,0,0,0,0,1,0,1,0,0,0,0,1,1
76817,0033800002sJkK9AAK,0.0,0,5760.0,3742.0,1,0,0,0,0,0,1,0,0,0,1,0,0
76819,0033800002sJkWIAA0,0.0,80,1369.0,2557.0,1,0,0,0,0,0,0,0,0,1,1,0,1
76826,0033800002sJkuvAAC,0.0,0,1758.0,2374.0,0,0,0,0,1,0,1,0,0,0,0,1,0
76830,0033800002sJlCpAAK,0.0,0,0.0,8456.0,1,0,0,0,0,0,0,0,0,1,0,1,0
76832,0033800002sJlM4AAK,0.0,10,2113.0,3607.0,0,1,0,0,0,0,0,0,0,1,1,0,1
76835,0033800002sJlVZAA0,0.0,10,96.0,11957.0,1,0,0,0,0,0,1,0,0,0,1,0,1
76836,0033800002sJlYfAAK,0.0,30,8920.0,1418.0,0,1,0,0,0,0,0,0,0,1,1,0,1
76840,0033800002sJm4OAAS,0.0,0,0.0,9182.0,1,0,0,0,0,0,0,0,1,0,0,1,1
76843,0033800002sJmDfAAK,0.0,0,4159.0,1095.0,0,1,0,0,0,0,1,0,0,0,0,1,1
76845,0033800002sJmG0AAK,0.0,20,308.0,5124.0,0,0,0,1,0,0,1,0,0,0,0,1,1
76850,0033800002sJmTnAAK,0.0,100,0.0,5051.0,0,0,0,1,0,0,0,0,0,1,1,0,0
76854,0033800002sJn8yAAC,0.0,0,0.0,2678.0,0,0,0,1,0,0,1,0,0,0,0,1,1
76857,0033800002sJnGTAA0,0.0,0,0.0,2202.0,0,0,0,1,0,0,1,0,0,0,1,0,0
76858,0033800002sJnLTAA0,0.0,90,292.0,2006.0,0,1,0,0,0,0,1,0,0,0,0,1,1
76860,0033800002sJnbvAAC,0.0,50,400.0,2632.0,0,0,0,1,0,0,1,0,0,0,0,1,1
76866,0033800002sJnusAAC,0.0,0,0.0,1218.0,0,0,0,1,0,0,1,0,0,0,0,1,0
76874,0033800002sJoWKAA0,0.0,0,0.0,7425.0,0,0,0,1,0,0,1,0,0,0,0,1,0
76878,0033800002sJorbAAC,0.0,90,65.0,7335.0,0,0,0,1,0,0,0,0,0,1,0,1,1
76880,0033800002sJowpAAC,0.0,30,1111.0,2190.0,0,0,0,0,1,0,0,0,0,1,0,1,1
76884,0033800002sJp1aAAC,0.0,0,838.0,2502.0,1,0,0,0,0,0,1,0,0,0,0,1,0
76885,0033800002sJp86AAC,0.0,0,0.0,9031.0,1,0,0,0,0,0,1,0,0,0,0,1,1
76905,0033800002sJr2OAAS,0.0,10,31.0,2191.0,1,0,0,0,0,0,1,0,0,0,0,1,0
76944,0033800002sJrTUAA0,0.0,0,0.0,9881.0,0,0,0,0,1,0,1,0,0,0,0,1,1
76958,0033800002sJrfhAAC,0.0,0,332.0,5255.0,0,0,0,0,1,0,1,0,0,0,0,1,1
76963,0033800002sJsNoAAK,0.0,0,0.0,2351.0,0,0,0,0,1,0,1,0,0,0,0,1,1
76982,0033800002sJsu7AAC,0.0,80,139.0,1310.0,0,0,0,1,0,0,1,0,0,0,0,1,1
76985,0033800002sJtFyAAK,0.0,40,1774.0,7266.0,0,0,0,1,0,0,1,0,0,0,0,1,1
76986,0033800002sJtYbAAK,0.0,0,0.0,8951.0,0,0,0,1,0,0,1,0,0,0,1,0,0
76995,0033800002sJu93AAC,0.0,0,0.0,3568.0,1,0,0,0,0,0,1,0,0,0,0,1,1
76996,0033800002sJuAfAAK,0.0,0,5344.0,7942.0,0,0,0,0,1,1,0,0,0,0,0,1,0
77003,0033800002sJvBbAAK,0.0,0,0.0,1826.0,0,0,0,1,0,0,0,0,1,0,0,1,1
77009,0033800002sJvXwAAK,0.0,0,22.0,2191.0,0,0,0,1,0,1,0,0,0,0,0,1,1
77019,0033800002sJwQnAAK,0.0,60,3519.0,756.0,0,0,0,1,0,0,1,0,0,0,0,1,1
77023,0033800002sJwpWAAS,0.0,0,0.0,7383.0,0,0,1,0,0,1,0,0,0,0,0,1,1
77034,0033800002sJwpiAAC,0.0,0,0.0,9127.0,0,1,0,0,0,1,0,0,0,0,0,1,1
77035,0033800002sJwpjAAC,0.0,0,28.0,3652.0,0,0,0,0,1,1,0,0,0,0,0,1,1
77037,0033800002sJwplAAC,0.0,0,2020.0,2679.0,0,0,0,0,1,0,1,0,0,0,1,0,0
77041,0033800002sJwppAAC,0.0,0,0.0,3395.0,0,1,0,0,0,0,0,0,0,1,0,1,1
77046,0033800002sJwpuAAC,0.0,0,3.0,7322.0,0,1,0,0,0,1,0,0,0,0,0,1,0
77047,0033800002sJwpvAAC,0.0,0,3056.0,1461.0,0,0,0,0,1,0,0,0,0,1,0,1,1
77054,0033800002sJwq2AAC,0.0,0,0.0,9145.0,0,0,0,0,1,1,0,0,0,0,0,1,1
77057,0033800002sJwq5AAC,0.0,0,0.0,8340.0,0,1,0,0,0,0,0,0,0,1,0,1,1
77060,0033800002sJwq8AAC,0.0,40,42.0,2586.0,0,1,0,0,0,0,1,0,0,0,1,0,1
77064,0033800002sJwqCAAS,0.0,90,229.0,1333.0,0,0,0,0,1,0,1,0,0,0,1,0,1
77065,0033800002sJwqDAAS,0.0,80,657.0,1296.0,0,1,0,0,0,0,1,0,0,0,0,1,1
77088,0033800002sJyOhAAK,0.0,0,0.0,3038.0,0,1,0,0,0,0,1,0,0,0,0,1,0
77090,0033800002sJyvGAAS,0.0,40,943.0,9942.0,0,1,0,0,0,0,1,0,0,0,0,1,1
77096,0033800002sJzLVAA0,0.0,50,9519.0,5647.0,0,1,0,0,0,0,1,0,0,0,0,1,1
77097,0033800002sJzMiAAK,0.0,0,4.0,9622.0,0,0,0,0,1,0,0,0,0,1,0,1,1
77099,0033800002sJzPXAA0,0.0,0,0.0,7656.0,1,0,0,0,0,0,0,1,0,0,0,1,1
77101,0033800002sJzZwAAK,0.0,0,4208.0,2727.0,0,1,0,0,0,0,0,0,1,0,0,1,1
77109,0033800002sK0iKAAS,0.0,0,0.0,7334.0,0,0,0,1,0,0,1,0,0,0,0,1,1
77112,0033800002sK0liAAC,0.0,10,1109.0,1221.0,0,0,0,1,0,0,1,0,0,0,0,1,1
77114,0033800002sK0uNAAS,0.0,0,0.0,1460.0,0,0,0,1,0,0,0,0,1,0,0,1,1
77115,0033800002sK0vQAAS,0.0,0,0.0,2353.0,0,1,0,0,0,0,1,0,0,0,0,1,1
77120,0033800002sK1StAAK,0.0,0,0.0,9676.0,0,0,0,0,1,0,1,0,0,0,0,1,1
77135,0033800002sK1nwAAC,0.0,0,1784.0,3655.0,1,0,0,0,0,0,1,0,0,0,0,1,1
77146,0033800002sK260AAC,0.0,0,0.0,4053.0,0,0,0,0,1,0,1,0,0,0,0,1,1
77149,0033800002sK2pyAAC,0.0,0,3450.0,8235.0,0,0,0,0,1,1,0,0,0,0,0,1,1
77154,0033800002sK3qaAAC,0.0,70,1930.0,1760.0,0,0,0,0,1,0,1,0,0,0,0,1,1
77160,0033800002sK43tAAC,0.0,20,7346.0,1826.0,1,0,0,0,0,0,1,0,0,0,0,1,0
77161,0033800002sK46JAAS,0.0,20,1869.0,973.0,1,0,0,0,0,1,0,0,0,0,0,1,0
77163,0033800002sK4HIAA0,0.0,0,0.0,3629.0,0,1,0,0,0,0,1,0,0,0,0,1,1
77165,0033800002sK4cVAAS,0.0,100,984.0,7565.0,0,1,0,0,0,0,0,0,1,0,0,1,1
77166,0033800002sK4cpAAC,0.0,100,894.0,9254.0,0,0,0,1,0,0,1,0,0,0,0,1,1
77171,0033800002sK4uLAAS,0.0,0,17198.0,1094.0,1,0,0,0,0,0,1,0,0,0,0,1,1
77172,0033800002sK4vnAAC,0.0,0,0.0,7830.0,1,0,0,0,0,0,0,0,1,0,0,1,1
77173,0033800002sK58mAAC,0.0,90,209.0,3299.0,0,0,0,1,0,0,0,0,1,0,0,1,1
77179,0033800002sK5VMAA0,0.0,0,0.0,2201.0,0,0,0,1,0,0,1,0,0,0,0,1,0
77181,0033800002sK5XwAAK,0.0,0,0.0,1493.0,0,0,0,0,1,0,1,0,0,0,0,1,1
77182,0033800002sK5dQAAS,0.0,70,5472.0,3555.0,0,1,0,0,0,0,0,0,0,1,0,1,1
77187,0033800002sK6GaAAK,0.0,0,445.0,5844.0,1,0,0,0,0,1,0,0,0,0,1,0,0
77189,0033800002sK6TyAAK,0.0,0,0.0,2885.0,0,0,0,1,0,0,1,0,0,0,1,0,0
77194,0033800002sK6sCAAS,0.0,80,2353.0,3372.0,0,0,0,0,1,0,1,0,0,0,0,1,1
77195,0033800002sK71JAAS,0.0,0,0.0,8782.0,0,0,0,0,1,0,1,0,0,0,0,1,0
77202,0033800002sK7G4AAK,0.0,100,0.0,3290.0,0,0,0,1,0,0,1,0,0,0,0,1,1
77203,0033800002sK7xVAAS,0.0,0,0.0,7634.0,1,0,0,0,0,0,1,0,0,0,0,1,1
77205,0033800002sK8kuAAC,0.0,0,0.0,11205.0,0,1,0,0,0,0,0,0,0,1,1,0,1
77212,0033800002sK8s0AAC,0.0,80,520.0,5274.0,1,0,0,0,0,0,1,0,0,0,0,1,1
77216,0033800002sK8yXAAS,0.0,90,2495.0,8403.0,0,0,0,1,0,0,1,0,0,0,0,1,1
77226,0033800002sKBPHAA4,0.0,0,0.0,3260.0,0,0,0,1,0,0,1,0,0,0,0,1,1
77228,0033800002sKBVmAAO,0.0,0,79.0,4330.0,0,0,0,1,0,0,1,0,0,0,0,1,1
77236,0033800002sKBqLAAW,0.0,0,1054.0,5668.0,1,0,0,0,0,0,0,0,1,0,1,0,0
77242,0033800002sKBqSAAW,0.0,90,665.0,3984.0,0,0,0,1,0,0,0,0,0,1,1,0,1
77249,0033800002sKBqZAAW,0.0,0,11085.0,3056.0,0,1,0,0,0,1,0,0,0,0,1,0,0
77256,0033800002sKBv8AAG,0.0,60,4429.0,2956.0,0,1,0,0,0,0,0,0,1,0,0,1,0
77262,0033800002sKCmVAAW,0.0,0,0.0,2135.0,0,0,0,1,0,0,0,0,0,1,1,0,1
77274,0033800002sKE7cAAG,0.0,0,0.0,1242.0,0,0,0,1,0,0,1,0,0,0,1,0,0
77277,0033800002sKEe5AAG,0.0,0,0.0,8884.0,0,0,0,0,1,0,1,0,0,0,0,1,1
77278,0033800002sKEfNAAW,0.0,100,1177.0,7511.0,0,0,0,0,1,0,1,0,0,0,1,0,1
77285,0033800002sKEycAAG,0.0,50,1226.0,2620.0,0,0,0,1,0,0,1,0,0,0,0,1,1
77288,0033800002sKFFnAAO,0.0,0,0.0,2160.0,0,1,0,0,0,1,0,0,0,0,0,1,0
77296,0033800002sKFfRAAW,0.0,0,0.0,4418.0,0,0,0,1,0,0,1,0,0,0,0,1,1
77297,0033800002sKFfWAAW,0.0,100,884.0,9303.0,0,0,1,0,0,0,1,0,0,0,0,1,0
77326,0033800002sKFfzAAG,0.0,0,0.0,8786.0,0,1,0,0,0,0,0,0,0,1,0,1,1
77327,0033800002sKFg0AAG,0.0,50,1162.0,7305.0,0,1,0,0,0,0,1,0,0,0,1,0,1
77333,0033800002sKFgGAAW,0.0,0,0.0,8401.0,0,0,0,1,0,0,1,0,0,0,0,1,1
77340,0033800002sKH15AAG,0.0,0,0.0,5478.0,1,0,0,0,0,1,0,0,0,0,0,1,0
77342,0033800002sKHRoAAO,0.0,0,0.0,7400.0,0,1,0,0,0,0,0,0,1,0,0,1,0
77352,0033800002sKIDAAA4,0.0,0,0.0,7365.0,0,1,0,0,0,1,0,0,0,0,0,1,1
77358,0033800002sKIX5AAO,0.0,0,0.0,10691.0,0,0,0,0,1,0,1,0,0,0,0,1,1
77365,0033800002sKJ3AAAW,0.0,90,223.0,7088.0,0,1,0,0,0,0,0,0,1,0,0,1,1
77366,0033800002sKJ6JAAW,0.0,30,375.0,1482.0,0,1,0,0,0,0,0,0,0,1,1,0,1
77377,0033800002sKJenAAG,0.0,0,0.0,1641.0,0,0,0,1,0,0,1,0,0,0,0,1,0
77378,0033800002sKJgiAAG,0.0,80,0.0,3831.0,0,0,0,1,0,0,0,0,0,1,1,0,1
77385,0033800002sKKSOAA4,0.0,10,1785.0,5880.0,0,1,0,0,0,0,1,0,0,0,0,1,1
77390,0033800002sKKyDAAW,0.0,0,0.0,3887.0,0,0,0,0,1,0,1,0,0,0,0,1,0
77391,0033800002sKLH5AAO,0.0,50,2138.0,1446.0,0,1,0,0,0,0,0,0,1,0,0,1,0
77394,0033800002sKLkbAAG,0.0,0,1784.0,1612.0,1,0,0,0,0,0,0,0,1,0,0,1,0
77395,0033800002sKLonAAG,0.0,0,0.0,7332.0,0,1,0,0,0,1,0,0,0,0,1,0,1
77405,0033800002sKMZLAA4,0.0,0,0.0,1516.0,1,0,0,0,0,0,1,0,0,0,1,0,1
77410,0033800002sKMjKAAW,0.0,0,19.0,2559.0,0,1,0,0,0,0,1,0,0,0,0,1,1
77413,0033800002sKMpVAAW,0.0,0,196.0,7310.0,0,1,0,0,0,1,0,0,0,0,0,1,1
77415,0033800002sKMqEAAW,0.0,0,0.0,10623.0,0,0,0,1,0,0,1,0,0,0,0,1,1
77421,0033800002sKNv7AAG,0.0,40,0.0,4119.0,0,0,0,1,0,0,1,0,0,0,0,1,1
77424,0033800002sKOP1AAO,0.0,0,0.0,3180.0,0,0,0,1,0,0,1,0,0,0,0,1,1
77426,0033800002sKOl8AAG,0.0,50,321.0,4395.0,0,0,0,1,0,0,1,0,0,0,0,1,1
77429,0033800002sKP3CAAW,0.0,0,0.0,2040.0,0,1,0,0,0,0,0,0,0,1,0,1,1
77431,0033800002sKPEAAA4,0.0,0,1915.0,674.0,1,0,0,0,0,1,0,0,0,0,1,0,1
77433,0033800002sKPJZAA4,0.0,0,0.0,2191.0,0,1,0,0,0,1,0,0,0,0,0,1,0
77435,0033800002sKPLaAAO,0.0,0,0.0,3166.0,0,0,0,1,0,0,0,0,0,1,0,1,1
77443,0033800002sKQ6tAAG,0.0,0,722.0,8217.0,0,0,0,1,0,1,0,0,0,0,1,0,0
77454,0033800002sKQepAAG,0.0,0,0.0,3648.0,0,1,0,0,0,0,0,0,1,0,0,1,1
77455,0033800002sKQjzAAG,0.0,100,2218.0,2661.0,0,0,0,1,0,0,0,0,1,0,0,1,0
77456,0033800002sKRDjAAO,0.0,0,0.0,4328.0,0,0,0,1,0,1,0,0,0,0,0,1,1
77465,0033800002sKS5EAAW,0.0,100,3558.0,1429.0,0,0,0,0,1,0,1,0,0,0,0,1,1
77467,0033800002sKSK4AAO,0.0,0,0.0,7391.0,1,0,0,0,0,1,0,0,0,0,0,1,1
77468,0033800002sKSZ4AAO,0.0,0,0.0,4834.0,0,0,0,1,0,0,1,0,0,0,0,1,1
77469,0033800002sKScLAAW,0.0,90,0.0,6107.0,0,1,0,0,0,0,1,0,0,0,0,1,1
77471,0033800002sKShzAAG,0.0,10,12983.0,2185.0,0,0,0,0,1,0,0,0,0,1,0,1,1
77474,0033800002sKTd8AAG,0.0,0,12391.0,4314.0,0,0,0,1,0,1,0,0,0,0,0,1,1
77477,0033800002sKTq2AAG,0.0,0,175.0,2927.0,0,1,0,0,0,0,0,0,1,0,0,1,1
77478,0033800002sKTxXAAW,0.0,0,194.0,8409.0,0,0,0,1,0,0,1,0,0,0,0,1,1
77480,0033800002sKU6yAAG,0.0,0,0.0,3765.0,0,0,0,1,0,0,1,0,0,0,0,1,1
77484,0033800002sKUKWAA4,0.0,50,3300.0,9633.0,0,0,0,1,0,0,1,0,0,0,0,1,1
77488,0033800002sKUUJAA4,0.0,0,0.0,4607.0,0,0,0,1,0,0,1,0,0,0,0,1,1
77496,0033800002sKVkPAAW,0.0,0,0.0,7433.0,1,0,0,0,0,0,0,0,1,0,0,1,1
77499,0033800002sKW0cAAG,0.0,0,0.0,2190.0,0,0,0,0,1,1,0,0,0,0,1,0,0
77501,0033800002sKW7nAAG,0.0,0,0.0,3045.0,0,0,0,1,0,0,0,0,1,0,0,1,0
77505,0033800002sKWhWAAW,0.0,0,1339.0,1461.0,0,0,1,0,0,0,0,0,1,0,1,0,1
77508,0033800002sKXBRAA4,0.0,0,0.0,7311.0,0,0,0,1,0,0,0,0,0,1,0,1,1
77519,0033800002sKY5AAAW,0.0,0,2716.0,1826.0,1,0,0,0,0,0,0,0,1,0,0,1,0
77524,0033800002sKYUoAAO,0.0,0,0.0,9285.0,0,0,0,1,0,0,0,0,1,0,0,1,1
77531,0033800002sKZBIAA4,0.0,0,0.0,8739.0,0,1,0,0,0,0,1,0,0,0,0,1,1
77539,0033800002sKbRHAA0,0.0,20,2615.0,3487.0,0,0,0,0,1,1,0,0,0,0,0,1,1
77540,0033800002sKbSPAA0,0.0,50,223.0,2640.0,0,0,0,0,1,0,0,0,1,0,0,1,1
77548,0033800002sKbsXAAS,0.0,0,0.0,8768.0,1,0,0,0,0,0,0,0,0,1,0,1,1
77555,0033800002sKcOmAAK,0.0,0,974.0,1262.0,0,0,0,0,1,0,1,0,0,0,0,1,0
77556,0033800002sKcPkAAK,0.0,0,2477.0,1044.0,0,0,0,1,0,1,0,0,0,0,0,1,0
77558,0033800002sKcQiAAK,0.0,0,0.0,7325.0,0,0,0,1,0,1,0,0,0,0,0,1,1
77565,0033800002sKccKAAS,0.0,0,0.0,5904.0,0,1,0,0,0,0,0,0,0,1,1,0,1
77566,0033800002sKcdDAAS,0.0,0,7878.0,754.0,0,0,0,0,1,0,1,0,0,0,1,0,0
77579,0033800002sKcoQAAS,0.0,0,2575.0,8456.0,0,1,0,0,0,0,0,0,0,1,0,1,1
77590,0033800002sKdgPAAS,0.0,0,0.0,9258.0,0,0,0,1,0,0,0,0,0,1,0,1,1
77591,0033800002sKdleAAC,0.0,0,0.0,7315.0,0,0,0,0,1,0,1,0,0,0,0,1,1
77597,0033800002sKeKUAA0,0.0,0,0.0,2190.0,0,0,0,1,0,1,0,0,0,0,1,0,1
77604,0033800002sKfQxAAK,0.0,0,0.0,2891.0,0,1,0,0,0,1,0,0,0,0,1,0,1
77605,0033800002sKfgqAAC,0.0,0,0.0,3378.0,0,0,0,1,0,0,1,0,0,0,0,1,0
77607,0033800002sKgNkAAK,0.0,80,964.0,8817.0,0,0,0,0,1,0,0,0,0,1,0,1,0
77611,0033800002sKgn4AAC,0.0,70,830.0,8752.0,0,1,0,0,0,1,0,0,0,0,1,0,1
77616,0033800002sKhG6AAK,0.0,90,2409.0,9146.0,0,0,0,0,1,1,0,0,0,0,0,1,1
77617,0033800002sKhKoAAK,0.0,0,0.0,1191.0,1,0,0,0,0,0,1,0,0,0,0,1,0
77619,0033800002sKhfrAAC,0.0,100,10181.0,3643.0,0,0,0,0,1,0,0,0,0,1,0,1,1
77625,0033800002sKi77AAC,0.0,0,1.0,2190.0,0,1,0,0,0,1,0,0,0,0,0,1,1
77627,0033800002sKiOSAA0,0.0,0,4640.0,2192.0,0,1,0,0,0,0,0,0,0,1,0,1,1
77628,0033800002sKilvAAC,0.0,0,445.0,3521.0,0,1,0,0,0,0,0,0,1,0,1,0,1
77629,0033800002sKimyAAC,0.0,40,5801.0,4118.0,0,0,0,0,1,1,0,0,0,0,0,1,1
77632,0033800002sKj8WAAS,0.0,0,6087.0,2649.0,0,1,0,0,0,0,1,0,0,0,0,1,0
77639,0033800002sKk8wAAC,0.0,0,0.0,7461.0,0,1,0,0,0,1,0,0,0,0,0,1,1
77641,0033800002sKkFOAA0,0.0,0,1173.0,2922.0,1,0,0,0,0,1,0,0,0,0,0,1,1
77642,0033800002sKkNNAA0,0.0,0,0.0,8095.0,0,0,0,0,1,0,1,0,0,0,0,1,0
77648,0033800002sKmzsAAC,0.0,0,0.0,2016.0,0,1,0,0,0,0,1,0,0,0,0,1,0
77664,0033800002sKpCjAAK,0.0,0,0.0,3061.0,0,1,0,0,0,0,1,0,0,0,0,1,1
77666,0033800002sKpJkAAK,0.0,70,1969.0,3061.0,0,0,0,1,0,0,1,0,0,0,0,1,0
77669,0033800002sKpX8AAK,0.0,40,1988.0,3504.0,0,0,0,1,0,0,1,0,0,0,0,1,1
77671,0033800002sKpjnAAC,0.0,70,1007.0,5459.0,0,0,0,1,0,0,1,0,0,0,0,1,0
77673,0033800002sKpnkAAC,0.0,0,0.0,2214.0,0,1,0,0,0,0,1,0,0,0,1,0,0
77674,0033800002sKq76AAC,0.0,0,1847.0,365.0,1,0,0,0,0,0,1,0,0,0,1,0,1
77675,0033800002sKqB8AAK,0.0,0,0.0,9509.0,0,0,0,0,1,1,0,0,0,0,0,1,0
77683,0033800002sKrHMAA0,0.0,0,0.0,8447.0,0,1,0,0,0,0,0,0,1,0,0,1,1
77692,0033800002sKs23AAC,0.0,0,447.0,1086.0,0,0,0,1,0,0,1,0,0,0,0,1,1
77700,0033800002sKsTsAAK,0.0,100,0.0,3626.0,0,0,0,1,0,0,0,0,1,0,0,1,1
77703,0033800002sKsbhAAC,0.0,0,5458.0,1460.0,0,1,0,0,0,0,0,0,0,1,0,1,0
77704,0033800002sKshkAAC,0.0,0,0.0,1461.0,0,1,0,0,0,1,0,0,0,0,0,1,1
77708,0033800002sKssxAAC,0.0,90,2820.0,7309.0,0,1,0,0,0,0,1,0,0,0,1,0,0
77711,0033800002sKt1BAAS,0.0,0,0.0,3369.0,0,0,0,1,0,0,1,0,0,0,0,1,1
77715,0033800002sKuJzAAK,0.0,0,0.0,8213.0,1,0,0,0,0,0,1,0,0,0,0,1,1
77716,0033800002sKuMyAAK,0.0,0,0.0,1668.0,0,0,0,1,0,0,0,0,0,1,0,1,0
77721,0033800002sKv7CAAS,0.0,0,0.0,1460.0,0,0,0,0,1,0,1,0,0,0,0,1,1
77725,0033800002sKvNjAAK,0.0,40,2618.0,1826.0,0,1,0,0,0,0,0,0,0,1,1,0,0
77734,0033800002sKw52AAC,0.0,70,6363.0,5128.0,0,0,0,1,0,1,0,0,0,0,0,1,1
77735,0033800002sKwNfAAK,0.0,100,266.0,3130.0,0,0,0,1,0,0,1,0,0,0,0,1,0
77740,0033800002sKwmQAAS,0.0,0,55.0,7741.0,0,1,0,0,0,1,0,0,0,0,0,1,1
77745,0033800002sKxXNAA0,0.0,0,0.0,3562.0,0,0,0,1,0,0,1,0,0,0,0,1,1
77749,0033800002sKy26AAC,0.0,0,0.0,5351.0,1,0,0,0,0,0,0,0,1,0,0,1,1
77751,0033800002sKyFPAA0,0.0,0,368.0,1208.0,0,0,0,1,0,0,1,0,0,0,0,1,0
77753,0033800002sKyWLAA0,0.0,0,246.0,1882.0,0,0,0,1,0,0,1,0,0,0,0,1,0
77769,0033800002sL0iSAAS,0.0,100,50.0,7308.0,0,1,0,0,0,0,0,0,0,1,0,1,1
77771,0033800002sL144AAC,0.0,30,0.0,7337.0,0,1,0,0,0,1,0,0,0,0,0,1,1
77775,0033800002sL1G4AAK,0.0,0,0.0,8411.0,0,0,0,0,1,1,0,0,0,0,0,1,1
77777,0033800002sL1IUAA0,0.0,0,0.0,8521.0,1,0,0,0,0,1,0,0,0,0,0,1,1
77785,0033800002sL1YNAA0,0.0,0,211.0,5849.0,0,0,0,1,0,0,1,0,0,0,0,1,0
77796,0033800002sL2zbAAC,0.0,0,0.0,3551.0,0,1,0,0,0,0,0,0,0,1,1,0,0
77814,0033800002sL3EzAAK,0.0,0,625.0,1462.0,0,0,0,1,0,0,0,0,0,1,0,1,0
77816,0033800002sL3UmAAK,0.0,0,0.0,2921.0,0,0,0,1,0,1,0,0,0,0,0,1,1
77817,0033800002sL3WEAA0,0.0,0,3783.0,7661.0,0,1,0,0,0,1,0,0,0,0,0,1,1
77819,0033800002sL3clAAC,0.0,20,13570.0,267.0,0,0,0,1,0,0,1,0,0,0,0,1,1
77821,0033800002sL3iAAAS,0.0,0,974.0,2749.0,0,0,0,1,0,0,1,0,0,0,0,1,1
77828,0033800002sL4LlAAK,0.0,0,0.0,1511.0,0,1,0,0,0,0,1,0,0,0,0,1,1
77829,0033800002sL4Q8AAK,0.0,0,0.0,8886.0,0,0,0,1,0,0,1,0,0,0,0,1,1
77831,0033800002sL4VhAAK,0.0,100,0.0,5774.0,0,0,0,1,0,0,1,0,0,0,0,1,1
77834,0033800002sL4frAAC,0.0,0,229.0,6416.0,0,1,0,0,0,0,1,0,0,0,0,1,0
77839,0033800002sL5AsAAK,0.0,0,1156.0,2190.0,0,0,0,1,0,0,0,0,0,1,1,0,1
77843,0033800002sL5ieAAC,0.0,0,0.0,7899.0,1,0,0,0,0,1,0,0,0,0,0,1,1
77844,0033800002sL5iyAAC,0.0,0,6466.0,1368.0,0,0,0,0,1,0,1,0,0,0,1,0,0
77848,0033800002sL5pSAAS,0.0,0,3166.0,916.0,0,0,0,0,1,0,1,0,0,0,0,1,1
77853,0033800002sL5pXAAS,0.0,30,6099.0,1460.0,0,0,0,1,0,0,0,0,1,0,0,1,1
77854,0033800002sL5pYAAS,0.0,0,0.0,10227.0,0,1,0,0,0,0,1,0,0,0,0,1,1
77855,0033800002sL5pZAAS,0.0,0,4055.0,1269.0,0,0,0,1,0,0,0,0,1,0,0,1,0
77857,0033800002sL5pbAAC,0.0,0,946.0,1728.0,0,0,0,0,1,0,0,0,0,1,1,0,1
77883,0033800002sL5q1AAC,0.0,0,260.0,9424.0,0,0,0,0,1,0,1,0,0,0,0,1,1
77884,0033800002sL5q2AAC,0.0,0,0.0,10984.0,0,0,0,0,1,0,0,0,0,1,0,1,1
77886,0033800002sL5q4AAC,0.0,0,0.0,1924.0,0,1,0,0,0,0,1,0,0,0,0,1,0
77897,0033800002sL5qFAAS,0.0,60,542.0,7332.0,0,1,0,0,0,0,0,0,0,1,0,1,0
77910,0033800002sL70dAAC,0.0,0,991.0,2803.0,0,0,0,0,1,0,1,0,0,0,0,1,1
77911,0033800002sL71MAAS,0.0,0,229.0,549.0,0,1,0,0,0,0,1,0,0,0,0,1,0
77920,0033800002sL7NdAAK,0.0,100,237.0,8826.0,0,1,0,0,0,0,1,0,0,0,0,1,1
77929,0033800002sL7NmAAK,0.0,0,0.0,8595.0,0,0,0,0,1,0,0,0,0,1,0,1,1
77949,0033800002sL7O8AAK,0.0,90,0.0,5080.0,0,0,0,0,1,0,1,0,0,0,0,1,1
77950,0033800002sL7O9AAK,0.0,0,0.0,11599.0,0,1,0,0,0,0,0,0,0,1,0,1,0
77951,0033800002sL7OAAA0,0.0,0,0.0,8914.0,0,0,0,0,1,0,1,0,0,0,0,1,1
77954,0033800002sL7ODAA0,0.0,0,0.0,8499.0,0,0,0,0,1,0,1,0,0,0,0,1,1
77955,0033800002sL7OEAA0,0.0,80,91.0,7330.0,0,0,0,0,1,1,0,0,0,0,0,1,0
77966,0033800002sL7OQAA0,0.0,0,0.0,7305.0,0,1,0,0,0,0,1,0,0,0,0,1,0
77971,0033800002sL7OWAA0,0.0,0,0.0,7348.0,0,1,0,0,0,0,1,0,0,0,0,1,1
77972,0033800002sL7OYAA0,0.0,0,256.0,261.0,0,1,0,0,0,0,0,0,0,1,0,1,0
77974,0033800002sL7OaAAK,0.0,0,0.0,8600.0,1,0,0,0,0,0,1,0,0,0,1,0,1
77981,0033800002sL7OiAAK,0.0,100,664.0,7305.0,0,0,0,1,0,0,1,0,0,0,0,1,1
77989,0033800002sL7OsAAK,0.0,0,0.0,8776.0,0,0,0,1,0,0,1,0,0,0,0,1,0
77991,0033800002sL7OuAAK,0.0,20,1220.0,3491.0,0,1,0,0,0,0,0,0,0,1,1,0,0
77998,0033800002sL7P1AAK,0.0,70,2125.0,7152.0,0,1,0,0,0,0,1,0,0,0,0,1,1
77999,0033800002sL7P2AAK,0.0,0,0.0,11734.0,1,0,0,0,0,0,1,0,0,0,0,1,1
78007,0033800002sL7PAAA0,0.0,60,1517.0,10977.0,0,0,0,0,1,1,0,0,0,0,0,1,1
78008,0033800002sL7PBAA0,0.0,0,0.0,2988.0,0,1,0,0,0,0,1,0,0,0,0,1,1
78010,0033800002sL7PDAA0,0.0,40,0.0,5965.0,0,0,0,0,1,1,0,0,0,0,0,1,1
78011,0033800002sL7PEAA0,0.0,0,13.0,1825.0,0,1,0,0,0,0,0,0,0,1,0,1,0
78012,0033800002sL7PFAA0,0.0,80,190.0,5351.0,1,0,0,0,0,1,0,0,0,0,1,0,0
78014,0033800002sL7PHAA0,0.0,90,0.0,5234.0,1,0,0,0,0,0,1,0,0,0,1,0,0
78022,0033800002sL7PSAA0,0.0,0,44.0,1825.0,0,1,0,0,0,0,0,0,0,1,0,1,1
78027,0033800002sL7PXAA0,0.0,0,0.0,7499.0,0,0,1,0,0,0,0,0,1,0,0,1,1
78030,0033800002sL7PbAAK,0.0,0,7989.0,1827.0,0,0,0,1,0,0,1,0,0,0,0,1,0
78038,0033800002sL7PkAAK,0.0,0,0.0,9521.0,0,1,0,0,0,0,0,0,0,1,0,1,1
78039,0033800002sL7PnAAK,0.0,10,191.0,2848.0,0,0,0,1,0,1,0,0,0,0,0,1,1
78042,0033800002sL7PqAAK,0.0,0,0.0,8886.0,0,1,0,0,0,0,1,0,0,0,0,1,1
78043,0033800002sL7PrAAK,0.0,0,0.0,11404.0,0,0,0,0,1,0,1,0,0,0,0,1,1
78044,0033800002sL7PsAAK,0.0,0,0.0,8772.0,0,0,0,1,0,0,1,0,0,0,0,1,1
78047,0033800002sL7PxAAK,0.0,0,0.0,9160.0,0,0,0,0,1,0,1,0,0,0,1,0,1
78051,0033800002sL7Q2AAK,0.0,0,0.0,8789.0,1,0,0,0,0,0,0,0,0,1,0,1,1
78052,0033800002sL7Q3AAK,0.0,0,49.0,10983.0,0,0,1,0,0,0,1,0,0,0,0,1,1
78054,0033800002sL7Q5AAK,0.0,0,0.0,1884.0,0,1,0,0,0,0,1,0,0,0,0,1,0
78057,0033800002sL7Q8AAK,0.0,0,0.0,7382.0,1,0,0,0,0,0,0,0,0,1,0,1,1
78058,0033800002sL7Q9AAK,0.0,0,0.0,10767.0,0,0,0,0,1,0,0,0,0,1,0,1,1
78060,0033800002sL7QBAA0,0.0,60,0.0,1480.0,0,1,0,0,0,0,1,0,0,0,1,0,1
78063,0033800002sL7QEAA0,0.0,0,0.0,2473.0,0,1,0,0,0,0,1,0,0,0,0,1,0
78066,0033800002sL7QHAA0,0.0,90,0.0,2983.0,0,0,0,1,0,0,1,0,0,0,0,1,1
78073,0033800002sL7QRAA0,0.0,0,0.0,2597.0,0,1,0,0,0,0,1,0,0,0,1,0,1
78074,0033800002sL7QSAA0,0.0,0,0.0,9514.0,0,0,0,0,1,1,0,0,0,0,0,1,1
78076,0033800002sL7QUAA0,0.0,0,204.0,1463.0,0,1,0,0,0,0,0,0,1,0,0,1,1
78078,0033800002sL7QWAA0,0.0,0,759.0,8538.0,0,0,0,0,1,1,0,0,0,0,1,0,1
78083,0033800002sL7QbAAK,0.0,0,4758.0,1460.0,0,0,0,1,0,0,0,0,1,0,0,1,0
78084,0033800002sL7QcAAK,0.0,0,0.0,10529.0,0,0,0,0,1,0,1,0,0,0,0,1,1
78091,0033800002sL7W0AAK,0.0,70,3442.0,1686.0,0,0,0,0,1,0,0,0,1,0,0,1,1
78101,0033800002sL7WBAA0,0.0,0,0.0,7307.0,0,0,0,1,0,0,1,0,0,0,0,1,1
78107,0033800002sL7WHAA0,0.0,0,996.0,7454.0,0,0,0,1,0,0,0,0,0,1,0,1,1
78108,0033800002sL7WIAA0,0.0,0,0.0,7448.0,0,0,0,0,1,0,0,0,0,1,1,0,1
78109,0033800002sL7WJAA0,0.0,0,0.0,7333.0,0,0,0,1,0,0,0,0,0,1,0,1,1
78116,0033800002sL7WRAA0,0.0,0,87.0,8782.0,0,0,0,0,1,0,0,0,0,1,0,1,1
78117,0033800002sL7WSAA0,0.0,20,475.0,8772.0,0,0,0,1,0,0,0,0,0,1,0,1,1
78118,0033800002sL7WTAA0,0.0,0,0.0,9884.0,0,0,0,0,1,0,0,0,1,0,0,1,1
78135,0033800002sL7WmAAK,0.0,0,0.0,8191.0,0,1,0,0,0,0,1,0,0,0,0,1,1
78138,0033800002sL7WqAAK,0.0,0,0.0,3843.0,0,0,0,1,0,0,1,0,0,0,0,1,1
78141,0033800002sL7WtAAK,0.0,40,3423.0,3115.0,0,1,0,0,0,0,1,0,0,0,0,1,0
78142,0033800002sL7WuAAK,0.0,0,1885.0,4014.0,0,1,0,0,0,0,0,0,1,0,0,1,1
78152,0033800002sL7gTAAS,0.0,0,12.0,1549.0,1,0,0,0,0,0,1,0,0,0,1,0,0
78153,0033800002sL7gYAAS,0.0,0,0.0,8788.0,1,0,0,0,0,0,0,0,0,1,1,0,1
78155,0033800002sL7rWAAS,0.0,100,0.0,7400.0,0,0,0,1,0,0,1,0,0,0,0,1,1
78165,0033800002sL8XIAA0,0.0,90,0.0,988.0,0,1,0,0,0,0,1,0,0,0,0,1,1
78167,0033800002sL8Z4AAK,0.0,40,4248.0,1461.0,0,1,0,0,0,0,1,0,0,0,0,1,1
78169,0033800002sL8fCAAS,0.0,0,12922.0,1460.0,0,1,0,0,0,1,0,0,0,0,0,1,0
78171,0033800002sL8izAAC,0.0,10,1479.0,4478.0,0,0,0,1,0,0,0,0,1,0,0,1,0
78174,0033800002sL9G3AAK,0.0,0,752.0,1461.0,0,0,0,1,0,0,0,0,1,0,0,1,1
78175,0033800002sL9LSAA0,0.0,0,853.0,1310.0,0,0,0,1,0,0,1,0,0,0,0,1,0
78177,0033800002sL9MVAA0,0.0,0,175.0,1407.0,1,0,0,0,0,0,0,0,1,0,0,1,1
78181,0033800002sL9W1AAK,0.0,0,27.0,3491.0,0,0,0,1,0,0,1,0,0,0,0,1,0
78194,0033800002sL9hOAAS,0.0,0,0.0,7315.0,1,0,0,0,0,0,0,0,1,0,0,1,1
78199,0033800002sL9igAAC,0.0,100,2179.0,8705.0,0,0,0,0,1,0,1,0,0,0,0,1,1
78211,0033800002sL9pZAAS,0.0,10,4706.0,2771.0,0,0,0,1,0,0,1,0,0,0,0,1,1
78212,0033800002sL9qDAAS,0.0,0,259.0,3099.0,0,1,0,0,0,0,0,0,0,1,0,1,1
78213,0033800002sL9rBAAS,0.0,0,0.0,12356.0,1,0,0,0,0,0,1,0,0,0,0,1,1
78215,0033800002sL9sdAAC,0.0,0,0.0,7305.0,1,0,0,0,0,0,1,0,0,0,0,1,1
78216,0033800002sL9vIAAS,0.0,40,299.0,2549.0,0,0,0,1,0,0,0,0,1,0,0,1,1
78219,0033800002sLA4AAAW,0.0,0,3.0,1460.0,0,0,0,1,0,0,0,0,1,0,1,0,0
78223,0033800002sLARqAAO,0.0,0,2120.0,2922.0,0,1,0,0,0,0,0,0,0,1,0,1,0
78225,0033800002sLAaxAAG,0.0,40,1363.0,4320.0,0,0,0,0,1,1,0,0,0,0,1,0,1
78231,0033800002sLAtQAAW,0.0,0,0.0,8750.0,0,1,0,0,0,0,1,0,0,0,0,1,0
78232,0033800002sLAwUAAW,0.0,50,3422.0,2756.0,0,0,0,1,0,0,0,0,0,1,0,1,1
78236,0033800002sLB5XAAW,0.0,0,0.0,10651.0,0,1,0,0,0,0,1,0,0,0,0,1,1
78241,0033800002sLBFDAA4,0.0,60,523.0,2556.0,0,0,0,1,0,1,0,0,0,0,0,1,0
78247,0033800002sLBkVAAW,0.0,0,0.0,3865.0,0,1,0,0,0,1,0,0,0,0,0,1,0
78256,0033800002sLBxtAAG,0.0,0,0.0,3958.0,0,0,0,1,0,0,0,0,0,1,0,1,1
78257,0033800002sLC7UAAW,0.0,0,0.0,7482.0,0,1,0,0,0,0,1,0,0,0,0,1,1
78260,0033800002sLCGMAA4,0.0,0,0.0,8972.0,0,0,0,0,1,0,1,0,0,0,0,1,0
78268,0033800002sLCeOAAW,0.0,0,0.0,2970.0,1,0,0,0,0,0,0,0,0,1,1,0,0
78269,0033800002sLCfbAAG,0.0,0,590.0,1460.0,0,1,0,0,0,0,1,0,0,0,0,1,1
78275,0033800002sLD0ZAAW,0.0,0,256.0,2222.0,0,0,0,1,0,0,0,0,0,1,0,1,1
78278,0033800002sLD4gAAG,0.0,90,541.0,1895.0,0,0,0,1,0,0,1,0,0,0,1,0,0
78279,0033800002sLD8nAAG,0.0,0,0.0,8957.0,0,0,0,1,0,0,0,0,0,1,0,1,1
78280,0033800002sLD8xAAG,0.0,30,1384.0,3059.0,1,0,0,0,0,0,1,0,0,0,0,1,0
78283,0033800002sLDCkAAO,0.0,0,396.0,1460.0,0,0,0,1,0,0,0,0,0,1,1,0,0
78287,0033800002sLDJHAA4,0.0,0,86.0,3516.0,0,0,0,0,1,0,0,0,1,0,0,1,1
78303,0033800002sLEW7AAO,0.0,0,0.0,1461.0,0,1,0,0,0,0,0,0,1,0,1,0,0
78305,0033800002sLEhyAAG,0.0,0,0.0,4110.0,0,0,0,1,0,1,0,0,0,0,0,1,0
78307,0033800002sLEn8AAG,0.0,20,1881.0,2952.0,0,1,0,0,0,0,0,0,1,0,0,1,1
78309,0033800002sLEr0AAG,0.0,0,0.0,1462.0,0,1,0,0,0,0,1,0,0,0,0,1,1
78318,0033800002sLFNpAAO,0.0,0,0.0,8780.0,0,0,0,1,0,0,1,0,0,0,0,1,1
78328,0033800002sLFZbAAO,0.0,0,0.0,8601.0,0,1,0,0,0,0,1,0,0,0,0,1,1
78331,0033800002sLFbrAAG,0.0,60,7957.0,1083.0,0,0,0,1,0,0,1,0,0,0,1,0,1
78344,0033800002sLGUlAAO,0.0,60,58.0,1409.0,0,1,0,0,0,0,0,0,0,1,0,1,1
78345,0033800002sLGVZAA4,0.0,0,12796.0,1460.0,1,0,0,0,0,0,0,0,0,1,0,1,1
78349,0033800002sLGXLAA4,0.0,0,0.0,7997.0,0,1,0,0,0,1,0,0,0,0,0,1,1
78350,0033800002sLGY9AAO,0.0,70,1909.0,2192.0,0,1,0,0,0,0,0,0,0,1,0,1,1
78351,0033800002sLGYJAA4,0.0,0,0.0,1219.0,0,0,0,1,0,0,0,0,0,1,0,1,0
78352,0033800002sLGaAAAW,0.0,0,0.0,2718.0,0,1,0,0,0,1,0,0,0,0,0,1,1
78359,0033800002sLGjHAAW,0.0,80,7270.0,4672.0,0,0,0,0,1,1,0,0,0,0,0,1,0
78363,0033800002sLGqSAAW,0.0,0,0.0,8046.0,0,1,0,0,0,1,0,0,0,0,0,1,1
78378,0033800002sLHFDAA4,0.0,0,0.0,8653.0,1,0,0,0,0,0,1,0,0,0,0,1,1
78385,0033800002sLHUhAAO,0.0,0,8276.0,2647.0,0,0,0,1,0,0,1,0,0,0,0,1,0
78391,0033800002sLHdZAAW,0.0,0,7618.0,2921.0,0,1,0,0,0,0,1,0,0,0,0,1,0
78392,0033800002sLI0OAAW,0.0,0,0.0,7328.0,0,0,0,1,0,0,0,0,0,1,0,1,0
78412,0033800002sLIyIAAW,0.0,80,3097.0,1461.0,0,0,0,1,0,0,0,0,1,0,0,1,0
78432,0033800002sLJxYAAW,0.0,50,1953.0,3067.0,0,1,0,0,0,0,0,0,1,0,0,1,1
78434,0033800002sLK74AAG,0.0,0,5575.0,7430.0,0,1,0,0,0,0,1,0,0,0,0,1,1
78443,0033800002sLKaLAAW,0.0,0,0.0,8785.0,1,0,0,0,0,1,0,0,0,0,0,1,1
78446,0033800002sLKf1AAG,0.0,0,361.0,3181.0,0,1,0,0,0,0,1,0,0,0,0,1,1
78447,0033800002sLKfpAAG,0.0,0,0.0,7326.0,0,0,0,1,0,0,0,0,0,1,0,1,1
78456,0033800002sLKw7AAG,0.0,0,0.0,3626.0,1,0,0,0,0,1,0,0,0,0,0,1,1
78463,0033800002sLLOzAAO,0.0,0,1064.0,2682.0,0,0,0,1,0,0,0,0,0,1,0,1,0
78475,0033800002sLMQwAAO,0.0,0,0.0,3307.0,0,0,0,1,0,0,1,0,0,0,1,0,0
78480,0033800002sLMZ0AAO,0.0,0,0.0,8156.0,0,1,0,0,0,0,1,0,0,0,0,1,1
78482,0033800002sLMo5AAG,0.0,40,1777.0,6726.0,0,1,0,0,0,0,1,0,0,0,0,1,0
78483,0033800002sLMoeAAG,0.0,0,0.0,2922.0,0,0,0,1,0,1,0,0,0,0,0,1,0
78488,0033800002sLN61AAG,0.0,10,2191.0,3247.0,0,0,0,0,1,0,0,0,0,1,0,1,1
78493,0033800002sLNE0AAO,0.0,0,4999.0,707.0,0,0,0,1,0,1,0,0,0,0,1,0,1
78495,0033800002sLNHsAAO,0.0,10,3796.0,3402.0,1,0,0,0,0,0,1,0,0,0,0,1,0
78500,0033800002sLNQGAA4,0.0,0,0.0,9524.0,1,0,0,0,0,0,0,0,0,1,0,1,1
78502,0033800002sLNSbAAO,0.0,0,1610.0,2793.0,0,1,0,0,0,0,1,0,0,0,0,1,1
78508,0033800002sLNhCAAW,0.0,0,0.0,6373.0,0,1,0,0,0,0,1,0,0,0,1,0,1
78515,0033800002sLNrHAAW,0.0,0,0.0,10239.0,1,0,0,0,0,0,1,0,0,0,1,0,1
78516,0033800002sLNrqAAG,0.0,0,146.0,904.0,0,0,0,1,0,0,0,0,0,1,1,0,0
78517,0033800002sLNsoAAG,0.0,0,0.0,10164.0,0,0,0,0,1,0,1,0,0,0,0,1,0
78530,0033800002sLONsAAO,0.0,0,0.0,2855.0,0,0,0,1,0,0,0,0,1,0,1,0,1
78531,0033800002sLOTbAAO,0.0,0,2397.0,1461.0,0,1,0,0,0,0,0,0,1,0,1,0,1
78534,0033800002sLOkwAAG,0.0,80,118.0,9648.0,1,0,0,0,0,0,1,0,0,0,0,1,1
78542,0033800002sLP7CAAW,0.0,0,0.0,7668.0,0,0,0,1,0,0,0,0,1,0,0,1,1
78543,0033800002sLP9rAAG,0.0,70,343.0,10750.0,0,0,0,0,1,1,0,0,0,0,0,1,1
78544,0033800002sLPDeAAO,0.0,90,26.0,7316.0,0,1,0,0,0,1,0,0,0,0,1,0,1
78548,0033800002sLPd3AAG,0.0,0,0.0,1615.0,0,0,0,1,0,0,0,0,0,1,1,0,1
78574,0033800002sLQSFAA4,0.0,0,33.0,8725.0,0,0,0,0,1,0,0,1,0,0,1,0,1
78578,0033800002sLQSJAA4,0.0,100,5316.0,1496.0,0,1,0,0,0,0,1,0,0,0,0,1,1
78589,0033800002sLQSUAA4,0.0,0,520.0,3021.0,0,0,0,1,0,0,0,0,0,1,0,1,1
78590,0033800002sLQSVAA4,0.0,0,0.0,2232.0,0,1,0,0,0,0,0,0,0,1,0,1,1
78592,0033800002sLQSXAA4,0.0,100,209.0,10060.0,0,1,0,0,0,0,1,0,0,0,0,1,1
78593,0033800002sLQSYAA4,0.0,0,5.0,9317.0,0,0,0,0,1,1,0,0,0,0,0,1,1
78595,0033800002sLQSaAAO,0.0,0,0.0,1825.0,1,0,0,0,0,0,0,0,1,0,0,1,1
78599,0033800002sLQSfAAO,0.0,0,0.0,1725.0,0,1,0,0,0,0,1,0,0,0,0,1,1
78603,0033800002sLQSjAAO,0.0,0,1153.0,2922.0,0,0,0,1,0,0,1,0,0,0,0,1,1
78613,0033800002sLQStAAO,0.0,0,4379.0,2723.0,0,0,0,1,0,0,0,0,0,1,0,1,1
78618,0033800002sLQSyAAO,0.0,0,97.0,9526.0,1,0,0,0,0,1,0,0,0,0,1,0,1
78619,0033800002sLQSzAAO,0.0,0,0.0,9512.0,0,1,0,0,0,0,0,0,0,1,0,1,1
78625,0033800002sLQT5AAO,0.0,0,0.0,1870.0,0,1,0,0,0,0,0,0,0,1,0,1,1
78626,0033800002sLQT6AAO,0.0,30,0.0,4986.0,0,1,0,0,0,0,1,0,0,0,0,1,1
78634,0033800002sLQTEAA4,0.0,0,542.0,8591.0,0,0,0,1,0,0,0,0,0,1,0,1,0
78638,0033800002sLQTJAA4,0.0,0,0.0,7910.0,1,0,0,0,0,0,0,0,0,1,0,1,1
78647,0033800002sLQTSAA4,0.0,90,355.0,2729.0,0,1,0,0,0,0,1,0,0,0,0,1,1
78650,0033800002sLQccAAG,0.0,0,4068.0,7420.0,0,1,0,0,0,0,1,0,0,0,0,1,1
78653,0033800002sLQplAAG,0.0,0,0.0,7587.0,0,0,0,1,0,1,0,0,0,0,0,1,0
78657,0033800002sLRAAAA4,0.0,0,0.0,13268.0,1,0,0,0,0,0,1,0,0,0,0,1,1
78658,0033800002sLRHQAA4,0.0,0,0.0,7844.0,1,0,0,0,0,0,1,0,0,0,0,1,0
78663,0033800002sLRb6AAG,0.0,0,0.0,7323.0,0,0,0,0,1,1,0,0,0,0,0,1,1
78667,0033800002sLRlzAAG,0.0,0,12.0,11606.0,0,1,0,0,0,0,1,0,0,0,0,1,1
78671,0033800002sLRucAAG,0.0,0,36.0,1827.0,0,0,0,1,0,0,1,0,0,0,0,1,0
78676,0033800002sLRyAAAW,0.0,20,1106.0,5084.0,0,0,0,1,0,0,1,0,0,0,0,1,0
78678,0033800002sLRzNAAW,0.0,0,0.0,1460.0,0,0,0,1,0,0,0,0,1,0,0,1,0
78681,0033800002sLRzhAAG,0.0,0,1103.0,2739.0,0,0,0,1,0,0,0,0,0,1,0,1,1
78684,0033800002sLS4cAAG,0.0,0,0.0,3090.0,0,0,0,1,0,0,1,0,0,0,0,1,1
78689,0033800002sLS7MAAW,0.0,0,2986.0,3510.0,0,1,0,0,0,0,0,0,0,1,0,1,1
78693,0033800002sLSAGAA4,0.0,0,0.0,2541.0,0,0,0,1,0,0,0,0,1,0,0,1,1
78709,0033800002sLSPpAAO,0.0,0,2980.0,3990.0,0,0,0,0,1,0,1,0,0,0,1,0,0
78717,0033800002sLSTrAAO,0.0,0,0.0,4316.0,0,0,0,1,0,0,1,0,0,0,0,1,1
78722,0033800002sLSZ1AAO,0.0,0,0.0,7485.0,0,0,0,1,0,0,1,0,0,0,0,1,1
78725,0033800002sLSlHAAW,0.0,0,0.0,8777.0,0,1,0,0,0,0,0,0,0,1,0,1,1
78745,0033800002sLTy7AAG,0.0,80,0.0,2527.0,0,0,0,1,0,1,0,0,0,0,1,0,0
78747,0033800002sLTztAAG,0.0,100,1677.0,2899.0,1,0,0,0,0,0,1,0,0,0,1,0,1
78748,0033800002sLU0rAAG,0.0,0,0.0,1826.0,0,0,0,1,0,0,1,0,0,0,0,1,1
78749,0033800002sLU2xAAG,0.0,0,1045.0,2922.0,0,1,0,0,0,0,1,0,0,0,1,0,1
78753,0033800002sLU9MAAW,0.0,0,4859.0,765.0,0,0,0,1,0,1,0,0,0,0,0,1,1
78764,0033800002sLUf2AAG,0.0,0,0.0,4849.0,1,0,0,0,0,0,1,0,0,0,0,1,0
78770,0033800002sLUqZAAW,0.0,0,0.0,7321.0,0,0,0,1,0,0,0,0,0,1,0,1,1
78776,0033800002sLV53AAG,0.0,0,0.0,3194.0,0,0,0,1,0,0,1,0,0,0,0,1,0
78778,0033800002sLVAtAAO,0.0,0,0.0,7747.0,0,0,0,0,1,0,1,0,0,0,0,1,1
78788,0033800002sLVWGAA4,0.0,90,2455.0,4629.0,0,1,0,0,0,0,0,1,0,0,0,1,1
78789,0033800002sLVZPAA4,0.0,0,0.0,2394.0,0,1,0,0,0,0,1,0,0,0,0,1,1
78794,0033800002sLVqfAAG,0.0,0,0.0,2192.0,1,0,0,0,0,1,0,0,0,0,1,0,1
78810,0033800002sLWL4AAO,0.0,90,1040.0,3655.0,0,0,0,0,1,0,0,0,0,1,0,1,1
78811,0033800002sLWLTAA4,0.0,0,0.0,2587.0,0,0,0,1,0,1,0,0,0,0,0,1,1
78815,0033800002sLWzsAAG,0.0,0,0.0,8044.0,1,0,0,0,0,0,1,0,0,0,0,1,1
78818,0033800002sLXC3AAO,0.0,0,0.0,8068.0,0,1,0,0,0,1,0,0,0,0,0,1,1
78819,0033800002sLXH3AAO,0.0,0,0.0,9180.0,0,0,0,1,0,0,0,0,0,1,0,1,1
78823,0033800002sLXOnAAO,0.0,0,2579.0,4356.0,0,1,0,0,0,0,1,0,0,0,0,1,1
78825,0033800002sLXbmAAG,0.0,0,0.0,1108.0,0,1,0,0,0,0,1,0,0,0,1,0,0
78836,0033800002sLYFhAAO,0.0,0,1083.0,736.0,1,0,0,0,0,0,1,0,0,0,0,1,1
78838,0033800002sLYKDAA4,0.0,0,1615.0,3064.0,0,1,0,0,0,0,0,0,1,0,0,1,0
78844,0033800002sLYQzAAO,0.0,0,0.0,4815.0,0,0,0,0,1,0,0,0,0,1,0,1,1
78854,0033800002sLYx0AAG,0.0,0,250.0,3949.0,0,0,0,1,0,0,1,0,0,0,0,1,1
78856,0033800002sLYzaAAG,0.0,0,63.0,9526.0,0,1,0,0,0,0,0,0,0,1,0,1,1
78864,0033800002sLZEpAAO,0.0,0,0.0,7329.0,0,0,0,0,1,1,0,0,0,0,1,0,1
78868,0033800002sLZPiAAO,0.0,0,518.0,8644.0,0,0,0,0,1,1,0,0,0,0,0,1,0
78876,0033800002sLZbeAAG,0.0,50,3912.0,1552.0,1,0,0,0,0,0,0,0,0,1,0,1,0
78877,0033800002sLZdGAAW,0.0,0,792.0,4891.0,0,1,0,0,0,0,1,0,0,0,0,1,1
78887,0033800002sLZwhAAG,0.0,0,4930.0,3075.0,0,0,0,1,0,0,1,0,0,0,0,1,1
78894,0033800002sLahiAAC,0.0,100,63.0,7786.0,0,1,0,0,0,0,1,0,0,0,0,1,1
78896,0033800002sLaxRAAS,0.0,10,3199.0,1826.0,0,1,0,0,0,0,0,0,0,1,1,0,1
78897,0033800002sLb3AAAS,0.0,70,62.0,9507.0,0,0,0,1,0,0,0,0,0,1,0,1,1
78898,0033800002sLb4NAAS,0.0,0,21.0,40.0,0,0,0,1,0,0,0,0,0,1,1,0,1
78902,0033800002sLbONAA0,0.0,0,1896.0,7441.0,0,1,0,0,0,0,0,0,1,0,0,1,0
78904,0033800002sLbUBAA0,0.0,0,0.0,7325.0,0,0,0,1,0,0,0,0,0,1,0,1,1
78913,0033800002sLbsrAAC,0.0,30,10740.0,2107.0,0,0,0,0,1,0,0,0,0,1,1,0,1
78915,0033800002sLbunAAC,0.0,0,0.0,7315.0,1,0,0,0,0,1,0,0,0,0,0,1,1
78916,0033800002sLc3BAAS,0.0,10,4159.0,2554.0,0,0,0,0,1,0,1,0,0,0,1,0,1
78923,0033800002sLcA7AAK,0.0,60,844.0,1740.0,0,0,0,0,1,0,1,0,0,0,0,1,1
78925,0033800002sLcBtAAK,0.0,60,8075.0,3772.0,0,0,1,0,0,0,0,0,1,0,1,0,1
78927,0033800002sLcGvAAK,0.0,90,278.0,8733.0,0,1,0,0,0,0,1,0,0,0,1,0,1
78929,0033800002sLcHtAAK,0.0,0,8858.0,1462.0,0,0,0,1,0,0,0,0,1,0,0,1,0
78939,0033800002sLcYfAAK,0.0,0,1899.0,1317.0,1,0,0,0,0,0,1,0,0,0,0,1,1
78955,0033800002sLcskAAC,0.0,60,2907.0,3314.0,0,0,0,1,0,0,1,0,0,0,0,1,0
78960,0033800002sLd1DAAS,0.0,0,0.0,8416.0,1,0,0,0,0,0,1,0,0,0,0,1,1
78963,0033800002sLd6mAAC,0.0,0,275.0,10231.0,0,0,0,0,1,0,1,0,0,0,0,1,1
78968,0033800002sLdCLAA0,0.0,0,38.0,7332.0,0,1,0,0,0,0,1,0,0,0,0,1,1
78973,0033800002sLdGXAA0,0.0,0,0.0,4703.0,1,0,0,0,0,0,1,0,0,0,0,1,1
78982,0033800002sLdY7AAK,0.0,0,0.0,3907.0,0,1,0,0,0,0,1,0,0,0,0,1,1
78983,0033800002sLdeFAAS,0.0,90,1279.0,5435.0,0,0,0,0,1,1,0,0,0,0,0,1,1
79000,0033800002sLelqAAC,0.0,0,0.0,7058.0,0,1,0,0,0,0,0,0,1,0,0,1,0
79018,0033800002sLfifAAC,0.0,0,7.0,1778.0,0,1,0,0,0,0,0,0,1,0,0,1,1
79019,0033800002sLfj4AAC,0.0,100,0.0,5800.0,0,0,0,1,0,1,0,0,0,0,0,1,1
79024,0033800002sLfu2AAC,0.0,40,4385.0,1460.0,0,0,0,0,1,0,0,0,1,0,0,1,0
79030,0033800002sLg6zAAC,0.0,0,0.0,2968.0,0,0,0,0,1,0,1,0,0,0,0,1,1
79032,0033800002sLg71AAC,0.0,0,50.0,1958.0,0,0,0,1,0,0,0,0,0,1,1,0,1
79034,0033800002sLg73AAC,0.0,0,39.0,7366.0,0,0,0,0,1,0,0,0,0,1,0,1,0
79049,0033800002sLg7JAAS,0.0,50,276.0,4427.0,0,0,0,0,1,0,1,0,0,0,0,1,1
79055,0033800002sLg7RAAS,0.0,0,4760.0,2241.0,0,0,0,0,1,0,0,0,1,0,0,1,1
79061,0033800002sLg7XAAS,0.0,0,0.0,8930.0,0,1,0,0,0,0,0,0,1,0,0,1,1
79068,0033800002sLg7eAAC,0.0,0,22.0,4168.0,0,0,0,0,1,0,1,0,0,0,0,1,1
79071,0033800002sLg7hAAC,0.0,0,0.0,7325.0,0,1,0,0,0,0,0,0,1,0,0,1,1
79073,0033800002sLg7jAAC,0.0,60,2860.0,2583.0,0,1,0,0,0,0,0,0,1,0,0,1,0
79079,0033800002sLg7pAAC,0.0,0,0.0,1826.0,0,1,0,0,0,0,0,0,0,1,1,0,1
79080,0033800002sLg7qAAC,0.0,0,0.0,7669.0,0,0,0,0,1,1,0,0,0,0,1,0,1
79082,0033800002sLg7sAAC,0.0,30,1249.0,8065.0,0,1,0,0,0,1,0,0,0,0,0,1,1
79088,0033800002sLg7yAAC,0.0,80,3589.0,1572.0,0,1,0,0,0,0,1,0,0,0,0,1,1
79097,0033800002sLg87AAC,0.0,0,153.0,2573.0,0,0,0,0,1,1,0,0,0,0,0,1,1
79111,0033800002sLgCNAA0,0.0,20,1776.0,7445.0,0,1,0,0,0,1,0,0,0,0,0,1,1
79112,0033800002sLgEJAA0,0.0,0,0.0,813.0,0,0,0,1,0,0,0,0,1,0,1,0,1
79113,0033800002sLgGKAA0,0.0,0,0.0,8249.0,0,1,0,0,0,0,1,0,0,0,0,1,0
79118,0033800002sLgLyAAK,0.0,0,580.0,2878.0,0,0,0,1,0,0,0,0,1,0,1,0,1
79119,0033800002sLgOTAA0,0.0,0,0.0,7325.0,1,0,0,0,0,0,0,0,0,1,0,1,1
79120,0033800002sLgOdAAK,0.0,90,3108.0,4934.0,0,1,0,0,0,1,0,0,0,0,0,1,1
79128,0033800002sLglmAAC,0.0,0,8947.0,2863.0,0,0,0,1,0,0,1,0,0,0,0,1,1
79141,0033800002sLhewAAC,0.0,0,0.0,2008.0,0,0,0,1,0,0,1,0,0,0,1,0,0
79170,0033800002sLia3AAC,0.0,0,0.0,2772.0,0,0,0,1,0,0,0,0,1,0,0,1,0
79178,0033800002sLiigAAC,0.0,0,0.0,2476.0,0,1,0,0,0,0,0,0,1,0,0,1,1
79186,0033800002sLj1EAAS,0.0,0,86.0,2251.0,0,0,0,1,0,0,1,0,0,0,0,1,0
79187,0033800002sLj2gAAC,0.0,0,0.0,1826.0,0,0,0,1,0,0,0,0,1,0,0,1,1
79195,0033800002sLjhKAAS,0.0,0,0.0,7308.0,1,0,0,0,0,1,0,0,0,0,0,1,1
79199,0033800002sLjxXAAS,0.0,60,1891.0,4333.0,0,0,0,1,0,0,1,0,0,0,0,1,1
79201,0033800002sLk2NAAS,0.0,0,0.0,2687.0,0,0,0,1,0,0,1,0,0,0,0,1,1
79204,0033800002sLk8aAAC,0.0,0,0.0,7675.0,0,1,0,0,0,1,0,0,0,0,0,1,1
79205,0033800002sLkB5AAK,0.0,100,253.0,2749.0,1,0,0,0,0,0,1,0,0,0,0,1,1
79209,0033800002sLkYEAA0,0.0,0,1336.0,3342.0,0,0,0,1,0,0,0,0,1,0,0,1,1
79213,0033800002sLkj7AAC,0.0,0,147.0,1632.0,0,0,0,1,0,0,1,0,0,0,0,1,0
79218,0033800002sLkobAAC,0.0,0,222.0,4138.0,0,1,0,0,0,0,1,0,0,0,0,1,1
79233,0033800002sLl5NAAS,0.0,0,12.0,2145.0,0,0,0,1,0,0,0,0,1,0,0,1,1
79234,0033800002tV5ZDAA0,0.0,0,6088.0,8057.0,0,1,0,0,0,0,0,0,0,1,0,1,1
79245,0033800002tV5noAAC,0.0,60,3875.0,1462.0,0,1,0,0,0,0,0,0,1,0,0,1,0
79247,0033800002tV6NcAAK,0.0,0,1310.0,9321.0,0,0,0,0,1,0,1,0,0,0,0,1,1
79256,0033800002tV6rrAAC,0.0,0,114.0,1461.0,0,0,0,1,0,0,0,0,1,0,0,1,0
79264,0033800002tV76wAAC,0.0,0,6908.0,1825.0,0,0,0,1,0,0,0,0,1,0,1,0,1
79274,0033800002tV7CfAAK,0.0,0,38.0,4410.0,0,1,0,0,0,0,0,0,1,0,0,1,1
79277,0033800002tV7IOAA0,0.0,0,8292.0,2837.0,1,0,0,0,0,0,1,0,0,0,0,1,1
79293,0033800002tV7OqAAK,0.0,0,8.0,3820.0,0,1,0,0,0,0,0,0,1,0,0,1,1
79297,0033800002tV7TbAAK,0.0,0,0.0,7313.0,0,0,0,1,0,0,1,0,0,0,0,1,1
79307,0033800002tV7l6AAC,0.0,70,1388.0,2365.0,0,0,0,0,1,0,0,1,0,0,1,0,1
79309,0033800002tV7v3AAC,0.0,0,774.0,2922.0,0,0,1,0,0,0,0,0,0,1,0,1,1
79317,0033800002tV8BQAA0,0.0,0,5214.0,2922.0,1,0,0,0,0,0,1,0,0,0,0,1,0
79320,0033800002tV8OPAA0,0.0,0,0.0,8859.0,0,0,0,0,1,1,0,0,0,0,0,1,1
79321,0033800002tV8PmAAK,0.0,0,0.0,9371.0,1,0,0,0,0,0,1,0,0,0,0,1,1
79324,0033800002tV8YZAA0,0.0,0,0.0,10377.0,0,1,0,0,0,0,1,0,0,0,0,1,1
79328,0033800002tV8dyAAC,0.0,0,0.0,3669.0,0,0,0,0,1,0,1,0,0,0,0,1,1
79333,0033800002tV8q9AAC,0.0,0,0.0,7812.0,0,0,0,1,0,0,1,0,0,0,0,1,1
79337,0033800002tV93cAAC,0.0,0,0.0,10616.0,0,0,0,1,0,0,1,0,0,0,0,1,1
79358,0033800002tVAMOAA4,0.0,0,1159.0,2102.0,0,0,0,0,1,0,1,0,0,0,0,1,1
79368,0033800002tVAMYAA4,0.0,30,5078.0,925.0,0,0,0,1,0,0,0,0,0,1,0,1,1
79384,0033800002tVAMoAAO,0.0,90,814.0,8760.0,0,0,0,0,1,1,0,0,0,0,1,0,0
79394,0033800002tVARGAA4,0.0,0,0.0,7304.0,0,0,0,0,1,1,0,0,0,0,0,1,0
79400,0033800002tVAYHAA4,0.0,0,0.0,8408.0,1,0,0,0,0,0,1,0,0,0,0,1,1
79404,0033800002tVAkwAAG,0.0,100,0.0,2499.0,0,0,0,1,0,0,0,0,0,1,0,1,1
79405,0033800002tVAp3AAG,0.0,0,0.0,7391.0,0,0,0,0,1,0,0,0,1,0,0,1,1
79416,0033800002tVBTXAA4,0.0,0,0.0,8234.0,0,1,0,0,0,1,0,0,0,0,0,1,1
79428,0033800002tVC5gAAG,0.0,0,1707.0,2251.0,0,1,0,0,0,0,1,0,0,0,1,0,1
79432,0033800002tVC81AAG,0.0,10,4756.0,2151.0,0,1,0,0,0,1,0,0,0,0,1,0,1
79434,0033800002tVCAlAAO,0.0,0,2489.0,2431.0,0,0,0,1,0,0,1,0,0,0,0,1,1
79435,0033800002tVCAvAAO,0.0,0,404.0,7315.0,1,0,0,0,0,1,0,0,0,0,0,1,1
79441,0033800002tVCSLAA4,0.0,0,0.0,6805.0,1,0,0,0,0,0,1,0,0,0,1,0,1
79450,0033800002tVD7TAAW,0.0,0,25.0,5484.0,0,0,0,0,1,1,0,0,0,0,0,1,1
79451,0033800002tVD9eAAG,0.0,0,0.0,5858.0,0,0,0,1,0,0,0,1,0,0,0,1,1
79453,0033800002tVDOjAAO,0.0,80,3117.0,5551.0,0,1,0,0,0,0,0,0,1,0,0,1,0
79456,0033800002tVDUSAA4,0.0,0,0.0,1460.0,0,0,0,1,0,0,0,0,1,0,0,1,1
79459,0033800002tVDWYAA4,0.0,0,5.0,492.0,0,0,0,1,0,0,1,0,0,0,1,0,1
79461,0033800002tVDaGAAW,0.0,0,0.0,1772.0,1,0,0,0,0,0,1,0,0,0,0,1,1
79464,0033800002tVDdyAAG,0.0,0,0.0,8779.0,1,0,0,0,0,1,0,0,0,0,0,1,1
79468,0033800002tVDhHAAW,0.0,0,1514.0,1825.0,0,1,0,0,0,1,0,0,0,0,0,1,0
79472,0033800002tVDl4AAG,0.0,0,0.0,3590.0,0,0,0,1,0,0,1,0,0,0,0,1,1
79477,0033800002tVDzkAAG,0.0,0,0.0,7305.0,1,0,0,0,0,1,0,0,0,0,0,1,0
79478,0033800002tVEMPAA4,0.0,0,0.0,9508.0,0,1,0,0,0,0,0,0,0,1,0,1,1
79484,0033800002tVEflAAG,0.0,10,3897.0,1886.0,0,1,0,0,0,1,0,0,0,0,1,0,1
79489,0033800002tVFGIAA4,0.0,100,1484.0,3772.0,0,1,0,0,0,0,1,0,0,0,0,1,1
79492,0033800002tVFT7AAO,0.0,0,0.0,8923.0,0,1,0,0,0,0,0,0,0,1,0,1,1
79504,0033800002tVNAbAAO,0.0,40,1377.0,8766.0,0,1,0,0,0,1,0,0,0,0,0,1,1
79505,0033800002tVUJjAAO,0.0,0,0.0,3117.0,0,0,0,1,0,0,0,0,0,1,0,1,1
79511,0033800002tVUToAAO,0.0,0,132.0,4907.0,0,0,0,1,0,0,1,0,0,0,0,1,0
79513,0033800002tVUaaAAG,0.0,40,677.0,7244.0,1,0,0,0,0,0,0,0,0,1,0,1,1
79515,0033800002tVUdyAAG,0.0,0,2044.0,6776.0,0,0,0,0,1,0,0,0,1,0,0,1,0
79516,0033800002tVUfQAAW,0.0,0,0.0,1461.0,0,0,0,1,0,0,0,0,0,1,0,1,0
79517,0033800002tVUgdAAG,0.0,60,688.0,3469.0,0,1,0,0,0,0,0,0,0,1,0,1,1
79526,0033800002tVUuzAAG,0.0,0,0.0,7412.0,1,0,0,0,0,0,1,0,0,0,0,1,1
79527,0033800002tVV20AAG,0.0,0,0.0,1757.0,1,0,0,0,0,0,1,0,0,0,0,1,0
79528,0033800002tVV5JAAW,0.0,0,0.0,9883.0,0,0,0,1,0,0,0,0,1,0,0,1,1
79529,0033800002tVV5sAAG,0.0,0,9047.0,1461.0,0,1,0,0,0,0,1,0,0,0,0,1,0
79534,0033800002tVVY6AAO,0.0,0,0.0,4957.0,0,0,0,1,0,0,1,0,0,0,0,1,0
79540,0033800002tVW2QAAW,0.0,0,0.0,1212.0,0,0,0,1,0,0,1,0,0,0,0,1,0
79543,0033800002tVWBOAA4,0.0,50,1255.0,4372.0,0,0,0,1,0,1,0,0,0,0,0,1,1
79546,0033800002tVWEXAA4,0.0,0,0.0,1461.0,0,0,0,0,1,0,1,0,0,0,1,0,0
79547,0033800002tVWJ3AAO,0.0,0,1906.0,7688.0,0,0,0,0,1,0,1,0,0,0,0,1,1
79551,0033800002tVWVsAAO,0.0,0,1963.0,1461.0,0,0,0,1,0,0,1,0,0,0,0,1,1
79556,0033800002tVWe6AAG,0.0,10,1654.0,5791.0,0,1,0,0,0,1,0,0,0,0,0,1,1
79560,0033800002tVWzEAAW,0.0,80,668.0,4615.0,0,0,0,0,1,0,1,0,0,0,0,1,0
79568,0033800002tVXNpAAO,0.0,80,651.0,9342.0,1,0,0,0,0,1,0,0,0,0,0,1,1
79580,0033800002tVXatAAG,0.0,0,0.0,2926.0,0,1,0,0,0,0,0,0,1,0,0,1,0
79583,0033800002tVXdJAAW,0.0,0,0.0,2160.0,0,1,0,0,0,0,1,0,0,0,0,1,1
79591,0033800002tVXgmAAG,0.0,10,2077.0,7476.0,0,1,0,0,0,1,0,0,0,0,0,1,1
79595,0033800002tVXiYAAW,0.0,90,114.0,1901.0,0,1,0,0,0,0,1,0,0,0,0,1,1
79596,0033800002tVXiiAAG,0.0,0,98.0,2895.0,0,0,0,0,1,0,1,0,0,0,0,1,1
79600,0033800002tVXkyAAG,0.0,80,0.0,10958.0,0,0,0,0,1,0,0,0,0,1,0,1,1
79611,0033800002tVY2OAAW,0.0,0,0.0,5838.0,0,0,0,0,1,1,0,0,0,0,0,1,0
79614,0033800002tVY3vAAG,0.0,0,0.0,9516.0,0,0,0,1,0,0,0,0,0,1,0,1,1
79621,0033800002tVYBBAA4,0.0,50,934.0,3217.0,1,0,0,0,0,0,1,0,0,0,0,1,0
79624,0033800002tVYLzAAO,0.0,40,4505.0,2334.0,1,0,0,0,0,0,1,0,0,0,0,1,0
79628,0033800002tVYjXAAW,0.0,20,2359.0,3652.0,0,0,0,0,1,1,0,0,0,0,1,0,0
79629,0033800002tVYkVAAW,0.0,0,0.0,7752.0,0,0,0,1,0,0,1,0,0,0,0,1,1
79640,0033800002tVnl3AAC,0.0,0,0.0,1461.0,0,0,0,1,0,0,1,0,0,0,1,0,0
79643,0033800002tVntWAAS,0.0,60,2437.0,2211.0,0,0,0,1,0,0,0,0,1,0,0,1,0
79644,0033800002tVo45AAC,0.0,0,0.0,9219.0,0,1,0,0,0,0,0,0,0,1,0,1,0
79645,0033800002tVo4ZAAS,0.0,0,0.0,2460.0,0,0,0,1,0,0,1,0,0,0,1,0,0
79649,0033800002tVo7OAAS,0.0,0,0.0,776.0,0,0,0,1,0,1,0,0,0,0,0,1,0
79652,0033800002tVoHnAAK,0.0,90,1634.0,1557.0,0,0,0,1,0,1,0,0,0,0,0,1,1
79653,0033800002tVoICAA0,0.0,0,0.0,7939.0,0,0,0,0,1,0,0,0,0,1,0,1,1
79655,0033800002tVoPhAAK,0.0,0,0.0,3104.0,0,0,0,1,0,0,0,0,0,1,0,1,0
79656,0033800002tVoQ1AAK,0.0,50,75.0,1277.0,0,0,0,1,0,0,1,0,0,0,0,1,1
79658,0033800002tVoSvAAK,0.0,60,220.0,815.0,1,0,0,0,0,1,0,0,0,0,1,0,1
79660,0033800002tVodFAAS,0.0,0,17.0,3247.0,0,1,0,0,0,1,0,0,0,0,1,0,1
79662,0033800002tVodyAAC,0.0,0,0.0,2872.0,0,0,0,1,0,0,0,0,1,0,0,1,1
79663,0033800002tVogiAAC,0.0,0,0.0,2321.0,0,0,0,1,0,1,0,0,0,0,0,1,1
79668,0033800002tVoy3AAC,0.0,90,1567.0,15706.0,0,0,0,0,1,1,0,0,0,0,0,1,1
79669,0033800002tVoyrAAC,0.0,0,0.0,2222.0,0,1,0,0,0,0,1,0,0,0,0,1,1
79671,0033800002tVp2AAAS,0.0,0,0.0,7306.0,0,0,0,1,0,0,1,0,0,0,0,1,1
79672,0033800002tVp4VAAS,0.0,0,0.0,2169.0,0,1,0,0,0,0,1,0,0,0,0,1,1
79674,0033800002tVp6HAAS,0.0,0,0.0,1870.0,1,0,0,0,0,0,1,0,0,0,0,1,1
79676,0033800002tVp6lAAC,0.0,0,0.0,1214.0,0,0,0,1,0,0,1,0,0,0,0,1,1
79677,0033800002tVpAsAAK,0.0,0,0.0,7323.0,0,0,0,0,1,1,0,0,0,0,0,1,1
79679,0033800002tVpCyAAK,0.0,10,3784.0,1250.0,0,0,0,0,1,0,0,0,0,1,1,0,1
79686,0033800002tVpWUAA0,0.0,0,2068.0,1460.0,0,1,0,0,0,0,0,0,1,0,0,1,1
79687,0033800002tVpY6AAK,0.0,100,223.0,2191.0,0,1,0,0,0,1,0,0,0,0,1,0,0
79691,0033800002tVphIAAS,0.0,0,2579.0,8442.0,0,1,0,0,0,1,0,0,0,0,0,1,1
79704,0033800002tVqBCAA0,0.0,0,1825.0,1460.0,0,1,0,0,0,0,0,0,0,1,0,1,1
79713,0033800002tVqyxAAC,0.0,0,0.0,8432.0,0,1,0,0,0,0,0,0,0,1,1,0,0
79719,0033800002tVrOVAA0,0.0,0,0.0,7338.0,0,0,0,0,1,0,0,0,0,1,0,1,0
79723,0033800002tVrWoAAK,0.0,0,6255.0,4404.0,0,0,0,0,1,1,0,0,0,0,0,1,0
79738,0033800002tVsAxAAK,0.0,0,0.0,2353.0,0,1,0,0,0,0,1,0,0,0,0,1,1
79742,0033800002tVsJaAAK,0.0,100,11.0,7628.0,0,1,0,0,0,0,1,0,0,0,0,1,1
79743,0033800002tVsJuAAK,0.0,0,1442.0,1462.0,0,1,0,0,0,0,0,0,0,1,0,1,1
79744,0033800002tVsKiAAK,0.0,60,1753.0,7044.0,0,0,0,1,0,1,0,0,0,0,0,1,1
79751,0033800002tVsb5AAC,0.0,30,8038.0,2161.0,1,0,0,0,0,0,1,0,0,0,0,1,1
79762,0033800002tW4AUAA0,0.0,0,0.0,3236.0,0,0,0,0,1,0,1,0,0,0,0,1,1
79767,0033800002tW7jnAAC,0.0,70,10404.0,190.0,0,1,0,0,0,0,1,0,0,0,0,1,1
79775,0033800002tW9TGAA0,0.0,0,1172.0,1963.0,0,0,0,1,0,0,0,0,0,1,1,0,1
79786,0033800002tWAh0AAG,0.0,0,0.0,7323.0,0,0,0,1,0,0,0,0,0,1,0,1,0
79793,0033800002tWArAAAW,0.0,0,0.0,9033.0,0,0,0,1,0,0,1,0,0,0,0,1,0
79794,0033800002tWAw5AAG,0.0,0,0.0,1319.0,0,1,0,0,0,0,1,0,0,0,0,1,1
79812,0033800002tWBixAAG,0.0,0,0.0,7684.0,0,0,0,1,0,0,1,0,0,0,0,1,1
79814,0033800002tWBp5AAG,0.0,0,0.0,7034.0,0,0,0,1,0,0,0,0,0,1,0,1,1
79819,0033800002tWBwQAAW,0.0,100,1009.0,6921.0,0,0,0,1,0,0,1,0,0,0,0,1,0
79820,0033800002tWBwkAAG,0.0,0,0.0,2068.0,0,0,0,1,0,0,0,0,0,1,0,1,1
79835,0033800002tWCGuAAO,0.0,0,0.0,5420.0,0,0,0,0,1,0,0,0,0,1,0,1,1
79836,0033800002tWCH4AAO,0.0,0,0.0,7260.0,0,0,0,1,0,0,1,0,0,0,0,1,1
79842,0033800002tWCWdAAO,0.0,60,2664.0,7343.0,0,0,0,0,1,0,0,0,0,1,0,1,0
79849,0033800002tWClJAAW,0.0,0,0.0,480.0,0,0,0,1,0,0,1,0,0,0,1,0,1
79853,0033800002tWCt8AAG,0.0,10,330.0,1167.0,1,0,0,0,0,0,1,0,0,0,0,1,1
79860,0033800002tWDwDAAW,0.0,0,0.0,4316.0,0,0,0,1,0,0,1,0,0,0,0,1,1
79863,0033800002tWE1SAAW,0.0,100,1933.0,7325.0,0,0,0,0,1,1,0,0,0,0,1,0,0
79866,0033800002tWEFjAAO,0.0,0,0.0,7490.0,1,0,0,0,0,0,1,0,0,0,0,1,1
79872,0033800002tWEYgAAO,0.0,0,0.0,3822.0,0,1,0,0,0,0,0,0,0,1,0,1,1
79876,0033800002tWEilAAG,0.0,0,31.0,2159.0,0,1,0,0,0,0,1,0,0,0,0,1,1
79884,0033800002tWF14AAG,0.0,0,0.0,4530.0,1,0,0,0,0,0,1,0,0,0,0,1,1
79889,0033800002tWFJhAAO,0.0,0,30.0,4121.0,0,0,0,1,0,0,0,0,1,0,1,0,1
79892,0033800002tWFMqAAO,0.0,0,1223.0,2156.0,0,0,0,1,0,0,1,0,0,0,0,1,1
79898,0033800002tWFaTAAW,0.0,0,0.0,1461.0,0,1,0,0,0,0,1,0,0,0,0,1,1
79903,0033800002tWFeLAAW,0.0,0,0.0,11035.0,1,0,0,0,0,0,1,0,0,0,0,1,1
79909,0033800002tWFnhAAG,0.0,0,0.0,1461.0,1,0,0,0,0,0,1,0,0,0,1,0,0
79912,0033800002tWG4xAAG,0.0,0,0.0,2058.0,0,0,0,0,1,0,1,0,0,0,0,1,1
79915,0033800002tWG99AAG,0.0,0,1348.0,2062.0,0,0,0,1,0,0,1,0,0,0,0,1,0
79921,0033800002tWGRcAAO,0.0,0,0.0,2191.0,1,0,0,0,0,1,0,0,0,0,0,1,1
79931,0033800002tWH32AAG,0.0,0,14268.0,1094.0,0,0,0,1,0,1,0,0,0,0,0,1,1
79933,0033800002tWHG6AAO,0.0,80,1391.0,6865.0,0,0,1,0,0,1,0,0,0,0,0,1,0
79934,0033800002tWHG7AAO,0.0,0,630.0,3696.0,0,0,0,1,0,0,0,0,1,0,0,1,1
79942,0033800002tWHGFAA4,0.0,40,3340.0,7321.0,0,0,0,0,1,1,0,0,0,0,0,1,1
79944,0033800002tWHGHAA4,0.0,0,320.0,9960.0,0,0,1,0,0,0,0,0,1,0,0,1,0
79946,0033800002tWHGJAA4,0.0,40,3213.0,10607.0,0,0,0,0,1,1,0,0,0,0,0,1,1
79949,0033800002tWHGMAA4,0.0,0,0.0,1608.0,0,0,0,0,1,0,1,0,0,0,1,0,0
79961,0033800002tWHGYAA4,0.0,0,1751.0,1460.0,0,1,0,0,0,0,0,0,0,1,0,1,1
79966,0033800002tWHGdAAO,0.0,0,0.0,2320.0,0,0,0,0,1,0,0,0,0,1,0,1,1
79970,0033800002tWHGhAAO,0.0,0,0.0,1571.0,0,1,0,0,0,0,0,0,1,0,1,0,0
79976,0033800002tWHGoAAO,0.0,70,1125.0,2972.0,0,0,0,0,1,1,0,0,0,0,0,1,1
79979,0033800002tWHGrAAO,0.0,0,0.0,4129.0,1,0,0,0,0,1,0,0,0,0,1,0,1
79980,0033800002tWHGsAAO,0.0,0,0.0,4764.0,0,0,0,1,0,0,1,0,0,0,0,1,1
79985,0033800002tWHGxAAO,0.0,0,0.0,8964.0,1,0,0,0,0,0,0,0,0,1,0,1,1
79992,0033800002tWHH4AAO,0.0,0,0.0,9505.0,0,1,0,0,0,1,0,0,0,0,0,1,1
80000,0033800002tWHHCAA4,0.0,0,0.0,7327.0,0,1,0,0,0,0,0,0,1,0,0,1,1
80005,0033800002tWHHIAA4,0.0,0,0.0,7312.0,0,0,0,1,0,0,0,0,0,1,0,1,1
80010,0033800002tWHHNAA4,0.0,50,1361.0,8766.0,0,0,0,1,0,0,0,0,0,1,0,1,1
80013,0033800002tWHHQAA4,0.0,0,0.0,7353.0,0,1,0,0,0,0,1,0,0,0,0,1,1
80021,0033800002tWHHYAA4,0.0,0,264.0,9288.0,0,0,0,0,1,0,1,0,0,0,0,1,1
80024,0033800002tWHHbAAO,0.0,0,0.0,8361.0,0,0,0,0,1,0,1,0,0,0,0,1,1
80029,0033800002tWHHgAAO,0.0,0,0.0,3646.0,0,1,0,0,0,0,1,0,0,0,1,0,1
80034,0033800002tWHHmAAO,0.0,0,0.0,3659.0,0,0,0,1,0,0,0,0,1,0,0,1,1
80035,0033800002tWHHnAAO,0.0,0,0.0,5853.0,0,0,0,1,0,0,1,0,0,0,0,1,1
80036,0033800002tWHHoAAO,0.0,0,0.0,7280.0,1,0,0,0,0,0,0,0,0,1,0,1,1
80043,0033800002tWHHvAAO,0.0,90,326.0,7378.0,0,1,0,0,0,0,0,0,0,1,0,1,1
80050,0033800002tWHbYAAW,0.0,0,8078.0,3653.0,0,1,0,0,0,0,0,0,0,1,0,1,0
80056,0033800002tWI7KAAW,0.0,0,0.0,8322.0,0,0,0,0,1,0,1,0,0,0,0,1,1
80060,0033800002tWICKAA4,0.0,0,2893.0,2245.0,0,0,0,1,0,0,0,0,1,0,0,1,1
80063,0033800002tWIIDAA4,0.0,0,0.0,8020.0,0,0,0,1,0,0,1,0,0,0,0,1,1
80065,0033800002tWINNAA4,0.0,70,78.0,11338.0,0,0,0,0,1,0,1,0,0,0,0,1,0
80068,0033800002tWISwAAO,0.0,0,0.0,2925.0,0,0,0,1,0,0,0,0,1,0,0,1,0
80070,0033800002tWIZYAA4,0.0,0,17.0,7339.0,1,0,0,0,0,0,0,0,0,1,0,1,1
80075,0033800002tWIutAAG,0.0,0,0.0,7348.0,1,0,0,0,0,0,0,0,0,1,0,1,1
80076,0033800002tWIuyAAG,0.0,0,0.0,2190.0,0,0,0,1,0,1,0,0,0,0,0,1,1
80081,0033800002tWJ5rAAG,0.0,0,0.0,2136.0,0,0,0,1,0,0,0,0,0,1,0,1,0
80083,0033800002tWJBaAAO,0.0,0,2645.0,3007.0,0,0,0,1,0,0,1,0,0,0,0,1,0
80089,0033800002tWJTZAA4,0.0,0,0.0,9485.0,0,0,0,0,1,1,0,0,0,0,0,1,0
80093,0033800002tWJXRAA4,0.0,70,1537.0,2919.0,0,1,0,0,0,1,0,0,0,0,0,1,1
80097,0033800002tWJjjAAG,0.0,30,7508.0,1095.0,0,0,0,1,0,0,1,0,0,0,0,1,0
80106,0033800002tWJo5AAG,0.0,90,887.0,2475.0,0,0,0,1,0,0,1,0,0,0,1,0,1
80122,0033800002tWJyZAAW,0.0,60,184.0,1473.0,0,0,0,1,0,0,1,0,0,0,0,1,1
80125,0033800002tWK06AAG,0.0,10,470.0,1825.0,0,1,0,0,0,0,0,0,0,1,1,0,1
80133,0033800002tWK2MAAW,0.0,0,0.0,7390.0,1,0,0,0,0,0,0,0,0,1,0,1,0
80138,0033800002tWK3yAAG,0.0,60,9453.0,1787.0,0,0,0,1,0,0,1,0,0,0,1,0,1
80147,0033800002tWKt1AAG,0.0,0,0.0,7883.0,0,1,0,0,0,0,0,0,0,1,0,1,1
80149,0033800002tWKw5AAG,0.0,0,0.0,7308.0,0,0,0,0,1,0,1,0,0,0,0,1,0
80168,0033800002tWLQQAA4,0.0,0,0.0,7495.0,0,1,0,0,0,1,0,0,0,0,0,1,1
80175,0033800002tWLg9AAG,0.0,0,179.0,2744.0,0,1,0,0,0,0,0,0,0,1,0,1,1
80181,0033800002tWLupAAG,0.0,0,0.0,9241.0,0,0,0,0,1,0,1,0,0,0,0,1,0
80183,0033800002tWM0TAAW,0.0,80,2984.0,2504.0,0,1,0,0,0,0,0,0,0,1,1,0,0
80185,0033800002tWM7yAAG,0.0,30,0.0,11718.0,1,0,0,0,0,0,1,0,0,0,0,1,1
80193,0033800002tWMIXAA4,0.0,0,3138.0,1460.0,0,0,0,0,1,0,0,0,1,0,0,1,1
80194,0033800002tWMKOAA4,0.0,0,0.0,7418.0,0,0,0,1,0,0,1,0,0,0,0,1,1
80199,0033800002tWMcSAAW,0.0,0,0.0,2181.0,0,0,0,1,0,1,0,0,0,0,0,1,0
80213,0033800002tWNCBAA4,0.0,0,0.0,10002.0,0,1,0,0,0,0,0,0,1,0,0,1,1
80214,0033800002tWNECAA4,0.0,0,1425.0,1462.0,0,0,0,1,0,0,0,0,1,0,0,1,1
80215,0033800002tWNEMAA4,0.0,0,2239.0,2099.0,0,1,0,0,0,0,0,0,0,1,0,1,0
80217,0033800002tWNGwAAO,0.0,0,23.0,9041.0,0,0,0,1,0,0,1,0,0,0,0,1,1
80222,0033800002tWNNiAAO,0.0,60,0.0,6517.0,0,0,0,1,0,0,0,0,1,0,0,1,1
80226,0033800002tWNPeAAO,0.0,0,5228.0,2422.0,0,0,0,0,1,0,0,0,1,0,0,1,1
80227,0033800002tWNQcAAO,0.0,0,0.0,7395.0,0,1,0,0,0,0,0,0,0,1,0,1,1
80228,0033800002tWNQmAAO,0.0,0,1259.0,3471.0,0,0,0,0,1,0,1,0,0,0,0,1,1
80232,0033800002tWNXEAA4,0.0,60,3265.0,2923.0,1,0,0,0,0,0,0,0,1,0,0,1,0
80241,0033800002tWOH9AAO,0.0,0,4588.0,8009.0,0,1,0,0,0,0,1,0,0,0,0,1,0
80245,0033800002tWONtAAO,0.0,0,3758.0,1461.0,0,1,0,0,0,1,0,0,0,0,1,0,1
80246,0033800002tWONvAAO,0.0,0,5786.0,1460.0,0,0,0,1,0,0,0,1,0,0,0,1,1
80249,0033800002tWONyAAO,0.0,0,1538.0,9823.0,1,0,0,0,0,1,0,0,0,0,0,1,0
80254,0033800002tWOUIAA4,0.0,0,296.0,7500.0,0,1,0,0,0,0,1,0,0,0,0,1,0
80257,0033800002tWOZSAA4,0.0,50,206.0,9846.0,1,0,0,0,0,0,1,0,0,0,0,1,0
80259,0033800002tWOppAAG,0.0,0,0.0,7335.0,1,0,0,0,0,0,0,0,0,1,0,1,1
80260,0033800002tWOrCAAW,0.0,0,30.0,1243.0,0,0,0,1,0,0,1,0,0,0,0,1,1
80261,0033800002tWOsPAAW,0.0,0,0.0,7727.0,0,1,0,0,0,0,1,0,0,0,0,1,0
80266,0033800002tWP9bAAG,0.0,40,1176.0,3900.0,0,1,0,0,0,0,1,0,0,0,0,1,0
80268,0033800002tWPSJAA4,0.0,0,0.0,2922.0,0,0,0,1,0,1,0,0,0,0,0,1,1
80276,0033800002tWPtjAAG,0.0,0,0.0,4989.0,1,0,0,0,0,0,0,0,0,1,0,1,1
80277,0033800002tWPvQAAW,0.0,20,5173.0,7824.0,1,0,0,0,0,0,0,0,0,1,0,1,1
80283,0033800002tWQDZAA4,0.0,50,3088.0,2559.0,1,0,0,0,0,0,1,0,0,0,0,1,0
80286,0033800002tWQIaAAO,0.0,0,0.0,9914.0,0,0,0,0,1,0,1,0,0,0,0,1,1
80288,0033800002tWQKNAA4,0.0,70,1867.0,1826.0,0,1,0,0,0,0,0,0,0,1,0,1,1
80293,0033800002tWQajAAG,0.0,60,1394.0,4367.0,0,0,0,1,0,0,0,0,0,1,0,1,0
80295,0033800002tWQczAAG,0.0,0,0.0,4130.0,0,1,0,0,0,0,1,0,0,0,0,1,1
80306,0033800002tWR3gAAG,0.0,0,0.0,2222.0,1,0,0,0,0,0,1,0,0,0,0,1,1
80307,0033800002tWR6oAAG,0.0,0,0.0,8766.0,0,1,0,0,0,0,1,0,0,0,0,1,0
80309,0033800002tWR73AAG,0.0,0,0.0,10602.0,0,1,0,0,0,0,1,0,0,0,0,1,1
80313,0033800002tWRByAAO,0.0,0,0.0,3269.0,1,0,0,0,0,0,0,0,1,0,0,1,1
80315,0033800002tWRCrAAO,0.0,0,0.0,5741.0,0,0,0,1,0,0,0,0,1,0,0,1,1
80317,0033800002tWRDLAA4,0.0,0,0.0,7933.0,1,0,0,0,0,0,1,0,0,0,0,1,1
80320,0033800002tWROmAAO,0.0,60,1676.0,3345.0,0,1,0,0,0,0,0,0,0,1,1,0,1
80321,0033800002tWRPBAA4,0.0,0,5591.0,589.0,0,1,0,0,0,0,1,0,0,0,0,1,1
80322,0033800002tWRPaAAO,0.0,0,0.0,2955.0,1,0,0,0,0,0,1,0,0,0,0,1,1
80324,0033800002tWRgbAAG,0.0,60,1713.0,2492.0,0,1,0,0,0,0,0,0,0,1,0,1,1
80336,0033800002tWTKCAA4,0.0,0,1873.0,1461.0,0,0,0,1,0,0,1,0,0,0,0,1,0
80351,0033800002tWUUIAA4,0.0,0,798.0,8815.0,0,0,0,0,1,0,1,0,0,0,0,1,1
80353,0033800002tWUehAAG,0.0,100,2569.0,1861.0,0,0,0,0,1,0,0,0,0,1,0,1,1
80357,0033800002tWUnWAAW,0.0,0,0.0,1919.0,0,1,0,0,0,0,1,0,0,0,0,1,0
80358,0033800002tWUngAAG,0.0,0,0.0,7313.0,1,0,0,0,0,1,0,0,0,0,0,1,0
80360,0033800002tWUrEAAW,0.0,0,0.0,7323.0,1,0,0,0,0,1,0,0,0,0,0,1,1
80363,0033800002tWUzIAAW,0.0,0,1175.0,2192.0,1,0,0,0,0,0,1,0,0,0,1,0,0
80365,0033800002tWV0QAAW,0.0,0,0.0,1242.0,0,0,0,1,0,0,1,0,0,0,0,1,0
80369,0033800002tWV77AAG,0.0,60,664.0,1400.0,0,1,0,0,0,0,0,0,0,1,1,0,0
80370,0033800002tWV9IAAW,0.0,0,0.0,3107.0,0,0,0,1,0,0,0,0,0,1,0,1,1
80381,0033800002tWVPfAAO,0.0,0,0.0,7700.0,0,1,0,0,0,0,1,0,0,0,0,1,1
80392,0033800002tWVlMAAW,0.0,0,0.0,1461.0,0,0,0,1,0,1,0,0,0,0,1,0,0
80393,0033800002tWVq2AAG,0.0,0,5047.0,1827.0,0,0,0,0,1,0,0,0,0,1,1,0,0
80398,0033800002tWW49AAG,0.0,0,0.0,10304.0,1,0,0,0,0,0,1,0,0,0,0,1,1
80408,0033800002tWWLyAAO,0.0,30,1521.0,3551.0,0,1,0,0,0,0,1,0,0,0,1,0,0
80409,0033800002tWWXpAAO,0.0,30,2369.0,2009.0,0,1,0,0,0,0,0,0,0,1,0,1,1
80416,0033800002tWWkYAAW,0.0,0,0.0,8781.0,0,0,0,0,1,1,0,0,0,0,0,1,0
80419,0033800002tWWxNAAW,0.0,80,229.0,3810.0,0,0,0,1,0,0,0,0,1,0,0,1,1
80422,0033800002tWWyaAAG,0.0,0,0.0,11025.0,1,0,0,0,0,0,1,0,0,0,0,1,1
80432,0033800002tWYe1AAG,0.0,0,0.0,7305.0,0,0,0,1,0,0,1,0,0,0,0,1,0
80446,0033800002tWZBoAAO,0.0,10,2945.0,197.0,0,0,0,0,1,0,0,0,0,1,0,1,1
80464,0033800002tWZzLAAW,0.0,0,30.0,1719.0,0,1,0,0,0,0,1,0,0,0,0,1,1
80468,0033800002tWZzPAAW,0.0,0,0.0,2191.0,0,0,0,1,0,0,1,0,0,0,0,1,1
80481,0033800002tWZzcAAG,0.0,90,58.0,7305.0,0,1,0,0,0,0,0,0,0,1,0,1,1
80483,0033800002tWZzeAAG,0.0,0,0.0,4347.0,0,0,0,1,0,0,0,0,0,1,0,1,1
80502,0033800002tWZzxAAG,0.0,0,81.0,1846.0,0,1,0,0,0,0,0,0,0,1,0,1,1
80511,0033800002tWa06AAC,0.0,0,3987.0,1701.0,0,0,0,1,0,0,0,0,0,1,1,0,1
80513,0033800002tWa08AAC,0.0,0,123.0,3209.0,0,1,0,0,0,0,1,0,0,0,0,1,1
80514,0033800002tWa09AAC,0.0,0,0.0,7308.0,0,0,0,1,0,0,1,0,0,0,0,1,1
80523,0033800002tWaCBAA0,0.0,30,637.0,8316.0,1,0,0,0,0,0,1,0,0,0,0,1,0
80524,0033800002tWaFZAA0,0.0,0,0.0,2879.0,0,0,0,1,0,0,1,0,0,0,0,1,1
80530,0033800002tWaPKAA0,3.0,90,85.0,5152.0,0,0,0,1,0,0,1,0,0,0,0,1,1
80537,0033800002tWamdAAC,0.0,0,4399.0,2038.0,0,1,0,0,0,1,0,0,0,0,0,1,0
80539,0033800002tWatRAAS,0.0,0,55.0,4164.0,0,0,0,1,0,0,1,0,0,0,0,1,1
80545,0033800002tWb6BAAS,0.0,0,0.0,9035.0,1,0,0,0,0,1,0,0,0,0,0,1,1
80554,0033800002tWbSqAAK,0.0,0,0.0,7315.0,0,0,0,1,0,0,0,0,0,1,0,1,1
80555,0033800002tWba1AAC,0.0,0,6832.0,1492.0,0,1,0,0,0,0,1,0,0,0,0,1,0
80556,0033800002tWbaLAAS,0.0,70,3303.0,2956.0,0,1,0,0,0,0,0,0,1,0,1,0,1
80569,0033800002tWcc8AAC,0.0,0,0.0,2647.0,0,1,0,0,0,0,1,0,0,0,0,1,1
80572,0033800002tWcduAAC,0.0,0,12.0,1404.0,0,0,0,1,0,0,0,0,1,0,0,1,1
80593,0033800002tWdVmAAK,0.0,0,1574.0,2831.0,0,0,0,1,0,0,0,0,1,0,0,1,1
80596,0033800002tWdg2AAC,0.0,0,0.0,9145.0,0,0,0,0,1,0,1,0,0,0,0,1,0
80599,0033800002tWdqEAAS,0.0,0,0.0,7569.0,1,0,0,0,0,0,0,0,0,1,0,1,0
80607,0033800002tWeEGAA0,0.0,0,0.0,3084.0,0,0,0,1,0,0,1,0,0,0,0,1,0
80608,0033800002tWeFxAAK,0.0,0,10668.0,1825.0,0,0,0,0,1,1,0,0,0,0,0,1,1
80613,0033800002tWeNXAA0,0.0,0,0.0,1677.0,0,0,0,1,0,0,0,0,1,0,1,0,1
80629,0033800002tWeexAAC,0.0,0,0.0,7679.0,0,0,0,1,0,0,1,0,0,0,0,1,0
80631,0033800002tWehXAAS,0.0,0,0.0,5914.0,0,1,0,0,0,0,0,0,1,0,0,1,1
80637,0033800002tWekqAAC,0.0,0,0.0,1892.0,1,0,0,0,0,0,1,0,0,0,0,1,1
80641,0033800002tWeleAAC,0.0,0,0.0,6793.0,1,0,0,0,0,1,0,0,0,0,0,1,1
80643,0033800002tWemNAAS,0.0,0,0.0,1460.0,0,0,0,1,0,0,0,0,0,1,1,0,0
80645,0033800002tWemcAAC,0.0,0,0.0,2922.0,0,0,0,0,1,0,1,0,0,0,0,1,1
80648,0033800002tWeo9AAC,0.0,0,12.0,1948.0,0,0,0,1,0,0,1,0,0,0,0,1,0
80650,0033800002tWep7AAC,0.0,100,211.0,7332.0,0,0,0,0,1,0,1,0,0,0,1,0,0
80653,0033800002tWeqPAAS,0.0,0,0.0,7498.0,0,0,0,1,0,0,1,0,0,0,0,1,1
80667,0033800002tWf0AAAS,0.0,30,1542.0,5479.0,1,0,0,0,0,1,0,0,0,0,1,0,1
80671,0033800002tWf2VAAS,0.0,0,4336.0,1460.0,0,0,0,1,0,0,1,0,0,0,0,1,1
80672,0033800002tWf2aAAC,0.0,0,0.0,7674.0,0,0,0,0,1,0,1,0,0,0,0,1,1
80673,0033800002tWf3OAAS,0.0,0,1876.0,1850.0,0,0,0,1,0,0,0,0,1,0,0,1,0
80675,0033800002tWf8xAAC,0.0,0,9476.0,2255.0,1,0,0,0,0,0,1,0,0,0,0,1,0
80681,0033800002tWffwAAC,0.0,0,0.0,3509.0,0,1,0,0,0,0,0,0,0,1,0,1,1
80684,0033800002tWgQXAA0,0.0,0,0.0,8792.0,1,0,0,0,0,0,0,0,0,1,0,1,1
80692,0033800002tWh3oAAC,0.0,90,3989.0,8747.0,1,0,0,0,0,0,1,0,0,0,0,1,0
80696,0033800002tWhSQAA0,0.0,0,0.0,8043.0,1,0,0,0,0,0,1,0,0,0,0,1,1
80698,0033800002tWhU2AAK,0.0,0,10256.0,4014.0,0,1,0,0,0,0,1,0,0,0,0,1,1
80707,0033800002tWhwGAAS,0.0,70,1671.0,2132.0,0,0,0,1,0,0,0,0,0,1,0,1,1
80708,0033800002tWhyHAAS,0.0,0,1855.0,7315.0,0,0,0,1,0,1,0,0,0,0,0,1,0
80718,0033800002tWiI7AAK,0.0,30,1400.0,1623.0,0,0,0,1,0,1,0,0,0,0,1,0,0
80724,0033800002tWiRTAA0,0.0,0,4443.0,7306.0,0,1,0,0,0,0,0,0,0,1,1,0,0
80727,0033800002tWidAAAS,0.0,0,0.0,1829.0,1,0,0,0,0,0,0,0,0,1,0,1,0
80767,0033800002tWkM8AAK,0.0,0,0.0,7589.0,0,1,0,0,0,0,1,0,0,0,0,1,1
80770,0033800002tWkWIAA0,0.0,0,0.0,10075.0,0,0,0,0,1,0,1,0,0,0,0,1,1
80774,0033800002tWkaPAAS,0.0,30,6783.0,2546.0,0,0,0,0,1,1,0,0,0,0,0,1,1
80776,0033800002tWkcQAAS,0.0,0,0.0,9697.0,0,0,0,0,1,1,0,0,0,0,0,1,1
80789,0033800002tWlcMAAS,0.0,0,0.0,2947.0,0,1,0,0,0,0,0,0,1,0,0,1,1
80793,0033800002tWllOAAS,0.0,0,849.0,1460.0,0,0,0,1,0,0,1,0,0,0,0,1,1
80798,0033800002tWlxyAAC,0.0,0,0.0,11140.0,0,0,0,1,0,0,0,0,0,1,0,1,0
80806,0033800002tWmI3AAK,0.0,0,0.0,7902.0,0,0,0,0,1,1,0,0,0,0,0,1,1
80807,0033800002tWmIXAA0,0.0,0,1905.0,3226.0,0,1,0,0,0,0,0,0,1,0,0,1,0
80809,0033800002tWmOVAA0,0.0,90,0.0,4748.0,0,0,0,1,0,0,1,0,0,0,0,1,1
80811,0033800002tWmSXAA0,0.0,0,0.0,10151.0,0,0,0,1,0,0,0,0,0,1,0,1,1
80813,0033800002tWmY6AAK,0.0,0,0.0,7649.0,1,0,0,0,0,1,0,0,0,0,0,1,1
80815,0033800002tWmaWAAS,0.0,90,1217.0,6931.0,0,0,0,0,1,0,1,0,0,0,0,1,0
80817,0033800002tWmcIAAS,0.0,0,0.0,11595.0,0,0,0,1,0,0,1,0,0,0,0,1,0
80819,0033800002tWmflAAC,0.0,90,1826.0,7332.0,0,1,0,0,0,0,0,0,0,1,0,1,1
80820,0033800002tWmiBAAS,0.0,90,878.0,2936.0,1,0,0,0,0,0,1,0,0,0,0,1,1
80822,0033800002tWmjxAAC,0.0,0,823.0,2922.0,0,0,0,1,0,0,0,0,1,0,0,1,0
80834,0033800002tWnXJAA0,0.0,0,4933.0,7328.0,0,0,0,1,0,0,0,0,0,1,0,1,0
80836,0033800002tWnpIAAS,0.0,0,0.0,4205.0,0,0,0,1,0,0,1,0,0,0,0,1,0
80841,0033800002tWntoAAC,0.0,40,6114.0,1462.0,0,0,0,1,0,0,0,0,1,0,0,1,0
80843,0033800002tWo2gAAC,0.0,0,3287.0,4686.0,0,0,0,0,1,0,0,0,0,1,0,1,0
80848,0033800002tWoFLAA0,0.0,0,324.0,1688.0,0,0,0,1,0,1,0,0,0,0,0,1,0
80851,0033800002tWoUzAAK,0.0,100,64.0,10330.0,0,1,0,0,0,0,1,0,0,0,0,1,0
80854,0033800002tWoYSAA0,0.0,0,0.0,3734.0,0,1,0,0,0,0,0,0,0,1,0,1,1
80857,0033800002tWokYAAS,0.0,70,954.0,10295.0,0,0,0,1,0,0,1,0,0,0,0,1,0
80865,0033800002tWp4dAAC,0.0,0,0.0,8062.0,0,0,0,1,0,0,0,0,1,0,0,1,1
80867,0033800002tWp9dAAC,0.0,40,1886.0,2922.0,1,0,0,0,0,1,0,0,0,0,1,0,0
80871,0033800002tWpHwAAK,0.0,0,2402.0,3287.0,0,1,0,0,0,0,0,0,0,1,0,1,1
80878,0033800002tWpUlAAK,0.0,100,1200.0,3156.0,0,0,0,1,0,0,1,0,0,0,0,1,0
80894,0033800002tWq4nAAC,0.0,0,0.0,3785.0,0,0,0,1,0,0,1,0,0,0,0,1,0
80900,0033800002tWqBUAA0,0.0,0,0.0,9167.0,0,0,0,1,0,0,0,1,0,0,0,1,1
80903,0033800002tWqDaAAK,0.0,50,7601.0,3166.0,0,1,0,0,0,0,1,0,0,0,1,0,1
80906,0033800002tWqGeAAK,0.0,0,465.0,1461.0,0,0,0,1,0,0,0,0,1,0,0,1,1
80909,0033800002tWqJiAAK,0.0,60,7291.0,6178.0,0,0,0,1,0,0,0,0,1,0,0,1,0
80912,0033800002tWqNpAAK,0.0,70,684.0,2934.0,0,1,0,0,0,0,1,0,0,0,1,0,1
80915,0033800002tWqQyAAK,0.0,0,0.0,7308.0,0,1,0,0,0,0,0,0,0,1,0,1,1
80943,0033800002tWruQAAS,0.0,0,306.0,2556.0,1,0,0,0,0,1,0,0,0,0,0,1,1
80949,0033800002tWs84AAC,0.0,0,0.0,11004.0,0,1,0,0,0,0,0,0,1,0,0,1,1
80954,0033800002tWsFAAA0,0.0,40,15.0,7788.0,0,0,0,0,1,1,0,0,0,0,0,1,1
80973,0033800002tWsmiAAC,0.0,90,729.0,5536.0,0,0,0,1,0,0,0,0,1,0,0,1,1
80975,0033800002tWsqGAAS,0.0,0,0.0,3482.0,0,0,0,0,1,1,0,0,0,0,0,1,1
80983,0033800002tWt4OAAS,0.0,0,0.0,8789.0,1,0,0,0,0,0,1,0,0,0,0,1,0
80984,0033800002tWt4XAAS,0.0,0,0.0,1461.0,0,0,0,1,0,0,0,0,0,1,0,1,0
80986,0033800002tWtRbAAK,0.0,0,9628.0,2615.0,0,0,0,1,0,1,0,0,0,0,1,0,0
80991,0033800002tWtXFAA0,0.0,70,59.0,3747.0,0,0,0,0,1,0,0,0,0,1,0,1,1
80992,0033800002tWtY8AAK,0.0,100,0.0,7111.0,0,0,0,1,0,0,0,0,1,0,0,1,1
81004,0033800002tWtvqAAC,0.0,0,2311.0,2119.0,0,0,0,1,0,1,0,0,0,0,0,1,1
81016,0033800002tWuyZAAS,0.0,60,1128.0,8422.0,0,0,0,0,1,0,1,0,0,0,0,1,1
81017,0033800002tWv2bAAC,0.0,0,286.0,1745.0,0,1,0,0,0,0,1,0,0,0,0,1,0
81021,0033800002tWv9XAAS,0.0,0,0.0,9521.0,1,0,0,0,0,0,1,0,0,0,0,1,1
81022,0033800002tWvD0AAK,0.0,0,0.0,7328.0,0,0,0,1,0,0,0,0,0,1,0,1,1
81023,0033800002tWvErAAK,0.0,0,43.0,1827.0,0,0,0,1,0,0,0,0,1,0,0,1,1
81024,0033800002tWvGiAAK,0.0,80,2506.0,1825.0,0,1,0,0,0,0,0,0,0,1,0,1,0
81027,0033800002tWvOSAA0,0.0,0,0.0,7348.0,0,0,0,1,0,0,1,0,0,0,1,0,0
81053,0033800002tWvUjAAK,0.0,0,0.0,1207.0,0,0,0,1,0,0,1,0,0,0,0,1,1
81063,0033800002tWvUtAAK,0.0,0,0.0,7923.0,0,1,0,0,0,0,1,0,0,0,0,1,0
81072,0033800002tWvV2AAK,0.0,0,0.0,8053.0,0,0,0,0,1,0,1,0,0,0,0,1,1
81074,0033800002tWvV4AAK,0.0,0,0.0,2380.0,0,1,0,0,0,0,1,0,0,0,0,1,1
81086,0033800002tWvVGAA0,0.0,0,182.0,8049.0,0,1,0,0,0,0,1,0,0,0,0,1,1
81096,0033800002tWvVQAA0,0.0,0,0.0,8430.0,0,1,0,0,0,0,1,0,0,0,0,1,1
81105,0033800002tWvVZAA0,0.0,30,5781.0,1925.0,0,0,0,1,0,1,0,0,0,0,1,0,1
81108,0033800002tWvVcAAK,0.0,0,0.0,8685.0,1,0,0,0,0,1,0,0,0,0,0,1,1
81114,0033800002tWvViAAK,0.0,0,0.0,10245.0,0,1,0,0,0,0,1,0,0,0,0,1,1
81124,0033800002tWvVsAAK,0.0,0,4896.0,8668.0,0,0,0,0,1,1,0,0,0,0,1,0,0
81131,0033800002tWvcqAAC,0.0,0,1599.0,4664.0,0,0,0,1,0,0,1,0,0,0,0,1,1
81133,0033800002tWvjmAAC,0.0,0,272.0,2192.0,0,0,0,1,0,0,0,0,1,0,0,1,0
81134,0033800002tWvk1AAC,0.0,0,10149.0,740.0,0,1,0,0,0,0,0,0,0,1,1,0,1
81140,0033800002tWw91AAC,0.0,0,1.0,7699.0,0,0,0,1,0,0,1,0,0,0,1,0,0
81153,0033800002tWwgZAAS,0.0,0,0.0,8065.0,1,0,0,0,0,0,1,0,0,0,0,1,1
81154,0033800002tWwtOAAS,0.0,0,0.0,985.0,0,1,0,0,0,0,1,0,0,0,0,1,1
81155,0033800002tWwvAAAS,0.0,0,1156.0,7321.0,0,0,0,1,0,0,1,0,0,0,0,1,1
81156,0033800002tWwvKAAS,0.0,0,0.0,9527.0,0,0,0,1,0,0,1,0,0,0,0,1,1
81159,0033800002tWx0ZAAS,0.0,0,15.0,1448.0,0,0,0,1,0,0,0,0,1,0,0,1,1
81162,0033800002tWx1NAAS,0.0,100,516.0,5501.0,0,0,0,0,1,1,0,0,0,0,0,1,1
81167,0033800002tWx3OAAS,0.0,0,944.0,1695.0,0,1,0,0,0,0,0,0,0,1,0,1,1
81168,0033800002tWx3dAAC,0.0,0,0.0,8096.0,0,1,0,0,0,0,1,0,0,0,0,1,0
81179,0033800002tWx7BAAS,0.0,0,709.0,3932.0,0,0,0,1,0,0,0,0,0,1,1,0,1
81186,0033800002tWxFKAA0,0.0,0,0.0,4301.0,0,0,0,1,0,0,0,0,0,1,0,1,1
81201,0033800002tWxLmAAK,0.0,0,0.0,1461.0,0,1,0,0,0,0,0,0,1,0,0,1,0
81205,0033800002tWxMLAA0,0.0,0,1444.0,1460.0,0,0,0,0,1,0,1,0,0,0,0,1,1
81206,0033800002tWxMVAA0,0.0,60,2062.0,1461.0,0,0,0,1,0,0,0,0,1,0,0,1,1
81211,0033800002tWxQ8AAK,0.0,0,0.0,4383.0,1,0,0,0,0,0,1,0,0,0,1,0,0
81231,0033800002tWydzAAC,0.0,0,0.0,10182.0,0,0,0,1,0,0,1,0,0,0,0,1,1
81234,0033800002tWyp2AAC,0.0,0,2209.0,6128.0,0,0,0,0,1,0,0,0,1,0,0,1,1
81243,0033800002tWz6hAAC,0.0,0,0.0,7347.0,1,0,0,0,0,0,1,0,0,0,0,1,1
81245,0033800002tWz7zAAC,0.0,20,340.0,10962.0,0,1,0,0,0,1,0,0,0,0,0,1,1
81251,0033800002tWzGwAAK,0.0,0,0.0,8361.0,0,0,0,1,0,0,1,0,0,0,0,1,1
81256,0033800002tWzXnAAK,0.0,0,0.0,7332.0,0,0,0,1,0,0,0,0,1,0,0,1,1
81265,0033800002tWzuuAAC,0.0,60,2806.0,597.0,1,0,0,0,0,0,0,0,0,1,1,0,1
81266,0033800002tWzwRAAS,0.0,80,38.0,7773.0,0,0,0,0,1,1,0,0,0,0,1,0,0
81273,0033800002tX0FEAA0,0.0,0,0.0,2964.0,0,0,0,1,0,0,1,0,0,0,0,1,1
81285,0033800002tX0V2AAK,0.0,90,2377.0,3874.0,1,0,0,0,0,0,0,0,1,0,1,0,0
81287,0033800002tX0Y6AAK,0.0,90,5135.0,3192.0,0,1,0,0,0,0,0,0,1,0,0,1,1
81291,0033800002tX0loAAC,0.0,60,3294.0,1369.0,1,0,0,0,0,0,0,0,1,0,0,1,0
81301,0033800002tX0uWAAS,0.0,0,0.0,8035.0,1,0,0,0,0,0,1,0,0,0,0,1,1
81306,0033800002tX13JAAS,0.0,100,9.0,8371.0,0,0,0,0,1,1,0,0,0,0,1,0,1
81318,0033800002tX2T3AAK,0.0,0,1470.0,1188.0,0,1,0,0,0,0,1,0,0,0,0,1,1
81319,0033800002tX2X5AAK,0.0,0,201.0,1236.0,0,0,0,1,0,0,1,0,0,0,0,1,0
81323,0033800002tX2f9AAC,0.0,0,0.0,3246.0,0,0,0,1,0,0,1,0,0,0,0,1,0
81335,0033800002tX38uAAC,0.0,100,84.0,3154.0,0,0,0,1,0,0,1,0,0,0,1,0,1
81340,0033800002tX3L0AAK,0.0,0,38.0,7334.0,0,1,0,0,0,0,1,0,0,0,0,1,1
81346,0033800002tX3YYAA0,0.0,0,0.0,4160.0,0,0,0,0,1,0,0,0,1,0,0,1,1
81347,0033800002tX3ZRAA0,0.0,0,2013.0,7324.0,0,0,0,1,0,0,0,0,0,1,0,1,1
81355,0033800002tX3ssAAC,0.0,0,0.0,3822.0,0,1,0,0,0,1,0,0,0,0,1,0,0
81366,0033800002tX4cgAAC,0.0,0,0.0,8595.0,0,0,0,1,0,0,1,0,0,0,0,1,1
81367,0033800002tX4gnAAC,0.0,0,0.0,4382.0,0,1,0,0,0,0,1,0,0,0,0,1,0
81374,0033800002tX51HAAS,0.0,0,484.0,2921.0,0,1,0,0,0,0,0,0,0,1,1,0,0
81375,0033800002tX52KAAS,0.0,0,370.0,2426.0,0,1,0,0,0,0,0,0,1,0,0,1,0
81379,0033800002tX56RAAS,0.0,100,1412.0,5294.0,0,0,0,1,0,0,1,0,0,0,0,1,0
81380,0033800002tX5A4AAK,0.0,90,371.0,6908.0,1,0,0,0,0,1,0,0,0,0,0,1,0
81382,0033800002tX5ELAA0,0.0,0,0.0,3549.0,0,0,0,1,0,0,0,0,0,1,0,1,0
81388,0033800002tX5TLAA0,0.0,0,1965.0,1361.0,0,1,0,0,0,0,1,0,0,0,1,0,0
81395,0033800002tX6AFAA0,0.0,0,6.0,7932.0,0,0,0,0,1,0,0,0,0,1,0,1,1
81396,0033800002tX6UtAAK,0.0,0,0.0,5361.0,0,0,0,1,0,0,1,0,0,0,0,1,1
81397,0033800002tX6cnAAC,0.0,0,0.0,2162.0,0,0,0,1,0,1,0,0,0,0,0,1,1
81399,0033800002tX6fmAAC,0.0,0,0.0,10961.0,0,0,0,1,0,0,0,0,0,1,0,1,0
81400,0033800002tX6h9AAC,0.0,0,0.0,5447.0,0,1,0,0,0,0,1,0,0,0,0,1,1
81403,0033800002tX6ytAAC,0.0,0,0.0,1214.0,0,0,0,1,0,0,1,0,0,0,0,1,1
81418,0033800002tX7uxAAC,0.0,0,0.0,3407.0,0,1,0,0,0,0,1,0,0,0,0,1,0
81421,0033800002tX7zEAAS,0.0,0,29.0,1460.0,0,0,0,1,0,0,0,0,0,1,0,1,0
81424,0033800002tX88pAAC,0.0,0,0.0,7789.0,0,1,0,0,0,0,0,0,1,0,0,1,1
81425,0033800002tX8CrAAK,0.0,80,1679.0,8783.0,0,0,0,0,1,1,0,0,0,0,0,1,0
81441,0033800002tX8nsAAC,0.0,0,823.0,2557.0,1,0,0,0,0,1,0,0,0,0,1,0,1
81449,0033800002tX92OAAS,0.0,0,2020.0,4181.0,0,1,0,0,0,0,1,0,0,0,0,1,0
81459,0033800002tX9n0AAC,0.0,0,991.0,1760.0,0,0,0,1,0,0,1,0,0,0,0,1,1
81466,0033800002tXA5sAAG,0.0,0,0.0,3999.0,0,1,0,0,0,1,0,0,0,0,0,1,1
81468,0033800002tXAFiAAO,0.0,0,0.0,2200.0,0,0,0,1,0,1,0,0,0,0,1,0,1
81469,0033800002tXAGvAAO,0.0,0,0.0,730.0,0,0,0,1,0,0,0,0,0,1,0,1,1
81470,0033800002tXALWAA4,0.0,0,593.0,1207.0,0,0,0,1,0,0,1,0,0,0,0,1,0
81473,0033800002tXAQpAAO,0.0,0,4.0,2409.0,1,0,0,0,0,0,1,0,0,0,0,1,1
81475,0033800002tXAROAA4,0.0,100,197.0,10155.0,1,0,0,0,0,0,1,0,0,0,0,1,1
81481,0033800002tXAgTAAW,0.0,100,635.0,1673.0,0,0,0,1,0,0,0,0,0,1,0,1,1
81483,0033800002tXAijAAG,0.0,0,66.0,1642.0,0,0,0,1,0,0,0,0,1,0,1,0,1
81491,0033800002tXAy3AAG,0.0,30,452.0,2886.0,0,0,0,1,0,0,0,0,0,1,0,1,0
81499,0033800002tXBHAAA4,0.0,0,0.0,4017.0,0,0,0,1,0,1,0,0,0,0,0,1,0
81502,0033800002tXBJfAAO,0.0,0,0.0,9886.0,0,1,0,0,0,0,1,0,0,0,0,1,1
81508,0033800002tXBZ4AAO,0.0,0,0.0,4771.0,0,1,0,0,0,0,1,0,0,0,0,1,1
81510,0033800002tXBenAAG,0.0,80,13.0,2191.0,0,0,0,1,0,1,0,0,0,0,0,1,0
81512,0033800002tXBjqAAG,0.0,0,0.0,1523.0,0,1,0,0,0,0,1,0,0,0,0,1,1
81521,0033800002tXBjzAAG,0.0,0,0.0,8781.0,0,0,0,0,1,1,0,0,0,0,0,1,1
81532,0033800002tXBkAAAW,0.0,0,0.0,1494.0,0,1,0,0,0,0,1,0,0,0,0,1,1
81540,0033800002tXBkIAAW,0.0,0,0.0,8771.0,1,0,0,0,0,0,1,0,0,0,0,1,1
81542,0033800002tXBkKAAW,0.0,0,0.0,8769.0,0,1,0,0,0,0,1,0,0,0,0,1,0
81556,0033800002tXBkYAAW,0.0,0,0.0,8826.0,0,0,1,0,0,1,0,0,0,0,1,0,1
81558,0033800002tXBkaAAG,0.0,0,0.0,3387.0,0,0,0,0,1,0,1,0,0,0,0,1,1
81569,0033800002tXBkmAAG,0.0,0,1231.0,7881.0,0,0,0,1,0,0,1,0,0,0,0,1,0
81585,0033800002tXBl2AAG,0.0,0,0.0,7313.0,0,0,0,1,0,0,0,0,0,1,0,1,1
81600,0033800002tXBlIAAW,0.0,0,0.0,3171.0,1,0,0,0,0,0,1,0,0,0,0,1,0
81602,0033800002tXBlKAAW,0.0,0,0.0,10257.0,0,1,0,0,0,0,0,0,0,1,1,0,1
81615,0033800002tXC9XAAW,0.0,0,0.0,7381.0,0,0,0,0,1,0,1,0,0,0,0,1,1
81616,0033800002tXC9cAAG,0.0,0,6.0,7315.0,0,1,0,0,0,0,0,0,1,0,0,1,1
81618,0033800002tXCDeAAO,0.0,0,0.0,7231.0,0,1,0,0,0,1,0,0,0,0,0,1,1
81626,0033800002tXCNFAA4,0.0,60,1968.0,1580.0,0,1,0,0,0,0,1,0,0,0,0,1,0
81627,0033800002tXCOiAAO,0.0,20,2258.0,1370.0,0,1,0,0,0,0,0,0,1,0,1,0,1
81630,0033800002tXCWCAA4,0.0,10,1743.0,1296.0,1,0,0,0,0,0,1,0,0,0,1,0,0
81632,0033800002tXCXUAA4,0.0,0,0.0,8830.0,0,0,0,1,0,0,1,0,0,0,0,1,1
81634,0033800002tXCxrAAG,0.0,70,499.0,8034.0,0,0,0,0,1,1,0,0,0,0,0,1,1
81649,0033800002tXDhzAAG,0.0,30,1459.0,7685.0,0,0,0,1,0,0,0,0,1,0,0,1,1
81650,0033800002tXDtvAAG,0.0,0,632.0,1460.0,1,0,0,0,0,0,0,0,0,1,0,1,1
81652,0033800002tXDw6AAG,0.0,0,0.0,2827.0,0,1,0,0,0,0,1,0,0,0,0,1,1
81657,0033800002tXE66AAG,0.0,0,28.0,819.0,0,0,0,1,0,0,0,0,1,0,0,1,0
81660,0033800002tXEK8AAO,0.0,50,2350.0,9337.0,0,1,0,0,0,0,0,0,0,1,0,1,1
81668,0033800002tXFHgAAO,0.0,0,1207.0,1460.0,0,1,0,0,0,0,1,0,0,0,0,1,1
81676,0033800002tXFbMAAW,0.0,0,3264.0,1460.0,0,1,0,0,0,0,0,0,0,1,1,0,0
81693,0033800002tXFsnAAG,0.0,90,1066.0,2071.0,0,1,0,0,0,0,1,0,0,0,1,0,0
81697,0033800002tXFuTAAW,0.0,0,4809.0,1105.0,0,1,0,0,0,1,0,0,0,0,0,1,1
81705,0033800002tXFwtAAG,0.0,0,0.0,8429.0,0,0,0,0,1,0,1,0,0,0,1,0,1
82106,0035000000S6uj4AAB,0.0,0,4528.0,2922.0,0,0,0,0,1,0,1,0,0,0,1,0,1
84639,0035000000UHDO3AAP,0.0,40,4084.0,1370.0,0,1,0,0,0,0,0,0,1,0,0,1,1
85172,0035000000UmRlcAAF,0.0,0,3048.0,792.0,0,0,0,1,0,1,0,0,0,0,1,0,1
86482,0035000000WF9r5AAD,0.0,0,43.0,3043.0,0,0,0,1,0,0,0,0,1,0,0,1,1
86567,0035000000Wdv94AAB,0.0,0,1426.0,0.0,0,0,0,1,0,0,0,0,1,0,0,1,1
86575,0035000000WeBbfAAF,0.0,0,1392.0,2222.0,0,0,0,1,0,1,0,0,0,0,1,0,1
86932,0035000000XgV0kAAF,0.0,0,1188.0,3436.0,0,0,0,1,0,1,0,0,0,0,1,0,1
86937,0035000000XgdMIAAZ,0.0,0,88.0,9132.0,0,1,0,0,0,1,0,0,0,0,0,1,1
87001,0035000000Y544pAAB,0.0,0,188.0,1827.0,0,1,0,0,0,0,1,0,0,0,0,1,1
87002,0035000000Y55ZEAAZ,0.0,10,39.0,731.0,0,0,0,1,0,0,0,0,1,0,1,0,1
87047,0035000000YdBB6AAN,0.0,0,563.0,608.0,0,0,0,0,1,0,0,0,0,1,0,1,1
87068,0035000000YeJlLAAV,0.0,0,705.0,730.0,0,0,0,1,0,0,1,0,0,0,0,1,1
87203,0035000000ZQ2rXAAT,0.0,0,1464.0,8008.0,0,1,0,0,0,0,1,0,0,0,0,1,1
87428,0035000000a3CA5AAM,0.0,100,1527.0,6169.0,1,0,0,0,0,0,1,0,0,0,0,1,0
87700,0035000000ae8lbAAA,0.0,0,215.0,1917.0,0,0,0,1,0,0,0,0,1,0,0,1,1
88009,0035000000ahgOGAAY,0.0,30,364.0,1490.0,0,0,0,1,0,0,0,0,0,1,0,1,1
88299,0035000000boD2yAAE,0.0,0,24.0,1739.0,0,0,0,1,0,0,1,0,0,0,0,1,1
88319,0035000000bod61AAA,0.0,0,5668.0,7516.0,0,0,0,0,1,1,0,0,0,0,0,1,1
88843,0035000000czfYaAAI,0.0,50,693.0,7803.0,0,1,0,0,0,0,1,0,0,0,0,1,1
89097,0035000000dZdH7AAK,0.0,30,306.0,2197.0,0,1,0,0,0,0,0,0,0,1,0,1,1
89153,0035000000dahPpAAI,0.0,0,0.0,2830.0,1,0,0,0,0,1,0,0,0,0,1,0,1
89198,0035000000e5bUHAAY,0.0,10,92.0,4837.0,0,0,0,1,0,0,0,0,1,0,0,1,0
89201,0035000000e5cVlAAI,0.0,0,465.0,7528.0,0,0,0,1,0,0,1,0,0,0,1,0,1
89345,0035000000e7gNhAAI,0.0,0,2306.0,2195.0,0,0,0,0,1,0,1,0,0,0,1,0,0
89432,0035000000e8zp4AAA,0.0,10,14063.0,1099.0,0,0,0,0,1,0,0,0,1,0,0,1,0
89531,0035000000f6klSAAQ,0.0,0,2649.0,1461.0,0,0,0,1,0,0,0,0,1,0,0,1,1
89564,0035000000f7BxVAAU,0.0,100,2631.0,3051.0,1,0,0,0,0,0,1,0,0,0,0,1,1
89882,0035000000gknxxAAA,0.0,0,64.0,584.0,0,0,0,1,0,0,1,0,0,0,0,1,0
89939,0035000000glwJzAAI,0.0,60,785.0,5171.0,0,1,0,0,0,1,0,0,0,0,0,1,1
89985,0035000000gmTGnAAM,0.0,70,462.0,1779.0,0,0,0,0,1,0,0,0,1,0,0,1,1
90186,0035000000hwvSHAAY,0.0,0,1793.0,9726.0,0,1,0,0,0,1,0,0,0,0,0,1,1
90424,0035000000i0X7YAAU,0.0,0,19.0,3245.0,0,1,0,0,0,0,1,0,0,0,0,1,0
90765,0035000000k4GmbAAE,0.0,30,1955.0,2809.0,1,0,0,0,0,0,1,0,0,0,0,1,1
90855,0035000000l803PAAQ,0.0,0,2854.0,1460.0,0,0,0,1,0,0,0,0,1,0,0,1,0
91049,0035000000lBxXkAAK,0.0,0,167.0,5062.0,0,0,0,1,0,0,1,0,0,0,1,0,1
91060,0035000000mgZgeAAE,0.0,0,363.0,2192.0,0,0,0,1,0,0,1,0,0,0,0,1,1
91119,0035000000mh9X1AAI,0.0,0,553.0,2943.0,0,0,0,1,0,0,0,0,1,0,0,1,1
91120,0035000000mhB9WAAU,0.0,60,1334.0,2191.0,0,0,0,1,0,0,1,0,0,0,0,1,0
91352,0035000000oaeTuAAI,0.0,0,4113.0,3897.0,0,0,0,1,0,0,0,0,0,1,0,1,1
91374,0035000000ob5hCAAQ,0.0,0,0.0,7305.0,0,0,0,1,0,0,1,0,0,0,0,1,0
91499,0035000000odS0YAAU,0.0,70,68.0,7283.0,0,0,0,1,0,0,1,0,0,0,0,1,1
91504,0035000000odTZAAA2,0.0,40,1156.0,2255.0,0,0,0,1,0,0,1,0,0,0,1,0,1
91511,0035000000odmCwAAI,0.0,0,2377.0,1460.0,0,0,0,1,0,0,1,0,0,0,0,1,1
91512,0035000000odrwfAAA,0.0,0,2306.0,425.0,0,0,0,1,0,0,1,0,0,0,0,1,1
91515,0035000000odxAeAAI,0.0,0,9844.0,2192.0,0,0,0,1,0,0,0,0,0,1,0,1,1
91526,0035000000qCefgAAC,0.0,100,15188.0,577.0,0,0,0,1,0,0,1,0,0,0,0,1,1
91546,0035000000qCwwXAAS,0.0,0,2411.0,7305.0,0,0,0,1,0,0,1,0,0,0,1,0,1
91554,0035000000qDWgLAAW,0.0,0,336.0,7985.0,0,0,0,1,0,0,1,0,0,0,1,0,1
91567,0035000000qDsPPAA0,0.0,90,893.0,2004.0,1,0,0,0,0,0,1,0,0,0,0,1,1
91648,0035000000qFjoKAAS,0.0,0,0.0,2954.0,0,0,0,1,0,0,0,0,1,0,0,1,0
91656,0035000000qG3poAAC,0.0,0,351.0,1581.0,0,0,0,1,0,1,0,0,0,0,0,1,1
91692,0035000000sVQUXAA4,0.0,100,854.0,3873.0,1,0,0,0,0,0,0,0,0,1,0,1,0
91702,0035000000sVUbKAAW,0.0,0,11554.0,1091.0,0,0,0,1,0,0,1,0,0,0,0,1,1
91706,0035000000sVYMvAAO,0.0,40,138.0,2208.0,0,0,0,1,0,0,1,0,0,0,0,1,1
91710,0035000000sVjOfAAK,0.0,0,425.0,2190.0,0,0,0,1,0,0,1,0,0,0,0,1,1
91764,0035000000sWFsDAAW,0.0,0,0.0,2192.0,0,0,0,1,0,0,1,0,0,0,0,1,0
91773,0035000000sWN8gAAG,0.0,0,247.0,2589.0,0,0,0,1,0,0,1,0,0,0,0,1,1
91784,0035000000sWVmuAAG,0.0,0,0.0,5226.0,0,0,0,1,0,0,1,0,0,0,0,1,1
91785,0035000000sWWtPAAW,0.0,0,2660.0,2922.0,0,0,0,1,0,0,0,0,1,0,0,1,0
91794,0035000000sWhskAAC,0.0,80,350.0,1948.0,0,0,0,1,0,0,1,0,0,0,0,1,1
91802,0035000000sWi2XAAS,0.0,0,0.0,2996.0,0,0,0,1,0,0,1,0,0,0,0,1,1
91816,0035000000sWs7wAAC,0.0,0,1153.0,1796.0,0,0,0,1,0,0,0,0,1,0,0,1,1
91822,0035000000sX2zdAAC,0.0,0,6582.0,1278.0,0,0,0,1,0,0,1,0,0,0,0,1,1
91976,0035000000sYfRBAA0,0.0,30,1902.0,821.0,0,0,0,1,0,0,0,0,1,0,0,1,1
91992,0035000000uwUQmAAM,0.0,0,2896.0,1826.0,0,0,0,0,1,0,0,0,0,1,0,1,1
91996,0035000000uwcDTAAY,0.0,0,2499.0,1869.0,0,0,0,1,0,0,1,0,0,0,0,1,1
91999,0035000000uwgXfAAI,0.0,0,0.0,9238.0,0,0,0,1,0,0,0,0,0,1,1,0,0
92015,0035000000uxFajAAE,0.0,0,3433.0,1460.0,0,0,0,1,0,0,0,0,1,0,0,1,0
92022,0035000000uxJjNAAU,0.0,90,2030.0,4537.0,0,0,0,1,0,0,0,0,0,1,0,1,1
92030,0035000000uxaqOAAQ,0.0,0,0.0,4414.0,0,0,0,1,0,0,0,0,1,0,0,1,1
92041,0035000000uxm3VAAQ,0.0,0,0.0,3020.0,0,0,0,1,0,0,0,0,1,0,0,1,0
92048,0035000000uxmiuAAA,0.0,50,1993.0,2788.0,0,0,0,1,0,0,1,0,0,0,0,1,1
92065,0035000000uyNSgAAM,0.0,0,17.0,1175.0,0,0,0,1,0,0,0,0,1,0,0,1,1
92073,0035000000uyYWjAAM,0.0,0,0.0,2916.0,0,0,0,1,0,0,0,0,1,0,0,1,1
92078,0035000000uybomAAA,0.0,10,1616.0,4129.0,0,0,0,1,0,0,1,0,0,0,0,1,1
92082,0035000000uyguvAAA,0.0,0,0.0,7608.0,0,0,0,1,0,0,1,0,0,0,0,1,1
92119,0035000000uzLBGAA2,0.0,70,1744.0,1166.0,0,0,0,1,0,0,0,0,1,0,0,1,1
92122,0035000000uzLW0AAM,0.0,40,361.0,1670.0,0,0,0,1,0,0,1,0,0,0,0,1,1
92136,0035000000uzqbOAAQ,0.0,0,2588.0,463.0,0,0,0,1,0,0,1,0,0,0,0,1,1
92137,0035000000uzrf6AAA,0.0,0,0.0,2944.0,1,0,0,0,0,0,0,0,1,0,0,1,1
92144,0035000000uzxGBAAY,0.0,0,1210.0,2557.0,0,0,0,1,0,0,0,0,1,0,0,1,1
92147,0035000000v0AkQAAU,0.0,0,222.0,2869.0,0,0,0,1,0,0,1,0,0,0,1,0,0
92148,0035000000v0BBCAA2,0.0,0,17.0,1460.0,0,0,0,1,0,0,0,0,1,0,1,0,1
92179,0035000000xJOHrAAO,0.0,0,0.0,1595.0,0,0,0,1,0,0,1,0,0,0,0,1,1
92184,0035000000xJSM2AAO,0.0,0,6919.0,1929.0,0,0,0,1,0,0,0,0,0,1,1,0,1
92205,0035000000xJtiDAAS,0.0,0,29.0,9094.0,0,0,0,1,0,0,0,0,1,0,0,1,1
92213,0035000000xK8jpAAC,0.0,90,1097.0,7691.0,0,1,0,0,0,0,0,0,1,0,0,1,0
92219,0035000000xKLnNAAW,0.0,60,893.0,2514.0,0,0,0,1,0,0,1,0,0,0,0,1,1
92229,0035000000xKfAjAAK,0.0,0,0.0,4580.0,0,0,0,1,0,0,0,0,1,0,0,1,0
92232,0035000000xKgfIAAS,0.0,0,0.0,5474.0,0,0,0,1,0,0,0,0,1,0,1,0,1
92235,0035000000xKm0OAAS,0.0,20,245.0,2884.0,0,0,0,1,0,0,1,0,0,0,0,1,1
92248,0035000000xKzE8AAK,0.0,40,1319.0,2221.0,0,0,0,1,0,0,0,0,0,1,0,1,1
92249,0035000000xL2YHAA0,0.0,20,545.0,10673.0,0,0,0,1,0,0,1,0,0,0,0,1,1
92253,0035000000xL4YLAA0,0.0,0,7.0,5029.0,0,0,0,1,0,0,1,0,0,0,0,1,1
92263,0035000000xLFLpAAO,0.0,0,50.0,2398.0,0,0,0,1,0,0,1,0,0,0,0,1,0
92266,0035000000xLHM4AAO,0.0,10,864.0,8036.0,0,0,0,1,0,0,1,0,0,0,0,1,1
92274,0035000000xLNbTAAW,0.0,0,16836.0,1086.0,0,0,0,1,0,0,1,0,0,0,0,1,1
92284,0035000000xLVqOAAW,0.0,0,0.0,8157.0,0,0,0,1,0,0,1,0,0,0,0,1,0
92285,0035000000xLVtbAAG,0.0,80,21.0,895.0,0,0,0,1,0,0,1,0,0,0,0,1,1
92287,0035000000xLZsxAAG,0.0,0,3943.0,1095.0,0,0,0,1,0,0,1,0,0,0,1,0,1
92299,0035000000xLmYKAA0,0.0,0,12135.0,1461.0,0,0,0,1,0,0,0,0,0,1,1,0,1
92304,0035000000xLnRhAAK,0.0,0,128.0,1462.0,0,0,0,1,0,0,0,0,1,0,0,1,1
92308,0035000000xLrY8AAK,0.0,60,1259.0,1461.0,0,0,0,1,0,0,0,0,1,0,0,1,1
92309,0035000000xLsdLAAS,0.0,40,81.0,8751.0,0,0,0,1,0,0,1,0,0,0,0,1,1
92317,0035000000xM67AAAS,0.0,0,2245.0,2927.0,0,0,0,1,0,0,0,0,1,0,0,1,1
92329,0035000000xMKolAAG,0.0,60,529.0,1447.0,0,0,0,1,0,0,1,0,0,0,0,1,1
92340,0035000000xMTlwAAG,0.0,0,117.0,8789.0,0,0,0,1,0,1,0,0,0,0,0,1,1
92347,0035000000xMfnNAAS,0.0,30,427.0,9483.0,0,0,0,1,0,0,1,0,0,0,1,0,1
92352,0035000000xMp0XAAS,0.0,30,3243.0,8944.0,0,0,0,0,1,0,1,0,0,0,0,1,1
92356,0035000000xMrbUAAS,0.0,0,246.0,7678.0,0,0,0,1,0,0,1,0,0,0,0,1,1
92369,0035000000xN8JvAAK,0.0,40,761.0,1460.0,0,0,0,1,0,0,0,0,1,0,0,1,1
92373,0035000000xNGgVAAW,0.0,0,1627.0,8401.0,0,1,0,0,0,0,0,0,1,0,0,1,1
92376,0035000000xNJGEAA4,0.0,30,28.0,3565.0,0,0,0,1,0,0,1,0,0,0,0,1,1
92380,0035000000xNLVCAA4,0.0,10,1421.0,1460.0,0,0,0,1,0,0,0,0,1,0,0,1,1
92385,00350000010QLfoAAG,0.0,0,0.0,8526.0,0,0,0,1,0,0,1,0,0,0,0,1,1
92462,00350000010QZiMAAW,0.0,60,1022.0,3561.0,0,0,0,1,0,0,1,0,0,0,0,1,1
92465,00350000010QdF3AAK,0.0,10,355.0,1460.0,0,0,0,1,0,0,0,0,1,0,0,1,1
92467,00350000010QeVYAA0,0.0,10,177.0,329.0,0,0,0,1,0,0,1,0,0,0,0,1,1
92471,00350000010QnKvAAK,0.0,0,3342.0,1507.0,0,0,0,1,0,1,0,0,0,0,0,1,1
92473,00350000010R3WhAAK,0.0,0,721.0,1460.0,0,0,0,1,0,0,0,0,1,0,0,1,1
92487,00350000010RNulAAG,0.0,30,1296.0,4194.0,0,0,0,1,0,0,0,0,1,0,0,1,1
92489,00350000010RPNQAA4,0.0,10,1050.0,2277.0,0,0,0,1,0,0,0,0,1,0,0,1,1
92490,00350000010RPhzAAG,0.0,0,197.0,3413.0,0,0,0,1,0,0,1,0,0,0,0,1,0
92491,00350000010RTjIAAW,0.0,100,15.0,3060.0,0,0,0,1,0,0,1,0,0,0,0,1,1
92504,00350000010Rj40AAC,0.0,0,1547.0,3263.0,0,0,0,1,0,0,1,0,0,0,0,1,1
92508,00350000010RmgpAAC,0.0,20,195.0,1825.0,0,0,0,1,0,0,0,0,1,0,0,1,1
92514,00350000010Rpe9AAC,0.0,60,200.0,10569.0,0,1,0,0,0,1,0,0,0,0,0,1,1
92518,00350000010Rvg9AAC,0.0,0,652.0,2192.0,0,0,0,1,0,0,1,0,0,0,0,1,1
92545,00350000010S18DAAS,0.0,80,726.0,3717.0,0,0,0,1,0,0,1,0,0,0,0,1,1
92547,00350000010S2y0AAC,0.0,0,3762.0,1460.0,0,0,0,1,0,1,0,0,0,0,1,0,1
92548,00350000010S45FAAS,0.0,0,141.0,1331.0,0,0,0,1,0,0,0,0,1,0,0,1,1
92558,00350000011mwRQAAY,0.0,50,2199.0,5842.0,0,0,0,1,0,0,0,0,0,1,0,1,1
92560,00350000011mx6dAAA,0.0,0,0.0,7873.0,0,0,0,1,0,0,1,0,0,0,0,1,0
92566,00350000011oQBfAAM,0.0,0,0.0,4383.0,0,0,0,1,0,0,1,0,0,0,0,1,0
92567,00350000011oQbLAAU,0.0,60,45.0,767.0,0,0,0,1,0,0,1,0,0,0,0,1,1
92569,00350000011oR1tAAE,0.0,0,2992.0,1825.0,0,0,0,1,0,1,0,0,0,0,0,1,1
92577,00350000011od41AAA,0.0,20,333.0,9597.0,0,0,0,1,0,0,1,0,0,0,0,1,1
92578,00350000011od6NAAQ,0.0,40,685.0,1823.0,0,0,0,1,0,0,0,0,1,0,0,1,1
92600,00350000011ohz0AAA,0.0,90,639.0,2946.0,0,0,0,1,0,0,0,0,1,0,0,1,1
92619,00350000011oq8mAAA,0.0,0,0.0,8039.0,0,0,0,1,0,0,0,0,1,0,0,1,1
92633,00350000011p8QuAAI,0.0,40,2508.0,1461.0,0,0,0,1,0,0,1,0,0,0,0,1,1
92639,00350000011pDxqAAE,0.0,0,11.0,12405.0,0,0,0,1,0,0,1,0,0,0,0,1,1
92645,00350000011pKqPAAU,0.0,0,6.0,7323.0,0,0,0,1,0,0,0,0,1,0,0,1,1
92651,00350000011pRWiAAM,0.0,40,27.0,7708.0,0,0,0,1,0,0,1,0,0,0,0,1,1
92656,00350000011pX6MAAU,0.0,0,0.0,4572.0,0,0,0,1,0,0,1,0,0,0,1,0,1
92666,00350000011po4SAAQ,0.0,90,1623.0,2891.0,0,0,0,1,0,1,0,0,0,0,0,1,1
92669,00350000011pq3UAAQ,0.0,10,251.0,1460.0,0,0,0,1,0,0,0,0,1,0,0,1,1
92671,00350000011pqonAAA,0.0,0,9032.0,2779.0,0,0,0,0,1,0,0,0,0,1,1,0,1
92707,00350000013OzPgAAK,0.0,0,1570.0,1825.0,0,0,0,1,0,0,0,0,1,0,0,1,1
92724,00350000013PYUtAAO,0.0,20,937.0,7593.0,0,0,0,1,0,1,0,0,0,0,0,1,1
92732,00350000013Pr9OAAS,0.0,20,1269.0,2973.0,0,0,0,1,0,1,0,0,0,0,1,0,1
92749,00350000013Q80zAAC,0.0,0,359.0,2331.0,0,0,0,1,0,0,1,0,0,0,0,1,1
92750,00350000013Q8AZAA0,0.0,0,1349.0,2192.0,0,0,0,1,0,0,0,0,0,1,1,0,1
92752,00350000013Q8PdAAK,0.0,0,1275.0,2834.0,0,0,0,1,0,0,0,0,1,0,0,1,1
92765,00350000013QJ7TAAW,0.0,0,0.0,3468.0,0,0,0,1,0,0,1,0,0,0,0,1,0
92766,00350000013QLLRAA4,0.0,30,3504.0,1699.0,0,0,0,1,0,0,0,0,0,1,1,0,1
92768,00350000013QPugAAG,0.0,0,0.0,5633.0,0,0,0,1,0,0,1,0,0,0,1,0,0
92776,00350000013QVYBAA4,0.0,0,0.0,4805.0,0,0,0,1,0,0,0,0,1,0,0,1,1
92777,00350000013QWUFAA4,0.0,0,1096.0,1009.0,0,0,0,1,0,0,1,0,0,0,0,1,1
92779,00350000013QZCZAA4,0.0,50,138.0,2922.0,0,1,0,0,0,0,1,0,0,0,0,1,1
92783,00350000013QlmuAAC,0.0,80,157.0,5850.0,0,0,0,1,0,0,1,0,0,0,0,1,1
92788,00350000013QqowAAC,0.0,0,1234.0,2439.0,0,0,0,1,0,0,0,0,1,0,0,1,1
92802,00350000013R0ILAA0,0.0,0,376.0,8309.0,0,0,0,1,0,0,1,0,0,0,0,1,1
92805,00350000013R3ExAAK,0.0,0,1929.0,1536.0,0,0,0,1,0,0,1,0,0,0,0,1,0
92806,00350000013R3e3AAC,0.0,0,1963.0,6218.0,0,0,0,0,1,0,1,0,0,0,0,1,1
92813,00350000013RDYKAA4,0.0,0,148.0,1221.0,0,0,0,1,0,0,1,0,0,0,0,1,1
92816,00350000013RFcCAAW,0.0,40,7.0,2612.0,0,0,0,1,0,0,1,0,0,0,0,1,1
92821,00350000013RO7eAAG,0.0,0,1895.0,3362.0,0,0,0,0,1,0,1,0,0,0,1,0,1
92823,00350000013RORnAAO,0.0,0,1743.0,1461.0,0,0,0,0,1,0,1,0,0,0,0,1,0
92825,00350000013RTahAAG,0.0,40,104.0,4922.0,0,1,0,0,0,0,0,0,1,0,0,1,1
92827,00350000013RVJGAA4,0.0,0,850.0,1768.0,0,0,0,1,0,0,1,0,0,0,0,1,1
92828,00350000013RVp5AAG,0.0,40,50.0,1586.0,0,0,0,1,0,0,1,0,0,0,0,1,1
92850,00350000013RoEbAAK,0.0,0,4335.0,833.0,0,0,0,1,0,0,1,0,0,0,1,0,1
92863,00350000013RsR3AAK,0.0,0,12404.0,1188.0,0,0,0,1,0,0,1,0,0,0,0,1,1
92876,00350000013S3BjAAK,0.0,0,0.0,4154.0,0,0,0,1,0,0,0,0,1,0,0,1,0
92885,00350000013S7d6AAC,0.0,0,140.0,1095.0,0,0,0,1,0,0,1,0,0,0,0,1,1
92888,00350000013S94jAAC,0.0,0,0.0,3060.0,0,0,0,1,0,0,0,0,1,0,0,1,1
92892,00350000013SCQgAAO,0.0,0,79.0,2191.0,0,0,0,1,0,0,0,0,0,1,0,1,1
92893,00350000013SCVrAAO,0.0,0,1577.0,7551.0,0,0,0,1,0,1,0,0,0,0,0,1,1
92900,00350000013SGZPAA4,0.0,30,0.0,4810.0,0,0,0,1,0,0,0,0,1,0,0,1,0
92904,00350000013SIKdAAO,0.0,20,139.0,7779.0,0,0,0,1,0,1,0,0,0,0,1,0,1
92908,00350000013SRqlAAG,0.0,50,969.0,1679.0,0,0,0,1,0,0,1,0,0,0,0,1,1
92910,00350000013SSVyAAO,0.0,0,0.0,2902.0,0,0,0,1,0,0,0,0,1,0,0,1,0
92917,00350000013SVsjAAG,0.0,100,202.0,6939.0,0,0,0,1,0,1,0,0,0,0,0,1,1
92922,00350000013SZ1YAAW,0.0,0,50.0,7331.0,0,0,0,1,0,0,0,0,0,1,0,1,1
92937,00350000013SgagAAC,0.0,30,2108.0,1844.0,0,0,0,1,0,0,1,0,0,0,0,1,1
92938,00350000013ShnmAAC,0.0,0,388.0,2181.0,0,0,0,1,0,0,1,0,0,0,0,1,1
92943,00350000015zoUNAAY,0.0,0,2002.0,1795.0,0,0,0,1,0,0,1,0,0,0,0,1,1
92944,00350000015zp5kAAA,0.0,0,210.0,9009.0,0,0,0,1,0,0,1,0,0,0,0,1,0
92951,00350000015zvlYAAQ,0.0,40,3629.0,7366.0,0,0,0,1,0,0,1,0,0,0,1,0,1
92952,00350000015zwvpAAA,0.0,0,43.0,365.0,0,0,0,1,0,0,1,0,0,0,0,1,1
92954,00350000015zxSBAAY,0.0,0,25.0,3850.0,0,0,0,1,0,0,0,0,0,1,0,1,1
92963,0035000001603uBAAQ,0.0,40,57.0,2330.0,0,0,0,1,0,0,1,0,0,0,0,1,0
92979,003500000160IcNAAU,0.0,60,142.0,1112.0,0,0,0,1,0,0,1,0,0,0,0,1,0
92989,003500000160OatAAE,0.0,0,503.0,2463.0,0,0,0,1,0,0,1,0,0,0,0,1,1
93045,003500000161Bm5AAE,0.0,0,0.0,3187.0,0,0,0,1,0,0,0,0,1,0,0,1,1
93049,003500000161DmDAAU,0.0,0,359.0,1825.0,0,0,0,1,0,0,1,0,0,0,0,1,1
93063,003500000161OFsAAM,0.0,40,2169.0,1461.0,0,0,0,1,0,0,0,0,1,0,0,1,1
93065,003500000161OXZAA2,0.0,0,1681.0,7335.0,0,0,0,1,0,0,0,1,0,0,0,1,1
93077,003500000161XEeAAM,0.0,60,3022.0,1461.0,0,0,0,1,0,0,0,0,1,0,0,1,1
93084,003500000161ZKDAA2,0.0,0,131.0,3283.0,0,0,0,1,0,0,0,0,0,1,0,1,1
93090,003500000161fRuAAI,0.0,30,100.0,4991.0,0,0,0,1,0,0,1,0,0,0,0,1,1
93100,003500000161keEAAQ,0.0,0,8481.0,1460.0,0,0,0,1,0,0,0,0,1,0,0,1,1
93101,003500000161kmcAAA,0.0,0,41.0,10134.0,0,0,0,1,0,1,0,0,0,0,0,1,0
93107,003500000161miwAAA,0.0,0,1761.0,1825.0,0,0,0,1,0,0,1,0,0,0,0,1,1
93120,003500000161ooYAAQ,0.0,10,7437.0,1734.0,0,0,0,1,0,0,0,0,1,0,0,1,1
93134,003500000161vNiAAI,0.0,0,0.0,7277.0,0,0,0,1,0,0,1,0,0,0,0,1,0
93155,0035000001626FeAAI,0.0,0,284.0,1152.0,0,0,0,1,0,0,1,0,0,0,1,0,1
93165,0035000001628OLAAY,0.0,80,2067.0,2981.0,0,0,0,1,0,0,1,0,0,0,1,0,1
93171,003500000162BPqAAM,0.0,90,536.0,5113.0,0,0,0,1,0,0,1,0,0,0,0,1,1
93174,003500000162C3IAAU,0.0,10,631.0,2708.0,0,0,0,1,0,0,1,0,0,0,0,1,1
93180,003500000162CrWAAU,0.0,50,1727.0,4230.0,0,0,0,1,0,0,0,0,1,0,0,1,0
93191,003500000162IIyAAM,0.0,60,391.0,3536.0,0,0,0,1,0,0,1,0,0,0,1,0,1
93199,003500000162LRyAAM,0.0,0,3549.0,2527.0,0,0,0,1,0,0,0,0,1,0,0,1,0
93220,00350000017rkdrAAA,0.0,20,25.0,2530.0,0,0,0,1,0,0,1,0,0,0,1,0,1
93223,00350000017rlCEAAY,0.0,20,119.0,3795.0,0,0,0,1,0,0,0,0,0,1,1,0,1
93228,00350000017rnANAAY,0.0,50,1410.0,1464.0,0,0,0,1,0,0,1,0,0,0,0,1,0
93237,00350000017rp7hAAA,0.0,0,3430.0,2926.0,0,0,0,1,0,0,1,0,0,0,1,0,1
93249,00350000017rvftAAA,0.0,60,273.0,3905.0,0,0,0,1,0,0,1,0,0,0,1,0,1
93256,00350000017ryBNAAY,0.0,0,69.0,1207.0,0,0,0,1,0,0,1,0,0,0,0,1,1
93304,00350000017s4dzAAA,0.0,50,538.0,8218.0,0,0,0,1,0,0,0,0,0,1,0,1,1
93305,00350000017s4vmAAA,0.0,0,0.0,8127.0,0,0,0,1,0,0,0,0,0,1,0,1,0
93311,00350000017s7m1AAA,0.0,0,1032.0,1460.0,0,0,0,1,0,0,0,0,1,0,0,1,1
93331,00350000017sIDlAAM,0.0,0,51.0,3105.0,0,0,0,1,0,1,0,0,0,0,0,1,1
93352,00350000017sNfmAAE,0.0,0,941.0,2830.0,0,0,0,1,0,0,0,0,0,1,0,1,0
93356,00350000017sOvFAAU,0.0,0,0.0,1115.0,0,0,0,1,0,0,1,0,0,0,0,1,0
93372,00350000017sT7QAAU,0.0,0,0.0,6210.0,0,0,0,1,0,0,1,0,0,0,1,0,1
93373,00350000017sTk8AAE,0.0,0,0.0,9153.0,0,0,0,1,0,0,1,0,0,0,0,1,0
93392,00350000017shtmAAA,0.0,0,0.0,2192.0,0,0,0,1,0,1,0,0,0,0,0,1,0
93393,00350000017sj45AAA,0.0,0,1793.0,4567.0,0,0,0,1,0,0,1,0,0,0,0,1,1
93404,00350000017sqOpAAI,0.0,0,2990.0,1460.0,0,0,0,1,0,0,1,0,0,0,0,1,1
93422,00350000017swmxAAA,0.0,60,1062.0,3288.0,0,0,0,1,0,0,0,0,1,0,0,1,1
93427,00350000017sxvvAAA,0.0,70,628.0,5234.0,0,0,0,1,0,0,0,0,0,1,1,0,1
93431,00350000017t1NqAAI,0.0,0,426.0,2922.0,0,0,0,1,0,0,1,0,0,0,0,1,1
93512,00350000017tycAAAQ,0.0,20,310.0,4889.0,0,0,0,0,1,0,1,0,0,0,0,1,0
93516,00350000017u0GDAAY,0.0,20,1619.0,1826.0,0,0,0,1,0,0,0,0,1,0,0,1,1
93517,00350000017u1h7AAA,0.0,10,308.0,7313.0,0,0,0,1,0,0,0,0,0,1,0,1,1
93518,00350000017u2MAAAY,0.0,0,647.0,1466.0,0,0,0,1,0,0,1,0,0,0,0,1,1
93530,00350000017u9hnAAA,0.0,0,0.0,6093.0,0,0,0,1,0,0,0,0,1,0,0,1,0
93544,00350000017uHvyAAE,0.0,0,0.0,1826.0,0,0,0,1,0,0,0,0,1,0,0,1,0
93547,00350000017uJguAAE,0.0,0,40.0,2727.0,0,0,0,1,0,0,1,0,0,0,0,1,0
93554,00350000017uMuyAAE,0.0,0,0.0,2969.0,0,0,0,1,0,0,0,0,1,0,0,1,0
93557,00350000017uO53AAE,0.0,50,1337.0,7310.0,0,0,0,1,0,0,0,0,1,0,0,1,1
93561,00350000017uPPfAAM,0.0,0,0.0,9550.0,0,0,0,1,0,0,1,0,0,0,0,1,1
93563,00350000017uQXkAAM,0.0,0,0.0,10611.0,0,0,0,1,0,0,1,0,0,0,0,1,1
93566,00350000017uRI8AAM,0.0,0,0.0,7328.0,0,0,0,1,0,0,1,0,0,0,0,1,0
93567,00350000017uRS7AAM,0.0,30,0.0,10899.0,0,0,0,1,0,1,0,0,0,0,0,1,0
93571,00350000017uWcoAAE,0.0,80,121.0,5144.0,0,0,0,0,1,0,1,0,0,0,0,1,1
93577,00350000017uWkfAAE,0.0,0,1497.0,2191.0,0,0,0,1,0,0,1,0,0,0,1,0,1
93586,00350000017uXcAAAU,0.0,0,0.0,8627.0,0,0,0,1,0,1,0,0,0,0,0,1,0
93597,00350000017uYoFAAU,0.0,0,0.0,2032.0,0,0,0,1,0,0,1,0,0,0,1,0,1
93604,00350000017ueY8AAI,0.0,0,2436.0,1050.0,0,0,0,1,0,0,1,0,0,0,0,1,0
93608,00350000017uhokAAA,0.0,0,0.0,10608.0,0,0,0,1,0,0,1,0,0,0,0,1,0
93612,00350000017ujC6AAI,0.0,0,18.0,3176.0,0,0,0,1,0,0,0,0,0,1,0,1,1
93620,00350000017ulNNAAY,0.0,10,1798.0,722.0,0,0,0,1,0,0,1,0,0,0,0,1,0
93636,00350000017vA1xAAE,0.0,40,5309.0,1327.0,0,0,0,1,0,1,0,0,0,0,1,0,1
93644,00350000017vD4cAAE,0.0,0,0.0,5479.0,0,0,0,1,0,0,0,0,1,0,0,1,0
93655,00350000017vIZXAA2,0.0,0,2805.0,2374.0,0,0,0,1,0,0,1,0,0,0,0,1,1
93656,00350000017vK67AAE,0.0,50,3088.0,61.0,0,0,0,1,0,0,0,0,1,0,0,1,0
93667,00350000017vNdPAAU,0.0,0,5462.0,6210.0,0,0,0,1,0,0,0,0,0,1,0,1,1
93672,00350000017vPf2AAE,0.0,0,674.0,176.0,0,0,0,1,0,1,0,0,0,0,1,0,1
93673,00350000017vPrIAAU,0.0,0,0.0,7274.0,0,0,0,1,0,0,1,0,0,0,0,1,0
93686,00350000017vYBLAA2,0.0,30,3712.0,5147.0,0,0,0,1,0,0,0,0,0,1,0,1,1
93702,00350000017vfURAAY,0.0,30,1999.0,8587.0,0,0,0,1,0,1,0,0,0,0,0,1,1
93709,00350000017vgrRAAQ,0.0,0,4281.0,330.0,0,0,0,1,0,0,0,0,0,1,0,1,0
93711,00350000017viNdAAI,0.0,30,45.0,1515.0,0,0,0,1,0,1,0,0,0,0,0,1,1
93721,00350000017vl97AAA,0.0,0,9174.0,2388.0,0,0,0,1,0,0,1,0,0,0,0,1,1
93748,0035000001ARC0DAAX,0.0,0,88.0,8810.0,0,0,0,1,0,0,0,0,0,1,0,1,1
93752,0035000001ARDFBAA5,0.0,100,2031.0,8117.0,0,0,0,0,1,0,0,0,1,0,0,1,1
93774,0035000001ARPEeAAP,0.0,20,1366.0,1552.0,0,0,0,1,0,0,0,0,1,0,0,1,1
93775,0035000001ARPLfAAP,0.0,0,2347.0,1462.0,0,0,0,1,0,0,1,0,0,0,0,1,1
93777,0035000001ARQKCAA5,0.0,60,4876.0,2097.0,0,0,0,1,0,1,0,0,0,0,1,0,1
93821,0035000001ARnbxAAD,0.0,70,1684.0,1461.0,0,0,0,1,0,0,0,0,1,0,0,1,1
93824,0035000001ARouNAAT,0.0,70,2014.0,1460.0,0,0,0,1,0,0,0,0,1,0,0,1,1
93827,0035000001ARpbfAAD,0.0,0,89.0,7390.0,0,0,0,1,0,0,0,0,1,0,0,1,1
93832,0035000001ARuyEAAT,0.0,0,0.0,6052.0,0,0,0,1,0,0,1,0,0,0,0,1,1
93836,0035000001ARyLVAA1,0.0,0,2611.0,1460.0,0,0,0,1,0,0,1,0,0,0,0,1,1
93838,0035000001ARztzAAD,0.0,0,60.0,3808.0,0,0,0,1,0,0,0,0,1,0,0,1,1
93841,0035000001AS2A8AAL,0.0,30,334.0,2952.0,0,0,0,1,0,0,1,0,0,0,0,1,1
93842,0035000001AS3W4AAL,0.0,30,430.0,11032.0,0,0,0,1,0,0,0,0,0,1,0,1,1
93847,0035000001AS5lSAAT,0.0,70,125.0,7314.0,0,0,0,1,0,0,1,0,0,0,0,1,1
93851,0035000001AS69YAAT,0.0,50,1021.0,1774.0,0,1,0,0,0,0,1,0,0,0,1,0,1
93856,0035000001AS85sAAD,0.0,80,1394.0,60.0,0,1,0,0,0,0,1,0,0,0,0,1,1
93861,0035000001AS9HNAA1,0.0,10,4005.0,2151.0,0,0,0,1,0,0,1,0,0,0,0,1,1
93878,0035000001ASDPNAA5,0.0,20,6881.0,641.0,0,0,0,1,0,0,0,0,1,0,1,0,1
93913,0035000001ASK2IAAX,0.0,0,2284.0,2911.0,0,0,0,1,0,0,0,0,1,0,1,0,1
93914,0035000001ASK4zAAH,0.0,0,842.0,2266.0,0,0,0,1,0,0,1,0,0,0,1,0,1
93932,0035000001ASPbOAAX,0.0,0,0.0,1460.0,0,0,0,1,0,0,0,0,0,1,1,0,0
93951,0035000001ASWvJAAX,0.0,40,1979.0,1827.0,0,0,0,1,0,0,0,0,1,0,0,1,0
93961,0035000001ASbTOAA1,0.0,0,133.0,7271.0,0,0,0,1,0,0,1,0,0,0,0,1,1
93968,0035000001AShJpAAL,0.0,70,2109.0,7313.0,0,0,0,1,0,0,1,0,0,0,0,1,1
93973,0035000001ASjCNAA1,0.0,0,1511.0,1093.0,0,0,0,1,0,0,0,0,1,0,0,1,0
93978,0035000001ASklzAAD,0.0,0,352.0,7318.0,0,0,0,1,0,0,0,0,0,1,0,1,1
93983,0035000001ASpQUAA1,0.0,0,564.0,2946.0,0,0,0,1,0,0,0,0,1,0,0,1,1
93992,0035000001ASvEOAA1,0.0,0,9.0,7590.0,0,0,0,1,0,1,0,0,0,0,0,1,1
94008,0035000001AT4m5AAD,0.0,40,3147.0,7321.0,0,0,0,1,0,0,1,0,0,0,0,1,1
94020,0035000001ATEkxAAH,0.0,0,0.0,6592.0,0,0,0,1,0,0,1,0,0,0,1,0,1
94022,0035000001ATJIuAAP,0.0,0,190.0,3371.0,0,0,0,1,0,0,0,0,1,0,0,1,1
94029,0035000001ATPteAAH,0.0,20,1241.0,2934.0,0,0,0,1,0,0,0,0,0,1,1,0,1
94032,0035000001ATQLZAA5,0.0,50,364.0,1473.0,0,1,0,0,0,0,0,0,1,0,0,1,1
94035,0035000001ATQjpAAH,0.0,10,908.0,1461.0,0,0,0,1,0,0,0,0,1,0,0,1,1
94038,0035000001ATSLsAAP,0.0,0,0.0,4747.0,0,0,0,1,0,0,0,0,1,0,0,1,0
94042,0035000001ATWOjAAP,0.0,0,0.0,1669.0,0,0,0,1,0,0,1,0,0,0,0,1,1
94047,0035000001ATc00AAD,0.0,70,683.0,7600.0,0,0,0,1,0,0,1,0,0,0,0,1,0
94050,0035000001ATcwVAAT,0.0,0,0.0,9515.0,0,0,0,1,0,0,1,0,0,0,0,1,0
94051,0035000001ATd5zAAD,0.0,90,233.0,10392.0,0,0,0,1,0,0,0,0,0,1,0,1,1
94061,0035000001ATnDGAA1,0.0,20,5167.0,2359.0,0,0,0,1,0,0,1,0,0,0,0,1,1
94069,0035000001ATqfqAAD,0.0,60,13297.0,3041.0,0,0,0,1,0,0,1,0,0,0,0,1,1
94080,0035000001ATw6XAAT,0.0,0,233.0,3051.0,0,0,0,1,0,0,0,0,1,0,0,1,1
94083,0035000001AU2k3AAD,0.0,0,1.0,5134.0,0,0,0,1,0,0,1,0,0,0,0,1,1
94104,0035000001AU8ZWAA1,0.0,80,2378.0,1096.0,0,0,0,1,0,0,1,0,0,0,0,1,1
94105,0035000001AUA24AAH,0.0,40,2488.0,7617.0,0,0,0,1,0,1,0,0,0,0,0,1,1
94107,0035000001AUEPlAAP,0.0,20,1279.0,2929.0,0,0,0,1,0,0,0,0,1,0,0,1,1
94120,0035000001AUHSFAA5,0.0,0,1143.0,1269.0,0,0,0,1,0,0,1,0,0,0,1,0,1
94121,0035000001AUHqQAAX,0.0,30,321.0,2644.0,0,0,0,1,0,1,0,0,0,0,1,0,0
94126,0035000001AUMU9AAP,0.0,0,2429.0,1199.0,0,0,0,1,0,0,1,0,0,0,1,0,1
94133,0035000001AUTkTAAX,0.0,50,6626.0,2191.0,0,0,0,1,0,1,0,0,0,0,0,1,1
94153,0035000001AUgSXAA1,0.0,100,10088.0,1350.0,0,0,0,1,0,1,0,0,0,0,1,0,0
94176,0035000001AUu36AAD,0.0,0,0.0,2426.0,0,0,0,1,0,0,0,0,0,1,0,1,0
94197,0035000001AV2iPAAT,0.0,0,54.0,1460.0,0,0,0,1,0,1,0,0,0,0,0,1,1
94198,0035000001AV5EkAAL,0.0,10,2126.0,2797.0,0,0,0,1,0,0,1,0,0,0,0,1,1
94211,0035000001AVBzKAAX,0.0,70,1704.0,1391.0,0,0,0,1,0,0,1,0,0,0,0,1,1
94214,0035000001AVCk6AAH,0.0,0,712.0,1052.0,0,0,0,1,0,0,0,0,0,1,0,1,1
94219,0035000001AVGauAAH,0.0,0,2094.0,4113.0,0,0,0,1,0,0,1,0,0,0,0,1,1
94227,0035000001AVLTEAA5,0.0,20,2220.0,1550.0,0,0,0,1,0,0,1,0,0,0,1,0,0
94229,0035000001AVLljAAH,0.0,70,2133.0,1427.0,0,0,0,1,0,0,1,0,0,0,0,1,0
94232,0035000001AVN2CAAX,0.0,0,73.0,1591.0,0,0,0,1,0,0,1,0,0,0,0,1,0
94233,0035000001AVNAGAA5,0.0,0,9.0,3987.0,0,0,0,1,0,0,1,0,0,0,0,1,1
94241,0035000001DkqtaAAB,0.0,0,0.0,7914.0,0,0,0,1,0,0,0,0,1,0,0,1,1
94246,0035000001DkuLPAAZ,0.0,50,0.0,8222.0,0,0,0,1,0,0,1,0,0,0,0,1,1
94247,0035000001DkuZwAAJ,0.0,80,1201.0,2299.0,0,0,0,1,0,0,1,0,0,0,0,1,1
94249,0035000001DkwFXAAZ,0.0,0,4583.0,1460.0,0,0,0,1,0,0,0,0,1,0,0,1,1
94257,0035000001DkzkcAAB,0.0,40,12141.0,1096.0,0,0,0,1,0,0,1,0,0,0,0,1,1
94270,0035000001Dl5jTAAR,0.0,70,2924.0,8647.0,0,0,0,1,0,0,1,0,0,0,0,1,0
94290,0035000001Dl82zAAB,0.0,90,493.0,7321.0,0,0,0,1,0,0,1,0,0,0,0,1,1
94291,0035000001Dl8BdAAJ,0.0,0,1560.0,1509.0,0,0,0,1,0,0,0,0,1,0,0,1,1
94292,0035000001Dl8IfAAJ,0.0,40,531.0,1825.0,0,0,0,1,0,0,0,0,1,0,0,1,1
94331,0035000001DlJSkAAN,0.0,10,3483.0,1096.0,0,0,0,1,0,0,1,0,0,0,0,1,1
94334,0035000001DlJx1AAF,0.0,0,2.0,2032.0,0,0,0,1,0,1,0,0,0,0,1,0,1
94348,0035000001DlcmQAAR,0.0,0,279.0,1460.0,0,0,0,1,0,0,0,0,1,0,0,1,1
94351,0035000001DldO0AAJ,0.0,0,96.0,1269.0,0,0,0,1,0,0,0,0,0,1,0,1,1
94353,0035000001DldcgAAB,0.0,0,586.0,9950.0,0,0,0,1,0,0,0,0,0,1,0,1,1
94366,0035000001Dll9uAAB,0.0,20,2992.0,1613.0,0,0,0,1,0,0,1,0,0,0,1,0,1
94372,0035000001DlopTAAR,0.0,0,34.0,1740.0,0,0,0,1,0,0,0,0,1,0,0,1,1
94378,0035000001DltCnAAJ,0.0,0,0.0,2699.0,1,0,0,0,0,0,1,0,0,0,0,1,0
94386,0035000001Dlw3vAAB,0.0,10,7238.0,1020.0,0,0,0,1,0,0,0,0,1,0,0,1,1
94396,0035000001Dm0HkAAJ,0.0,0,1049.0,2840.0,0,0,0,1,0,0,0,0,1,0,0,1,1
94401,0035000001Dm2I7AAJ,0.0,0,2.0,2798.0,0,1,0,0,0,0,1,0,0,0,0,1,1
94407,0035000001Dm4qrAAB,0.0,0,5462.0,7381.0,0,0,0,1,0,1,0,0,0,0,0,1,1
94410,0035000001Dm5uqAAB,0.0,0,132.0,7332.0,0,0,0,1,0,0,0,0,0,1,0,1,1
94414,0035000001Dm80DAAR,0.0,0,0.0,8552.0,0,0,0,1,0,0,1,0,0,0,0,1,1
94435,0035000001DmeVZAAZ,0.0,0,934.0,1734.0,0,0,0,1,0,0,0,0,1,0,0,1,1
94448,0035000001DmjjAAAR,0.0,20,43.0,7223.0,0,0,0,1,0,0,0,0,1,0,0,1,1
94450,0035000001Dmk9pAAB,0.0,0,137.0,8564.0,0,0,0,1,0,0,0,0,0,1,0,1,1
94452,0035000001DmkrfAAB,0.0,0,0.0,1826.0,0,0,0,1,0,0,0,0,1,0,0,1,0
94454,0035000001DmlgJAAR,0.0,0,2788.0,1370.0,0,0,0,1,0,0,0,0,0,1,0,1,1
94467,0035000001Dmr8sAAB,0.0,0,10958.0,1460.0,0,0,0,1,0,1,0,0,0,0,0,1,1
94473,0035000001DmsR4AAJ,0.0,10,5881.0,1255.0,0,0,0,1,0,0,0,0,0,1,1,0,0
94479,0035000001DmtRQAAZ,0.0,0,7614.0,1425.0,0,0,0,1,0,0,0,0,0,1,0,1,1
94498,0035000001DmzzBAAR,0.0,0,2204.0,7933.0,0,0,0,1,0,0,0,0,1,0,0,1,1
94504,0035000001Dn2h8AAB,0.0,40,1939.0,7470.0,0,0,0,1,0,0,0,0,0,1,0,1,1
94516,0035000001Dn9UYAAZ,0.0,20,8437.0,412.0,0,0,0,1,0,0,1,0,0,0,0,1,1
94518,0035000001DnB4bAAF,0.0,0,95.0,6332.0,0,0,0,1,0,0,0,0,0,1,0,1,1
94550,0035000001DnMzOAAV,0.0,0,1021.0,5907.0,0,1,0,0,0,0,0,0,0,1,0,1,1
94602,0035000001GfRnsAAF,0.0,0,0.0,1318.0,0,0,0,1,0,0,1,0,0,0,1,0,1
94608,0035000001Gfc8mAAB,0.0,0,1035.0,2889.0,0,0,0,1,0,0,0,0,1,0,0,1,1
94623,0035000001Gfpb0AAB,0.0,40,10939.0,2183.0,0,0,0,1,0,0,0,0,0,1,0,1,1
94628,0035000001Gg2SEAAZ,0.0,30,46.0,1430.0,0,0,0,1,0,0,1,0,0,0,1,0,1
94630,0035000001Gg7X1AAJ,0.0,0,2.0,5813.0,0,0,0,0,1,0,0,0,0,1,1,0,1
94631,0035000001Gg9crAAB,0.0,0,688.0,1460.0,0,0,0,1,0,1,0,0,0,0,0,1,1
94672,0035000001Gh8qCAAR,0.0,90,447.0,8148.0,0,0,0,1,0,0,1,0,0,0,0,1,1
94675,0035000001GhL0jAAF,0.0,40,824.0,1462.0,0,0,0,1,0,0,0,0,1,0,0,1,1
94677,0035000001GhUQjAAN,0.0,0,13.0,1720.0,0,0,0,1,0,0,1,0,0,0,0,1,1
94681,0035000001GhYpPAAV,0.0,0,244.0,5369.0,0,0,0,1,0,0,0,0,0,1,0,1,1
94683,0035000001GhaMPAAZ,0.0,0,9875.0,1127.0,0,0,0,1,0,0,1,0,0,0,0,1,1
94684,0035000001GhaV5AAJ,0.0,20,918.0,1826.0,0,0,0,1,0,0,0,0,0,1,0,1,0
94687,0035000001GhilgAAB,0.0,50,988.0,1461.0,0,0,0,1,0,0,0,0,1,0,0,1,1
94694,0035000001GhmMaAAJ,0.0,30,971.0,4806.0,0,1,0,0,0,0,0,0,1,0,0,1,0
94695,0035000001GhmNxAAJ,0.0,60,637.0,9444.0,0,0,0,1,0,1,0,0,0,0,0,1,1
94696,0035000001GhmZgAAJ,0.0,30,1359.0,4407.0,0,0,0,1,0,0,1,0,0,0,0,1,1
94699,0035000001GhnxtAAB,0.0,80,879.0,7751.0,0,0,0,1,0,0,1,0,0,0,0,1,1
94701,0035000001GhpSnAAJ,0.0,0,1692.0,1825.0,0,0,0,1,0,0,0,0,1,0,0,1,1
94706,0035000001GhxihAAB,0.0,0,325.0,4247.0,0,0,0,1,0,0,1,0,0,0,0,1,1
94716,0035000001Gi18OAAR,0.0,0,0.0,3071.0,1,0,0,0,0,0,1,0,0,0,0,1,1
94717,0035000001Gi1YDAAZ,0.0,80,679.0,2800.0,0,0,0,1,0,0,1,0,0,0,0,1,1
94719,0035000001Gi3STAAZ,0.0,0,286.0,4779.0,0,0,0,1,0,0,0,0,1,0,0,1,1
94729,0035000001Gi9IsAAJ,0.0,0,2.0,4539.0,0,0,0,1,0,1,0,0,0,0,1,0,1
94733,0035000001GiLi5AAF,0.0,0,0.0,3045.0,0,0,0,1,0,0,1,0,0,0,0,1,0
94734,0035000001GiLw0AAF,0.0,0,476.0,1462.0,0,0,0,1,0,0,0,0,0,1,0,1,1
94753,0035000001GiohqAAB,0.0,30,425.0,2923.0,0,0,0,1,0,0,1,0,0,0,1,0,1
94755,0035000001GiqlhAAB,0.0,0,2110.0,3190.0,0,0,0,1,0,0,1,0,0,0,0,1,1
94762,0035000001Gj1jCAAR,0.0,40,1040.0,1836.0,0,0,0,1,0,0,1,0,0,0,0,1,1
94773,0035000001Gj9aHAAR,0.0,0,1890.0,2059.0,0,0,0,1,0,0,1,0,0,0,0,1,1
94778,0035000001GjA8OAAV,0.0,0,40.0,3097.0,0,0,0,1,0,1,0,0,0,0,0,1,1
94786,0035000001GjBGCAA3,0.0,10,757.0,334.0,0,0,0,1,0,0,0,0,0,1,1,0,0
94792,0035000001GjCYbAAN,0.0,0,0.0,4093.0,0,0,0,1,0,0,0,0,1,0,0,1,0
94793,0035000001GjFHDAA3,0.0,0,3083.0,1461.0,0,0,0,1,0,0,1,0,0,0,0,1,1
94798,0035000001GjHpfAAF,0.0,20,7375.0,8253.0,0,0,0,1,0,0,0,0,0,1,0,1,1
94799,0035000001GjHrqAAF,0.0,0,219.0,3807.0,0,0,0,1,0,0,1,0,0,0,0,1,1
94803,0035000001GjIgkAAF,0.0,30,80.0,2705.0,0,0,0,1,0,0,1,0,0,0,0,1,1
94808,0035000001GjL1DAAV,0.0,60,2529.0,3204.0,0,0,0,1,0,0,1,0,0,0,0,1,1
94809,0035000001GjLrbAAF,0.0,0,10048.0,1461.0,0,0,0,1,0,0,0,0,0,1,1,0,1
94815,0035000001K7hDFAAZ,0.0,100,2208.0,5265.0,0,0,0,1,0,0,1,0,0,0,1,0,1
94817,0035000001K7hGTAAZ,0.0,60,1629.0,10963.0,0,0,0,1,0,0,0,1,0,0,0,1,1
94821,0035000001K7hTTAAZ,0.0,0,1485.0,7808.0,0,0,0,1,0,0,1,0,0,0,1,0,1
94825,0035000001K7hcVAAR,0.0,0,77.0,9002.0,0,0,0,1,0,0,1,0,0,0,0,1,1
94841,0035000001K7iLVAAZ,0.0,0,138.0,9775.0,0,0,0,1,0,1,0,0,0,0,0,1,0
94851,0035000001K7iznAAB,0.0,0,593.0,3882.0,0,0,0,1,0,0,0,0,1,0,0,1,1
94853,0035000001K7jCXAAZ,0.0,50,219.0,2344.0,0,0,0,1,0,0,1,0,0,0,0,1,1
94855,0035000001K7jHrAAJ,0.0,0,0.0,5666.0,0,0,0,1,0,0,1,0,0,0,0,1,0
94857,0035000001K7jeMAAR,0.0,0,2184.0,2923.0,0,0,0,1,0,0,1,0,0,0,0,1,0
94866,0035000001K7sWuAAJ,0.0,0,244.0,789.0,0,0,0,1,0,0,0,0,0,1,0,1,1
94876,0035000001K80xoAAB,0.0,0,49.0,2541.0,0,0,0,1,0,0,0,0,0,1,0,1,1
94882,0035000001K88yVAAR,0.0,0,107.0,2922.0,0,1,0,0,0,0,1,0,0,0,0,1,0
94889,0035000001K8RToAAN,0.0,0,531.0,3661.0,0,0,0,1,0,0,1,0,0,0,0,1,1
94891,0035000001K8STWAA3,0.0,60,658.0,2595.0,0,0,0,1,0,0,1,0,0,0,0,1,1
94895,0035000001K8TXEAA3,0.0,0,0.0,1249.0,0,0,0,1,0,0,1,0,0,0,0,1,0
94899,0035000001K8Ug0AAF,0.0,0,1666.0,3749.0,0,0,0,1,0,0,1,0,0,0,0,1,1
94901,0035000001K8Ve1AAF,0.0,60,727.0,1435.0,0,0,0,1,0,0,0,0,1,0,0,1,1
94903,0035000001K8VqlAAF,0.0,0,90.0,2553.0,0,0,0,1,0,0,1,0,0,0,0,1,1
94906,0035000001K8WIaAAN,0.0,80,1394.0,8809.0,0,0,0,1,0,1,0,0,0,0,0,1,0
94912,0035000001K8WhUAAV,0.0,60,978.0,3466.0,0,0,0,1,0,0,1,0,0,0,0,1,1
94920,0035000001K8Z5xAAF,0.0,0,5729.0,2936.0,0,0,0,1,0,0,1,0,0,0,0,1,1
94921,0035000001K8ZIlAAN,0.0,20,426.0,2834.0,0,0,0,1,0,1,0,0,0,0,0,1,1
94926,0035000001K8bAqAAJ,0.0,0,1743.0,4128.0,0,0,0,1,0,0,1,0,0,0,0,1,1
94960,0035000001K9H90AAF,0.0,0,7857.0,1827.0,0,0,0,1,0,0,0,0,0,1,0,1,0
94963,0035000001K9HptAAF,0.0,40,2558.0,11546.0,0,0,0,1,0,0,0,0,1,0,0,1,1
94966,0035000001K9IZGAA3,0.0,0,2838.0,1460.0,0,0,0,1,0,0,1,0,0,0,1,0,1
94967,0035000001K9IrRAAV,0.0,80,3112.0,2397.0,0,0,0,1,0,0,1,0,0,0,0,1,1
94968,0035000001K9J0FAAV,0.0,0,38.0,3138.0,0,0,0,1,0,0,0,0,1,0,0,1,1
94983,0035000001K9NXgAAN,0.0,0,31.0,9525.0,0,0,0,1,0,0,0,0,0,1,0,1,1
94986,0035000001K9OQcAAN,0.0,0,0.0,7305.0,0,0,0,1,0,0,1,0,0,0,0,1,1
94994,0035000001K9QHMAA3,0.0,0,153.0,3132.0,0,0,0,1,0,0,1,0,0,0,0,1,1
94998,0035000001K9QjaAAF,0.0,0,390.0,1749.0,0,0,0,1,0,0,1,0,0,0,0,1,0
95000,0035000001K9RG7AAN,0.0,0,0.0,4368.0,0,0,0,1,0,0,0,0,1,0,0,1,1
95003,0035000001K9XCiAAN,0.0,30,909.0,2191.0,0,0,0,1,0,1,0,0,0,0,0,1,1
95006,0035000001K9lPwAAJ,0.0,20,12333.0,1471.0,0,0,0,1,0,0,0,0,0,1,0,1,1
95010,0035000001K9m5lAAB,0.0,90,0.0,1479.0,0,1,0,0,0,0,0,0,1,0,0,1,0
95013,0035000001K9mRgAAJ,0.0,0,9213.0,1089.0,0,0,0,1,0,0,1,0,0,0,1,0,1
95018,0035000001K9mmfAAB,0.0,70,1184.0,2193.0,0,0,0,1,0,0,1,0,0,0,0,1,1
95032,0035000001K9p62AAB,0.0,0,0.0,2271.0,0,0,0,1,0,0,1,0,0,0,0,1,0
95036,0035000001KA1ibAAD,0.0,70,771.0,7316.0,0,0,0,1,0,0,0,0,0,1,0,1,0
95043,0035000001KA9LLAA1,0.0,100,0.0,1641.0,0,0,0,1,0,0,1,0,0,0,0,1,0
95085,0035000001KAR27AAH,0.0,0,631.0,8849.0,0,0,0,1,0,0,0,0,0,1,0,1,1
95088,0035000001KARhHAAX,0.0,0,10842.0,1462.0,0,0,0,1,0,1,0,0,0,0,0,1,0
95090,0035000001KASK5AAP,0.0,0,6002.0,3411.0,0,0,0,1,0,0,0,0,1,0,0,1,1
95095,0035000001KAUJ0AAP,0.0,0,1382.0,1461.0,0,0,0,1,0,0,0,0,1,0,0,1,1
95097,0035000001KAUQaAAP,0.0,0,911.0,1211.0,0,0,0,1,0,0,1,0,0,0,0,1,1
95107,0035000001KAcCOAA1,0.0,30,7595.0,3653.0,0,0,0,1,0,1,0,0,0,0,0,1,1
95137,0035000001Nes8EAAR,0.0,0,2544.0,1858.0,0,0,0,1,0,0,0,0,1,0,0,1,1
95150,0035000001NesycAAB,0.0,0,0.0,9241.0,0,0,0,1,0,1,0,0,0,0,0,1,1
95160,0035000001Neu3LAAR,0.0,0,1296.0,6642.0,0,0,0,1,0,0,1,0,0,0,0,1,1
95174,0035000001Nev5gAAB,0.0,0,1038.0,1096.0,0,0,0,1,0,0,1,0,0,0,1,0,1
95175,0035000001Nev61AAB,0.0,60,1082.0,3440.0,0,0,0,1,0,0,1,0,0,0,0,1,1
95181,0035000001NevJAAAZ,0.0,0,258.0,1461.0,0,0,0,1,0,0,0,0,1,0,0,1,1
95188,0035000001NevY5AAJ,0.0,0,59.0,7810.0,0,0,0,1,0,0,1,0,0,0,0,1,1
95190,0035000001NevaXAAR,0.0,0,1723.0,3848.0,0,0,0,1,0,0,0,0,0,1,0,1,0
95194,0035000001New3bAAB,0.0,0,1904.0,3746.0,0,0,0,1,0,0,0,0,0,1,0,1,1
95200,0035000001NexA2AAJ,0.0,0,2090.0,1460.0,0,0,0,1,0,0,1,0,0,0,0,1,1
95210,0035000001Nf1ZDAAZ,0.0,50,6715.0,1460.0,0,0,0,1,0,0,0,0,0,1,0,1,0
95240,0035000001NfzuTAAR,0.0,0,151.0,1740.0,0,0,0,1,0,0,0,0,0,1,0,1,1
95244,0035000001Ng0A7AAJ,0.0,0,1256.0,2430.0,0,0,0,1,0,0,1,0,0,0,0,1,1
95248,0035000001Ng0XqAAJ,0.0,0,346.0,5050.0,0,0,0,1,0,0,0,0,0,1,0,1,1
95251,0035000001Ng0iOAAR,0.0,0,4452.0,2472.0,0,0,0,1,0,0,0,0,0,1,0,1,1
95253,0035000001Ng1EnAAJ,0.0,0,163.0,1095.0,0,0,0,1,0,0,1,0,0,0,0,1,1
95274,0035000001Ng4wTAAR,0.0,0,60.0,4566.0,0,0,0,1,0,0,1,0,0,0,0,1,1
95285,0035000001Ng5JiAAJ,0.0,0,0.0,2495.0,0,0,0,1,0,0,1,0,0,0,0,1,0
95323,0035000001NhV3iAAF,0.0,100,1041.0,9299.0,0,0,0,1,0,1,0,0,0,0,0,1,1
95324,0035000001NhV8FAAV,0.0,0,12.0,141.0,0,0,0,1,0,0,0,1,0,0,0,1,1
95330,0035000001NhW5qAAF,0.0,0,500.0,3478.0,0,0,0,1,0,0,1,0,0,0,0,1,1
95337,0035000001NhXoHAAV,0.0,80,1331.0,2848.0,0,0,0,1,0,0,0,0,1,0,0,1,1
95338,0035000001NhXpzAAF,0.0,30,1358.0,1142.0,0,0,0,1,0,0,1,0,0,0,0,1,1
95339,0035000001NhXrqAAF,0.0,30,675.0,3307.0,0,1,0,0,0,0,1,0,0,0,0,1,1
95341,0035000001NhXybAAF,0.0,0,3198.0,8087.0,0,0,0,1,0,0,0,0,0,1,0,1,0
95345,0035000001NhZ9IAAV,0.0,0,4259.0,3760.0,0,0,0,1,0,0,0,0,1,0,0,1,1
95350,0035000001POToHAAX,0.0,0,1893.0,10197.0,0,0,0,1,0,0,0,0,0,1,0,1,1
95353,0035000001POU4RAAX,0.0,0,1881.0,2753.0,0,0,0,1,0,0,1,0,0,0,1,0,1
95355,0035000001POUCTAA5,0.0,90,64.0,9683.0,0,0,0,1,0,0,1,0,0,0,0,1,1
95402,0035000001PPEYNAA5,0.0,0,148.0,1826.0,0,0,0,1,0,0,0,0,1,0,0,1,0
95403,0035000001PPEbyAAH,0.0,50,2613.0,1845.0,0,0,0,1,0,0,1,0,0,0,0,1,1
95408,0035000001PPF1cAAH,0.0,0,5643.0,1399.0,0,0,0,1,0,1,0,0,0,0,0,1,1
95409,0035000001PPF22AAH,0.0,0,738.0,2191.0,0,0,0,1,0,0,1,0,0,0,1,0,1
95411,0035000001PPFtQAAX,0.0,0,1165.0,3892.0,0,0,0,1,0,0,1,0,0,0,0,1,1
95415,0035000001PPGX6AAP,0.0,0,6097.0,7956.0,0,0,0,1,0,0,0,0,0,1,0,1,0
95416,0035000001PPGYeAAP,0.0,60,2072.0,1460.0,0,0,0,1,0,0,0,0,1,0,0,1,1
95417,0035000001PPGijAAH,0.0,50,6577.0,5104.0,0,0,0,1,0,0,1,0,0,0,0,1,1
95420,0035000001PPH6LAAX,0.0,30,1566.0,1459.0,0,0,0,1,0,0,0,0,1,0,0,1,1
95421,0035000001PPHW1AAP,0.0,20,744.0,7805.0,0,0,0,1,0,1,0,0,0,0,0,1,1
95425,0035000001PPHrOAAX,0.0,60,7548.0,418.0,0,0,0,1,0,0,1,0,0,0,0,1,1
95429,0035000001PPIY4AAP,0.0,0,439.0,7318.0,0,0,0,1,0,0,0,0,0,1,0,1,1
95469,0035000001PQ6fRAAT,0.0,0,1183.0,691.0,0,0,0,1,0,0,1,0,0,0,0,1,1
95476,0035000001PQ7AkAAL,0.0,0,1228.0,3078.0,0,0,0,1,0,0,0,0,0,1,0,1,1
95482,0035000001PQ7gGAAT,0.0,70,2038.0,2191.0,0,0,0,1,0,1,0,0,0,0,0,1,1
95492,0035000001PQ8dIAAT,0.0,0,22.0,2464.0,0,0,0,1,0,0,1,0,0,0,1,0,1
95545,0035000001PQidPAAT,0.0,0,0.0,3358.0,1,0,0,0,0,0,0,0,1,0,0,1,1
95569,0035000001PQtrOAAT,0.0,20,930.0,1460.0,0,0,0,1,0,0,0,0,1,0,0,1,1
95571,0035000001PR3iQAAT,0.0,0,2205.0,2114.0,0,0,0,1,0,0,0,0,0,1,0,1,1
95574,0035000001PR4vhAAD,0.0,0,1754.0,2173.0,0,0,0,1,0,0,0,0,0,1,0,1,0
95575,0035000001PR4wQAAT,0.0,50,2838.0,1979.0,0,0,0,1,0,1,0,0,0,0,1,0,1
95590,0035000001PR54UAAT,0.0,0,22.0,1826.0,0,0,0,1,0,0,1,0,0,0,0,1,0
95593,0035000001PR5DVAA1,0.0,20,1460.0,1753.0,0,0,0,1,0,1,0,0,0,0,1,0,1
95595,0035000001PR5KzAAL,0.0,0,6072.0,1390.0,0,1,0,0,0,0,0,0,1,0,0,1,0
95596,0035000001PR5P4AAL,0.0,0,5599.0,1096.0,0,0,0,1,0,0,0,0,0,1,1,0,0
95597,0035000001PR5QLAA1,0.0,30,1215.0,5493.0,0,0,0,1,0,0,0,1,0,0,0,1,1
95604,0035000001PR62DAAT,0.0,90,337.0,5107.0,0,0,0,1,0,1,0,0,0,0,0,1,1
95640,0035000001PRHWNAA5,0.0,30,4132.0,1460.0,0,0,0,1,0,0,0,0,0,1,1,0,1
95657,0035000001PRhuPAAT,0.0,50,306.0,2122.0,0,0,0,1,0,0,0,0,1,0,0,1,1
95681,0035000001PS58JAAT,0.0,0,2844.0,1096.0,0,1,0,0,0,0,1,0,0,0,1,0,1
95682,0035000001PS59bAAD,0.0,50,1098.0,7314.0,0,0,0,1,0,0,0,0,0,1,0,1,1
95690,0035000001PS5hnAAD,0.0,40,1109.0,1727.0,0,0,0,1,0,0,1,0,0,0,0,1,1
95694,0035000001PS5onAAD,0.0,0,153.0,7307.0,0,0,0,1,0,0,1,0,0,0,0,1,1
95698,0035000001PS6J3AAL,0.0,40,4910.0,1460.0,0,0,0,1,0,0,0,0,1,0,0,1,1
95699,0035000001PS6JMAA1,0.0,0,2071.0,8551.0,0,0,0,1,0,0,0,0,0,1,0,1,0
95701,0035000001PS6lrAAD,0.0,30,1445.0,1461.0,0,0,0,1,0,0,0,0,1,0,0,1,1
95707,0035000001PS75pAAD,0.0,0,143.0,3315.0,0,0,0,1,0,0,0,0,1,0,0,1,1
95711,0035000001PS7x3AAD,0.0,40,1257.0,3704.0,0,0,0,1,0,1,0,0,0,0,0,1,1
95714,0035000001PS8QIAA1,0.0,30,338.0,8461.0,0,0,0,1,0,1,0,0,0,0,1,0,1
95716,0035000001PS8WVAA1,0.0,80,703.0,6603.0,0,0,0,1,0,0,0,0,1,0,0,1,1
95717,0035000001PS8tAAAT,0.0,0,8332.0,2575.0,0,0,0,1,0,0,1,0,0,0,1,0,1
95729,0035000001S2TaVAAV,0.0,0,2244.0,2113.0,0,0,0,1,0,0,1,0,0,0,1,0,1
95732,0035000001S2ZPKAA3,0.0,0,556.0,8866.0,0,0,0,1,0,1,0,0,0,0,0,1,1
95736,0035000001S2xAxAAJ,0.0,70,348.0,1871.0,0,0,0,1,0,0,1,0,0,0,0,1,0
95745,0035000001S2xeEAAR,0.0,0,4875.0,2172.0,0,0,0,1,0,0,1,0,0,0,0,1,1
95746,0035000001S2xiVAAR,0.0,60,414.0,4717.0,0,0,0,1,0,0,0,0,1,0,1,0,1
95757,0035000001S2z84AAB,0.0,0,405.0,2606.0,0,0,0,1,0,0,1,0,0,0,0,1,1
95760,0035000001S2zIxAAJ,0.0,0,1263.0,3483.0,0,0,0,1,0,0,0,0,1,0,0,1,1
95767,0035000001S30DTAAZ,0.0,0,0.0,11933.0,0,1,0,0,0,1,0,0,0,0,0,1,0
95774,0035000001S318PAAR,0.0,70,7018.0,2838.0,0,1,0,0,0,0,1,0,0,0,0,1,1
95778,0035000001S31UZAAZ,0.0,0,1080.0,1461.0,0,0,0,1,0,0,0,0,0,1,0,1,1
95782,0035000001S31wwAAB,0.0,0,0.0,1505.0,0,0,0,1,0,0,0,0,0,1,1,0,0
95811,0035000001S3oMYAAZ,0.0,0,0.0,8116.0,0,0,0,1,0,0,0,0,1,0,0,1,1
95813,0035000001S3pWcAAJ,0.0,0,829.0,3905.0,0,0,0,1,0,0,0,0,1,0,0,1,1
95833,0035000001S43ldAAB,0.0,20,451.0,1991.0,0,0,0,1,0,0,0,0,0,1,0,1,1
95834,0035000001S43pHAAR,0.0,0,2858.0,1096.0,0,0,0,1,0,0,1,0,0,0,0,1,1
95837,0035000001S43wpAAB,0.0,30,412.0,7308.0,0,0,0,1,0,0,0,0,0,1,0,1,1
95838,0035000001S43y7AAB,0.0,10,389.0,2922.0,0,0,0,1,0,0,0,0,1,0,0,1,1
95839,0035000001S441aAAB,0.0,0,12072.0,1036.0,0,0,0,1,0,0,1,0,0,0,0,1,0
95849,0035000001S44P0AAJ,0.0,0,499.0,2551.0,0,0,0,1,0,0,0,0,0,1,0,1,1
95858,0035000001S44n8AAB,0.0,0,191.0,3287.0,0,0,0,1,0,0,0,0,1,0,0,1,1
95861,0035000001S44oOAAR,0.0,40,941.0,3986.0,0,0,0,1,0,0,1,0,0,0,0,1,1
95885,0035000001S45jDAAR,0.0,0,7592.0,1033.0,0,0,0,1,0,0,0,0,0,1,0,1,1
95893,0035000001S46MLAAZ,0.0,0,3213.0,2940.0,0,0,0,1,0,0,0,0,0,1,0,1,0
95894,0035000001S46SlAAJ,0.0,0,46.0,1717.0,0,0,0,1,0,0,0,0,1,0,0,1,1
95907,0035000001S47GzAAJ,0.0,10,1213.0,1593.0,0,0,0,1,0,0,1,0,0,0,0,1,1
95908,0035000001S47H4AAJ,0.0,40,418.0,2964.0,0,0,0,1,0,0,1,0,0,0,0,1,0
95946,0035000001S51cwAAB,0.0,0,107.0,9344.0,0,0,0,1,0,0,1,0,0,0,0,1,0
95947,0035000001S51sZAAR,0.0,0,0.0,3857.0,0,0,0,1,0,0,1,0,0,0,1,0,0
95977,0035000001S5WnFAAV,0.0,40,600.0,885.0,0,0,0,1,0,0,1,0,0,0,1,0,1
95981,0035000001S5XMGAA3,0.0,0,549.0,1460.0,0,0,0,1,0,1,0,0,0,0,0,1,1
95983,0035000001S5XaTAAV,0.0,60,705.0,2944.0,0,0,0,1,0,0,0,0,1,0,1,0,0
95987,0035000001S5YKKAA3,0.0,0,87.0,9190.0,0,0,0,1,0,0,1,0,0,0,0,1,1
95993,0035000001S5ZCqAAN,0.0,0,2115.0,1825.0,0,0,0,1,0,0,0,0,1,0,0,1,1
96003,0035000001S5aJeAAJ,0.0,20,10616.0,1472.0,0,0,0,1,0,0,1,0,0,0,0,1,1
96004,0035000001S5aKOAAZ,0.0,0,1819.0,3689.0,0,0,0,1,0,1,0,0,0,0,0,1,1
96006,0035000001S5aR5AAJ,0.0,0,54.0,8422.0,0,0,0,1,0,0,1,0,0,0,0,1,1
96008,0035000001S5akQAAR,0.0,80,55.0,2504.0,0,0,0,1,0,0,0,0,1,0,0,1,0
96017,0035000001S5criAAB,0.0,0,1793.0,1825.0,0,0,0,1,0,0,0,0,0,1,0,1,1
96021,0035000001S5dIkAAJ,0.0,30,572.0,1268.0,0,0,0,1,0,0,1,0,0,0,0,1,1
96027,0035000001S5eNAAAZ,0.0,0,10632.0,2153.0,0,0,0,1,0,0,1,0,0,0,0,1,0
96052,0035000001UGudrAAD,0.0,0,2528.0,7330.0,0,0,0,1,0,0,0,0,0,1,0,1,0
96055,0035000001UGumoAAD,0.0,0,3.0,2315.0,0,0,0,1,0,0,1,0,0,0,0,1,1
96057,0035000001UGvG9AAL,0.0,0,0.0,7108.0,0,0,0,1,0,0,1,0,0,0,0,1,1
96059,0035000001UGvW6AAL,0.0,0,712.0,2269.0,0,0,0,1,0,0,1,0,0,0,0,1,1
96068,0035000001UGvezAAD,0.0,0,921.0,2921.0,0,0,0,1,0,0,1,0,0,0,0,1,1
96077,0035000001UGw1ZAAT,0.0,0,19.0,2671.0,0,0,0,1,0,0,1,0,0,0,0,1,1
96114,0035000001UH130AAD,0.0,20,363.0,869.0,0,0,0,1,0,0,1,0,0,0,0,1,1
96117,0035000001UH1bhAAD,0.0,0,24.0,3454.0,0,0,0,1,0,0,1,0,0,0,0,1,1
96118,0035000001UH1taAAD,0.0,0,1321.0,2112.0,0,0,0,1,0,0,1,0,0,0,0,1,1
96125,0035000001UH5aIAAT,0.0,0,0.0,3246.0,0,0,0,1,0,0,1,0,0,0,1,0,0
96126,0035000001UH5cPAAT,0.0,0,0.0,8844.0,0,0,0,1,0,0,1,0,0,0,0,1,0
96127,0035000001UH5k3AAD,0.0,0,0.0,3574.0,0,0,0,1,0,0,1,0,0,0,0,1,0
96136,0035000001UH6RwAAL,0.0,0,0.0,1087.0,0,0,0,1,0,0,1,0,0,0,1,0,0
96137,0035000001UH6cXAAT,0.0,0,8462.0,1245.0,0,0,0,1,0,0,1,0,0,0,0,1,1
96139,0035000001UH88nAAD,0.0,70,0.0,4440.0,0,0,0,1,0,0,1,0,0,0,0,1,1
96173,0035000001UHoEZAA1,0.0,0,322.0,2838.0,0,0,0,1,0,0,0,0,1,0,0,1,1
96177,0035000001UHoXBAA1,0.0,0,5121.0,2941.0,0,0,0,1,0,0,0,0,0,1,1,0,0
96189,0035000001UHop5AAD,0.0,0,1381.0,2196.0,0,1,0,0,0,1,0,0,0,0,0,1,0
96193,0035000001UHp7OAAT,0.0,0,738.0,8174.0,0,0,0,1,0,0,1,0,0,0,1,0,1
96206,0035000001UHqZUAA1,0.0,0,7207.0,1979.0,0,0,0,1,0,1,0,0,0,0,0,1,1
96208,0035000001UHqeVAAT,0.0,0,69.0,10747.0,0,0,0,1,0,0,1,0,0,0,0,1,1
96210,0035000001UHqisAAD,0.0,20,243.0,2609.0,0,0,0,1,0,0,1,0,0,0,0,1,1
96216,0035000001UHroqAAD,0.0,0,1208.0,1970.0,0,0,0,1,0,0,1,0,0,0,1,0,1
96219,0035000001UHsIqAAL,0.0,0,8.0,10632.0,0,0,0,1,0,0,0,0,1,0,0,1,1
96226,0035000001UHsxGAAT,0.0,80,1072.0,8205.0,0,0,0,1,0,0,0,0,0,1,0,1,1
96269,0035000001VxScpAAF,0.0,20,1753.0,1461.0,0,0,0,1,0,0,0,0,1,0,0,1,1
96274,0035000001VxSo3AAF,0.0,20,2966.0,1461.0,1,0,0,0,0,0,0,0,0,1,0,1,1
96275,0035000001VxSoSAAV,0.0,30,1106.0,2290.0,0,0,0,1,0,0,1,0,0,0,0,1,1
96281,0035000001VxSt8AAF,0.0,0,503.0,2420.0,0,1,0,0,0,0,1,0,0,0,0,1,1
96283,0035000001VxSvsAAF,0.0,0,8100.0,2587.0,0,0,0,1,0,0,0,0,0,1,0,1,1
96284,0035000001VxT3NAAV,0.0,0,0.0,2631.0,0,0,0,1,0,0,0,0,1,0,0,1,1
96287,0035000001VxTFYAA3,0.0,90,1585.0,2180.0,0,0,0,1,0,0,0,1,0,0,0,1,0
96290,0035000001WA473AAD,0.0,10,181.0,7123.0,0,0,0,1,0,0,0,0,0,1,0,1,1
96291,0035000001WA4AOAA1,0.0,20,2512.0,7998.0,0,0,0,1,0,1,0,0,0,0,0,1,1
96293,0035000001WA4G7AAL,0.0,10,1268.0,1827.0,0,0,0,1,0,0,0,0,1,0,0,1,1
96296,0035000001WA4U9AAL,0.0,0,0.0,3561.0,0,0,0,1,0,0,1,0,0,0,0,1,0
96297,0035000001WA4ZPAA1,0.0,0,83.0,1407.0,0,0,0,1,0,0,1,0,0,0,0,1,1
96300,0035000001WA4nbAAD,0.0,40,1423.0,2673.0,0,0,0,1,0,0,1,0,0,0,0,1,1
96302,0035000001WA4sMAAT,0.0,40,646.0,1825.0,0,0,0,1,0,0,0,0,1,0,0,1,1
96313,0035000001WAED9AAP,0.0,0,0.0,8139.0,0,0,0,1,0,0,0,0,1,0,0,1,0
96314,0035000001WAEG0AAP,0.0,0,1221.0,1461.0,1,0,0,0,0,0,0,0,1,0,0,1,1
96317,0035000001WAEiSAAX,0.0,0,0.0,4579.0,0,0,0,1,0,0,0,0,1,0,0,1,1
96353,0035000001WAflvAAD,0.0,80,982.0,1718.0,0,0,0,1,0,0,1,0,0,0,0,1,1
96363,0035000001WAxkoAAD,0.0,0,1268.0,3826.0,0,0,0,1,0,0,0,0,0,1,0,1,1
96365,0035000001WAxmBAAT,0.0,0,0.0,1491.0,0,0,0,1,0,0,1,0,0,0,0,1,1
96372,0035000001WAxyHAAT,0.0,0,80.0,8135.0,0,0,0,1,0,1,0,0,0,0,0,1,1
96381,0035000001WAyxPAAT,0.0,70,21.0,8832.0,0,0,0,1,0,0,0,0,1,0,0,1,1
96382,0035000001WAz13AAD,0.0,0,6891.0,1461.0,0,0,0,1,0,0,0,0,1,0,0,1,0
96386,0035000001WAzb3AAD,0.0,0,1126.0,1976.0,0,0,0,1,0,0,1,0,0,0,0,1,0
96388,0035000001WAzm6AAD,0.0,0,3885.0,8129.0,0,0,0,1,0,0,1,0,0,0,0,1,0
96415,0035000001WBIrwAAH,0.0,0,1183.0,1460.0,0,1,0,0,0,0,0,0,1,0,0,1,1
96420,0035000001WBKJrAAP,0.0,70,2609.0,7326.0,0,0,0,1,0,0,0,0,0,1,0,1,1
96434,0035000001WBgJzAAL,0.0,50,203.0,1400.0,0,0,0,1,0,0,0,0,1,0,0,1,1
96435,0035000001WBgSIAA1,0.0,0,3574.0,1095.0,0,0,0,1,0,0,1,0,0,0,0,1,1
96453,0035000001WBh3OAAT,0.0,70,964.0,2370.0,0,0,0,1,0,0,1,0,0,0,0,1,1
96454,0035000001WBh6mAAD,0.0,80,768.0,8234.0,0,0,0,1,0,0,1,0,0,0,0,1,1
96456,0035000001WBhQcAAL,0.0,50,811.0,761.0,0,0,0,1,0,0,1,0,0,0,0,1,1
96457,0035000001WBhYDAA1,0.0,20,1742.0,1287.0,0,0,0,1,0,0,1,0,0,0,0,1,1
96463,0035000001WBiEsAAL,0.0,20,3163.0,975.0,0,0,0,1,0,0,0,0,0,1,1,0,1
96464,0035000001WBiGrAAL,0.0,0,136.0,7335.0,0,0,0,1,0,0,1,0,0,0,1,0,1
96465,0035000001WBiRkAAL,0.0,0,144.0,1180.0,0,0,0,1,0,0,1,0,0,0,0,1,1
96466,0035000001WBigLAAT,0.0,0,550.0,1206.0,0,0,0,1,0,0,1,0,0,0,0,1,1
96467,0035000001WBiibAAD,0.0,0,274.0,1600.0,0,0,0,1,0,0,1,0,0,0,1,0,1
96469,0035000001WBittAAD,0.0,10,2087.0,2849.0,0,0,0,1,0,0,0,0,1,0,1,0,1
96471,0035000001WBj2wAAD,0.0,0,26.0,11892.0,0,0,0,1,0,0,1,0,0,0,0,1,1
96524,0035000001WCl6sAAD,0.0,0,242.0,1759.0,0,0,0,1,0,0,1,0,0,0,0,1,1
96526,0035000001WCpugAAD,0.0,0,112.0,2165.0,0,0,0,1,0,1,0,0,0,0,0,1,1
96527,0035000001WCq6fAAD,0.0,30,2963.0,1460.0,0,0,0,1,0,0,1,0,0,0,0,1,1
96528,0035000001WCq6gAAD,0.0,0,10.0,7606.0,0,0,0,1,0,0,1,0,0,0,0,1,1
96529,0035000001WCq79AAD,0.0,100,5708.0,1670.0,0,0,0,1,0,0,1,0,0,0,0,1,1
96530,0035000001WCqBVAA1,0.0,0,1246.0,8333.0,0,0,0,1,0,0,1,0,0,0,0,1,0
96531,0035000001WCqBaAAL,0.0,40,1524.0,2892.0,0,0,0,1,0,1,0,0,0,0,1,0,1
96535,0035000001WCqWdAAL,0.0,0,23.0,9658.0,0,0,0,1,0,0,0,0,0,1,0,1,0
96540,0035000001WCraDAAT,0.0,0,3899.0,792.0,0,0,0,1,0,0,1,0,0,0,0,1,1
96542,0035000001WCrq1AAD,0.0,70,1435.0,7715.0,0,0,0,1,0,0,0,0,1,0,0,1,1
96543,0035000001WCrrxAAD,0.0,90,501.0,7348.0,0,1,0,0,0,0,0,0,0,1,0,1,0
96545,0035000001WCs4EAAT,0.0,0,6900.0,1461.0,0,0,0,1,0,0,1,0,0,0,0,1,1
96547,0035000001WCs8kAAD,0.0,0,35.0,8045.0,0,0,0,1,0,0,0,0,0,1,0,1,1
96552,0035000001WCsQkAAL,0.0,30,3080.0,1826.0,0,0,0,1,0,1,0,0,0,0,0,1,1
96612,0035000001WDrgrAAD,0.0,30,1099.0,1056.0,0,0,0,1,0,0,1,0,0,0,0,1,1
96614,0035000001WDriBAAT,0.0,80,2874.0,1938.0,0,0,0,1,0,0,1,0,0,0,0,1,1
96620,0035000001WDsOHAA1,0.0,60,1841.0,2308.0,0,0,0,1,0,1,0,0,0,0,1,0,1
96625,0035000001WDtP8AAL,0.0,50,800.0,1593.0,0,0,0,1,0,0,1,0,0,0,0,1,1
96629,0035000001WDujWAAT,0.0,0,0.0,1431.0,0,0,0,1,0,0,0,0,1,0,0,1,0
96632,0035000001WDuwMAAT,0.0,0,2193.0,1460.0,0,0,0,1,0,0,0,0,0,1,0,1,1
96635,0035000001WDvrtAAD,0.0,70,1746.0,7675.0,0,0,0,1,0,0,1,0,0,0,0,1,1
96660,0035000001WE5KuAAL,0.0,0,441.0,4394.0,0,0,0,1,0,0,1,0,0,0,0,1,1
96725,0035000001ZlA92AAF,0.0,0,2276.0,2557.0,0,0,0,1,0,0,1,0,0,0,1,0,1
96726,0035000001ZlA9DAAV,0.0,0,290.0,1391.0,0,0,0,1,0,0,0,0,1,0,0,1,1
96729,0035000001ZlAU0AAN,0.0,0,2489.0,1094.0,0,0,0,1,0,0,0,0,0,1,0,1,1
96731,0035000001ZlAiDAAV,0.0,0,55.0,2341.0,0,0,0,1,0,0,0,0,0,1,0,1,1
96735,0035000001ZlBUVAA3,0.0,80,2453.0,5246.0,1,0,0,0,0,0,1,0,0,0,0,1,1
96740,0035000001ZlCC7AAN,0.0,90,3091.0,7325.0,0,0,0,1,0,1,0,0,0,0,0,1,1
96741,0035000001ZlCEnAAN,0.0,30,11024.0,760.0,0,0,0,1,0,0,1,0,0,0,0,1,1
96743,0035000001ZlCPfAAN,0.0,0,579.0,1372.0,0,0,0,1,0,0,0,0,1,0,0,1,1
96744,0035000001ZlCa0AAF,0.0,0,1477.0,1868.0,0,0,0,1,0,0,1,0,0,0,1,0,1
96745,0035000001ZlCfKAAV,0.0,80,119.0,5055.0,0,0,0,1,0,0,1,0,0,0,0,1,1
96787,0035000001ZloVcAAJ,0.0,0,972.0,2191.0,0,0,0,1,0,0,1,0,0,0,0,1,1
96812,0035000001ZmOo0AAF,0.0,70,4528.0,2859.0,0,0,0,1,0,0,0,0,0,1,0,1,1
96815,0035000001ZmOoeAAF,0.0,0,2885.0,3337.0,0,0,0,1,0,1,0,0,0,0,0,1,1
96819,0035000001ZmPA6AAN,0.0,20,1563.0,1461.0,0,0,0,1,0,0,0,0,1,0,0,1,1
96845,0035000001ZmvPdAAJ,0.0,0,750.0,1630.0,0,0,0,1,0,0,1,0,0,0,0,1,1
96858,0035000001ZnOXoAAN,0.0,0,7150.0,2922.0,0,0,0,1,0,0,0,0,1,0,1,0,1
96867,0035000001ZnxdnAAB,0.0,0,93.0,10970.0,0,0,0,1,0,0,0,0,0,1,1,0,1
96870,0035000001Zny6NAAR,0.0,50,420.0,3734.0,1,0,0,0,0,0,0,0,0,1,0,1,1
96877,0035000001ZnyGSAAZ,0.0,0,3408.0,1917.0,0,0,0,1,0,0,0,0,0,1,0,1,1
96879,0035000001ZnyNAAAZ,0.0,60,1537.0,2703.0,0,1,0,0,0,0,0,0,0,1,1,0,1
96883,0035000001ZnycYAAR,0.0,0,505.0,2302.0,0,0,0,1,0,1,0,0,0,0,0,1,0
96884,0035000001ZnyxbAAB,0.0,0,973.0,2401.0,0,0,0,1,0,0,1,0,0,0,1,0,1
96890,0035000001ZnzEjAAJ,0.0,0,809.0,1461.0,0,0,0,1,0,0,1,0,0,0,0,1,1
96893,0035000001ZnzjpAAB,0.0,10,9083.0,3168.0,0,0,0,1,0,0,0,0,0,1,0,1,1
96903,0035000001Zo0OyAAJ,0.0,60,1110.0,3510.0,0,0,0,1,0,0,1,0,0,0,1,0,1
96904,0035000001Zo0UDAAZ,0.0,0,43.0,1826.0,0,0,0,1,0,0,0,0,1,0,0,1,1
96907,0035000001Zo0k9AAB,0.0,0,83.0,2593.0,0,0,0,1,0,0,0,0,1,0,0,1,1
96908,0035000001Zo11BAAR,0.0,30,2278.0,1429.0,0,0,0,1,0,0,0,0,1,0,0,1,1
96909,0035000001Zo14rAAB,0.0,0,3920.0,2681.0,0,0,0,1,0,0,0,0,1,0,0,1,1
96910,0035000001Zo169AAB,0.0,50,308.0,2723.0,0,0,0,1,0,0,1,0,0,0,0,1,1
96916,0035000001Zo1ZHAAZ,0.0,0,76.0,2928.0,0,0,0,1,0,0,0,0,1,0,0,1,0
96918,0035000001Zo29sAAB,0.0,0,0.0,8108.0,0,0,0,1,0,0,1,0,0,0,0,1,0
96920,0035000001Zo2SjAAJ,0.0,0,101.0,4539.0,0,0,0,1,0,1,0,0,0,0,1,0,1
96922,0035000001Zo2mjAAB,0.0,30,2055.0,2191.0,0,1,0,0,0,0,0,0,1,0,0,1,1
96923,0035000001Zo2s8AAB,0.0,80,1516.0,1557.0,0,0,0,1,0,0,1,0,0,0,0,1,0
96924,0035000001Zo32fAAB,0.0,30,794.0,1460.0,0,0,0,1,0,0,0,0,1,0,0,1,1
96931,0035000001Zo4DeAAJ,0.0,0,95.0,7198.0,0,0,0,1,0,0,1,0,0,0,0,1,1
96934,0035000001Zo5s8AAB,0.0,0,152.0,9903.0,0,1,0,0,0,0,0,0,1,0,0,1,0
96997,0035000001cCXRjAAO,0.0,30,133.0,1461.0,0,0,0,1,0,0,0,0,0,1,1,0,1
97003,0035000001cCY3AAAW,0.0,0,566.0,2420.0,0,0,0,1,0,0,1,0,0,0,1,0,0
97011,0035000001cCa54AAC,0.0,0,1579.0,2085.0,0,0,0,1,0,0,1,0,0,0,1,0,0
97013,0035000001cCa9zAAC,0.0,20,1934.0,4441.0,0,0,0,1,0,1,0,0,0,0,0,1,1
97021,0035000001cCau3AAC,0.0,0,2843.0,1764.0,1,0,0,0,0,0,0,0,0,1,0,1,0
97022,0035000001cCbs3AAC,0.0,0,927.0,1333.0,0,0,0,1,0,0,1,0,0,0,0,1,1
97023,0035000001cCbswAAC,0.0,0,4.0,1537.0,0,0,0,1,0,0,0,0,1,0,0,1,0
97026,0035000001cCdEIAA0,0.0,0,965.0,1156.0,0,0,0,1,0,0,0,1,0,0,0,1,1
97030,0035000001cCduYAAS,0.0,10,3355.0,1526.0,0,0,0,1,0,0,0,0,1,0,0,1,1
97031,0035000001cCdvkAAC,0.0,60,2071.0,2343.0,0,0,0,1,0,0,1,0,0,0,0,1,1
97035,0035000001cCeHMAA0,0.0,0,70.0,7322.0,0,0,0,1,0,0,0,0,0,1,0,1,1
97036,0035000001cCeQ7AAK,0.0,10,1719.0,1460.0,0,0,0,1,0,0,0,0,1,0,0,1,1
97038,0035000001cCemOAAS,0.0,40,390.0,4826.0,0,0,0,1,0,0,0,0,1,0,0,1,1
97039,0035000001cCf30AAC,0.0,0,2262.0,1426.0,0,0,0,1,0,0,0,0,0,1,0,1,1
97040,0035000001cCfVTAA0,0.0,0,55.0,3165.0,0,0,0,1,0,0,0,0,0,1,0,1,1
97047,0035000001cCjxjAAC,0.0,0,1128.0,1461.0,0,0,0,1,0,0,0,0,1,0,0,1,0
97051,0035000001cCnKFAA0,0.0,0,0.0,1826.0,0,0,0,1,0,0,0,0,1,0,0,1,1
97086,0035000001cDpB8AAK,0.0,50,1009.0,1657.0,0,0,0,1,0,0,1,0,0,0,1,0,1
97088,0035000001cDphnAAC,0.0,0,12.0,3341.0,0,0,0,1,0,0,1,0,0,0,0,1,1
97118,0035000001cDsEKAA0,0.0,0,1004.0,6119.0,0,0,0,1,0,0,1,0,0,0,0,1,1
97122,0035000001cDsyRAAS,0.0,20,5617.0,1243.0,0,0,0,1,0,0,0,0,1,0,0,1,1
97123,0035000001cDt3CAAS,0.0,70,1384.0,3535.0,0,0,0,1,0,0,1,0,0,0,0,1,1
97132,0035000001cDwY2AAK,0.0,30,386.0,2275.0,0,0,0,1,0,0,1,0,0,0,0,1,1
97156,0035000001cERVsAAO,0.0,0,0.0,2922.0,1,0,0,0,0,0,1,0,0,0,0,1,0
97164,0035000001cEiGjAAK,0.0,0,0.0,2404.0,0,0,0,1,0,0,1,0,0,0,0,1,0
97169,0035000001cF0wEAAS,0.0,80,1397.0,2891.0,0,0,0,1,0,0,0,0,0,1,1,0,1
97170,0035000001cF0wkAAC,0.0,30,2851.0,2983.0,0,0,0,1,0,0,0,0,0,1,0,1,1
97171,0035000001cF0x2AAC,0.0,80,2239.0,1460.0,0,0,0,1,0,0,0,0,1,0,0,1,1
97178,0035000001cF1FCAA0,0.0,40,1979.0,1178.0,0,0,0,0,1,0,1,0,0,0,0,1,0
97181,0035000001cF1O8AAK,0.0,0,1563.0,1461.0,0,0,0,1,0,0,0,0,1,0,0,1,1
97182,0035000001cF1PvAAK,0.0,90,3005.0,7677.0,0,0,0,1,0,0,0,0,1,0,0,1,1
97196,0035000001cF2MrAAK,0.0,80,25.0,3482.0,0,0,0,1,0,0,0,0,0,1,0,1,0
97198,0035000001cF2hGAAS,0.0,0,3087.0,1463.0,0,0,0,1,0,0,0,0,0,1,1,0,0
97205,0035000001cF4yrAAC,0.0,0,139.0,2191.0,0,0,0,1,0,0,1,0,0,0,0,1,0
97207,0035000001cF57vAAC,0.0,40,278.0,1615.0,0,0,0,1,0,0,0,0,1,0,0,1,1
97208,0035000001cF57zAAC,0.0,0,88.0,1917.0,0,0,0,1,0,0,1,0,0,0,0,1,1
97215,0035000001cF6pzAAC,0.0,0,0.0,1188.0,0,0,0,1,0,0,1,0,0,0,0,1,0
97218,0035000001cF8dKAAS,0.0,90,1758.0,8588.0,0,0,0,1,0,0,1,0,0,0,0,1,1
97225,0035000001cFG1mAAG,0.0,0,786.0,4227.0,0,1,0,0,0,0,0,0,0,1,1,0,0
97226,0035000001cFGKxAAO,0.0,40,785.0,1455.0,0,0,0,1,0,0,0,0,1,0,0,1,0
97228,0035000001cFHLhAAO,0.0,30,105.0,4541.0,0,0,0,1,0,0,1,0,0,0,1,0,1
97234,0035000001cFJPiAAO,0.0,80,9.0,5290.0,0,0,0,1,0,1,0,0,0,0,0,1,1
97246,0035000001dy7xWAAQ,0.0,0,14775.0,514.0,0,0,0,1,0,1,0,0,0,0,0,1,1
97250,0035000001dy9CLAAY,0.0,60,2625.0,1825.0,0,0,0,1,0,0,1,0,0,0,0,1,1
97252,0035000001dyASaAAM,0.0,0,5874.0,3448.0,0,0,0,1,0,0,0,0,0,1,0,1,1
97255,0035000001dyAwTAAU,0.0,0,183.0,11656.0,0,0,0,1,0,0,1,0,0,0,0,1,1
97265,0035000001dyBBJAA2,0.0,0,1489.0,1461.0,0,0,0,1,0,0,0,0,1,0,0,1,1
97280,0035000001dyBoFAAU,0.0,90,4.0,2629.0,0,0,0,1,0,0,1,0,0,0,0,1,1
97282,0035000001dyC27AAE,0.0,0,18.0,1461.0,0,0,0,1,0,0,0,0,1,0,0,1,1
97283,0035000001dyC4mAAE,0.0,0,0.0,3448.0,0,0,0,1,0,0,0,0,1,0,0,1,1
97291,0035000001dyDk9AAE,0.0,0,412.0,1385.0,0,0,0,1,0,0,0,0,1,0,0,1,1
97292,0035000001dyDwUAAU,0.0,0,146.0,1367.0,0,0,0,1,0,0,1,0,0,0,0,1,1
97302,0035000001dyMcXAAU,0.0,0,2459.0,2942.0,0,0,0,1,0,0,0,0,1,0,0,1,0
97310,0035000001dyOqTAAU,0.0,100,1016.0,4094.0,0,1,0,0,0,0,1,0,0,0,0,1,1
97317,0035000001dyZKYAA2,0.0,60,0.0,4273.0,0,0,0,1,0,0,1,0,0,0,0,1,0
97362,0035000001dz1D3AAI,0.0,30,957.0,1044.0,0,0,0,1,0,0,0,0,0,1,0,1,1
97365,0035000001dz1XTAAY,0.0,0,20.0,3732.0,0,0,0,1,0,0,1,0,0,0,0,1,1
97368,0035000001dz1chAAA,0.0,30,1133.0,3543.0,0,0,0,1,0,0,0,0,1,0,0,1,1
97370,0035000001dz1gUAAQ,0.0,0,1816.0,7320.0,0,0,0,1,0,0,0,1,0,0,1,0,1
97372,0035000001dz21hAAA,0.0,60,68.0,2940.0,0,0,0,1,0,0,0,0,1,0,0,1,0
97377,0035000001dz2G4AAI,0.0,100,0.0,5495.0,0,0,0,1,0,0,1,0,0,0,1,0,0
97379,0035000001dz2N4AAI,0.0,0,669.0,2922.0,1,0,0,0,0,0,1,0,0,0,0,1,1
97381,0035000001dz2WQAAY,0.0,80,3375.0,1945.0,0,0,0,1,0,0,0,0,1,0,0,1,0
97388,0035000001dz39NAAQ,0.0,0,1870.0,8019.0,0,0,0,1,0,0,0,0,1,0,0,1,1
97393,0035000001dz3KGAAY,0.0,0,37.0,8208.0,0,0,0,1,0,0,0,0,0,1,0,1,1
97396,0035000001dz3TdAAI,0.0,0,22.0,2070.0,0,0,0,1,0,0,1,0,0,0,0,1,1
97399,0035000001dz4GAAAY,0.0,0,167.0,2008.0,0,0,0,1,0,1,0,0,0,0,0,1,0
97422,0035000001dzM9IAAU,0.0,0,39.0,7108.0,0,0,0,1,0,0,0,0,1,0,0,1,1
97428,0035000001dzaQFAAY,0.0,90,1273.0,3234.0,0,0,0,1,0,0,0,0,0,1,1,0,1
97430,0035000001dzaRIAAY,0.0,10,1611.0,1462.0,0,0,0,1,0,0,0,0,1,0,0,1,1
97445,0035000001dzarkAAA,0.0,0,491.0,2708.0,0,0,0,1,0,0,1,0,0,0,0,1,1
97451,0035000001dzbF4AAI,0.0,30,475.0,1488.0,0,0,0,1,0,0,1,0,0,0,1,0,0
97457,0035000001dzd7gAAA,0.0,0,1258.0,1807.0,0,0,0,1,0,0,0,0,1,0,0,1,0
97462,0035000001dzdMWAAY,0.0,0,938.0,4535.0,0,0,0,1,0,1,0,0,0,0,0,1,1
97480,0035000001dzfFOAAY,0.0,0,827.0,2190.0,0,1,0,0,0,0,0,1,0,0,0,1,1
97488,0035000001dzixbAAA,0.0,0,3311.0,1461.0,0,0,0,1,0,0,0,0,0,1,0,1,1
97495,0035000001dzkIKAAY,0.0,20,4906.0,6539.0,0,0,0,1,0,0,0,0,0,1,0,1,0
97562,0035000001e0NQsAAM,0.0,30,2155.0,2759.0,0,0,0,1,0,0,0,0,0,1,0,1,1
97564,0035000001e0NW7AAM,0.0,40,2229.0,2437.0,0,0,0,1,0,1,0,0,0,0,1,0,1
97566,0035000001e0NbcAAE,0.0,0,795.0,695.0,0,0,0,1,0,1,0,0,0,0,1,0,0
97583,0035000001e0NvHAAU,0.0,80,522.0,2466.0,0,0,0,1,0,0,0,0,0,1,1,0,1
97584,0035000001e0NvvAAE,0.0,80,1188.0,2192.0,0,0,0,1,0,1,0,0,0,0,0,1,1
97586,0035000001e0ODuAAM,0.0,0,0.0,8544.0,0,0,0,1,0,0,1,0,0,0,0,1,0
97588,0035000001e0ObcAAE,0.0,30,1755.0,7736.0,0,0,0,1,0,0,0,0,1,0,0,1,0
97591,0035000001e0PICAA2,0.0,0,3577.0,732.0,1,0,0,0,0,0,0,0,0,1,0,1,1
97597,0035000001e0PZyAAM,0.0,0,871.0,1825.0,0,0,0,1,0,0,1,0,0,0,0,1,0
97600,0035000001e0PfNAAU,0.0,0,273.0,1613.0,0,0,0,1,0,0,1,0,0,0,0,1,1
97614,0035000001e0QRvAAM,0.0,50,3398.0,2007.0,0,0,0,1,0,0,0,0,1,0,1,0,0
97615,0035000001e0QbRAAU,0.0,0,1145.0,1461.0,0,0,0,1,0,0,0,0,1,0,0,1,1
97670,0035000001h3hNbAAI,0.0,60,117.0,1511.0,0,0,0,1,0,0,1,0,0,0,0,1,0
97671,0035000001h3hU3AAI,0.0,0,4076.0,1494.0,0,0,0,1,0,0,1,0,0,0,0,1,1
97678,0035000001h3hfQAAQ,0.0,0,881.0,3224.0,0,0,0,0,1,1,0,0,0,0,1,0,1
97679,0035000001h3hfuAAA,0.0,50,2675.0,4564.0,0,0,0,1,0,0,0,0,0,1,0,1,0
97683,0035000001h3hiAAAQ,0.0,0,1947.0,3409.0,0,0,0,1,0,0,0,0,1,0,0,1,1
97684,0035000001h3hjwAAA,0.0,70,78.0,6502.0,0,0,0,1,0,0,1,0,0,0,1,0,0
97687,0035000001h3i09AAA,0.0,30,1493.0,1221.0,0,0,0,1,0,0,1,0,0,0,0,1,1
97691,0035000001h3i3DAAQ,0.0,0,6655.0,2684.0,0,0,0,1,0,1,0,0,0,0,0,1,1
97694,0035000001h3iR5AAI,0.0,10,1249.0,1418.0,0,1,0,0,0,0,0,0,0,1,0,1,1
97697,0035000001h3ioAAAQ,0.0,0,748.0,1357.0,0,0,0,1,0,0,1,0,0,0,0,1,0
97700,0035000001h3jEoAAI,0.0,0,129.0,2192.0,0,0,0,1,0,0,0,0,0,1,0,1,1
97702,0035000001h3jLpAAI,0.0,60,699.0,7325.0,0,0,0,0,1,1,0,0,0,0,1,0,0
97704,0035000001h3jTzAAI,0.0,50,1537.0,2191.0,0,1,0,0,0,0,1,0,0,0,0,1,1
97705,0035000001h3jmYAAQ,0.0,30,3375.0,3437.0,0,0,0,1,0,0,0,0,1,0,0,1,1
97711,0035000001h3kLWAAY,0.0,0,64.0,1565.0,0,0,0,1,0,0,1,0,0,0,0,1,1
97728,0035000001h3wGCAAY,0.0,0,0.0,4598.0,0,0,0,1,0,0,0,0,1,0,0,1,0
97771,0035000001h4CBpAAM,0.0,0,0.0,1974.0,0,0,0,1,0,0,1,0,0,0,1,0,0
97779,0035000001h4h45AAA,0.0,0,0.0,7885.0,0,0,0,1,0,0,1,0,0,0,0,1,1
97781,0035000001h4h6PAAQ,0.0,40,1649.0,1762.0,0,0,0,1,0,0,0,0,1,0,0,1,1
97786,0035000001h4hC8AAI,0.0,0,33.0,8320.0,0,0,0,1,0,0,1,0,0,0,1,0,1
97788,0035000001h4hFMAAY,0.0,60,1536.0,1826.0,0,0,0,1,0,0,0,0,1,0,1,0,1
97789,0035000001h4hFWAAY,0.0,80,7032.0,1461.0,0,0,0,1,0,0,1,0,0,0,0,1,1
97793,0035000001h4hYnAAI,0.0,30,2349.0,2454.0,0,0,0,1,0,0,0,0,1,0,0,1,1
97799,0035000001h4hq8AAA,0.0,30,2.0,3272.0,0,0,0,1,0,0,0,0,1,0,0,1,0
97802,0035000001h4hybAAA,0.0,0,380.0,1094.0,0,0,0,1,0,0,1,0,0,0,0,1,1
97808,0035000001h4imGAAQ,0.0,0,1212.0,1826.0,0,0,0,1,0,0,1,0,0,0,0,1,1
97811,0035000001h4isTAAQ,0.0,0,1250.0,4387.0,0,0,0,1,0,0,1,0,0,0,0,1,0
97812,0035000001h4j0IAAQ,0.0,0,3107.0,2135.0,0,0,0,1,0,0,0,0,0,1,0,1,0
97816,0035000001h4jIqAAI,0.0,0,1816.0,1461.0,0,0,0,1,0,0,0,0,0,1,0,1,1
97827,0035000001h4nxLAAQ,0.0,0,0.0,4541.0,0,0,0,1,0,0,1,0,0,0,0,1,1
97885,0035000001h5H3WAAU,0.0,0,68.0,8614.0,0,0,0,1,0,0,1,0,0,0,0,1,1
97895,0035000001h5ZXKAA2,0.0,0,2719.0,1503.0,0,0,0,1,0,0,1,0,0,0,0,1,1
97905,0035000001h5a6OAAQ,0.0,0,73.0,592.0,0,0,0,1,0,0,0,0,1,0,1,0,1
97906,0035000001h5aAUAAY,0.0,50,645.0,1725.0,0,0,0,1,0,0,1,0,0,0,0,1,1
97911,0035000001h5aK5AAI,0.0,30,924.0,1106.0,0,0,0,1,0,0,1,0,0,0,0,1,1
97917,0035000001h5b2AAAQ,0.0,0,1044.0,1341.0,0,0,0,1,0,0,1,0,0,0,0,1,1
97922,0035000001h5cTtAAI,0.0,0,42.0,1462.0,0,0,0,1,0,0,0,0,0,1,0,1,1
97926,0035000001h5cYOAAY,0.0,40,3222.0,1095.0,0,0,0,1,0,0,1,0,0,0,0,1,0
97936,0035000001h5grjAAA,0.0,60,1985.0,1460.0,0,0,0,1,0,0,0,0,1,0,0,1,1
97955,0035000001h5uY3AAI,0.0,30,866.0,9739.0,0,0,0,1,0,0,1,0,0,0,0,1,1
97960,0035000001h6520AAA,0.0,0,7231.0,2845.0,0,0,0,1,0,0,1,0,0,0,1,0,1
97961,0035000001h654kAAA,0.0,0,2539.0,1763.0,0,0,0,1,0,0,0,0,0,1,0,1,0
97967,0035000001h659LAAQ,0.0,0,3398.0,3286.0,0,0,0,0,1,1,0,0,0,0,0,1,0
97969,0035000001h65sRAAQ,0.0,0,59.0,1460.0,0,0,0,1,0,0,0,0,1,0,0,1,1
97971,0035000001h66gGAAQ,0.0,0,0.0,3902.0,0,0,0,1,0,0,1,0,0,0,1,0,0
97972,0035000001h66hAAAQ,0.0,0,809.0,8150.0,0,0,0,1,0,0,0,0,0,1,0,1,0
97982,0035000001h677qAAA,0.0,90,1234.0,6411.0,0,0,0,1,0,0,0,0,1,0,0,1,0
97983,0035000001h678jAAA,0.0,40,999.0,3471.0,0,0,0,1,0,0,1,0,0,0,1,0,0
97992,0035000001h67GiAAI,0.0,0,1752.0,8795.0,0,0,0,1,0,1,0,0,0,0,0,1,1
97995,0035000001h67QsAAI,0.0,0,164.0,7974.0,0,1,0,0,0,0,1,0,0,0,0,1,1
97996,0035000001h67U2AAI,0.0,40,1451.0,2192.0,0,0,0,1,0,1,0,0,0,0,0,1,1
97997,0035000001h67UBAAY,0.0,0,1497.0,2949.0,0,0,0,1,0,0,0,0,1,0,0,1,0
97999,0035000001h67UqAAI,0.0,0,0.0,10222.0,0,0,0,1,0,0,1,0,0,0,0,1,1
98003,0035000001h67e6AAA,0.0,0,30.0,4891.0,0,0,0,1,0,0,1,0,0,0,0,1,1
98006,0035000001h67jaAAA,0.0,80,1941.0,1462.0,0,0,0,1,0,0,0,0,1,0,0,1,0
98012,0035000001h688kAAA,0.0,0,198.0,1461.0,0,0,0,1,0,0,0,0,1,0,0,1,0
98013,0035000001h68BAAAY,0.0,0,77.0,854.0,0,0,0,1,0,0,1,0,0,0,0,1,1
98072,0035000001h6ZHyAAM,0.0,0,4574.0,3997.0,0,0,0,1,0,0,0,0,0,1,0,1,1
98076,0035000001h6ZQmAAM,0.0,0,2355.0,2191.0,0,0,0,1,0,0,0,0,0,1,0,1,0
98078,0035000001h6bXfAAI,0.0,0,5108.0,7458.0,0,0,0,1,0,0,1,0,0,0,0,1,1
98079,0035000001h6cKSAAY,0.0,0,419.0,4569.0,0,0,0,1,0,0,0,0,0,1,1,0,1
98099,0035000001h6qKoAAI,0.0,50,283.0,1371.0,0,0,0,1,0,0,0,0,1,0,0,1,0
98100,0035000001h6qLrAAI,0.0,30,563.0,3824.0,0,0,0,1,0,0,0,0,0,1,0,1,0
98102,0035000001h6rXpAAI,0.0,0,586.0,1458.0,0,0,0,1,0,0,0,0,1,0,0,1,1
98105,0035000001h6riYAAQ,0.0,0,1965.0,4973.0,0,0,0,1,0,1,0,0,0,0,0,1,0
98121,0035000001h6rwBAAQ,0.0,0,1029.0,1737.0,0,0,0,1,0,0,0,0,0,1,0,1,1
98129,0035000001h6szkAAA,0.0,50,2591.0,1492.0,0,0,0,1,0,0,0,0,1,0,0,1,0
98132,0035000001h6tEQAAY,0.0,0,0.0,7481.0,0,0,0,1,0,0,1,0,0,0,0,1,1
98172,0035000001h78FuAAI,0.0,0,100.0,2399.0,0,0,0,1,0,0,0,0,0,1,0,1,1
98173,0035000001h78GkAAI,0.0,0,3370.0,1495.0,0,0,0,1,0,0,0,0,0,1,0,1,1
98174,0035000001h78GuAAI,0.0,0,7186.0,1079.0,0,1,0,0,0,0,0,0,0,1,1,0,0
98175,0035000001h78IWAAY,0.0,0,0.0,9183.0,0,0,0,1,0,0,1,0,0,0,0,1,1
98176,0035000001h78JAAAY,0.0,0,299.0,3648.0,0,0,0,1,0,1,0,0,0,0,1,0,1
98178,0035000001h78PXAAY,0.0,60,6.0,8349.0,0,0,0,1,0,1,0,0,0,0,0,1,1
98182,0035000001h78p1AAA,0.0,70,138.0,3743.0,0,0,0,1,0,0,1,0,0,0,0,1,1
98185,0035000001h79JnAAI,0.0,0,99.0,6696.0,0,0,0,1,0,0,1,0,0,0,0,1,1
98186,0035000001h79JxAAI,0.0,50,1814.0,1461.0,0,0,0,1,0,0,1,0,0,0,0,1,1
98188,0035000001h79SLAAY,0.0,0,7.0,8455.0,0,0,0,1,0,0,1,0,0,0,0,1,1
98190,0035000001h79W8AAI,0.0,0,341.0,8500.0,0,0,0,1,0,0,1,0,0,0,0,1,0
98191,0035000001h79lSAAQ,0.0,0,241.0,1593.0,0,0,0,1,0,0,1,0,0,0,0,1,1
98193,0035000001h79vNAAQ,0.0,0,5615.0,1460.0,0,0,0,1,0,1,0,0,0,0,0,1,1
98195,0035000001h7ACnAAM,0.0,40,1136.0,1460.0,0,0,0,1,0,1,0,0,0,0,0,1,1
98196,0035000001h7AF3AAM,0.0,40,1808.0,1831.0,0,0,0,1,0,0,1,0,0,0,0,1,0
98197,0035000001h7AM0AAM,0.0,0,3417.0,7325.0,0,0,0,1,0,1,0,0,0,0,0,1,1
98198,0035000001h7AMTAA2,0.0,0,6279.0,8829.0,0,0,0,1,0,1,0,0,0,0,0,1,1
98200,0035000001h7AVaAAM,0.0,0,0.0,8152.0,0,0,0,1,0,0,0,0,1,0,0,1,0
98201,0035000001h7AZmAAM,0.0,90,1322.0,8357.0,0,0,0,1,0,1,0,0,0,0,0,1,1
98202,0035000001h7AcWAAU,0.0,80,4482.0,2494.0,0,0,0,1,0,0,0,0,0,1,1,0,1
98204,0035000001h7ApBAAU,0.0,0,165.0,1857.0,0,0,0,1,0,0,0,0,1,0,0,1,1
98206,0035000001h7AwMAAU,0.0,0,1846.0,1948.0,0,0,0,1,0,0,0,0,1,0,0,1,0
98207,0035000001h7AzpAAE,0.0,0,321.0,2371.0,0,0,0,1,0,0,1,0,0,0,0,1,1
98209,0035000001h7BEVAA2,0.0,0,0.0,1826.0,0,0,0,1,0,0,0,0,0,1,0,1,0
98211,0035000001h7BJ6AAM,0.0,90,1216.0,5238.0,0,0,0,0,1,0,1,0,0,0,0,1,1
98213,0035000001h7BJVAA2,0.0,40,32.0,3210.0,0,0,0,1,0,0,0,0,0,1,0,1,1
98215,0035000001h7BWAAA2,0.0,0,1107.0,1827.0,0,0,0,1,0,0,1,0,0,0,0,1,0
98217,0035000001h7BZYAA2,0.0,0,1955.0,2922.0,0,0,0,1,0,0,0,0,1,0,0,1,1
98218,0035000001h7Bc8AAE,0.0,0,38.0,7536.0,0,0,0,1,0,1,0,0,0,0,0,1,1
98219,0035000001h7Bd6AAE,0.0,0,1753.0,1613.0,0,0,0,1,0,1,0,0,0,0,0,1,0
98224,0035000001h7BmrAAE,0.0,80,530.0,4905.0,0,0,0,1,0,0,0,0,1,0,1,0,1
98225,0035000001h7BnBAAU,0.0,0,0.0,9587.0,0,0,0,0,1,0,0,0,0,1,0,1,1
98227,0035000001h7BwmAAE,0.0,0,1560.0,2293.0,0,0,0,1,0,0,1,0,0,0,0,1,1
98229,0035000001h7BzCAAU,0.0,10,3050.0,1461.0,0,0,0,1,0,0,0,0,0,1,0,1,1
98230,0035000001h7C5vAAE,0.0,90,4141.0,1825.0,0,0,0,1,0,0,0,0,1,0,0,1,1
98233,0035000001h7EJSAA2,0.0,0,0.0,7498.0,0,0,0,1,0,0,1,0,0,0,0,1,1
98234,0035000001h7ENYAA2,0.0,0,2342.0,2953.0,0,0,0,1,0,0,0,0,0,1,0,1,1
98236,0035000001h7EUFAA2,0.0,0,13.0,3525.0,0,0,0,1,0,0,1,0,0,0,0,1,1
98260,0035000001h7ReYAAU,0.0,0,5123.0,7458.0,0,1,0,0,0,0,1,0,0,0,1,0,1
98265,0035000001h7SEMAA2,0.0,0,0.0,8872.0,0,0,0,1,0,0,1,0,0,0,0,1,1
98295,0035000001h7ZkCAAU,0.0,0,124.0,3757.0,0,0,0,1,0,0,0,0,1,0,0,1,1
98297,0035000001h7ZlJAAU,0.0,0,1256.0,2830.0,0,0,0,1,0,0,1,0,0,0,0,1,0
98301,0035000001h7ZmlAAE,0.0,0,7315.0,1095.0,0,0,0,1,0,0,0,0,0,1,0,1,1
98302,0035000001h7ZomAAE,0.0,60,878.0,2191.0,0,0,0,1,0,0,0,0,0,1,0,1,1
98304,0035000001h7ZrCAAU,0.0,0,78.0,2517.0,0,0,0,1,0,0,0,0,1,0,0,1,1
98305,0035000001h7agAAAQ,0.0,0,2102.0,2756.0,0,0,0,1,0,0,1,0,0,0,0,1,1
98316,0035000001h7bSOAAY,0.0,20,1627.0,4020.0,0,0,0,1,0,0,0,0,1,0,0,1,0
98318,0035000001h7bTRAAY,0.0,0,5403.0,10227.0,0,0,0,1,0,0,0,0,0,1,0,1,1
98320,0035000001h7bV8AAI,0.0,0,1079.0,8944.0,0,0,0,1,0,0,1,0,0,0,0,1,0
98325,0035000001h7bhxAAA,0.0,0,0.0,2734.0,0,0,0,1,0,0,0,0,0,1,0,1,1
98327,0035000001h7bmJAAQ,0.0,0,0.0,7033.0,0,0,0,1,0,0,1,0,0,0,0,1,0
98329,0035000001h7cFBAAY,0.0,0,742.0,536.0,0,0,0,1,0,0,1,0,0,0,1,0,1
98339,0035000001h7dI2AAI,0.0,0,1270.0,1683.0,0,0,0,1,0,0,0,0,1,0,0,1,1
98391,0035000001nMH5pAAG,0.0,0,266.0,3405.0,0,1,0,0,0,0,0,0,0,1,0,1,1
98392,0035000001nMH7lAAG,0.0,70,361.0,4477.0,0,0,0,1,0,0,0,0,0,1,1,0,1
98425,0035000001nMLj1AAG,0.0,0,52.0,7305.0,0,0,0,1,0,0,0,0,0,1,0,1,1
98426,0035000001nMLlMAAW,0.0,30,1583.0,0.0,0,0,0,1,0,0,1,0,0,0,0,1,1
98433,0035000001nMMOYAA4,0.0,20,1451.0,1523.0,0,0,0,1,0,0,1,0,0,0,0,1,1
98441,0035000001nMMlKAAW,0.0,30,0.0,8721.0,0,0,0,1,0,0,1,0,0,0,0,1,0
98444,0035000001nMMzCAAW,0.0,0,430.0,1460.0,0,0,0,1,0,0,0,0,0,1,0,1,1
98446,0035000001nMN7BAAW,0.0,0,10414.0,1096.0,0,0,0,1,0,0,1,0,0,0,0,1,1
98449,0035000001nMN9qAAG,0.0,0,0.0,9877.0,0,0,0,1,0,0,1,0,0,0,0,1,1
98452,0035000001nMNeGAAW,0.0,0,0.0,2922.0,0,0,0,1,0,0,1,0,0,0,0,1,1
98481,0035000001nMUSuAAO,0.0,0,0.0,3177.0,0,0,0,1,0,0,1,0,0,0,0,1,1
98483,0035000001nMUeOAAW,0.0,0,0.0,6786.0,0,0,0,1,0,0,1,0,0,0,0,1,0
98494,0035000001nMdiJAAS,0.0,0,1530.0,4132.0,0,0,0,0,1,0,1,0,0,0,0,1,1
98501,0035000001nMiwKAAS,0.0,0,17.0,1.0,0,0,0,0,1,0,1,0,0,0,0,1,1
98511,0035000001nMjR6AAK,0.0,40,607.0,4524.0,0,0,0,1,0,0,1,0,0,0,0,1,0
98533,0035000001nMjzhAAC,0.0,0,0.0,2403.0,0,0,0,1,0,1,0,0,0,0,0,1,0
98535,0035000001nMk2bAAC,0.0,50,881.0,1120.0,0,0,0,1,0,1,0,0,0,0,1,0,1
98536,0035000001nMkFGAA0,0.0,0,16.0,1240.0,0,0,0,1,0,0,1,0,0,0,0,1,0
98537,0035000001nMkFzAAK,0.0,100,8754.0,1949.0,0,0,0,1,0,0,0,0,1,0,0,1,0
98540,0035000001nMkXWAA0,0.0,0,0.0,7484.0,0,0,0,1,0,1,0,0,0,0,0,1,1
98541,0035000001nMkgwAAC,0.0,0,269.0,3909.0,0,1,0,0,0,0,0,0,0,1,1,0,1
98543,0035000001nMlHGAA0,0.0,0,1552.0,9747.0,0,0,0,1,0,1,0,0,0,0,0,1,1
98544,0035000001nMlHVAA0,0.0,0,181.0,6722.0,0,0,0,1,0,0,0,0,1,0,0,1,1
98545,0035000001nMlKtAAK,0.0,0,11901.0,1092.0,0,0,0,1,0,0,1,0,0,0,0,1,0
98548,0035000001nMlUZAA0,0.0,80,642.0,6316.0,0,0,0,1,0,0,0,0,0,1,0,1,1
98551,0035000001nMmCCAA0,0.0,40,4230.0,7305.0,0,0,0,1,0,0,0,0,0,1,0,1,1
98553,0035000001nMmIfAAK,0.0,0,1003.0,1461.0,0,0,0,1,0,1,0,0,0,0,0,1,1
98555,0035000001nMo3nAAC,0.0,0,188.0,12526.0,0,0,0,1,0,0,1,0,0,0,0,1,1
98584,0035000001nMtvLAAS,0.0,0,0.0,7895.0,0,0,0,0,1,0,1,0,0,0,0,1,0
98595,0035000001nMvaPAAS,0.0,30,15197.0,729.0,0,0,0,1,0,0,1,0,0,0,0,1,1
98599,0035000001nMw3oAAC,0.0,0,52.0,138.0,0,0,0,1,0,0,1,0,0,0,1,0,1
98609,0035000001nN1vCAAS,0.0,0,4690.0,1519.0,0,0,0,1,0,0,0,0,1,0,0,1,1
98618,0035000001nN9jwAAC,0.0,10,1936.0,1970.0,0,0,0,1,0,0,1,0,0,0,0,1,1
98625,0035000001nNAmdAAG,0.0,0,0.0,4269.0,0,0,0,1,0,0,1,0,0,0,0,1,0
98631,0035000001nNAvUAAW,0.0,0,973.0,1548.0,0,0,0,1,0,0,1,0,0,0,0,1,1
98648,0035000001nNG2fAAG,0.0,20,2289.0,2922.0,0,0,0,1,0,0,1,0,0,0,0,1,1
98649,0035000001nNG2pAAG,0.0,80,400.0,7307.0,0,0,0,1,0,1,0,0,0,0,0,1,1
98654,0035000001nNGBrAAO,0.0,0,1404.0,2922.0,0,0,0,1,0,0,1,0,0,0,1,0,1
98658,0035000001nNGSOAA4,0.0,0,170.0,1321.0,0,0,0,1,0,0,1,0,0,0,0,1,1
98662,0035000001nNGnlAAG,0.0,0,416.0,2003.0,0,0,0,1,0,0,1,0,0,0,0,1,1
98663,0035000001nNHAQAA4,0.0,40,6828.0,2966.0,0,0,0,1,0,0,1,0,0,0,0,1,1
98664,0035000001nNHPLAA4,0.0,0,829.0,7307.0,0,0,0,1,0,0,0,0,0,1,0,1,1
98667,0035000001nNHg7AAG,0.0,0,843.0,1957.0,0,0,0,1,0,0,1,0,0,0,0,1,1
98673,0035000001nNIbhAAG,0.0,0,339.0,1876.0,0,0,0,1,0,0,1,0,0,0,0,1,1
98674,0035000001nNIeRAAW,0.0,0,23.0,1827.0,0,0,0,1,0,0,0,0,1,0,0,1,1
98677,0035000001nNIzoAAG,0.0,0,896.0,1918.0,0,0,0,1,0,0,0,0,0,1,0,1,1
98679,0035000001nNJ1QAAW,0.0,60,165.0,3706.0,0,0,0,1,0,0,0,0,1,0,0,1,1
98680,0035000001nNJCcAAO,0.0,0,2302.0,2557.0,0,0,0,1,0,1,0,0,0,0,0,1,1
98681,0035000001nNJNvAAO,0.0,0,0.0,2406.0,0,0,0,1,0,1,0,0,0,0,1,0,0
98685,0035000001nNMisAAG,0.0,50,1466.0,8684.0,0,0,0,1,0,1,0,0,0,0,1,0,1
98686,0035000001nNOg4AAG,0.0,0,0.0,1097.0,0,0,0,1,0,0,1,0,0,0,0,1,0
98687,0035000001nNOhbAAG,0.0,0,0.0,4530.0,0,0,0,1,0,0,1,0,0,0,0,1,0
98689,0035000001nNOjrAAG,0.0,0,0.0,1914.0,0,0,0,1,0,0,1,0,0,0,0,1,0
98714,0035000001nNiuKAAS,0.0,0,1139.0,2192.0,0,0,0,1,0,0,1,0,0,0,0,1,1
98726,0035000001nNjG1AAK,0.0,0,0.0,3329.0,0,0,0,1,0,0,0,0,1,0,0,1,0
98729,0035000001nNjIRAA0,0.0,0,591.0,3713.0,0,0,0,1,0,0,1,0,0,0,0,1,0
98734,0035000001nNjfBAAS,0.0,80,16.0,3705.0,0,0,0,1,0,0,0,0,1,0,0,1,1
98735,0035000001nNjmIAAS,0.0,0,0.0,7941.0,0,0,0,1,0,0,1,0,0,0,1,0,1
98736,0035000001nNjxyAAC,0.0,0,4503.0,1460.0,0,0,0,1,0,0,0,0,1,0,0,1,0
98741,0035000001nNkDrAAK,0.0,0,285.0,12707.0,0,0,0,1,0,0,1,0,0,0,0,1,0
98744,0035000001nNkKdAAK,0.0,0,157.0,3975.0,0,0,0,1,0,1,0,0,0,0,0,1,1
98749,0035000001nNl2VAAS,0.0,0,0.0,7911.0,0,0,0,1,0,0,1,0,0,0,0,1,1
98750,0035000001nNl2aAAC,0.0,0,255.0,8913.0,0,0,0,1,0,0,1,0,0,0,0,1,0
98752,0035000001nNlWLAA0,0.0,0,3.0,10486.0,0,0,0,1,0,0,1,0,0,0,0,1,1
98753,0035000001nNlYIAA0,0.0,0,3088.0,1462.0,0,0,0,1,0,0,0,0,0,1,0,1,0
98757,0035000001nNlrUAAS,0.0,70,1699.0,2299.0,0,0,0,1,0,0,1,0,0,0,0,1,1
98758,0035000001nNluxAAC,0.0,0,434.0,1709.0,0,1,0,0,0,0,1,0,0,0,0,1,1
98761,0035000001nNn8QAAS,0.0,0,760.0,3089.0,0,1,0,0,0,0,1,0,0,0,0,1,1
98798,0035000001nO4bZAAS,0.0,0,0.0,7315.0,0,0,0,1,0,0,1,0,0,0,0,1,0
98799,0035000001nO4iWAAS,0.0,0,0.0,1203.0,0,0,0,1,0,0,1,0,0,0,0,1,0
98801,0035000001nO4jyAAC,0.0,0,0.0,9406.0,0,0,0,1,0,0,1,0,0,0,0,1,0
98807,0035000001nO67UAAS,0.0,0,0.0,7539.0,0,0,0,1,0,0,1,0,0,0,0,1,0
98824,0035000001nO8R9AAK,0.0,0,0.0,2404.0,0,0,0,1,0,0,0,0,1,0,0,1,0
98825,0035000001nOCuSAAW,0.0,0,203.0,9514.0,0,0,0,1,0,1,0,0,0,0,0,1,1
98827,0035000001nOCyAAAW,0.0,0,1076.0,3781.0,0,0,0,1,0,1,0,0,0,0,0,1,1
98828,0035000001nOD4sAAG,0.0,90,2240.0,0.0,0,0,0,1,0,0,0,0,1,0,0,1,1
98838,0035000001nODWvAAO,0.0,0,1802.0,2615.0,0,0,0,1,0,0,0,0,0,1,0,1,0
98853,0035000001nOF4lAAG,0.0,0,0.0,6939.0,1,0,0,0,0,0,1,0,0,0,1,0,0
98854,0035000001nOFJfAAO,0.0,0,383.0,7212.0,0,0,0,1,0,0,1,0,0,0,0,1,1
98859,0035000001nOFbkAAG,0.0,0,132.0,2191.0,0,0,0,1,0,0,1,0,0,0,0,1,1
98860,0035000001nOFkgAAG,0.0,0,2593.0,1526.0,0,0,0,1,0,0,1,0,0,0,0,1,1
98862,0035000001nOFsuAAG,0.0,20,149.0,1460.0,0,0,0,1,0,0,0,0,1,0,0,1,1
98864,0035000001nOG63AAG,0.0,0,116.0,1606.0,0,0,0,1,0,0,0,0,0,1,0,1,0
98869,0035000001nOGJHAA4,0.0,0,10.0,4771.0,0,0,0,1,0,0,1,0,0,0,0,1,1
98872,0035000001nOGlLAAW,0.0,10,544.0,1095.0,0,0,0,1,0,0,1,0,0,0,0,1,0
98891,0035000001nOYfZAAW,0.0,60,0.0,7610.0,0,0,0,1,0,0,1,0,0,0,1,0,0
98903,0035000001nOgKYAA0,0.0,0,0.0,12302.0,0,0,0,1,0,0,1,0,0,0,0,1,0
98906,0035000001nOgRXAA0,0.0,0,0.0,12926.0,0,0,0,1,0,0,1,0,0,0,0,1,0
98913,0035000001nOifiAAC,0.0,40,23.0,3051.0,0,0,0,1,0,0,0,0,1,0,0,1,1
98916,0035000001nOj44AAC,0.0,100,0.0,8567.0,0,0,0,1,0,0,1,0,0,0,0,1,0
98920,0035000001nOoY4AAK,0.0,0,0.0,4042.0,0,0,0,1,0,0,1,0,0,0,1,0,0
98921,0035000001nOoYdAAK,0.0,0,0.0,5084.0,0,0,0,1,0,0,1,0,0,0,0,1,0
98922,0035000001nOoZCAA0,0.0,0,0.0,11301.0,0,0,0,1,0,0,1,0,0,0,0,1,0
98924,0035000001nOoa0AAC,0.0,0,0.0,1261.0,0,0,0,1,0,0,1,0,0,0,0,1,0
98925,0035000001nOoaKAAS,0.0,0,0.0,1431.0,0,0,0,1,0,0,1,0,0,0,0,1,0
98931,0035000001nOpm2AAC,0.0,30,908.0,9434.0,0,0,0,1,0,1,0,0,0,0,0,1,1
98935,0035000001nOprRAAS,0.0,0,0.0,5059.0,0,0,0,1,0,1,0,0,0,0,1,0,1
98937,0035000001nOq3rAAC,0.0,80,1340.0,7328.0,0,0,0,1,0,0,0,0,0,1,0,1,1
98941,0035000001nOqNmAAK,0.0,0,0.0,8661.0,0,0,0,1,0,0,1,0,0,0,0,1,1
98970,0035000001nOzWsAAK,0.0,0,1039.0,3711.0,0,0,0,1,0,0,1,0,0,0,1,0,1
98999,0035000001nPAmrAAG,0.0,0,33.0,2922.0,0,0,0,1,0,0,1,0,0,0,0,1,1
99012,0035000001nPF9cAAG,0.0,0,182.0,7284.0,0,0,0,1,0,0,1,0,0,0,0,1,1
99013,0035000001nPFFzAAO,0.0,50,2830.0,1450.0,0,1,0,0,0,0,1,0,0,0,0,1,1
99025,0035000001nPK5WAAW,0.0,0,0.0,3646.0,0,1,0,0,0,0,1,0,0,0,0,1,1
99026,0035000001nPK6ZAAW,0.0,30,1346.0,1460.0,0,0,0,1,0,0,0,0,1,0,0,1,1
99029,0035000001nPK7XAAW,0.0,0,10.0,1460.0,0,0,0,1,0,0,0,0,0,1,0,1,1
99030,0035000001nPKArAAO,0.0,30,3051.0,3350.0,0,0,0,1,0,0,0,0,0,1,0,1,1
99032,0035000001nPKRNAA4,0.0,60,63.0,7784.0,0,0,0,1,0,0,1,0,0,0,0,1,1
99033,0035000001nPKSkAAO,0.0,0,1030.0,3141.0,0,0,0,1,0,1,0,0,0,0,1,0,1
99036,0035000001nPKvJAAW,0.0,0,992.0,2983.0,0,0,0,1,0,0,1,0,0,0,0,1,0
99050,0035000001nPLWpAAO,0.0,30,3654.0,2707.0,0,0,0,1,0,0,1,0,0,0,0,1,1
99051,0035000001nPLXiAAO,0.0,40,1475.0,2192.0,0,1,0,0,0,0,0,0,0,1,0,1,1
99055,0035000001nPLfbAAG,0.0,40,586.0,7677.0,0,0,0,1,0,1,0,0,0,0,0,1,1
99059,0035000001nPLpZAAW,0.0,0,5.0,7320.0,0,0,0,1,0,0,0,0,1,0,0,1,0
99061,0035000001nPLqXAAW,0.0,0,2202.0,1441.0,0,0,0,0,1,0,1,0,0,0,0,1,1
99062,0035000001nPLqrAAG,0.0,30,1542.0,1664.0,0,1,0,0,0,0,1,0,0,0,0,1,1
99068,0035000001nPM53AAG,0.0,0,98.0,400.0,0,0,0,1,0,0,1,0,0,0,0,1,1
99069,0035000001nPMBHAA4,0.0,0,339.0,9527.0,0,0,0,1,0,1,0,0,0,0,0,1,1
99086,0035000001nPST1AAO,0.0,100,2052.0,7671.0,1,0,0,0,0,0,1,0,0,0,0,1,0
99131,0035000001nPkzPAAS,0.0,0,38.0,8220.0,0,0,0,1,0,0,1,0,0,0,0,1,0
99133,0035000001nPlAAAA0,0.0,60,4666.0,7990.0,0,0,0,1,0,0,1,0,0,0,0,1,1
99136,0035000001nPlJ1AAK,0.0,0,2868.0,5655.0,0,0,0,1,0,0,0,0,1,0,0,1,0
99141,0035000001nPlTFAA0,0.0,0,0.0,7874.0,1,0,0,0,0,1,0,0,0,0,0,1,0
99150,0035000001nPlm8AAC,0.0,0,2801.0,1461.0,0,1,0,0,0,1,0,0,0,0,1,0,1
99151,0035000001nPlmlAAC,0.0,20,3755.0,1279.0,0,1,0,0,0,0,1,0,0,0,1,0,1
99160,0035000001nPmXhAAK,0.0,0,4294.0,1401.0,0,0,0,1,0,0,1,0,0,0,0,1,1
99165,0035000001nPn6JAAS,0.0,0,397.0,3154.0,0,0,0,1,0,0,0,0,0,1,0,1,1
99166,0035000001nPnHmAAK,0.0,60,3044.0,7924.0,0,0,0,0,1,1,0,0,0,0,0,1,1
99167,0035000001nPnekAAC,0.0,0,0.0,2184.0,0,0,0,1,0,0,1,0,0,0,0,1,1
99168,0035000001nPnkaAAC,0.0,0,2631.0,1775.0,0,1,0,0,0,0,1,0,0,0,0,1,1
99169,0035000001nPnoCAAS,0.0,0,8089.0,182.0,0,0,0,1,0,0,1,0,0,0,0,1,1
99172,0035000001nPnyiAAC,0.0,70,811.0,3640.0,0,0,0,0,1,0,1,0,0,0,0,1,1
99175,0035000001nPo4fAAC,0.0,40,871.0,1460.0,0,0,0,1,0,0,0,0,1,0,0,1,1
99176,0035000001nPoC5AAK,0.0,0,207.0,1228.0,0,0,0,1,0,0,1,0,0,0,0,1,1
99179,0035000001nPocDAAS,0.0,0,40.0,9533.0,0,0,0,1,0,0,0,0,1,0,0,1,1
99181,0035000001nPpBrAAK,0.0,0,1670.0,3028.0,0,0,0,1,0,0,0,0,0,1,0,1,1
99191,0035000001nPr32AAC,0.0,0,1441.0,2556.0,0,0,0,1,0,0,1,0,0,0,0,1,1
99200,0035000001nPtIQAA0,0.0,30,8336.0,2696.0,0,0,0,1,0,0,1,0,0,0,0,1,1
99216,0035000001rDEpUAAW,0.0,0,1717.0,1826.0,0,0,0,1,0,0,0,0,0,1,0,1,1
99221,0035000001rDF0IAAW,0.0,90,141.0,4505.0,0,1,0,0,0,0,0,0,0,1,1,0,1
99254,0035000001rDGCqAAO,0.0,30,263.0,1523.0,0,0,0,1,0,0,0,0,1,0,0,1,1
99293,0035000001rDSprAAG,0.0,0,63.0,7842.0,0,1,0,0,0,0,1,0,0,0,0,1,1
99306,0035000001rDcpPAAS,0.0,0,751.0,2922.0,0,0,0,1,0,0,1,0,0,0,0,1,1
99309,0035000001rDdIrAAK,0.0,70,1343.0,3335.0,0,1,0,0,0,0,1,0,0,0,0,1,1
99316,0035000001rDio2AAC,0.0,0,2977.0,2011.0,0,0,0,1,0,0,1,0,0,0,0,1,0
99317,0035000001rDivXAAS,0.0,0,0.0,4383.0,0,0,0,0,1,0,1,0,0,0,0,1,0
99319,0035000001rDmSjAAK,0.0,100,1052.0,3173.0,0,0,0,0,1,0,1,0,0,0,0,1,0
99321,0035000001rDmqNAAS,0.0,0,17.0,4630.0,0,1,0,0,0,1,0,0,0,0,0,1,1
99334,0035000001rDnLtAAK,0.0,0,25.0,9814.0,1,0,0,0,0,0,1,0,0,0,0,1,1
99335,0035000001rDnPRAA0,0.0,0,5382.0,3272.0,0,1,0,0,0,0,0,0,1,0,0,1,0
99336,0035000001rDniiAAC,0.0,0,0.0,10724.0,0,1,0,0,0,1,0,0,0,0,0,1,1
99338,0035000001rDnnsAAC,0.0,0,2276.0,1747.0,0,1,0,0,0,0,1,0,0,0,0,1,0
99341,0035000001rDoA3AAK,0.0,0,1884.0,2922.0,0,0,0,0,1,0,1,0,0,0,0,1,1
99342,0035000001rDoEkAAK,0.0,0,115.0,5114.0,0,0,0,0,1,0,1,0,0,0,1,0,1
99347,0035000001rDotOAAS,0.0,0,12.0,1761.0,0,0,0,1,0,0,0,0,1,0,0,1,1
99352,0035000001rDpyYAAS,0.0,70,680.0,3568.0,0,0,0,1,0,1,0,0,0,0,1,0,1
99366,0035000001rDt7SAAS,0.0,0,0.0,5905.0,0,0,0,0,1,0,1,0,0,0,0,1,0
99369,0035000001rDtSzAAK,0.0,70,979.0,1705.0,0,0,0,1,0,0,1,0,0,0,1,0,1
99372,0035000001rDthVAAS,0.0,0,2036.0,8564.0,0,1,0,0,0,0,1,0,0,0,0,1,1
99416,0035000001rE5HxAAK,0.0,0,1388.0,1476.0,0,0,0,1,0,0,0,0,1,0,0,1,1
99417,0035000001rE5N2AAK,0.0,0,0.0,8407.0,0,0,0,1,0,0,0,0,1,0,0,1,0
99418,0035000001rE5OBAA0,0.0,0,2105.0,1809.0,0,1,0,0,0,0,0,0,0,1,0,1,1
99420,0035000001rE5QzAAK,0.0,30,2702.0,1461.0,0,0,0,0,1,0,0,0,1,0,0,1,1
99433,0035000001rEFAkAAO,0.0,0,0.0,9769.0,0,0,0,0,1,0,1,0,0,0,0,1,0
99444,0035000001rEFNDAA4,0.0,0,2070.0,8278.0,0,0,0,0,1,0,1,0,0,0,0,1,1
99447,0035000001rEFPAAA4,0.0,80,2497.0,2069.0,0,0,0,1,0,0,1,0,0,0,0,1,1
99456,0035000001rEFs4AAG,0.0,0,1366.0,2193.0,0,1,0,0,0,0,0,0,1,0,0,1,1
99457,0035000001rEFscAAG,0.0,0,2464.0,3222.0,0,0,0,1,0,0,1,0,0,0,1,0,1
99459,0035000001rEFzxAAG,0.0,0,815.0,0.0,1,0,0,0,0,0,0,0,1,0,1,0,1
99460,0035000001rEG02AAG,0.0,0,0.0,8296.0,0,0,0,1,0,0,1,0,0,0,0,1,1
99461,0035000001rEG3bAAG,0.0,0,148.0,1826.0,0,0,0,1,0,0,0,0,1,0,0,1,1
99470,0035000001rEH08AAG,0.0,0,88.0,2791.0,0,0,0,1,0,0,1,0,0,0,0,1,1
99477,0035000001rEHlOAAW,0.0,0,156.0,7685.0,0,0,0,0,1,0,1,0,0,0,0,1,1
99479,0035000001rEHrlAAG,0.0,60,230.0,1464.0,0,1,0,0,0,0,1,0,0,0,0,1,1
99480,0035000001rEHsKAAW,0.0,0,1543.0,1460.0,0,0,0,1,0,0,1,0,0,0,0,1,1
99488,0035000001rEIaAAAW,0.0,40,2028.0,1703.0,0,0,0,1,0,1,0,0,0,0,1,0,1
99528,0035000001rEbXVAA0,0.0,0,20.0,2925.0,0,0,0,1,0,0,0,0,1,0,0,1,1
99530,0035000001rEbcBAAS,0.0,0,0.0,1827.0,0,0,0,1,0,0,1,0,0,0,1,0,0
99542,0035000001rEf2EAAS,0.0,30,464.0,8636.0,0,0,0,1,0,0,0,0,1,0,0,1,1
99549,0035000001rEfRSAA0,0.0,0,0.0,5981.0,1,0,0,0,0,0,1,0,0,0,0,1,0
99551,0035000001rEg0TAAS,0.0,50,436.0,3531.0,0,1,0,0,0,1,0,0,0,0,0,1,1
99554,0035000001rEg9yAAC,0.0,0,0.0,2841.0,1,0,0,0,0,1,0,0,0,0,0,1,0
99559,0035000001rEgQvAAK,0.0,0,76.0,2191.0,0,0,0,1,0,1,0,0,0,0,0,1,1
99565,0035000001rEgxEAAS,0.0,0,0.0,9913.0,0,0,0,0,1,0,1,0,0,0,0,1,0
99571,0035000001rEhE5AAK,0.0,0,0.0,10252.0,0,1,0,0,0,0,1,0,0,0,0,1,0
99575,0035000001rEhcqAAC,0.0,0,495.0,4860.0,0,0,0,1,0,0,0,0,1,0,0,1,0
99576,0035000001rEhfMAAS,0.0,0,223.0,3653.0,0,1,0,0,0,1,0,0,0,0,0,1,1
99577,0035000001rEhrIAAS,0.0,60,2489.0,1460.0,0,1,0,0,0,0,0,0,1,0,0,1,0
99583,0035000001rEi6yAAC,0.0,0,954.0,1492.0,0,0,0,0,1,0,1,0,0,0,0,1,1
99590,0035000001rEiGFAA0,0.0,0,222.0,5133.0,0,0,0,1,0,0,0,0,0,1,0,1,1
99595,0035000001rEiwnAAC,0.0,80,2306.0,1462.0,0,1,0,0,0,0,0,0,1,0,0,1,1
99601,0035000001rElMgAAK,0.0,0,2757.0,1583.0,0,0,0,1,0,0,0,0,1,0,0,1,1
99618,0035000001rEuREAA0,0.0,80,0.0,4060.0,0,0,0,0,1,0,1,0,0,0,0,1,1
99620,0035000001rEumCAAS,0.0,0,0.0,7345.0,0,0,0,1,0,0,1,0,0,0,0,1,0
99632,0035000001rF12AAAS,0.0,0,279.0,853.0,0,0,0,1,0,0,1,0,0,0,0,1,1
99650,0035000001rF69hAAC,0.0,10,531.0,1516.0,0,0,0,1,0,0,1,0,0,0,0,1,1
99660,0035000001rF6Z2AAK,0.0,70,319.0,8056.0,0,1,0,0,0,1,0,0,0,0,0,1,1
99663,0035000001rF7EAAA0,0.0,0,984.0,4221.0,0,1,0,0,0,0,1,0,0,0,0,1,1
99670,0035000001rF8DDAA0,0.0,0,4621.0,2922.0,0,0,0,1,0,0,0,0,1,0,0,1,1
99674,0035000001rF94gAAC,0.0,80,1064.0,2308.0,0,1,0,0,0,0,1,0,0,0,0,1,0
99677,0035000001rF9gkAAC,0.0,0,105.0,2674.0,0,0,0,1,0,0,1,0,0,0,0,1,1
99720,0035000001rFVZsAAO,0.0,0,0.0,1461.0,0,0,0,1,0,0,0,0,0,1,0,1,1
99724,0035000001rFVqAAAW,0.0,0,605.0,1095.0,0,0,0,1,0,0,0,0,1,0,0,1,1
99725,0035000001rFVqPAAW,0.0,50,7525.0,3225.0,1,0,0,0,0,0,1,0,0,0,0,1,0
99727,0035000001rFVs1AAG,0.0,0,198.0,4085.0,0,1,0,0,0,0,1,0,0,0,0,1,0
99758,0035000001rFdqUAAS,0.0,30,463.0,1550.0,0,0,0,1,0,0,1,0,0,0,0,1,1
99771,0035000001rFeOKAA0,0.0,0,0.0,9491.0,0,0,0,1,0,0,1,0,0,0,0,1,0
99843,0035000001rFoi6AAC,0.0,10,1326.0,5611.0,0,1,0,0,0,0,0,0,1,0,0,1,1
99878,0035000001rFsORAA0,0.0,0,446.0,8149.0,1,0,0,0,0,0,1,0,0,0,0,1,0
99896,0035000001rFu92AAC,0.0,30,1675.0,1714.0,0,0,0,0,1,1,0,0,0,0,0,1,1
99912,0035000001rFucsAAC,0.0,0,73.0,2280.0,0,0,0,1,0,0,1,0,0,0,0,1,1
99915,0035000001rFv5OAAS,0.0,50,880.0,1366.0,0,0,0,1,0,0,0,0,1,0,0,1,0
99918,0035000001rFvbnAAC,0.0,0,166.0,3001.0,0,1,0,0,0,0,0,0,1,0,0,1,1
99924,0035000001rFxlIAAS,0.0,0,12187.0,1452.0,0,0,0,0,1,0,0,0,0,1,0,1,0
99940,0035000001rG0XNAA0,0.0,0,822.0,1460.0,1,0,0,0,0,0,0,0,1,0,1,0,1
99942,0035000001rG0bVAAS,0.0,0,61.0,8367.0,0,0,0,0,1,1,0,0,0,0,0,1,1
99946,0035000001rG0kWAAS,0.0,0,6636.0,7305.0,1,0,0,0,0,0,0,0,0,1,0,1,0
99998,0035000001rG6pFAAS,0.0,50,513.0,7889.0,1,0,0,0,0,0,1,0,0,0,0,1,1
100002,0035000001rG6rAAAS,0.0,80,427.0,2095.0,0,1,0,0,0,0,1,0,0,0,0,1,0
100004,0035000001rG6ryAAC,0.0,70,225.0,2736.0,1,0,0,0,0,0,1,0,0,0,0,1,1
100005,0035000001rG6sNAAS,0.0,0,1796.0,1552.0,0,1,0,0,0,0,0,0,0,1,0,1,1
100013,0035000001rG7SmAAK,0.0,40,1232.0,1591.0,0,0,0,0,1,0,1,0,0,0,0,1,0
100091,0035000001rGHzoAAG,0.0,0,3145.0,1096.0,0,1,0,0,0,0,1,0,0,0,1,0,1
100142,0035000001rGOy2AAG,0.0,0,0.0,3206.0,0,0,0,1,0,0,0,0,0,1,0,1,0
100144,0035000001rGP7jAAG,0.0,0,3.0,1704.0,0,0,0,1,0,0,1,0,0,0,0,1,1
100149,0035000001rGQM4AAO,0.0,0,94.0,1826.0,0,1,0,0,0,0,0,0,0,1,0,1,1
100154,0035000001rGQuwAAG,0.0,0,0.0,5221.0,0,0,0,1,0,0,1,0,0,0,0,1,0
100155,0035000001rGQzaAAG,0.0,10,1267.0,2710.0,0,1,0,0,0,0,0,0,1,0,0,1,0
100157,0035000001rGR2jAAG,0.0,70,3099.0,3642.0,0,1,0,0,0,0,1,0,0,0,0,1,0
100160,0035000001rGqxpAAC,0.0,40,793.0,8791.0,0,0,0,1,0,0,1,0,0,0,1,0,1
100162,0035000001rGrJMAA0,0.0,80,2145.0,4038.0,0,0,0,1,0,0,0,0,1,0,0,1,1
100167,0035000001rGs8CAAS,0.0,0,2621.0,2778.0,0,0,0,1,0,0,0,0,0,1,0,1,0
100178,0035000001rGtMkAAK,0.0,30,762.0,3348.0,0,0,0,1,0,0,1,0,0,0,0,1,1
100180,0035000001rGtaEAAS,0.0,80,1399.0,8904.0,1,0,0,0,0,0,1,0,0,0,0,1,1
100181,0035000001rGtfUAAS,0.0,0,3110.0,1705.0,0,0,0,1,0,0,1,0,0,0,0,1,1
100182,0035000001rGtmaAAC,0.0,30,4393.0,2494.0,0,1,0,0,0,0,0,0,0,1,0,1,1
100183,0035000001rGtrLAAS,0.0,0,817.0,3768.0,1,0,0,0,0,0,0,0,0,1,0,1,1
100189,0035000001rGuXZAA0,0.0,30,788.0,2885.0,0,0,0,0,1,0,1,0,0,0,0,1,1
100190,0035000001rGuhkAAC,0.0,70,609.0,961.0,0,0,0,1,0,0,0,0,1,0,1,0,1
100191,0035000001rGuwFAAS,0.0,0,125.0,3062.0,0,0,0,1,0,0,0,0,0,1,0,1,1
100224,0035000001rGzIHAA0,0.0,0,6270.0,2192.0,1,0,0,0,0,0,1,0,0,0,1,0,1
100232,0035000001rGzy2AAC,0.0,0,551.0,4415.0,1,0,0,0,0,0,0,0,0,1,0,1,0
100270,0035000001rH4JgAAK,0.0,100,1994.0,1783.0,0,0,0,0,1,0,1,0,0,0,0,1,1
100281,0035000001rH6PRAA0,0.0,0,446.0,1738.0,0,0,0,1,0,0,0,0,0,1,1,0,1
100288,0035000001rH8jUAAS,0.0,0,9313.0,3157.0,0,0,0,0,1,0,1,0,0,0,0,1,0
100296,0035000001rHAEdAAO,0.0,80,2939.0,7328.0,0,1,0,0,0,1,0,0,0,0,0,1,0
100298,0035000001rHAMYAA4,0.0,100,94.0,9238.0,0,1,0,0,0,0,1,0,0,0,0,1,1
100310,0035000001sQVrzAAG,0.0,0,6.0,2865.0,0,0,0,1,0,0,0,0,1,0,0,1,0
100333,0035000001sQWxKAAW,0.0,0,137.0,8092.0,0,1,0,0,0,0,1,0,0,0,1,0,1
100341,0035000001sQXz7AAG,0.0,0,59.0,1130.0,0,0,0,1,0,0,0,0,0,1,0,1,1
100350,0035000001sQYRpAAO,0.0,0,36.0,9750.0,1,0,0,0,0,0,1,0,0,0,0,1,0
100352,0035000001sQYXxAAO,0.0,0,412.0,4018.0,0,0,0,1,0,0,0,0,0,1,0,1,0
100355,0035000001sQYbLAAW,0.0,70,307.0,4050.0,0,1,0,0,0,0,1,0,0,0,1,0,0
100367,0035000001sQd5wAAC,0.0,0,599.0,1461.0,0,0,0,1,0,0,0,0,1,0,0,1,0
100373,0035000001sQdfKAAS,0.0,90,595.0,1010.0,0,0,0,1,0,0,0,0,0,1,0,1,0
100374,0035000001sQdnTAAS,0.0,100,2468.0,1462.0,0,1,0,0,0,0,0,0,1,0,0,1,1
100380,0035000001sQeQgAAK,0.0,0,1555.0,1465.0,0,1,0,0,0,0,1,0,0,0,1,0,1
100382,0035000001sQeScAAK,0.0,0,7950.0,4017.0,0,0,0,0,1,1,0,0,0,0,0,1,0
100387,0035000001sQeyKAAS,0.0,30,199.0,1347.0,0,1,0,0,0,0,1,0,0,0,0,1,1
100403,0035000001sQhp9AAC,0.0,70,162.0,1673.0,0,0,0,1,0,0,0,0,0,1,1,0,0
100404,0035000001sQhpiAAC,0.0,0,2926.0,707.0,0,0,0,1,0,0,0,1,0,0,1,0,1
100410,0035000001sQiJ8AAK,0.0,0,13466.0,1461.0,1,0,0,0,0,1,0,0,0,0,0,1,1
100413,0035000001sQiPaAAK,0.0,0,297.0,5031.0,0,1,0,0,0,0,0,0,1,0,1,0,1
100431,0035000001sQjSOAA0,0.0,50,3423.0,1461.0,0,1,0,0,0,0,0,0,0,1,0,1,1
100435,0035000001sQjphAAC,0.0,0,279.0,8772.0,0,1,0,0,0,0,1,0,0,0,0,1,1
100467,0035000001sQoN0AAK,0.0,0,2812.0,1460.0,1,0,0,0,0,0,0,0,0,1,0,1,1
100508,0035000001sQtoaAAC,0.0,0,194.0,5112.0,0,0,0,1,0,0,1,0,0,0,0,1,1
100512,0035000001sQu1sAAC,0.0,0,366.0,1489.0,0,1,0,0,0,0,1,0,0,0,0,1,1
100526,0035000001sQvbwAAC,0.0,50,1094.0,4266.0,1,0,0,0,0,0,0,0,0,1,0,1,1
100548,0035000001sR0gSAAS,0.0,0,0.0,4383.0,0,0,0,1,0,0,1,0,0,0,0,1,0
100579,0035000001sR2yOAAS,0.0,0,7140.0,3817.0,0,1,0,0,0,1,0,0,0,0,0,1,1
100586,0035000001sR3EbAAK,0.0,0,314.0,2191.0,0,0,0,0,1,1,0,0,0,0,0,1,1
100597,0035000001sR4saAAC,0.0,0,11456.0,1461.0,0,1,0,0,0,0,0,0,0,1,0,1,1
100600,0035000001sR5MQAA0,0.0,80,16.0,14108.0,0,1,0,0,0,0,1,0,0,0,0,1,0
100602,0035000001sR5lIAAS,0.0,0,3002.0,912.0,1,0,0,0,0,0,0,0,1,0,0,1,1
100611,0035000001sR68SAAS,0.0,0,0.0,2918.0,0,0,0,1,0,0,0,0,0,1,0,1,0
100627,0035000001sR9f2AAC,0.0,100,12058.0,2601.0,0,1,0,0,0,0,0,0,1,0,1,0,1
100632,0035000001sRAEkAAO,0.0,0,977.0,1460.0,0,1,0,0,0,0,0,0,0,1,0,1,1
100642,0035000001sRB8xAAG,0.0,0,0.0,1832.0,0,0,0,0,1,0,1,0,0,0,0,1,1
100659,0035000001sRCwoAAG,0.0,0,2965.0,2355.0,0,0,0,1,0,0,1,0,0,0,0,1,0
100677,0035000001sRFdWAAW,0.0,60,3196.0,3290.0,0,0,0,0,1,0,0,0,0,1,0,1,1
100679,0035000001sRGKfAAO,0.0,60,1021.0,1460.0,0,1,0,0,0,0,0,0,1,0,0,1,0
100701,0035000001sRIV4AAO,0.0,50,0.0,7639.0,0,0,0,0,1,0,1,0,0,0,0,1,0
100710,0035000001sRIgMAAW,0.0,30,299.0,1089.0,0,0,0,1,0,0,1,0,0,0,0,1,0
100758,0035000001sRNTzAAO,0.0,0,1935.0,11223.0,0,0,0,0,1,0,0,0,0,1,0,1,1
100772,0035000001sRQayAAG,0.0,30,7045.0,3167.0,1,0,0,0,0,0,0,0,0,1,0,1,1
100797,0035000001sRU45AAG,0.0,40,450.0,1492.0,1,0,0,0,0,0,0,0,1,0,0,1,1
100807,0035000001sRUXQAA4,0.0,0,1055.0,2920.0,0,1,0,0,0,1,0,0,0,0,0,1,0
100827,0035000001sRYQ8AAO,0.0,0,303.0,2720.0,1,0,0,0,0,0,1,0,0,0,0,1,1
100834,0035000001sRZVHAA4,0.0,0,10.0,8460.0,0,0,0,0,1,0,0,0,0,1,0,1,1
100838,0035000001sRZvFAAW,0.0,70,2089.0,7316.0,0,0,0,0,1,0,1,0,0,0,0,1,1
100848,0035000001sRa7QAAS,0.0,0,829.0,2535.0,1,0,0,0,0,0,0,0,0,1,1,0,1
100851,0035000001sRaLnAAK,0.0,0,7958.0,2529.0,0,0,0,1,0,0,0,0,0,1,0,1,1
100856,0035000001sRafSAAS,0.0,20,4934.0,1550.0,1,0,0,0,0,0,1,0,0,0,0,1,1
100863,0035000001sRbS1AAK,0.0,0,0.0,5586.0,0,0,0,1,0,0,1,0,0,0,0,1,0
100866,0035000001sRc3zAAC,0.0,40,353.0,823.0,0,1,0,0,0,0,0,0,0,1,0,1,0
100874,0035000001sRcjzAAC,0.0,0,90.0,9745.0,0,1,0,0,0,0,1,0,0,0,0,1,1
100879,0035000001sRdBKAA0,0.0,0,44.0,1460.0,0,1,0,0,0,0,0,0,0,1,0,1,1
100881,0035000001sRdJPAA0,0.0,0,1280.0,1250.0,0,0,0,1,0,0,1,0,0,0,1,0,1
100897,0035000001sRg1CAAS,0.0,70,149.0,4001.0,0,1,0,0,0,0,1,0,0,0,0,1,1
100916,0035000001sRiIvAAK,0.0,10,1615.0,3288.0,1,0,0,0,0,0,1,0,0,0,0,1,1
100917,0035000001sRiVBAA0,0.0,30,1780.0,2330.0,0,0,0,1,0,0,1,0,0,0,1,0,1
100921,0035000001sRjCfAAK,0.0,80,63.0,2471.0,0,0,0,1,0,0,1,0,0,0,1,0,0
100933,0035000001sRlm6AAC,0.0,20,1712.0,4235.0,0,1,0,0,0,0,1,0,0,0,1,0,1
100948,0035000001sRnyuAAC,0.0,0,26.0,1302.0,1,0,0,0,0,0,1,0,0,0,0,1,0
100953,0035000001sRomyAAC,0.0,0,300.0,7260.0,0,1,0,0,0,0,0,0,1,0,0,1,1
100978,0035000001sRrzxAAC,0.0,40,0.0,2557.0,0,0,0,1,0,0,1,0,0,0,0,1,0
100980,0035000001sRs9dAAC,0.0,0,0.0,2403.0,0,0,0,1,0,0,1,0,0,0,0,1,0
101008,0035000001sRtq7AAC,0.0,80,1782.0,4211.0,0,0,0,0,1,0,1,0,0,0,0,1,1
101067,0035000001sS0zVAAS,0.0,0,209.0,3454.0,0,1,0,0,0,1,0,0,0,0,0,1,1
101071,0035000001sS13hAAC,0.0,90,1853.0,2226.0,0,0,0,0,1,0,1,0,0,0,0,1,1
101086,0035000001sS2etAAC,0.0,0,287.0,1573.0,0,0,0,1,0,0,1,0,0,0,0,1,0
101095,0035000001sS2yoAAC,0.0,0,1569.0,2191.0,1,0,0,0,0,1,0,0,0,0,0,1,1
101096,0035000001sS2zwAAC,0.0,90,2492.0,1702.0,0,0,0,1,0,1,0,0,0,0,0,1,1
101098,0035000001sS316AAC,0.0,0,10.0,8047.0,0,0,0,1,0,0,0,0,0,1,0,1,1
101101,0035000001sS32qAAC,0.0,0,575.0,3436.0,0,0,0,1,0,0,0,0,0,1,0,1,0
101102,0035000001sS32vAAC,0.0,0,3274.0,2192.0,0,1,0,0,0,1,0,0,0,0,0,1,1
101105,0035000001sS336AAC,0.0,50,2267.0,2843.0,0,1,0,0,0,0,1,0,0,0,0,1,1
101108,0035000001sS33KAAS,0.0,10,14158.0,1817.0,0,0,0,0,1,0,1,0,0,0,0,1,0
101111,0035000001sS33UAAS,0.0,0,0.0,2842.0,0,0,0,1,0,1,0,0,0,0,0,1,0
101116,0035000001sS33oAAC,0.0,0,2521.0,1461.0,0,0,0,1,0,1,0,0,0,0,0,1,1
101118,0035000001sS356AAC,0.0,0,48.0,3606.0,0,0,0,1,0,0,1,0,0,0,0,1,0
101125,0035000001sS35kAAC,0.0,0,3.0,8774.0,0,1,0,0,0,1,0,0,0,0,0,1,1
101154,0035000001sS38yAAC,0.0,0,4507.0,2885.0,0,1,0,0,0,0,0,0,0,1,0,1,0
101194,0035000001sS3nQAAS,0.0,0,2671.0,1533.0,0,1,0,0,0,0,1,0,0,0,0,1,0
101233,0035000001sS5DEAA0,0.0,40,5202.0,1460.0,0,1,0,0,0,0,0,0,0,1,0,1,1
101280,0035000001sS7PDAA0,0.0,0,31.0,2495.0,0,0,0,1,0,1,0,0,0,0,0,1,1
101297,0035000001sS8CpAAK,0.0,0,1047.0,730.0,0,0,0,1,0,0,0,1,0,0,0,1,0
101298,0035000001sS8F8AAK,0.0,0,7279.0,1769.0,0,0,0,0,1,0,1,0,0,0,0,1,1
101392,0035000001sSE4kAAG,0.0,0,1014.0,1460.0,0,1,0,0,0,0,1,0,0,0,1,0,0
101401,0035000001sSHFVAA4,0.0,0,161.0,7282.0,1,0,0,0,0,0,1,0,0,0,0,1,0
101406,0035000001sSHXYAA4,0.0,10,9281.0,975.0,0,0,0,1,0,1,0,0,0,0,0,1,1
101438,0035000001sSL4EAAW,0.0,0,12.0,1431.0,0,0,0,1,0,0,0,0,1,0,0,1,0
101453,0035000001sSNEOAA4,0.0,0,6569.0,1739.0,0,0,0,1,0,0,1,0,0,0,0,1,0
101460,0035000001sSNjfAAG,0.0,80,1736.0,8563.0,0,1,0,0,0,1,0,0,0,0,0,1,1
101467,0035000001sSOk0AAG,0.0,0,156.0,9411.0,0,0,0,0,1,1,0,0,0,0,0,1,1
101475,0035000001sSQcdAAG,0.0,0,65.0,12266.0,0,0,0,1,0,0,1,0,0,0,0,1,1
101515,0035000001sSSkFAAW,0.0,0,1008.0,1154.0,0,0,0,1,0,1,0,0,0,0,0,1,1
101519,0035000001sST9jAAG,0.0,60,26.0,1114.0,0,0,0,1,0,0,1,0,0,0,0,1,1
101520,0035000001sST9yAAG,0.0,0,65.0,1497.0,0,0,0,1,0,0,0,0,0,1,0,1,1
101528,0035000001sSUHtAAO,0.0,0,0.0,3155.0,0,0,0,1,0,0,0,0,0,1,0,1,1
101530,0035000001sSUdLAAW,0.0,70,188.0,8989.0,1,0,0,0,0,0,0,0,0,1,0,1,0
101532,0035000001sSUwSAAW,0.0,0,1382.0,1460.0,0,1,0,0,0,0,0,0,1,0,0,1,1
101538,0035000001sSVsbAAG,0.0,30,1557.0,8727.0,0,0,0,1,0,0,1,0,0,0,0,1,1
101540,0035000001sSW01AAG,0.0,0,203.0,1281.0,0,0,0,1,0,0,0,0,1,0,0,1,1
101542,0035000001sSW9hAAG,0.0,40,218.0,1593.0,0,1,0,0,0,0,1,0,0,0,0,1,1
101543,0035000001sSWODAA4,0.0,80,729.0,2928.0,0,0,0,1,0,0,0,0,0,1,0,1,1
101549,0035000001sSX1TAAW,0.0,60,1776.0,1484.0,0,0,0,1,0,0,1,0,0,0,0,1,1
101584,0035000001sScsrAAC,0.0,0,0.0,3069.0,0,0,0,1,0,0,1,0,0,0,0,1,1
101588,0035000001sSd8bAAC,0.0,0,473.0,644.0,0,1,0,0,0,1,0,0,0,0,0,1,1
101636,0035000001sSm1sAAC,0.0,60,39.0,3297.0,0,1,0,0,0,0,1,0,0,0,0,1,1
101659,0035000001sSoEcAAK,0.0,40,72.0,7319.0,0,0,0,1,0,0,0,0,0,1,0,1,1
101660,0035000001sSoOcAAK,0.0,90,148.0,4977.0,1,0,0,0,0,0,1,0,0,0,0,1,1
101672,0035000001sSqW0AAK,0.0,0,0.0,7117.0,0,1,0,0,0,0,0,0,1,0,0,1,1
101674,0035000001sSqocAAC,0.0,30,28.0,1337.0,0,1,0,0,0,0,0,0,1,0,0,1,1
101683,0035000001sSrcDAAS,0.0,0,936.0,3619.0,1,0,0,0,0,0,0,0,0,1,0,1,1
101720,0035000001sSvReAAK,0.0,0,1158.0,442.0,0,0,0,1,0,0,1,0,0,0,1,0,1
101782,0035000001sT098AAC,0.0,40,1074.0,1460.0,0,0,0,0,1,0,1,0,0,0,0,1,1
101796,0035000001sT131AAC,0.0,0,74.0,8299.0,0,0,0,1,0,0,1,0,0,0,0,1,0
101798,0035000001sT1AHAA0,0.0,40,10213.0,641.0,1,0,0,0,0,0,0,0,1,0,0,1,0
101800,0035000001sT1EjAAK,0.0,0,3994.0,1461.0,0,0,0,1,0,0,0,0,1,0,0,1,1
101803,0035000001sT1TTAA0,0.0,0,283.0,2945.0,0,0,0,0,1,0,0,0,1,0,0,1,0
101807,0035000001sT1YYAA0,0.0,0,0.0,5287.0,0,1,0,0,0,0,1,0,0,0,0,1,1
101808,0035000001sT1YsAAK,0.0,0,272.0,2659.0,0,0,0,0,1,0,0,0,0,1,0,1,1
101817,0035000001sT2BaAAK,0.0,0,1006.0,2282.0,0,1,0,0,0,0,0,0,1,0,0,1,1
101819,0035000001sT2JPAA0,0.0,0,2739.0,4318.0,0,0,0,1,0,0,0,0,1,0,0,1,1
101821,0035000001sT2TgAAK,0.0,100,3438.0,7407.0,0,1,0,0,0,0,1,0,0,0,1,0,0
101914,0035000001sT9trAAC,0.0,0,0.0,4558.0,1,0,0,0,0,0,0,0,1,0,0,1,1
101954,0035000001sTEVQAA4,0.0,0,1652.0,2330.0,0,1,0,0,0,1,0,0,0,0,0,1,1
101997,0035000001sTLAhAAO,0.0,10,3270.0,2220.0,0,0,0,0,1,0,0,0,1,0,0,1,1
102001,0035000001sTLelAAG,0.0,50,833.0,1826.0,0,0,0,1,0,0,0,0,0,1,1,0,0
102002,0035000001sTLiYAAW,0.0,70,2065.0,1721.0,0,0,0,0,1,0,0,0,1,0,0,1,1
102007,0035000001sTMzcAAG,0.0,0,24.0,7951.0,1,0,0,0,0,1,0,0,0,0,0,1,1
102020,0035000001sTP9VAAW,0.0,30,2408.0,2222.0,1,0,0,0,0,1,0,0,0,0,0,1,1
102033,0035000001sTQqhAAG,0.0,80,1659.0,7312.0,0,0,0,0,1,0,1,0,0,0,0,1,1
102045,0035000001sTRdoAAG,0.0,0,130.0,1095.0,0,0,0,1,0,0,1,0,0,0,0,1,0
102080,0035000001sTTEjAAO,0.0,20,346.0,2876.0,0,0,0,1,0,0,0,0,1,0,0,1,0
102084,0035000001sTTQzAAO,0.0,0,7206.0,6643.0,1,0,0,0,0,0,0,0,0,1,0,1,0
102091,0035000001sTUejAAG,0.0,40,321.0,9608.0,0,1,0,0,0,0,1,0,0,0,0,1,1
102092,0035000001sTUhhAAG,0.0,0,0.0,1096.0,0,0,0,1,0,0,1,0,0,0,0,1,0
102093,0035000001sTUlUAAW,0.0,0,0.0,4381.0,0,0,1,0,0,0,1,0,0,0,1,0,1
102100,0035000001sTV5jAAG,0.0,70,116.0,7682.0,0,0,0,0,1,0,1,0,0,0,0,1,1
102109,0035000001sTVv6AAG,0.0,50,1461.0,7323.0,0,0,0,1,0,0,0,0,0,1,0,1,0
102113,0035000001sTWL9AAO,0.0,0,228.0,5435.0,0,0,0,1,0,0,0,1,0,0,0,1,0
102122,0035000001sTXQRAA4,0.0,80,2607.0,10674.0,1,0,0,0,0,0,0,0,0,1,0,1,1
102123,0035000001sTXVHAA4,0.0,90,1473.0,1461.0,0,1,0,0,0,0,0,0,0,1,0,1,1
102128,0035000001sTXpvAAG,0.0,30,1409.0,2923.0,1,0,0,0,0,0,0,0,0,1,0,1,0
102134,0035000001sTYJqAAO,0.0,0,554.0,3092.0,0,0,0,1,0,0,1,0,0,0,0,1,1
102139,0035000001sTYZFAA4,0.0,0,3318.0,2901.0,0,0,0,0,1,0,0,0,0,1,0,1,0
102148,0035000001sTZDAAA4,0.0,10,1970.0,4672.0,0,0,0,0,1,0,0,0,1,0,0,1,0
102192,0035000001sTfRMAA0,0.0,0,1575.0,1514.0,0,1,0,0,0,0,1,0,0,0,0,1,1
102274,0035000001sTqlmAAC,0.0,50,3736.0,8254.0,1,0,0,0,0,0,1,0,0,0,0,1,1
102327,0035000001sTwqhAAC,0.0,0,2529.0,1461.0,0,0,0,0,1,0,0,0,1,0,0,1,1
102350,0035000001sTz4WAAS,0.0,0,965.0,2731.0,1,0,0,0,0,0,0,0,1,0,0,1,1
102352,0035000001sTzCQAA0,0.0,0,995.0,1856.0,0,0,0,0,1,1,0,0,0,0,1,0,1
102418,0035000001sU2wVAAS,0.0,0,19.0,1502.0,0,0,0,1,0,0,0,0,1,0,0,1,1
102419,0035000001sU35iAAC,0.0,0,27.0,2174.0,0,0,0,1,0,0,1,0,0,0,0,1,0
102421,0035000001sU39AAAS,0.0,0,581.0,1560.0,0,0,0,1,0,0,1,0,0,0,0,1,1
102422,0035000001sU3AwAAK,0.0,60,572.0,1375.0,0,0,0,1,0,0,0,0,1,0,0,1,1
102426,0035000001sU3TtAAK,0.0,0,7694.0,1461.0,0,1,0,0,0,0,0,0,0,1,0,1,0
102445,0035000001sU5YXAA0,0.0,30,3417.0,1697.0,0,1,0,0,0,1,0,0,0,0,0,1,1
102502,0035000001sUJWOAA4,0.0,0,0.0,3307.0,0,0,0,1,0,0,1,0,0,0,1,0,0
102507,0035000001sUKLMAA4,0.0,0,1635.0,2922.0,1,0,0,0,0,0,1,0,0,0,0,1,1
102517,0035000001sULw3AAG,0.0,70,1226.0,7334.0,0,0,0,0,1,1,0,0,0,0,0,1,1
102537,0035000001sUNplAAG,0.0,0,0.0,3143.0,0,0,0,1,0,0,1,0,0,0,1,0,0
102561,0035000001sUOawAAG,0.0,60,3276.0,2191.0,0,1,0,0,0,0,0,0,0,1,1,0,0
102580,0035000001sUSFKAA4,0.0,0,1.0,7320.0,0,0,0,0,1,0,0,0,0,1,0,1,1
102586,0035000001sUSyxAAG,0.0,0,402.0,1834.0,0,1,0,0,0,0,0,0,1,0,0,1,1
102651,0035000001sUan6AAC,0.0,0,17.0,8417.0,0,0,0,1,0,0,1,0,0,0,0,1,1
102667,0035000001sUcCxAAK,0.0,40,1365.0,8794.0,0,1,0,0,0,0,0,0,0,1,0,1,1
102693,0035000001sUdthAAC,0.0,0,607.0,5534.0,0,0,0,1,0,0,1,0,0,0,0,1,1
102705,0035000001sUgZCAA0,0.0,0,2186.0,6666.0,1,0,0,0,0,0,1,0,0,0,0,1,1
102719,0035000001sUhtEAAS,0.0,20,367.0,1460.0,0,0,0,1,0,0,0,0,1,0,0,1,0
102740,0035000001te3Z4AAI,0.0,30,1964.0,2224.0,0,0,0,1,0,0,0,0,1,0,0,1,1
102742,0035000001te3bOAAQ,0.0,0,6433.0,1196.0,1,0,0,0,0,0,1,0,0,0,0,1,0
102743,0035000001te3c2AAA,0.0,0,335.0,7855.0,1,0,0,0,0,0,1,0,0,0,0,1,0
102744,0035000001te3h2AAA,0.0,60,1169.0,998.0,0,1,0,0,0,0,1,0,0,0,0,1,1
102751,0035000001te43cAAA,0.0,0,1357.0,1492.0,0,0,0,1,0,0,0,0,1,0,0,1,0
102754,0035000001te48hAAA,0.0,0,460.0,3649.0,0,0,0,1,0,0,0,0,0,1,0,1,1
102760,0035000001te4cSAAQ,0.0,0,13382.0,804.0,1,0,0,0,0,1,0,0,0,0,0,1,1
102771,0035000001te87uAAA,0.0,0,8040.0,3314.0,0,0,0,1,0,1,0,0,0,0,1,0,0
102848,0035000001teIq7AAE,0.0,0,55.0,7602.0,0,1,0,0,0,0,1,0,0,0,0,1,1
102869,0035000001teNh7AAE,0.0,40,1277.0,9801.0,0,0,0,1,0,0,1,0,0,0,0,1,0
102881,0035000001teSLMAA2,0.0,20,286.0,1659.0,0,0,0,1,0,0,1,0,0,0,0,1,1
102941,0035000001teVDYAA2,0.0,0,38.0,2189.0,0,1,0,0,0,0,0,0,1,0,1,0,1
102949,0035000001teVxHAAU,0.0,0,5372.0,3008.0,0,1,0,0,0,1,0,0,0,0,0,1,0
102988,0035000001teXzOAAU,0.0,0,1844.0,1460.0,0,1,0,0,0,0,0,0,1,0,0,1,0
103015,0035000001teZrnAAE,0.0,0,191.0,8588.0,0,0,0,0,1,0,1,0,0,0,0,1,1
103068,0035000001tee16AAA,0.0,100,713.0,2105.0,0,0,0,1,0,0,1,0,0,0,0,1,1
103085,0035000001tefwKAAQ,0.0,0,0.0,8158.0,0,0,0,1,0,0,0,0,1,0,0,1,1
103089,0035000001tegFQAAY,0.0,0,0.0,4292.0,0,0,0,1,0,0,0,0,1,0,0,1,1
103096,0035000001tegXoAAI,0.0,0,2429.0,3656.0,0,0,0,0,1,0,0,0,0,1,0,1,0
103116,0035000001tehs1AAA,0.0,0,0.0,1097.0,0,0,0,1,0,0,0,0,1,0,1,0,0
103198,0035000001teoLfAAI,0.0,40,5979.0,1095.0,1,0,0,0,0,0,1,0,0,0,0,1,1
103199,0035000001teoMJAAY,0.0,0,4000.0,7851.0,0,0,0,1,0,0,0,0,0,1,0,1,1
103240,0035000001teuAYAAY,0.0,0,49.0,1826.0,0,0,0,1,0,0,0,0,1,0,0,1,1
103244,0035000001teuT4AAI,0.0,0,308.0,1826.0,0,0,0,1,0,0,0,0,1,0,0,1,1
103251,0035000001teuqcAAA,0.0,0,0.0,2199.0,0,0,0,1,0,0,1,0,0,0,1,0,0
103304,0035000001tf1lJAAQ,0.0,0,0.0,3861.0,0,0,0,1,0,0,1,0,0,0,0,1,0
103306,0035000001tf1liAAA,0.0,50,53.0,5861.0,0,0,0,0,1,0,0,0,1,0,1,0,1
103372,0035000001tf4rgAAA,0.0,30,21.0,864.0,0,0,0,1,0,0,1,0,0,0,1,0,1
103400,0035000001tf6AwAAI,0.0,0,1451.0,1825.0,0,1,0,0,0,0,0,0,0,1,0,1,1
103426,0035000001tf80hAAA,0.0,30,1276.0,1461.0,0,1,0,0,0,1,0,0,0,0,1,0,1
103427,0035000001tf81BAAQ,0.0,0,180.0,2921.0,0,0,0,1,0,0,0,0,0,1,1,0,1
103458,0035000001tfAoVAAU,0.0,0,5003.0,1461.0,1,0,0,0,0,0,1,0,0,0,1,0,1
103466,0035000001tfBPaAAM,0.0,0,121.0,7328.0,1,0,0,0,0,0,0,0,0,1,0,1,1
103467,0035000001tfBPlAAM,0.0,0,1191.0,7592.0,0,0,0,0,1,0,1,0,0,0,0,1,1
103474,0035000001tfBdYAAU,0.0,0,206.0,4882.0,0,1,0,0,0,0,1,0,0,0,0,1,1
103485,0035000001tfDRAAA2,0.0,0,52.0,4972.0,0,0,0,1,0,1,0,0,0,0,0,1,1
103567,0035000001tfH5WAAU,0.0,0,3429.0,1765.0,0,0,0,0,1,1,0,0,0,0,1,0,0
103568,0035000001tfH5bAAE,0.0,0,0.0,4485.0,0,0,0,0,1,0,1,0,0,0,1,0,0
103591,0035000001tfJXsAAM,0.0,10,2640.0,2854.0,0,0,0,1,0,0,1,0,0,0,0,1,1
103613,0035000001tfLklAAE,0.0,90,755.0,3986.0,1,0,0,0,0,0,0,0,0,1,0,1,1
103620,0035000001tfM6wAAE,0.0,10,474.0,2898.0,0,1,0,0,0,0,1,0,0,0,0,1,1
103644,0035000001tfPihAAE,0.0,0,143.0,7317.0,0,0,0,1,0,0,0,0,0,1,0,1,1
103656,0035000001tfQf6AAE,0.0,0,987.0,987.0,1,0,0,0,0,1,0,0,0,0,0,1,1
103670,0035000001tfSl9AAE,0.0,0,5377.0,9512.0,0,0,0,1,0,1,0,0,0,0,0,1,1
103671,0035000001tfUSrAAM,0.0,0,577.0,3225.0,0,0,0,1,0,0,1,0,0,0,0,1,1
103673,0035000001tfUUjAAM,0.0,0,30.0,2191.0,1,0,0,0,0,0,0,0,0,1,0,1,0
103716,0035000001tfbO4AAI,0.0,0,516.0,10037.0,0,0,0,1,0,0,1,0,0,0,0,1,0
103717,0035000001tfbZ0AAI,0.0,0,2297.0,1461.0,0,0,0,0,1,0,1,0,0,0,1,0,0
103727,0035000001tfcRyAAI,0.0,30,514.0,2918.0,0,0,0,1,0,0,0,0,1,0,0,1,1
103750,0035000001tfdTCAAY,0.0,0,580.0,469.0,0,0,0,1,0,0,1,0,0,0,0,1,1
103792,0035000001tffYxAAI,0.0,0,1309.0,1521.0,0,0,0,1,0,0,0,0,0,1,0,1,1
103803,0035000001tffxtAAA,0.0,0,221.0,2921.0,0,0,0,1,0,0,1,0,0,0,0,1,1
103807,0035000001tfg8WAAQ,0.0,0,2426.0,3980.0,0,1,0,0,0,1,0,0,0,0,0,1,1
103813,0035000001tfgO5AAI,0.0,0,7845.0,5738.0,1,0,0,0,0,0,0,0,0,1,0,1,1
103819,0035000001tfgvKAAQ,0.0,0,2075.0,1462.0,1,0,0,0,0,1,0,0,0,0,0,1,1
103824,0035000001tfh84AAA,0.0,0,1770.0,1235.0,0,1,0,0,0,0,1,0,0,0,0,1,1
103827,0035000001tfhPdAAI,0.0,20,566.0,1358.0,0,1,0,0,0,0,1,0,0,0,1,0,1
103836,0035000001tfi4oAAA,0.0,0,899.0,2922.0,0,1,0,0,0,0,1,0,0,0,0,1,1
103860,0035000001tfjELAAY,0.0,0,2902.0,2922.0,0,1,0,0,0,0,1,0,0,0,0,1,1
103902,0035000001tfmEGAAY,0.0,0,378.0,2622.0,0,1,0,0,0,0,1,0,0,0,0,1,1
103922,0035000001tfntaAAA,0.0,0,390.0,3803.0,0,0,0,0,1,0,1,0,0,0,0,1,0
103945,0035000001tfpLkAAI,0.0,40,2038.0,7308.0,0,0,0,1,0,0,0,0,0,1,0,1,1
103973,0035000001tfqgyAAA,0.0,0,303.0,2265.0,0,0,0,1,0,1,0,0,0,0,0,1,1
103997,0035000001tft2AAAQ,0.0,30,338.0,8789.0,0,0,0,0,1,0,0,0,0,1,0,1,1
104004,0035000001tftKEAAY,0.0,10,5524.0,1461.0,0,0,0,1,0,1,0,0,0,0,0,1,1
104006,0035000001tftRjAAI,0.0,30,3529.0,1223.0,0,0,0,0,1,0,1,0,0,0,0,1,1
104012,0035000001tftp3AAA,0.0,0,4660.0,2192.0,0,0,0,0,1,0,1,0,0,0,0,1,0
104013,0035000001tfts3AAA,0.0,70,2261.0,3315.0,0,1,0,0,0,0,0,0,1,0,0,1,1
104037,0035000001tfvjUAAQ,0.0,40,1880.0,7324.0,1,0,0,0,0,0,0,0,0,1,0,1,1
104047,0035000001tfxnFAAQ,0.0,0,0.0,8945.0,0,0,0,1,0,0,1,0,0,0,0,1,0
104094,0035000001tg0cDAAQ,0.0,0,539.0,10002.0,0,0,0,1,0,0,1,0,0,0,0,1,0
104122,0035000001tg2zMAAQ,0.0,0,44.0,2146.0,0,1,0,0,0,1,0,0,0,0,1,0,0
104127,0035000001tg3QlAAI,0.0,0,1513.0,1796.0,0,1,0,0,0,0,0,0,0,1,0,1,1
104136,0035000001tg4HlAAI,0.0,0,153.0,10656.0,0,1,0,0,0,0,0,0,0,1,0,1,1
104140,0035000001tg4PGAAY,0.0,0,1206.0,1370.0,0,1,0,0,0,0,1,0,0,0,0,1,1
104143,0035000001tg4ViAAI,0.0,90,137.0,4614.0,0,0,0,1,0,0,1,0,0,0,0,1,1
104145,0035000001tg4coAAA,0.0,0,175.0,3168.0,0,0,0,1,0,0,0,0,1,0,0,1,1
104158,0035000001tg60QAAQ,0.0,0,3985.0,1514.0,1,0,0,0,0,0,0,0,0,1,0,1,1
104173,0035000001tg6lKAAQ,0.0,20,1202.0,1549.0,0,1,0,0,0,0,0,0,1,0,0,1,1
104218,0035000001tg9ntAAA,0.0,40,74.0,7454.0,1,0,0,0,0,0,1,0,0,0,0,1,1
104219,0035000001tg9pGAAQ,0.0,0,6255.0,1460.0,0,0,0,1,0,0,0,0,1,0,0,1,1
104226,0035000001tgADNAA2,0.0,10,804.0,2859.0,0,0,0,1,0,0,1,0,0,0,0,1,1
104227,0035000001tgAGRAA2,0.0,0,1176.0,1767.0,0,0,0,1,0,0,1,0,0,0,0,1,0
104229,0035000001tgATyAAM,0.0,0,10951.0,1095.0,0,0,0,1,0,0,1,0,0,0,1,0,1
104235,0035000001tgAo4AAE,0.0,0,53.0,1588.0,0,0,0,1,0,0,1,0,0,0,0,1,1
104241,0035000001tgB3KAAU,0.0,0,16.0,2712.0,0,1,0,0,0,0,1,0,0,0,0,1,1
104242,0035000001tgB3ZAAU,0.0,0,404.0,1356.0,0,1,0,0,0,0,1,0,0,0,0,1,1
104253,0035000001tgBkrAAE,0.0,0,781.0,1825.0,0,1,0,0,0,0,0,0,0,1,0,1,1
104255,0035000001tgBxNAAU,0.0,0,7245.0,4902.0,0,1,0,0,0,0,1,0,0,0,1,0,0
104260,0035000001tgCHvAAM,0.0,0,282.0,1125.0,0,0,0,1,0,0,1,0,0,0,0,1,1
104262,0035000001tgCPGAA2,0.0,20,395.0,8210.0,0,0,0,0,1,0,1,0,0,0,0,1,1
104265,0035000001tgCS5AAM,0.0,0,131.0,3060.0,0,1,0,0,0,0,1,0,0,0,1,0,1
104273,0035000001tgCqYAAU,0.0,60,525.0,2838.0,0,0,0,1,0,0,1,0,0,0,0,1,1
104288,0035000001tgFCwAAM,0.0,0,0.0,7305.0,0,0,0,1,0,0,1,0,0,0,0,1,1
104289,0035000001tgFDbAAM,0.0,0,0.0,7383.0,0,0,0,0,1,1,0,0,0,0,0,1,1
104294,0035000001tgFM8AAM,0.0,0,0.0,5228.0,0,0,0,1,0,0,1,0,0,0,1,0,0
104303,0035000001tgFQtAAM,0.0,0,46.0,864.0,0,0,0,1,0,1,0,0,0,0,0,1,1
104306,0035000001tgFVGAA2,0.0,0,0.0,5316.0,1,0,0,0,0,0,1,0,0,0,0,1,0
104309,0035000001tgFe3AAE,0.0,0,284.0,6404.0,0,0,0,0,1,0,0,0,0,1,0,1,0
104351,0035000001tgJbdAAE,0.0,0,4807.0,3166.0,0,0,0,0,1,0,1,0,0,0,1,0,1
104353,0035000001tgJcCAAU,0.0,0,2129.0,7731.0,0,0,0,0,1,0,1,0,0,0,0,1,1
104362,0035000001tgKgSAAU,0.0,80,890.0,9514.0,1,0,0,0,0,0,1,0,0,0,0,1,1
104376,0035000001tgLnPAAU,0.0,30,1076.0,1460.0,0,0,0,1,0,0,0,0,1,0,0,1,1
104378,0035000001tgLstAAE,0.0,0,289.0,1327.0,0,1,0,0,0,0,0,0,0,1,0,1,1
104381,0035000001tgMPnAAM,0.0,100,1071.0,8128.0,0,0,0,0,1,0,1,0,0,0,0,1,0
104404,0035000001tgOQiAAM,0.0,0,555.0,1840.0,0,1,0,0,0,0,0,0,0,1,1,0,0
104409,0035000001tgOmTAAU,0.0,0,75.0,3986.0,0,0,0,1,0,1,0,0,0,0,0,1,1
104428,0035000001tgSL0AAM,0.0,0,5465.0,2345.0,0,0,0,1,0,0,0,0,0,1,0,1,1
104439,0035000001tgUKkAAM,0.0,0,4079.0,2922.0,0,0,0,1,0,0,0,0,1,0,0,1,0
104444,0035000001tgUsmAAE,0.0,0,189.0,2603.0,0,0,0,0,1,0,0,0,0,1,0,1,1
104452,0035000001tgVLfAAM,0.0,0,529.0,2190.0,1,0,0,0,0,0,0,0,1,0,0,1,1
104474,0035000001tgYnZAAU,0.0,0,1431.0,7370.0,0,0,0,1,0,0,1,0,0,0,0,1,1
104485,0035000001tgb3HAAQ,0.0,0,1068.0,4433.0,0,1,0,0,0,0,0,0,0,1,0,1,1
104501,0035000001tgcqoAAA,0.0,100,636.0,4326.0,0,1,0,0,0,0,0,0,0,1,0,1,1
104517,0035000001tgdPPAAY,0.0,0,22.0,1348.0,1,0,0,0,0,0,1,0,0,0,0,1,1
104528,0035000001tgdctAAA,0.0,0,2496.0,4853.0,1,0,0,0,0,0,0,0,0,1,0,1,1
104535,0035000001tgdjKAAQ,0.0,0,2668.0,1928.0,0,0,0,0,1,0,1,0,0,0,0,1,1
104550,0035000001tgfaYAAQ,0.0,50,2744.0,7083.0,0,0,0,0,1,0,1,0,0,0,0,1,0
104552,0035000001tgfcZAAQ,0.0,0,666.0,8313.0,1,0,0,0,0,0,0,0,0,1,0,1,0
104555,0035000001tgfeLAAQ,0.0,0,5.0,8760.0,0,0,0,1,0,0,0,0,0,1,0,1,1
104566,0035000001tggI9AAI,0.0,30,39.0,4140.0,0,0,0,0,1,0,0,0,0,1,0,1,1
104567,0035000001tggLaAAI,0.0,0,604.0,1460.0,1,0,0,0,0,0,0,0,0,1,0,1,1
104572,0035000001tggh6AAA,0.0,0,0.0,6637.0,0,0,0,0,1,0,1,0,0,0,0,1,1
104583,0035000001tghC5AAI,0.0,0,1862.0,1429.0,0,0,0,0,1,0,0,0,1,0,1,0,1
104595,0035000001tgi8KAAQ,0.0,40,2289.0,7368.0,0,0,0,1,0,0,1,0,0,0,0,1,1
104601,0035000001tgiODAAY,0.0,0,2072.0,2191.0,0,0,0,0,1,1,0,0,0,0,1,0,1
104602,0035000001tgiQ9AAI,0.0,0,112.0,1796.0,0,0,0,1,0,0,1,0,0,0,0,1,0
104603,0035000001tgiSAAAY,0.0,60,2071.0,1213.0,0,1,0,0,0,0,1,0,0,0,0,1,1
104604,0035000001tgicAAAQ,0.0,0,383.0,348.0,0,1,0,0,0,0,1,0,0,0,1,0,1
104605,0035000001tginDAAQ,0.0,0,1412.0,2191.0,1,0,0,0,0,0,1,0,0,0,0,1,1
104628,0035000001tgkrtAAA,0.0,60,3317.0,1460.0,0,0,0,1,0,0,0,0,1,0,0,1,1
104635,0035000001tglDuAAI,0.0,40,3011.0,2942.0,0,0,0,1,0,0,0,0,1,0,0,1,1
104653,0035000001tgmz6AAA,0.0,0,1619.0,9231.0,0,1,0,0,0,0,1,0,0,0,0,1,1
104667,0035000001tgnt9AAA,0.0,80,1090.0,4188.0,0,1,0,0,0,0,1,0,0,0,0,1,1
104680,0035000001tgoIWAAY,0.0,0,0.0,2669.0,0,0,0,1,0,0,0,0,0,1,0,1,0
104716,0035000001tgrT4AAI,0.0,0,186.0,2051.0,0,0,0,1,0,0,0,0,0,1,0,1,1
104726,0035000001tgsXyAAI,0.0,80,170.0,7313.0,0,0,0,1,0,0,0,0,1,0,0,1,1
104728,0035000001tgseaAAA,0.0,100,2565.0,3013.0,0,1,0,0,0,0,1,0,0,0,0,1,0
104729,0035000001tgsh0AAA,0.0,0,1182.0,1573.0,0,0,0,0,1,0,1,0,0,0,0,1,1
104736,0035000001tgszxAAA,0.0,0,15.0,5282.0,1,0,0,0,0,1,0,0,0,0,0,1,0
104740,0035000001tgt8aAAA,0.0,60,864.0,4273.0,1,0,0,0,0,0,0,0,0,1,1,0,1
104784,0035000001tgwzNAAQ,0.0,100,134.0,5472.0,0,1,0,0,0,0,0,0,1,0,0,1,0
104790,0035000001tgx4cAAA,0.0,0,175.0,4381.0,0,0,0,1,0,0,0,0,1,0,0,1,0
104872,0035000001th513AAA,0.0,10,3237.0,934.0,0,0,0,1,0,0,1,0,0,0,0,1,1
104883,0035000001th5bGAAQ,0.0,0,1782.0,1460.0,0,0,0,1,0,0,0,0,1,0,0,1,1
104892,0035000001th606AAA,0.0,80,1881.0,2837.0,0,0,0,1,0,0,1,0,0,0,0,1,0
104937,0035000001th7VtAAI,0.0,0,2628.0,1035.0,1,0,0,0,0,0,1,0,0,0,0,1,1
104944,0035000001th8guAAA,0.0,0,1887.0,3474.0,0,0,0,0,1,1,0,0,0,0,1,0,1
104945,0035000001th8j0AAA,0.0,0,317.0,9511.0,0,0,0,1,0,0,0,0,0,1,0,1,1
104952,0035000001th9DbAAI,0.0,0,1480.0,2927.0,0,0,0,1,0,0,1,0,0,0,0,1,1
104963,0035000001thADKAA2,0.0,90,18.0,1608.0,0,0,0,1,0,0,0,0,0,1,0,1,0
104968,0035000001thAVvAAM,0.0,0,13.0,7324.0,1,0,0,0,0,0,1,0,0,0,0,1,1
104969,0035000001thAXdAAM,0.0,0,711.0,2222.0,1,0,0,0,0,1,0,0,0,0,0,1,1
104976,0035000001thAriAAE,0.0,0,2238.0,1095.0,0,1,0,0,0,0,0,0,1,0,0,1,1
104994,0035000001thBpTAAU,0.0,0,20.0,7349.0,0,0,0,0,1,1,0,0,0,0,0,1,1
104996,0035000001thBv1AAE,0.0,60,197.0,1020.0,0,0,0,1,0,0,0,0,0,1,0,1,1
104997,0035000001thC5dAAE,0.0,0,1230.0,1460.0,0,1,0,0,0,0,0,0,1,0,0,1,1
105003,0035000001thCCnAAM,0.0,30,683.0,1460.0,0,0,0,0,1,0,1,0,0,0,0,1,1
105004,0035000001thCEAAA2,0.0,0,73.0,2776.0,0,0,0,0,1,0,1,0,0,0,0,1,1
105005,0035000001thCP0AAM,0.0,40,988.0,2369.0,0,0,0,0,1,0,0,0,1,0,0,1,1
105008,0035000001thCyYAAU,0.0,0,115.0,6939.0,1,0,0,0,0,0,1,0,0,0,0,1,1
105012,0035000001thDH6AAM,0.0,70,616.0,3404.0,0,0,0,1,0,0,1,0,0,0,0,1,1
105017,0035000001thDLDAA2,0.0,70,2430.0,1737.0,1,0,0,0,0,0,0,0,1,0,0,1,1
105024,0035000001thDjoAAE,0.0,0,136.0,2557.0,0,0,0,1,0,0,0,0,0,1,0,1,0
105035,0035000001thE0pAAE,0.0,0,0.0,7323.0,0,0,0,1,0,0,0,0,0,1,0,1,1
105086,0035000001thH5uAAE,0.0,10,413.0,1328.0,0,0,0,1,0,0,1,0,0,0,0,1,0
105128,0035000001thLFEAA2,0.0,0,311.0,3301.0,0,1,0,0,0,0,1,0,0,0,0,1,0
105141,0035000001thMHfAAM,0.0,0,19.0,7253.0,0,0,0,1,0,0,0,0,1,0,0,1,1
105179,0035000001thP1YAAU,0.0,10,149.0,3126.0,0,0,0,1,0,0,1,0,0,0,0,1,1
105211,0035000001thQtxAAE,0.0,10,2045.0,2467.0,1,0,0,0,0,1,0,0,0,0,1,0,0
105223,0035000001thSA3AAM,0.0,30,1942.0,1461.0,0,1,0,0,0,0,0,0,1,0,0,1,0
105227,0035000001thSgCAAU,0.0,0,6831.0,2215.0,0,0,0,1,0,0,1,0,0,0,0,1,1
105237,0035000001thTQzAAM,0.0,0,196.0,7330.0,0,0,0,0,1,1,0,0,0,0,0,1,1
105252,0035000001thVUbAAM,0.0,0,1804.0,3237.0,0,0,0,1,0,0,0,0,0,1,0,1,1
105273,0035000001thWU5AAM,0.0,0,307.0,7240.0,1,0,0,0,0,1,0,0,0,0,0,1,0
105279,0035000001thWjAAAU,0.0,20,2649.0,2552.0,0,0,0,1,0,0,0,0,1,0,1,0,0
105330,0035000001thYYEAA2,0.0,0,263.0,1701.0,0,0,0,1,0,0,0,0,1,0,0,1,0
105336,0035000001thZ11AAE,0.0,0,2204.0,1460.0,0,0,0,0,1,0,0,0,1,0,0,1,1
105339,0035000001thZDvAAM,0.0,0,2717.0,1826.0,0,1,0,0,0,0,0,0,0,1,1,0,1
105344,0035000001thZbsAAE,0.0,0,173.0,10774.0,0,1,0,0,0,0,1,0,0,0,0,1,1
105345,0035000001thZcCAAU,0.0,0,7516.0,854.0,0,0,0,1,0,0,1,0,0,0,0,1,1
105353,0035000001thZoIAAU,0.0,0,205.0,2412.0,0,1,0,0,0,0,1,0,0,0,0,1,1
105354,0035000001thZrWAAU,0.0,0,13552.0,1462.0,0,0,0,1,0,0,0,0,0,1,0,1,1
105356,0035000001thZvJAAU,0.0,0,25.0,1220.0,0,0,0,1,0,0,1,0,0,0,0,1,1
105365,0035000001thaAAAAY,0.0,0,0.0,7335.0,0,0,0,1,0,0,0,0,1,0,0,1,1
105366,0035000001thaDLAAY,0.0,0,5485.0,1096.0,0,0,0,1,0,0,1,0,0,0,0,1,1
105369,0035000001thaUTAAY,0.0,0,113.0,2192.0,0,0,0,1,0,0,0,0,0,1,0,1,0
105370,0035000001thaVRAAY,0.0,0,276.0,3014.0,0,0,0,1,0,0,0,0,1,0,0,1,1
105375,0035000001thbAwAAI,0.0,0,3344.0,2076.0,0,0,0,1,0,0,0,0,1,0,0,1,1
105376,0035000001thbBGAAY,0.0,50,1915.0,1521.0,0,1,0,0,0,0,0,0,1,0,0,1,1
105384,0035000001thbgYAAQ,0.0,20,2912.0,2993.0,1,0,0,0,0,0,1,0,0,0,0,1,1
105388,0035000001thbn5AAA,0.0,0,3929.0,1460.0,1,0,0,0,0,1,0,0,0,0,1,0,0
105391,0035000001thboSAAQ,0.0,0,598.0,2628.0,1,0,0,0,0,0,1,0,0,0,0,1,1
105393,0035000001thbsFAAQ,0.0,50,663.0,5890.0,0,0,0,1,0,0,1,0,0,0,0,1,0
105397,0035000001thc2KAAQ,0.0,0,7444.0,1096.0,0,0,0,1,0,0,1,0,0,0,0,1,1
105405,0035000001thcGCAAY,0.0,0,1751.0,1778.0,0,0,0,1,0,1,0,0,0,0,0,1,1
105406,0035000001thcGWAAY,0.0,0,3167.0,914.0,0,0,0,0,1,1,0,0,0,0,0,1,1
105425,0035000001the0IAAQ,0.0,0,77.0,3197.0,1,0,0,0,0,0,1,0,0,0,0,1,1
105441,0035000001thfU1AAI,0.0,0,1207.0,1490.0,1,0,0,0,0,0,0,0,1,0,0,1,1
105498,0035000001thk4bAAA,0.0,0,302.0,616.0,0,0,0,1,0,0,1,0,0,0,1,0,0
105553,0035000001thoioAAA,0.0,90,814.0,3827.0,0,1,0,0,0,1,0,0,0,0,0,1,0
105562,0035000001thpjjAAA,0.0,0,214.0,1012.0,0,0,0,0,1,0,1,0,0,0,0,1,1
105564,0035000001thpq5AAA,0.0,60,759.0,1519.0,0,1,0,0,0,0,1,0,0,0,0,1,1
105607,0035000001thtCwAAI,0.0,0,3358.0,1582.0,0,0,1,0,0,1,0,0,0,0,0,1,1
105629,0035000001thw63AAA,0.0,0,24.0,1015.0,1,0,0,0,0,0,1,0,0,0,0,1,1
105635,0035000001thx7AAAQ,0.0,0,3368.0,1835.0,0,1,0,0,0,0,1,0,0,0,0,1,0
105663,0035000001thz5QAAQ,0.0,0,0.0,2922.0,0,1,0,0,0,0,1,0,0,0,0,1,1
105682,0035000001thzISAAY,0.0,0,2615.0,7254.0,0,0,1,0,0,0,1,0,0,0,0,1,1
105692,0035000001thzhHAAQ,0.0,0,229.0,2921.0,0,0,0,1,0,0,0,0,0,1,0,1,0
105711,0035000001thzzLAAQ,0.0,30,405.0,2267.0,0,1,0,0,0,0,0,0,0,1,0,1,1
105723,0035000001ti0jnAAA,0.0,0,8886.0,1095.0,0,1,0,0,0,0,1,0,0,0,1,0,1
105746,0035000001ti29lAAA,0.0,0,181.0,3917.0,0,0,0,0,1,0,0,0,0,1,0,1,1
105747,0035000001ti2BrAAI,0.0,10,1594.0,1884.0,0,1,0,0,0,0,1,0,0,0,0,1,1
105752,0035000001ti2RaAAI,0.0,0,562.0,4125.0,1,0,0,0,0,0,1,0,0,0,0,1,1
105757,0035000001ti2bvAAA,0.0,80,572.0,7198.0,0,0,0,1,0,0,1,0,0,0,0,1,0
105764,0035000001ti2s7AAA,0.0,90,1181.0,2924.0,0,0,0,0,1,0,1,0,0,0,0,1,1
105766,0035000001ti2uNAAQ,0.0,30,1768.0,7333.0,0,0,0,0,1,0,0,0,0,1,0,1,1
105769,0035000001ti2xqAAA,0.0,0,2979.0,2433.0,0,1,0,0,0,0,1,0,0,0,1,0,1
105770,0035000001ti2yyAAA,0.0,0,4.0,3653.0,0,0,0,0,1,0,0,0,1,0,0,1,1
105771,0035000001ti38pAAA,0.0,0,15.0,4241.0,0,0,0,0,1,0,1,0,0,0,0,1,1
105782,0035000001ti3l8AAA,0.0,0,0.0,7324.0,0,0,0,1,0,0,1,0,0,0,0,1,1
105785,0035000001ti3tpAAA,0.0,0,3087.0,1207.0,0,1,0,0,0,0,0,0,0,1,0,1,0
105790,0035000001ti3y1AAA,0.0,60,651.0,2465.0,0,1,0,0,0,0,1,0,0,0,0,1,1
105791,0035000001ti3zdAAA,0.0,30,3873.0,4238.0,0,1,0,0,0,0,1,0,0,0,0,1,1
105801,0035000001ti4GNAAY,0.0,0,271.0,2921.0,0,0,0,1,0,0,0,0,0,1,0,1,1
105830,0035000001ti5yxAAA,0.0,0,0.0,1461.0,0,0,0,1,0,0,0,0,0,1,0,1,0
105834,0035000001ti62zAAA,0.0,0,733.0,8033.0,1,0,0,0,0,1,0,0,0,0,0,1,1
105877,0035000001ti8V1AAI,0.0,50,964.0,2115.0,1,0,0,0,0,0,1,0,0,0,0,1,1
105891,0035000001ti9z1AAA,0.0,0,432.0,2732.0,0,0,0,1,0,0,1,0,0,0,0,1,1
105892,0035000001tiA3mAAE,0.0,0,12494.0,1430.0,0,0,0,1,0,0,0,0,0,1,0,1,1
105931,0035000001tiD5lAAE,0.0,70,271.0,5744.0,0,0,0,1,0,0,0,0,1,0,0,1,1
105963,0035000001vKywwAAC,0.0,0,8758.0,1456.0,0,1,0,0,0,1,0,0,0,0,0,1,1
105969,0035000001vKzMCAA0,0.0,0,3116.0,1096.0,0,1,0,0,0,0,1,0,0,0,0,1,1
105973,0035000001vKzwPAAS,0.0,20,267.0,2052.0,0,1,0,0,0,0,1,0,0,0,0,1,1
105977,0035000001vL0YEAA0,0.0,70,105.0,5838.0,0,0,0,1,0,0,1,0,0,0,0,1,1
105979,0035000001vL0h6AAC,0.0,0,14.0,5848.0,0,0,0,1,0,0,0,0,1,0,0,1,1
105983,0035000001vL1TAAA0,0.0,50,2353.0,3080.0,0,0,0,1,0,1,0,0,0,0,0,1,1
106013,0035000001vL4BdAAK,0.0,0,239.0,6752.0,1,0,0,0,0,0,1,0,0,0,0,1,0
106031,0035000001vL5ACAA0,0.0,60,274.0,3717.0,0,0,0,1,0,0,1,0,0,0,0,1,1
106054,0035000001vL6eLAAS,0.0,100,407.0,6345.0,0,0,0,1,0,0,1,0,0,0,0,1,0
106055,0035000001vL6fOAAS,0.0,50,817.0,1706.0,0,0,0,1,0,0,1,0,0,0,0,1,1
106060,0035000001vL7ckAAC,0.0,0,3828.0,561.0,0,1,0,0,0,0,0,0,0,1,1,0,1
106063,0035000001vL7wGAAS,0.0,0,1428.0,2947.0,0,0,0,1,0,0,1,0,0,0,0,1,1
106071,0035000001vL8NqAAK,0.0,0,828.0,2403.0,1,0,0,0,0,0,1,0,0,0,0,1,1
106079,0035000001vL9YyAAK,0.0,0,826.0,3380.0,0,0,0,1,0,0,0,0,1,0,0,1,1
106080,0035000001vL9qEAAS,0.0,10,2042.0,7329.0,1,0,0,0,0,0,0,0,0,1,1,0,0
106081,0035000001vL9qTAAS,0.0,0,2170.0,5236.0,0,1,0,0,0,0,1,0,0,0,0,1,0
106095,0035000001vLAR0AAO,0.0,0,4963.0,3867.0,0,0,0,0,1,1,0,0,0,0,0,1,1
106096,0035000001vLAn8AAG,0.0,0,458.0,4287.0,0,0,0,1,0,0,1,0,0,0,0,1,1
106102,0035000001vLBKMAA4,0.0,0,2864.0,7278.0,0,1,0,0,0,1,0,0,0,0,1,0,0
106104,0035000001vLBiEAAW,0.0,0,21.0,3371.0,0,1,0,0,0,0,1,0,0,0,0,1,1
106109,0035000001vLBp0AAG,0.0,20,10232.0,1094.0,0,0,0,1,0,0,1,0,0,0,0,1,1
106115,0035000001vLCBpAAO,0.0,100,3150.0,517.0,0,0,0,0,1,0,0,0,1,0,0,1,0
106116,0035000001vLCCTAA4,0.0,0,166.0,1635.0,0,1,0,0,0,0,1,0,0,0,0,1,1
106118,0035000001vLCNgAAO,0.0,0,0.0,10971.0,0,0,0,1,0,0,0,0,1,0,0,1,0
106119,0035000001vLCPMAA4,0.0,20,1555.0,7747.0,0,1,0,0,0,0,1,0,0,0,0,1,1
106122,0035000001vLD2iAAG,0.0,0,1147.0,3175.0,0,1,0,0,0,0,0,0,1,0,0,1,1
106124,0035000001vLDGfAAO,0.0,0,188.0,9636.0,0,0,0,0,1,0,1,0,0,0,1,0,1
106127,0035000001vLDQBAA4,0.0,0,2567.0,1096.0,0,1,0,0,0,0,1,0,0,0,0,1,0
106132,0035000001vLDYyAAO,0.0,0,248.0,1617.0,0,0,0,1,0,0,0,0,1,0,0,1,1
106144,0035000001vLEIuAAO,0.0,0,28.0,1460.0,0,0,0,1,0,0,0,0,1,0,0,1,0
106151,0035000001vLFhiAAG,0.0,50,3153.0,2990.0,0,1,0,0,0,1,0,0,0,0,1,0,1
106171,0035000001vLHY1AAO,0.0,0,36.0,1264.0,0,1,0,0,0,0,1,0,0,0,0,1,1
106181,0035000001vLITPAA4,0.0,0,10349.0,1888.0,0,0,0,1,0,0,1,0,0,0,0,1,1
106194,0035000001vLIy8AAG,0.0,0,72.0,1333.0,0,1,0,0,0,0,1,0,0,0,0,1,1
106209,0035000001vLL0kAAG,0.0,90,374.0,7697.0,0,1,0,0,0,0,1,0,0,0,0,1,1
106215,0035000001vLM2eAAG,0.0,30,2887.0,2384.0,0,0,0,1,0,0,1,0,0,0,0,1,0
106222,0035000001vLMkeAAG,0.0,80,7196.0,1886.0,0,0,0,0,1,1,0,0,0,0,1,0,1
106257,0035000001vLPy1AAG,0.0,0,10.0,7765.0,0,1,0,0,0,1,0,0,0,0,0,1,1
106269,0035000001vLQpPAAW,0.0,0,0.0,11138.0,1,0,0,0,0,0,1,0,0,0,0,1,0
106282,0035000001vLR6kAAG,0.0,0,107.0,4028.0,0,1,0,0,0,0,1,0,0,0,0,1,1
106286,0035000001vLRCYAA4,0.0,0,673.0,5063.0,0,0,0,1,0,0,0,0,1,0,0,1,0
106306,0035000001vLSqZAAW,0.0,0,301.0,3565.0,0,0,0,1,0,0,1,0,0,0,0,1,1
106308,0035000001vLTJYAA4,0.0,40,1854.0,2191.0,0,1,0,0,0,0,1,0,0,0,0,1,1
106309,0035000001vLTLsAAO,0.0,0,913.0,3681.0,0,0,0,0,1,0,1,0,0,0,1,0,1
106340,0035000001vLTUQAA4,0.0,0,75.0,1460.0,0,0,0,1,0,0,0,0,1,0,0,1,0
106345,0035000001vLTZfAAO,0.0,0,0.0,7692.0,1,0,0,0,0,0,1,0,0,0,1,0,1
106356,0035000001vLU4yAAG,0.0,0,675.0,3234.0,0,1,0,0,0,0,0,0,1,0,0,1,0
106383,0035000001vLVhQAAW,0.0,0,275.0,1193.0,0,0,0,1,0,0,1,0,0,0,0,1,1
106393,0035000001vLWQjAAO,0.0,0,3299.0,8216.0,1,0,0,0,0,1,0,0,0,0,0,1,1
106394,0035000001vLWTAAA4,0.0,10,3303.0,1918.0,1,0,0,0,0,0,0,0,0,1,0,1,1
106395,0035000001vLWUqAAO,0.0,30,668.0,2277.0,0,0,0,1,0,0,0,0,0,1,0,1,1
106399,0035000001vLWc6AAG,0.0,20,2234.0,1460.0,1,0,0,0,0,0,0,0,0,1,0,1,0
106408,0035000001vLXEVAA4,0.0,0,303.0,1270.0,0,1,0,0,0,0,1,0,0,0,0,1,1
106414,0035000001vLXRjAAO,0.0,0,7655.0,209.0,0,0,0,1,0,0,0,0,1,0,0,1,0
106425,0035000001vLYSTAA4,0.0,60,249.0,1460.0,0,0,0,1,0,0,0,0,1,0,0,1,1
106431,0035000001vLYuhAAG,0.0,0,240.0,329.0,0,1,0,0,0,1,0,0,0,0,0,1,0
106440,0035000001vLaMgAAK,0.0,0,0.0,4591.0,1,0,0,0,0,0,1,0,0,0,0,1,1
106442,0035000001vLaUBAA0,0.0,0,0.0,2921.0,0,0,0,1,0,0,1,0,0,0,0,1,1
106448,0035000001vLaddAAC,0.0,70,161.0,6080.0,1,0,0,0,0,0,1,0,0,0,0,1,1
106449,0035000001vLaeGAAS,0.0,0,0.0,7777.0,0,0,0,1,0,0,1,0,0,0,0,1,1
106450,0035000001vLafOAAS,0.0,0,1154.0,1460.0,0,0,0,1,0,0,0,0,1,0,0,1,1
106451,0035000001vLajQAAS,0.0,0,0.0,4884.0,0,0,0,1,0,0,1,0,0,0,0,1,0
106452,0035000001vLajbAAC,0.0,0,0.0,1461.0,0,0,0,0,1,0,1,0,0,0,1,0,0
106453,0035000001vLakdAAC,0.0,0,0.0,3730.0,1,0,0,0,0,0,1,0,0,0,0,1,0
106454,0035000001vLamoAAC,0.0,0,0.0,13060.0,0,1,0,0,0,0,1,0,0,0,0,1,0
106460,0035000001vLbc4AAC,0.0,0,14.0,2222.0,0,0,0,1,0,0,0,0,1,0,0,1,0
106464,0035000001vLbn6AAC,0.0,0,2283.0,840.0,1,0,0,0,0,1,0,0,0,0,1,0,1
106478,0035000001vLcgKAAS,0.0,0,5399.0,1385.0,0,0,0,1,0,0,0,0,1,0,0,1,0
106488,0035000001vLdJjAAK,0.0,0,270.0,996.0,0,0,0,1,0,0,1,0,0,0,0,1,1
106494,0035000001vLdYjAAK,0.0,0,73.0,13038.0,0,0,0,0,1,1,0,0,0,0,0,1,1
106495,0035000001vLdaQAAS,0.0,50,1564.0,1825.0,0,0,0,0,1,0,0,0,1,0,0,1,1
106529,0035000001vLfT3AAK,0.0,0,195.0,1099.0,0,0,0,1,0,0,1,0,0,0,0,1,1
106534,0035000001vLg5GAAS,0.0,80,367.0,8901.0,0,0,0,0,1,0,1,0,0,0,0,1,0
106535,0035000001vLgGsAAK,0.0,0,869.0,7335.0,0,0,0,1,0,1,0,0,0,0,0,1,1
106540,0035000001vLgs3AAC,0.0,20,1111.0,7321.0,0,0,0,1,0,0,0,0,0,1,0,1,0
106545,0035000001vLhlIAAS,0.0,0,10610.0,1827.0,1,0,0,0,0,0,1,0,0,0,0,1,1
106560,0035000001vLjEkAAK,0.0,0,2332.0,1462.0,0,1,0,0,0,1,0,0,0,0,0,1,1
106562,0035000001vLjYkAAK,0.0,0,229.0,7304.0,1,0,0,0,0,0,0,0,0,1,0,1,1
106588,0035000001vLnCjAAK,0.0,0,51.0,1824.0,1,0,0,0,0,0,0,0,0,1,0,1,1
106625,0035000001vLpuvAAC,0.0,50,903.0,2646.0,0,0,0,1,0,0,0,0,1,0,0,1,1
106667,0035000001vM0OEAA0,0.0,0,80.0,1610.0,0,1,0,0,0,0,0,0,0,1,0,1,1
106671,0035000001vM0yzAAC,0.0,60,995.0,7328.0,0,0,0,1,0,1,0,0,0,0,0,1,1
106691,0035000001vM3HYAA0,0.0,0,2738.0,518.0,0,0,0,0,1,1,0,0,0,0,0,1,0
106710,0035000001vM3apAAC,0.0,0,2264.0,5126.0,0,0,0,0,1,0,1,0,0,0,0,1,1
106726,0035000001vM4jRAAS,0.0,100,2483.0,1460.0,0,0,0,1,0,0,0,0,1,0,0,1,1
106735,0035000001vM5NrAAK,0.0,100,2020.0,5650.0,0,1,0,0,0,0,1,0,0,0,0,1,0
106737,0035000001vM5UEAA0,0.0,0,2272.0,2923.0,0,0,0,0,1,0,0,0,1,0,0,1,1
106739,0035000001vM5mrAAC,0.0,30,1156.0,1855.0,0,1,0,0,0,0,1,0,0,0,0,1,1
106742,0035000001vM5tnAAC,0.0,0,117.0,7814.0,0,0,0,1,0,0,1,0,0,0,0,1,1
106744,0035000001vM67pAAC,0.0,0,4571.0,2922.0,1,0,0,0,0,0,0,0,0,1,0,1,0
106753,0035000001vM6atAAC,0.0,0,8163.0,1462.0,0,1,0,0,0,0,0,0,0,1,0,1,1
106757,0035000001vM835AAC,0.0,0,1491.0,1825.0,0,1,0,0,0,0,0,0,0,1,1,0,1
106759,0035000001vM83eAAC,0.0,0,442.0,3014.0,0,0,0,1,0,0,1,0,0,0,0,1,1
106762,0035000001vM88FAAS,0.0,0,0.0,3286.0,1,0,0,0,0,0,0,1,0,0,0,1,0
106766,0035000001vM8MlAAK,0.0,0,8143.0,1525.0,0,0,0,0,1,1,0,0,0,0,1,0,1
106768,0035000001vM8VeAAK,0.0,0,71.0,3289.0,0,1,0,0,0,0,0,0,1,0,0,1,1
106783,0035000001vM9KbAAK,0.0,0,0.0,12675.0,1,0,0,0,0,0,1,0,0,0,0,1,0
106798,0035000001vM9e2AAC,0.0,50,0.0,7312.0,0,0,0,1,0,1,0,0,0,0,0,1,0
106800,0035000001vM9rQAAS,0.0,100,9.0,7054.0,0,0,0,1,0,0,1,0,0,0,0,1,0
106820,0035000001vMAgxAAG,0.0,0,0.0,5844.0,0,1,0,0,0,0,1,0,0,0,0,1,0
106826,0035000001vMB3dAAG,0.0,0,0.0,7819.0,0,0,0,1,0,0,1,0,0,0,1,0,1
106830,0035000001vMBEWAA4,0.0,40,2909.0,3426.0,0,0,0,1,0,0,1,0,0,0,0,1,0
106845,0035000001vMD8kAAG,0.0,0,290.0,2716.0,0,0,0,1,0,0,0,0,0,1,0,1,1
106856,0035000001vMDvSAAW,0.0,0,1865.0,5677.0,1,0,0,0,0,0,0,0,0,1,0,1,1
106886,0035000001vMHvwAAG,0.0,10,137.0,2780.0,0,0,0,0,1,0,0,0,0,1,0,1,1
106919,0035000001vMNwaAAG,0.0,0,4639.0,2780.0,0,0,0,1,0,0,1,0,0,0,0,1,1
106929,0035000001vMQRQAA4,0.0,0,2243.0,3139.0,0,0,0,0,1,1,0,0,0,0,1,0,1
106941,0035000001vMRT7AAO,0.0,40,1342.0,1825.0,0,1,0,0,0,0,0,0,1,0,0,1,1
106992,0035000001vMV8fAAG,0.0,0,12.0,2648.0,0,0,0,1,0,0,1,0,0,0,0,1,0
107002,0035000001vMVQdAAO,0.0,0,892.0,4016.0,1,0,0,0,0,1,0,0,0,0,0,1,1
107005,0035000001vMVdrAAG,0.0,70,1183.0,7260.0,1,0,0,0,0,0,0,0,0,1,0,1,1
107006,0035000001vMVglAAG,0.0,0,6528.0,4747.0,0,1,0,0,0,0,1,0,0,0,0,1,1
107007,0035000001vMVt1AAG,0.0,0,287.0,3314.0,1,0,0,0,0,0,0,0,1,0,1,0,0
107008,0035000001vMW1tAAG,0.0,0,1127.0,1462.0,1,0,0,0,0,0,1,0,0,0,0,1,1
107018,0035000001vMWqIAAW,0.0,0,83.0,1562.0,0,0,0,1,0,0,1,0,0,0,0,1,1
107066,0035000001vMYw4AAG,0.0,0,790.0,2922.0,0,0,0,1,0,0,0,0,0,1,0,1,1
107069,0035000001vMZ6ZAAW,0.0,40,208.0,6309.0,1,0,0,0,0,0,1,0,0,0,0,1,1
107074,0035000001vMZZyAAO,0.0,0,411.0,2309.0,0,0,0,1,0,0,1,0,0,0,0,1,0
107075,0035000001vMZeFAAW,0.0,0,1086.0,1491.0,0,0,0,1,0,0,0,0,1,0,0,1,1
107076,0035000001vMZtUAAW,0.0,30,2329.0,5013.0,1,0,0,0,0,0,1,0,0,0,0,1,1
107080,0035000001vMaA0AAK,0.0,0,1503.0,1459.0,0,1,0,0,0,0,0,1,0,0,0,1,1
107086,0035000001vMaVSAA0,0.0,0,929.0,2667.0,1,0,0,0,0,0,1,0,0,0,1,0,1
107094,0035000001vMbD3AAK,0.0,0,3754.0,2559.0,1,0,0,0,0,0,1,0,0,0,0,1,0
107095,0035000001vMbbHAAS,0.0,0,1074.0,3756.0,0,1,0,0,0,0,0,0,0,1,0,1,1
107103,0035000001vMckCAAS,0.0,0,0.0,5479.0,0,0,0,1,0,0,1,0,0,0,0,1,0
107123,0035000001vMeIeAAK,0.0,0,26.0,8328.0,0,0,0,0,1,1,0,0,0,0,0,1,1
107125,0035000001vMePVAA0,0.0,0,151.0,2720.0,0,0,0,1,0,0,1,0,0,0,0,1,1
107128,0035000001vMejOAAS,0.0,0,0.0,4383.0,0,0,0,1,0,0,1,0,0,0,0,1,0
107184,0035000001vMkdNAAS,0.0,0,612.0,2958.0,0,0,0,1,0,0,0,0,1,0,0,1,0
107199,0035000001vMlfkAAC,0.0,0,30.0,2222.0,0,0,0,1,0,0,1,0,0,0,0,1,1
107217,0035000001vMoUPAA0,0.0,60,1978.0,1461.0,0,0,0,1,0,0,0,0,1,0,0,1,1
107222,0035000001vMojyAAC,0.0,0,118.0,3439.0,0,1,0,0,0,1,0,0,0,0,0,1,0
107241,0035000001vMpxgAAC,0.0,10,1736.0,7324.0,0,0,0,0,1,0,0,0,1,0,0,1,0
107248,0035000001vMqNoAAK,0.0,0,3303.0,1181.0,0,1,0,0,0,0,0,0,0,1,0,1,1
107265,0035000001vMtbyAAC,0.0,0,1207.0,1430.0,0,0,0,0,1,0,1,0,0,0,0,1,1
107275,0035000001vMvSEAA0,0.0,100,97.0,9693.0,1,0,0,0,0,0,1,0,0,0,0,1,0
107279,0035000001vMveAAAS,0.0,0,3530.0,3831.0,1,0,0,0,0,0,1,0,0,0,0,1,1
107289,0035000001vMwVsAAK,0.0,30,871.0,1887.0,0,1,0,0,0,0,0,0,0,1,0,1,1
107299,0035000001vMxFvAAK,0.0,0,243.0,3395.0,0,0,0,1,0,0,1,0,0,0,0,1,1
107307,0035000001vMxapAAC,0.0,0,47.0,610.0,0,1,0,0,0,0,0,0,0,1,0,1,1
107310,0035000001vMyJfAAK,0.0,80,402.0,3488.0,0,0,0,0,1,0,0,0,0,1,0,1,1
107338,0035000001vMzzaAAC,0.0,30,2041.0,3907.0,0,0,0,0,1,0,1,0,0,0,0,1,1
107339,0035000001vN017AAC,0.0,0,109.0,1235.0,0,1,0,0,0,0,1,0,0,0,0,1,1
107346,0035000001vN0SUAA0,0.0,40,1714.0,1919.0,0,1,0,0,0,0,1,0,0,0,0,1,1
107348,0035000001vN0VyAAK,0.0,0,1883.0,1498.0,0,1,0,0,0,0,1,0,0,0,0,1,1
107355,0035000001vN1RHAA0,0.0,0,256.0,1614.0,0,0,0,1,0,0,1,0,0,0,0,1,0
107357,0035000001vN1aSAAS,0.0,0,161.0,1460.0,0,0,0,0,1,0,1,0,0,0,0,1,1
107359,0035000001vN1fhAAC,0.0,0,30.0,7900.0,0,0,0,1,0,1,0,0,0,0,0,1,1
107364,0035000001vN22sAAC,0.0,50,2420.0,1825.0,0,0,0,1,0,0,1,0,0,0,0,1,1
107385,0035000001vN46PAAS,0.0,0,5457.0,1460.0,0,0,0,1,0,0,0,0,1,0,0,1,0
107402,0035000001vN57BAAS,0.0,0,0.0,7325.0,0,0,0,1,0,0,0,0,1,0,0,1,1
107403,0035000001vN5CpAAK,0.0,0,0.0,1826.0,0,0,0,1,0,0,0,0,1,0,0,1,0
107407,0035000001vN5UFAA0,0.0,0,7.0,8804.0,0,0,0,0,1,0,1,0,0,0,0,1,1
107408,0035000001vN5VdAAK,0.0,0,0.0,4017.0,0,1,0,0,0,0,0,0,1,0,0,1,0
107426,0035000001vN6PHAA0,0.0,0,0.0,3580.0,0,0,0,1,0,0,1,0,0,0,0,1,0
107434,0035000001vN6kKAAS,0.0,0,3259.0,1372.0,0,0,0,0,1,0,0,0,0,1,0,1,1
107437,0035000001vN6uZAAS,0.0,100,0.0,10406.0,0,0,0,1,0,0,1,0,0,0,0,1,0
107438,0035000001vN6vmAAC,0.0,0,0.0,2191.0,0,0,0,1,0,0,1,0,0,0,1,0,0
107440,0035000001vN6wBAAS,0.0,0,0.0,10113.0,0,0,0,1,0,0,1,0,0,0,0,1,0
107442,0035000001vN6x7AAC,0.0,0,0.0,4717.0,0,0,0,1,0,0,1,0,0,0,0,1,0
107446,0035000001vN71mAAC,0.0,0,0.0,2192.0,0,0,0,1,0,0,1,0,0,0,0,1,0
107456,0035000001vN8TbAAK,0.0,0,427.0,1638.0,0,0,0,1,0,0,0,0,0,1,0,1,1
107473,0035000001vN9WgAAK,0.0,0,0.0,2951.0,0,0,0,1,0,0,0,1,0,0,0,1,0
107540,0035000001vNGhXAAW,0.0,0,318.0,4537.0,0,0,0,1,0,0,0,0,0,1,0,1,1
107580,0035000001vNKiPAAW,0.0,0,0.0,10605.0,0,1,0,0,0,0,0,0,0,1,0,1,1
107581,0035000001vNKizAAG,0.0,0,167.0,4787.0,0,1,0,0,0,0,1,0,0,0,0,1,0
107588,0035000001vNLCKAA4,0.0,0,79.0,2937.0,0,0,0,1,0,0,0,0,0,1,0,1,0
107606,0035000001vNMq1AAG,0.0,100,1100.0,2040.0,0,1,0,0,0,1,0,0,0,0,1,0,1
107622,0035000001vNNqVAAW,0.0,70,3600.0,4262.0,0,1,0,0,0,0,1,0,0,0,0,1,0
107625,0035000001vNNvLAAW,0.0,70,3352.0,3391.0,0,0,0,0,1,0,1,0,0,0,1,0,1
107645,0035000001vNPSJAA4,0.0,80,578.0,8156.0,0,1,0,0,0,0,1,0,0,0,0,1,1
107669,0035000001vNQ4wAAG,0.0,0,14.0,2631.0,0,1,0,0,0,0,1,0,0,0,0,1,1
107671,0035000001vNQAzAAO,0.0,0,243.0,1290.0,0,0,0,1,0,0,1,0,0,0,0,1,1
107672,0035000001vNQB3AAO,0.0,0,522.0,3615.0,0,1,0,0,0,0,0,0,1,0,0,1,1
107680,0035000001vNQU0AAO,0.0,100,733.0,4622.0,1,0,0,0,0,0,0,0,0,1,0,1,1
107684,0035000001vNQbpAAG,0.0,0,6.0,5096.0,0,0,0,0,1,0,1,0,0,0,0,1,1
107687,0035000001vNQgaAAG,0.0,0,1410.0,2922.0,0,1,0,0,0,0,0,0,0,1,0,1,1
107688,0035000001vNQkrAAG,0.0,70,2020.0,3296.0,0,1,0,0,0,0,0,0,1,0,0,1,1
107690,0035000001vNQqGAAW,0.0,10,1497.0,1057.0,1,0,0,0,0,1,0,0,0,0,0,1,0
107693,0035000001vNRB0AAO,0.0,0,1221.0,3954.0,0,1,0,0,0,0,1,0,0,0,0,1,1
107716,0035000001vNSbUAAW,0.0,100,195.0,1054.0,0,0,0,1,0,0,0,0,0,1,0,1,0
107718,0035000001vNSiLAAW,0.0,30,1940.0,2982.0,0,1,0,0,0,0,0,0,0,1,0,1,1
107725,0035000001vNT5UAAW,0.0,0,1607.0,2688.0,0,0,0,0,1,0,1,0,0,0,0,1,1
107727,0035000001vNTFUAA4,0.0,0,412.0,4830.0,0,1,0,0,0,0,1,0,0,0,0,1,0
107731,0035000001vNTLXAA4,0.0,0,0.0,3186.0,0,0,0,1,0,0,1,0,0,0,0,1,0
107751,0035000001vNVlrAAG,0.0,20,37.0,4283.0,0,0,0,1,0,0,0,0,1,0,0,1,1
107753,0035000001vNWPAAA4,0.0,80,3691.0,7328.0,0,0,0,0,1,0,1,0,0,0,1,0,1
107765,0035000001vNYR9AAO,0.0,0,636.0,3315.0,0,1,0,0,0,0,0,0,1,0,0,1,1
107791,0035000001vNaixAAC,0.0,0,1239.0,1462.0,0,0,0,1,0,0,0,0,1,0,0,1,0
107823,0035000001vNcviAAC,0.0,0,1490.0,1478.0,0,0,0,1,0,0,1,0,0,0,0,1,1
107840,0035000001vNddUAAS,0.0,0,1483.0,4180.0,0,0,0,1,0,0,0,0,0,1,0,1,1
107842,0035000001vNdiUAAS,0.0,0,2389.0,2190.0,0,1,0,0,0,0,1,0,0,0,0,1,1
107843,0035000001vNdlEAAS,0.0,60,5112.0,2602.0,0,1,0,0,0,0,1,0,0,0,1,0,0
107852,0035000001vNfIMAA0,0.0,0,667.0,1958.0,0,1,0,0,0,0,1,0,0,0,0,1,1
107915,0035000001vNlVBAA0,0.0,0,1367.0,2922.0,0,1,0,0,0,1,0,0,0,0,0,1,0
107931,0035000001vNmLHAA0,0.0,0,948.0,1460.0,0,1,0,0,0,1,0,0,0,0,0,1,0
107935,0035000001vNmRoAAK,0.0,0,228.0,1461.0,0,0,0,1,0,0,1,0,0,0,0,1,1
107942,0035000001vNnPSAA0,0.0,0,367.0,3452.0,0,0,0,1,0,0,1,0,0,0,0,1,1
107992,0035000001vNqifAAC,0.0,0,1142.0,1478.0,0,1,0,0,0,0,1,0,0,0,0,1,1
108000,0035000001vNrKUAA0,0.0,60,7045.0,2364.0,0,0,0,0,1,0,0,0,1,0,0,1,1
108002,0035000001vNrMBAA0,0.0,0,9.0,1312.0,0,1,0,0,0,0,1,0,0,0,0,1,1
108024,0035000001vNsrSAAS,0.0,0,351.0,4439.0,0,0,0,1,0,0,0,0,0,1,0,1,1
108025,0035000001vNst9AAC,0.0,0,2394.0,1246.0,0,0,0,1,0,0,0,0,0,1,0,1,1
108041,0035000001vNuyNAAS,0.0,40,419.0,4082.0,0,0,0,1,0,0,0,0,1,0,0,1,1
108046,0035000001vNvWZAA0,0.0,80,15.0,1460.0,0,1,0,0,0,0,0,0,0,1,0,1,1
108051,0035000001vNvzRAAS,0.0,80,54.0,2991.0,0,0,0,1,0,0,1,0,0,0,0,1,1
108056,0035000001vNwLIAA0,0.0,0,179.0,1460.0,0,0,0,1,0,0,0,0,1,0,0,1,0
108064,0035000001vNx2eAAC,0.0,60,5617.0,2066.0,0,1,0,0,0,0,1,0,0,0,1,0,1
108077,0035000001vNxpvAAC,0.0,100,77.0,5305.0,0,0,0,1,0,0,0,0,0,1,0,1,1
108081,0035000001vNy3sAAC,0.0,0,16.0,8595.0,0,0,0,1,0,0,0,0,1,0,0,1,1
108082,0035000001vNy7aAAC,0.0,0,284.0,2723.0,0,0,0,1,0,0,0,0,0,1,0,1,1
108083,0035000001vNyGwAAK,0.0,0,900.0,2210.0,0,1,0,0,0,0,1,0,0,0,0,1,1
108084,0035000001vNyI4AAK,0.0,0,5069.0,2708.0,0,0,0,1,0,0,1,0,0,0,0,1,1
108087,0035000001vNyY4AAK,0.0,0,15.0,10469.0,0,1,0,0,0,1,0,0,0,0,0,1,0
108088,0035000001vNylLAAS,0.0,0,1173.0,7823.0,0,1,0,0,0,1,0,0,0,0,0,1,0
108090,0035000001vNyvfAAC,0.0,10,697.0,2456.0,0,1,0,0,0,0,1,0,0,0,0,1,0
108097,0035000001vO0ZOAA0,0.0,0,1248.0,1825.0,0,1,0,0,0,0,1,0,0,0,1,0,1
108100,0035000001vO0bLAAS,0.0,0,0.0,6137.0,0,0,0,1,0,0,0,0,1,0,0,1,0
108130,0035000001vO2rsAAC,0.0,70,579.0,1414.0,0,0,0,1,0,0,1,0,0,0,0,1,1
108143,0035000001vO3auAAC,0.0,0,76.0,3840.0,1,0,0,0,0,0,1,0,0,0,0,1,1
108148,0035000001vO3lEAAS,0.0,60,1284.0,7696.0,1,0,0,0,0,0,1,0,0,0,0,1,1
108193,0035000001vO8FvAAK,0.0,70,25.0,1775.0,0,0,0,1,0,0,0,0,1,0,0,1,1
108195,0035000001vO8KgAAK,0.0,0,3370.0,7320.0,0,0,0,1,0,0,0,0,1,0,0,1,1
108221,0035000001vODFJAA4,0.0,0,157.0,1511.0,0,0,0,1,0,0,1,0,0,0,0,1,1
108234,0035000001vOEVGAA4,0.0,30,1371.0,1978.0,0,0,0,0,1,0,0,0,1,0,1,0,1
108255,0035000001vOF8hAAG,0.0,80,1753.0,2741.0,1,0,0,0,0,0,1,0,0,0,1,0,1
108260,0035000001vOFKnAAO,0.0,80,256.0,3288.0,0,1,0,0,0,0,1,0,0,0,0,1,0
108263,0035000001vOFShAAO,0.0,0,2969.0,1096.0,0,1,0,0,0,0,1,0,0,0,0,1,0
108275,0035000001vOHBEAA4,0.0,100,5341.0,1302.0,0,0,0,1,0,0,1,0,0,0,0,1,0
108276,0035000001vOHBtAAO,0.0,0,335.0,3340.0,0,0,0,1,0,0,1,0,0,0,0,1,1
108277,0035000001vOHKkAAO,0.0,0,71.0,2489.0,0,0,0,1,0,0,1,0,0,0,0,1,1
108278,0035000001vOHLJAA4,0.0,0,1585.0,1460.0,0,0,0,1,0,0,0,0,1,0,0,1,1
108282,0035000001vOHZBAA4,0.0,90,260.0,5740.0,0,0,0,1,0,0,1,0,0,0,0,1,1
108296,0035000001vOI4YAAW,0.0,60,5418.0,3987.0,1,0,0,0,0,1,0,0,0,0,0,1,1
108297,0035000001vOI4dAAG,0.0,0,117.0,1460.0,1,0,0,0,0,0,1,0,0,0,0,1,1
108300,0035000001vOIF7AAO,0.0,70,570.0,3593.0,0,0,0,0,1,1,0,0,0,0,0,1,1
108320,0035000001vOImeAAG,0.0,0,6774.0,1447.0,0,0,0,1,0,0,0,0,0,1,0,1,0
108322,0035000001vOIncAAG,0.0,20,6788.0,5258.0,0,1,0,0,0,0,1,0,0,0,0,1,1
108329,0035000001vOJ5lAAG,0.0,0,845.0,7746.0,1,0,0,0,0,0,1,0,0,0,0,1,1
108330,0035000001vOJ7XAAW,0.0,0,163.0,2192.0,0,0,0,1,0,0,0,0,0,1,0,1,1
108336,0035000001vOJFCAA4,0.0,100,1547.0,8420.0,0,0,0,0,1,1,0,0,0,0,1,0,1
108338,0035000001vOJHSAA4,0.0,0,1942.0,1601.0,1,0,0,0,0,0,0,0,0,1,0,1,1
108339,0035000001vOJJsAAO,0.0,0,147.0,4805.0,0,0,0,0,1,1,0,0,0,0,1,0,1
108342,0035000001vOJWrAAO,0.0,40,126.0,6185.0,0,0,0,0,1,0,0,0,0,1,0,1,1
108351,0035000001vOKZAAA4,0.0,0,2651.0,2732.0,0,0,0,1,0,0,0,0,0,1,0,1,1
108361,0035000001vOM5CAAW,0.0,0,0.0,2190.0,0,1,0,0,0,1,0,0,0,0,0,1,0
108364,0035000001vOMEJAA4,0.0,0,2214.0,2191.0,0,1,0,0,0,0,1,0,0,0,0,1,1
108370,0035000001vOMgDAAW,0.0,0,2166.0,1460.0,0,1,0,0,0,1,0,0,0,0,0,1,1
108462,0035000001vOTdQAAW,0.0,30,449.0,4324.0,1,0,0,0,0,0,0,0,0,1,1,0,1
108467,0035000001vOTsmAAG,0.0,0,413.0,4558.0,0,0,0,1,0,0,1,0,0,0,0,1,0
108473,0035000001vOV7JAAW,0.0,30,735.0,9218.0,1,0,0,0,0,0,1,0,0,0,0,1,1
108491,0035000001vOXaRAAW,0.0,0,0.0,6049.0,0,0,0,1,0,0,1,0,0,0,0,1,1
108493,0035000001vOY5cAAG,0.0,0,10164.0,781.0,0,0,0,1,0,0,0,1,0,0,0,1,1
108497,0035000001vOYVgAAO,0.0,0,1521.0,1460.0,0,0,0,0,1,0,1,0,0,0,0,1,0
108539,0035000001vOcSVAA0,0.0,0,11369.0,3231.0,0,1,0,0,0,1,0,0,0,0,0,1,1
108579,0035000001vOewSAAS,0.0,0,1831.0,3083.0,0,0,0,0,1,0,0,0,1,0,0,1,1
108598,0035000001vOh2JAAS,0.0,0,346.0,1461.0,0,0,0,1,0,0,0,0,1,0,0,1,1
108603,0035000001vOhE6AAK,0.0,60,1003.0,3300.0,0,1,0,0,0,0,0,0,1,0,0,1,1
108605,0035000001vOhLHAA0,0.0,0,124.0,5844.0,0,0,0,1,0,0,0,0,1,0,0,1,1
108616,0035000001vOiGsAAK,0.0,0,518.0,3247.0,0,0,0,1,0,0,1,0,0,0,0,1,1
108625,0035000001vOid8AAC,0.0,0,0.0,12053.0,0,0,0,1,0,0,1,0,0,0,0,1,0
108626,0035000001vOifHAAS,0.0,0,7712.0,639.0,0,0,0,1,0,0,0,0,0,1,0,1,1
108630,0035000001vOimDAAS,0.0,0,0.0,5844.0,1,0,0,0,0,0,1,0,0,0,0,1,1
108632,0035000001vOj2aAAC,0.0,0,0.0,5844.0,0,0,0,1,0,0,1,0,0,0,0,1,0
108634,0035000001vOjBwAAK,0.0,0,0.0,4749.0,0,0,0,1,0,0,0,0,1,0,0,1,1
108637,0035000001vOjIJAA0,0.0,0,0.0,5284.0,0,0,0,1,0,0,0,0,1,0,0,1,0
108639,0035000001vOjaZAAS,0.0,20,2642.0,1460.0,0,1,0,0,0,0,0,0,1,0,0,1,1
108643,0035000001vOjsxAAC,0.0,20,1901.0,1461.0,0,1,0,0,0,1,0,0,0,0,0,1,1
108647,0035000001vOkRaAAK,0.0,0,0.0,7358.0,0,0,0,1,0,0,1,0,0,0,0,1,1
108648,0035000001vOkWpAAK,0.0,0,222.0,3957.0,1,0,0,0,0,1,0,0,0,0,1,0,0
108652,0035000001vOkoKAAS,0.0,80,191.0,4522.0,0,1,0,0,0,0,1,0,0,0,0,1,1
108656,0035000001vOl1JAAS,0.0,0,0.0,1460.0,0,0,0,1,0,0,1,0,0,0,1,0,0
108660,0035000001vOmCJAA0,0.0,0,28.0,3653.0,0,0,0,0,1,0,0,0,0,1,0,1,1
108676,0035000001vOnLBAA0,0.0,0,1806.0,1827.0,1,0,0,0,0,0,1,0,0,0,0,1,1
108681,0035000001vOoKWAA0,0.0,0,791.0,9621.0,1,0,0,0,0,0,1,0,0,0,0,1,1
108689,0035000001vOot7AAC,0.0,0,0.0,5205.0,0,0,0,1,0,0,1,0,0,0,0,1,1
108691,0035000001vOpEoAAK,0.0,0,1236.0,1461.0,1,0,0,0,0,0,1,0,0,0,0,1,0
108750,0035000001vP02yAAC,0.0,30,1590.0,7318.0,0,1,0,0,0,0,1,0,0,0,0,1,0
108770,0035000001vP3hIAAS,0.0,0,2031.0,2624.0,0,0,0,0,1,0,1,0,0,0,0,1,1
108809,0035000001wxge4AAA,0.0,0,2354.0,1095.0,0,0,0,1,0,0,0,0,1,0,0,1,1
108829,0035000001wxiRdAAI,0.0,0,1558.0,1460.0,0,0,0,1,0,0,0,0,1,0,0,1,0
108843,0035000001wxkNpAAI,0.0,20,8181.0,1122.0,0,1,0,0,0,0,1,0,0,0,0,1,1
108856,0035000001wxl5xAAA,0.0,0,1305.0,3238.0,0,0,0,0,1,0,0,0,0,1,1,0,1
108866,0035000001wxlz3AAA,0.0,10,6176.0,5282.0,0,0,0,1,0,0,0,0,0,1,0,1,1
108873,0035000001wxmtPAAQ,0.0,30,7099.0,608.0,0,1,0,0,0,0,1,0,0,0,1,0,1
108876,0035000001wxnEqAAI,0.0,0,0.0,2041.0,1,0,0,0,0,0,0,0,0,1,0,1,1
108880,0035000001wxnWVAAY,0.0,0,0.0,7232.0,0,1,0,0,0,0,0,0,1,0,0,1,1
108881,0035000001wxnaXAAQ,0.0,0,75.0,5454.0,0,0,0,1,0,1,0,0,0,0,0,1,0
108882,0035000001wxnbQAAQ,0.0,70,159.0,4728.0,0,0,0,1,0,0,0,0,1,0,0,1,1
108890,0035000001wxo0AAAQ,0.0,0,385.0,2192.0,0,0,0,1,0,0,1,0,0,0,0,1,1
108897,0035000001wxuVDAAY,0.0,0,150.0,1228.0,0,0,0,1,0,0,1,0,0,0,1,0,0
108916,0035000001wxxdFAAQ,0.0,0,9381.0,2035.0,0,1,0,0,0,1,0,0,0,0,0,1,1
108924,0035000001wxy7aAAA,0.0,60,0.0,2192.0,0,0,0,1,0,0,1,0,0,0,1,0,1
108927,0035000001wxyHeAAI,0.0,0,0.0,1986.0,0,0,0,1,0,0,1,0,0,0,0,1,0
108928,0035000001wxyUoAAI,0.0,0,0.0,7305.0,0,0,0,1,0,0,1,0,0,0,0,1,0
108929,0035000001wxyZnAAI,0.0,0,0.0,10108.0,0,0,0,1,0,0,1,0,0,0,0,1,0
108931,0035000001wxyrZAAQ,0.0,90,0.0,4382.0,0,0,0,1,0,0,1,0,0,0,0,1,0
108935,0035000001wxyy3AAA,0.0,0,0.0,3629.0,0,0,0,1,0,0,1,0,0,0,0,1,0
108964,0035000001wy2DZAAY,0.0,80,97.0,3181.0,0,0,0,0,1,0,1,0,0,0,1,0,1
108966,0035000001wy2I0AAI,0.0,0,0.0,1996.0,0,1,0,0,0,0,1,0,0,0,1,0,0
109020,0035000001wyGDXAA2,0.0,0,2096.0,1409.0,0,1,0,0,0,0,1,0,0,0,0,1,1
109029,0035000001wyGXDAA2,0.0,0,0.0,2922.0,0,0,0,1,0,0,1,0,0,0,0,1,0
109038,0035000001wyGjjAAE,0.0,0,0.0,6575.0,1,0,0,0,0,0,1,0,0,0,1,0,1
109044,0035000001wyHIsAAM,0.0,0,8674.0,228.0,0,1,0,0,0,0,1,0,0,0,1,0,1
109158,0035000001wySzeAAE,0.0,60,1126.0,5077.0,1,0,0,0,0,0,0,0,0,1,0,1,0
109239,0035000001wyW36AAE,0.0,0,1527.0,937.0,0,0,0,1,0,0,1,0,0,0,0,1,1
109244,0035000001wyW3VAAU,0.0,0,347.0,509.0,0,0,0,1,0,0,1,0,0,0,0,1,1
109293,0035000001wyYALAA2,0.0,30,2022.0,2911.0,0,1,0,0,0,0,1,0,0,0,0,1,1
109319,0035000001wyYuiAAE,0.0,60,2890.0,3764.0,0,0,0,1,0,0,1,0,0,0,0,1,0
109331,0035000001wyZajAAE,0.0,0,785.0,2869.0,0,1,0,0,0,0,1,0,0,0,0,1,1
109388,0035000001wybqeAAA,0.0,0,1592.0,1460.0,1,0,0,0,0,1,0,0,0,0,1,0,1
109393,0035000001wybwwAAA,0.0,0,3033.0,1461.0,0,1,0,0,0,0,0,0,1,0,0,1,1
109426,0035000001wyf5EAAQ,0.0,0,3726.0,370.0,0,1,0,0,0,0,0,0,0,1,0,1,0
109437,0035000001wyficAAA,0.0,0,1411.0,1451.0,0,0,0,1,0,0,0,0,1,0,0,1,1
109462,0035000001wyhXkAAI,0.0,0,801.0,1461.0,0,0,0,1,0,0,0,0,1,0,0,1,0
109474,0035000001wyk5WAAQ,0.0,0,2245.0,1826.0,1,0,0,0,0,0,0,0,0,1,0,1,1
109477,0035000001wykMYAAY,0.0,0,7398.0,1461.0,0,1,0,0,0,1,0,0,0,0,0,1,0
109482,0035000001wyksFAAQ,0.0,90,354.0,7296.0,0,1,0,0,0,0,0,0,0,1,0,1,0
109515,0035000001wynlfAAA,0.0,0,26.0,2191.0,0,1,0,0,0,1,0,0,0,0,0,1,1
109517,0035000001wyns1AAA,0.0,0,6202.0,1372.0,0,1,0,0,0,1,0,0,0,0,0,1,1
109520,0035000001wyoCaAAI,0.0,0,932.0,2190.0,0,1,0,0,0,0,0,0,1,0,0,1,1
109549,0035000001wyuETAAY,0.0,0,0.0,9497.0,0,0,0,1,0,0,1,0,0,0,0,1,0
109551,0035000001wyuHDAAY,0.0,0,0.0,7305.0,0,0,0,1,0,0,1,0,0,0,0,1,1
109553,0035000001wyuNQAAY,0.0,0,0.0,5845.0,1,0,0,0,0,0,1,0,0,0,0,1,0
109556,0035000001wyuU2AAI,0.0,0,0.0,5492.0,0,0,0,0,1,0,1,0,0,0,1,0,0
109578,0035000001wyvhQAAQ,0.0,0,0.0,2192.0,0,0,0,1,0,0,0,0,1,0,1,0,0
109586,0035000001wywDRAAY,0.0,0,103.0,2303.0,0,0,0,1,0,0,1,0,0,0,0,1,1
109592,0035000001wywXWAAY,0.0,0,2153.0,3371.0,0,0,0,0,1,0,0,0,0,1,0,1,1
109617,0035000001wyyhSAAQ,0.0,0,2014.0,2205.0,0,0,0,1,0,0,1,0,0,0,0,1,1
109645,0035000001wz1Q7AAI,0.0,100,73.0,5208.0,0,0,0,1,0,0,0,0,0,1,0,1,1
109658,0035000001wz2dRAAQ,0.0,10,3427.0,912.0,0,1,0,0,0,1,0,0,0,0,0,1,1
109663,0035000001wz3FaAAI,0.0,0,276.0,4831.0,0,0,0,1,0,0,1,0,0,0,0,1,0
109665,0035000001wz3I6AAI,0.0,10,812.0,7490.0,0,0,0,0,1,1,0,0,0,0,0,1,1
109666,0035000001wz3IFAAY,0.0,0,2643.0,1460.0,0,0,0,1,0,0,0,0,1,0,0,1,1
109669,0035000001wz3PpAAI,0.0,0,6524.0,314.0,0,0,0,1,0,1,0,0,0,0,0,1,1
109683,0035000001wz3irAAA,0.0,0,319.0,1826.0,0,0,0,1,0,0,0,0,1,0,0,1,1
109690,0035000001wz3qkAAA,0.0,60,2169.0,1510.0,0,0,0,0,1,0,0,0,0,1,0,1,1
109697,0035000001wz40qAAA,0.0,0,283.0,1355.0,1,0,0,0,0,0,0,0,1,0,1,0,1
109718,0035000001wz4rBAAQ,0.0,0,21.0,4302.0,0,1,0,0,0,0,1,0,0,0,0,1,1
109725,0035000001wz5GpAAI,0.0,0,7788.0,1465.0,0,0,0,1,0,0,0,0,0,1,0,1,1
109729,0035000001wz5gYAAQ,0.0,0,88.0,13909.0,0,1,0,0,0,0,1,0,0,0,0,1,0
109731,0035000001wz5p1AAA,0.0,0,3667.0,1461.0,0,1,0,0,0,0,0,0,1,0,0,1,0
109732,0035000001wz5qnAAA,0.0,70,490.0,1228.0,0,0,0,1,0,0,1,0,0,0,0,1,0
109735,0035000001wz5uuAAA,0.0,0,204.0,7932.0,0,0,0,1,0,0,0,0,0,1,0,1,1
109744,0035000001wz8EEAAY,0.0,0,1028.0,2886.0,0,0,0,1,0,0,1,0,0,0,0,1,1
109781,0035000001wzAotAAE,0.0,50,257.0,2396.0,0,0,0,1,0,0,1,0,0,0,0,1,1
109796,0035000001wzByZAAU,0.0,50,1091.0,1825.0,0,1,0,0,0,0,0,0,1,0,0,1,1
109799,0035000001wzC6xAAE,0.0,40,595.0,1826.0,0,0,0,0,1,0,0,0,1,0,0,1,1
109815,0035000001wzEkPAAU,0.0,70,154.0,10982.0,0,0,0,0,1,0,1,0,0,0,0,1,1
109837,0035000001wzGHqAAM,0.0,100,0.0,8308.0,0,0,0,1,0,0,1,0,0,0,0,1,0
109838,0035000001wzGNPAA2,0.0,0,0.0,4077.0,0,0,0,1,0,0,1,0,0,0,0,1,0
109840,0035000001wzGPGAA2,0.0,0,0.0,2617.0,0,1,0,0,0,0,1,0,0,0,1,0,0
109842,0035000001wzGSjAAM,0.0,0,0.0,1216.0,0,0,0,1,0,0,1,0,0,0,0,1,1
109844,0035000001wzGVYAA2,0.0,80,0.0,5783.0,0,0,0,1,0,0,1,0,0,0,0,1,1
109846,0035000001wzGbMAAU,0.0,0,0.0,3653.0,0,0,0,1,0,0,1,0,0,0,0,1,0
109848,0035000001wzGe1AAE,0.0,0,0.0,9435.0,0,0,0,1,0,0,1,0,0,0,0,1,1
109849,0035000001wzGf9AAE,0.0,0,0.0,2892.0,0,0,0,1,0,0,1,0,0,0,0,1,0
109853,0035000001wzGvbAAE,0.0,100,1491.0,3626.0,1,0,0,0,0,0,0,0,1,0,0,1,1
109900,0035000001wzNEZAA2,0.0,0,224.0,2041.0,0,0,0,1,0,0,1,0,0,0,0,1,1
109915,0035000001wzQepAAE,0.0,0,1823.0,1607.0,0,1,0,0,0,0,1,0,0,0,0,1,1
109952,0035000001wzTG0AAM,0.0,0,0.0,2557.0,0,0,0,1,0,0,0,0,1,0,1,0,0
109953,0035000001wzTNGAA2,0.0,0,0.0,2588.0,0,0,0,1,0,0,0,0,1,0,0,1,1
109954,0035000001wzTOdAAM,0.0,0,0.0,1520.0,0,0,0,1,0,0,0,0,1,0,0,1,0
109955,0035000001wzTPqAAM,0.0,0,0.0,1247.0,0,0,0,1,0,0,0,0,1,0,0,1,1
109960,0035000001wzTSVAA2,0.0,0,0.0,2497.0,0,0,0,1,0,0,0,0,1,0,0,1,0
109973,0035000001wzUhsAAE,0.0,10,1794.0,1519.0,0,1,0,0,0,0,0,0,0,1,1,0,1
110015,0035000001wzZNyAAM,0.0,0,213.0,5114.0,0,1,0,0,0,1,0,0,0,0,0,1,1
110018,0035000001wzZlbAAE,0.0,20,604.0,8486.0,0,0,0,1,0,0,1,0,0,0,0,1,0
110019,0035000001wzZoQAAU,0.0,80,89.0,5254.0,0,0,0,1,0,0,1,0,0,0,0,1,1
110022,0035000001wzZsEAAU,0.0,0,7004.0,3063.0,0,0,0,1,0,0,1,0,0,0,0,1,1
110030,0035000001wzaemAAA,0.0,90,8201.0,905.0,1,0,0,0,0,1,0,0,0,0,0,1,0
110031,0035000001wzajSAAQ,0.0,0,25.0,8423.0,0,0,0,0,1,0,1,0,0,0,0,1,1
110032,0035000001wzakLAAQ,0.0,0,5917.0,3287.0,0,1,0,0,0,0,1,0,0,0,0,1,1
110033,0035000001wzalEAAQ,0.0,80,199.0,8047.0,0,1,0,0,0,0,0,0,0,1,0,1,1
110035,0035000001wzatcAAA,0.0,0,157.0,7730.0,0,0,0,1,0,0,1,0,0,0,0,1,0
110037,0035000001wzawsAAA,0.0,0,313.0,6258.0,0,1,0,0,0,0,1,0,0,0,0,1,1
110038,0035000001wzayUAAQ,0.0,0,3052.0,2564.0,0,0,0,0,1,0,0,0,1,0,0,1,1
110043,0035000001wzb8VAAQ,0.0,50,427.0,7309.0,0,0,0,1,0,0,0,0,1,0,0,1,1
110044,0035000001wzbA1AAI,0.0,0,2898.0,3443.0,0,1,0,0,0,0,0,0,0,1,0,1,0
110059,0035000001wzd2EAAQ,0.0,50,1629.0,1461.0,0,1,0,0,0,0,0,0,1,0,0,1,0
110067,0035000001wzdrJAAQ,0.0,0,62.0,9743.0,1,0,0,0,0,0,1,0,0,0,0,1,1
110087,0035000001wzfr4AAA,0.0,70,852.0,1603.0,0,1,0,0,0,0,0,0,0,1,0,1,1
110089,0035000001wzgTEAAY,0.0,0,2013.0,1980.0,0,1,0,0,0,1,0,0,0,0,0,1,1
110133,0035000001wzsHuAAI,0.0,30,89.0,2943.0,0,0,0,1,0,0,0,0,1,0,0,1,1
110141,0035000001wzt6EAAQ,0.0,60,2522.0,2191.0,1,0,0,0,0,0,1,0,0,0,0,1,1
110143,0035000001wztC1AAI,0.0,0,821.0,2692.0,1,0,0,0,0,0,0,0,0,1,0,1,1
110151,0035000001wztQIAAY,0.0,40,2240.0,3194.0,1,0,0,0,0,0,0,0,0,1,1,0,1
110153,0035000001wztTbAAI,0.0,0,25.0,7227.0,1,0,0,0,0,0,0,0,0,1,0,1,1
110156,0035000001wztVSAAY,0.0,0,3796.0,1610.0,0,1,0,0,0,0,0,0,1,0,0,1,1
110158,0035000001wztcRAAQ,0.0,0,497.0,1813.0,0,0,0,1,0,0,0,0,1,0,0,1,1
110164,0035000001wzuIcAAI,0.0,80,961.0,1643.0,1,0,0,0,0,0,1,0,0,0,0,1,0
110179,0035000001wzvDTAAY,0.0,0,1087.0,4805.0,0,0,0,1,0,0,0,0,0,1,0,1,1
110181,0035000001wzvEgAAI,0.0,0,212.0,1283.0,0,0,0,1,0,0,1,0,0,0,0,1,1
110188,0035000001wzvrdAAA,0.0,0,1511.0,3000.0,1,0,0,0,0,0,1,0,0,0,0,1,1
110194,0035000001wzwCCAAY,0.0,0,0.0,3895.0,0,0,0,0,1,0,0,0,0,1,0,1,0
110195,0035000001wzwDFAAY,0.0,50,429.0,915.0,0,0,0,1,0,1,0,0,0,0,0,1,1
110205,0035000001wzwmxAAA,0.0,0,52.0,3561.0,0,1,0,0,0,0,1,0,0,0,0,1,1
110211,0035000001wzx1dAAA,0.0,0,413.0,5245.0,1,0,0,0,0,0,1,0,0,0,1,0,1
110214,0035000001wzxAVAAY,0.0,0,82.0,5615.0,0,0,0,1,0,0,1,0,0,0,0,1,1
110226,0035000001wzxjzAAA,0.0,0,14233.0,711.0,0,0,0,1,0,0,0,0,1,0,0,1,1
110227,0035000001wzxkxAAA,0.0,0,1510.0,2679.0,0,1,0,0,0,0,1,0,0,0,0,1,1
110229,0035000001wzxoaAAA,0.0,60,2103.0,9505.0,0,1,0,0,0,0,0,0,1,0,0,1,1
110232,0035000001wzxscAAA,0.0,30,2195.0,7463.0,0,0,0,1,0,0,0,0,0,1,0,1,1
110235,0035000001wzxvqAAA,0.0,10,75.0,1310.0,0,0,0,1,0,0,1,0,0,0,1,0,1
110239,0035000001wzyGyAAI,0.0,0,2180.0,153.0,1,0,0,0,0,0,0,0,0,1,0,1,1
110241,0035000001wzybAAAQ,0.0,0,242.0,1825.0,0,0,0,1,0,0,0,0,1,0,0,1,0
110245,0035000001wzzQyAAI,0.0,80,2706.0,1461.0,0,0,0,1,0,0,0,0,1,0,0,1,1
110247,0035000001wzzTxAAI,0.0,0,65.0,9624.0,0,0,0,0,1,0,1,0,0,0,0,1,0
110258,0035000001x01D9AAI,0.0,0,2438.0,2861.0,0,0,0,0,1,0,1,0,0,0,0,1,1
110260,0035000001x01FoAAI,0.0,0,749.0,3805.0,0,1,0,0,0,0,1,0,0,0,0,1,1
110263,0035000001x01hKAAQ,0.0,0,0.0,4942.0,0,0,0,1,0,0,0,0,0,1,0,1,0
110265,0035000001x01nbAAA,0.0,0,0.0,2922.0,0,0,0,1,0,0,0,0,0,1,0,1,1
110268,0035000001x0214AAA,0.0,0,0.0,2293.0,0,0,0,1,0,0,0,0,0,1,0,1,0
110269,0035000001x024hAAA,0.0,0,0.0,2283.0,0,0,0,1,0,0,0,0,0,1,0,1,0
110270,0035000001x025uAAA,0.0,0,0.0,1827.0,0,0,0,1,0,0,0,0,0,1,0,1,0
110273,0035000001x02KfAAI,0.0,0,0.0,2497.0,0,0,0,1,0,0,0,0,0,1,0,1,0
110280,0035000001x02inAAA,0.0,0,0.0,1825.0,0,0,0,1,0,0,0,0,0,1,0,1,0
110302,0035000001x05m8AAA,0.0,0,69.0,3187.0,1,0,0,0,0,0,0,0,1,0,0,1,1
110309,0035000001x068TAAQ,0.0,0,0.0,5662.0,0,0,0,1,0,0,0,0,1,0,1,0,1
110310,0035000001x068nAAA,0.0,0,0.0,7322.0,0,0,0,1,0,0,0,0,1,0,0,1,1
110315,0035000001x06PeAAI,0.0,40,641.0,3146.0,0,0,0,1,0,0,1,0,0,0,0,1,1
110335,0035000001x07BRAAY,0.0,80,1140.0,1614.0,0,0,0,0,1,0,0,0,1,0,0,1,1
110350,0035000001x089sAAA,0.0,0,0.0,4215.0,0,0,0,1,0,0,0,0,1,0,0,1,1
110351,0035000001x08GjAAI,0.0,0,1468.0,1490.0,0,1,0,0,0,0,0,0,1,0,0,1,1
110375,0035000001x0Aw2AAE,0.0,70,133.0,2095.0,0,0,0,1,0,0,0,0,0,1,0,1,0
110378,0035000001x0B0YAAU,0.0,0,0.0,2325.0,0,0,0,1,0,0,0,0,0,1,0,1,0
110380,0035000001x0B3uAAE,0.0,0,383.0,3000.0,0,0,0,1,0,0,0,0,0,1,0,1,1
110384,0035000001x0BX2AAM,0.0,0,501.0,1460.0,0,0,0,1,0,0,0,0,1,0,0,1,1
110398,0035000001x0CC0AAM,0.0,0,391.0,2912.0,0,1,0,0,0,0,1,0,0,0,0,1,0
110401,0035000001x0CQCAA2,0.0,0,114.0,2921.0,0,0,0,1,0,0,0,0,1,0,0,1,1
110419,0035000001x0FAmAAM,0.0,0,250.0,7825.0,1,0,0,0,0,1,0,0,0,0,0,1,1
110429,0035000001x0GfKAAU,0.0,0,252.0,1461.0,0,0,0,1,0,0,0,0,1,0,0,1,0
110435,0035000001x0GuyAAE,0.0,0,607.0,2149.0,0,0,0,1,0,0,1,0,0,0,0,1,1
110436,0035000001x0GxYAAU,0.0,0,336.0,4242.0,0,0,0,1,0,0,0,0,1,0,0,1,1
110467,0035000001x0IxsAAE,0.0,70,3874.0,3027.0,0,1,0,0,0,1,0,0,0,0,1,0,1
110469,0035000001x0K58AAE,0.0,0,39.0,9861.0,0,0,0,1,0,0,1,0,0,0,0,1,1
110471,0035000001x0K96AAE,0.0,10,3431.0,3654.0,1,0,0,0,0,0,0,0,0,1,1,0,1
110474,0035000001x0KHZAA2,0.0,0,0.0,5532.0,0,1,0,0,0,0,1,0,0,0,0,1,1
110477,0035000001x0KZ3AAM,0.0,0,39.0,4317.0,0,0,0,1,0,0,1,0,0,0,1,0,1
110490,0035000001x0KppAAE,0.0,0,101.0,10578.0,0,0,0,0,1,0,1,0,0,0,0,1,1
110501,0035000001x0LfUAAU,0.0,0,3116.0,2836.0,0,0,0,0,1,0,1,0,0,0,0,1,1
110504,0035000001x0LoeAAE,0.0,0,70.0,12175.0,0,0,0,1,0,1,0,0,0,0,0,1,1
110505,0035000001x0LxgAAE,0.0,60,1114.0,1071.0,0,0,0,1,0,0,1,0,0,0,0,1,0
110506,0035000001x0M19AAE,0.0,10,1130.0,3059.0,0,0,0,1,0,0,0,0,1,0,0,1,1
110509,0035000001x0MMeAAM,0.0,0,10.0,7332.0,0,0,0,1,0,0,1,0,0,0,0,1,1
110510,0035000001x0MQnAAM,0.0,0,315.0,3021.0,1,0,0,0,0,0,0,0,1,0,0,1,1
110517,0035000001x0MvfAAE,0.0,0,26.0,3178.0,0,0,0,1,0,0,1,0,0,0,0,1,1
110520,0035000001x0MzrAAE,0.0,0,161.0,4171.0,1,0,0,0,0,0,1,0,0,0,0,1,0
110521,0035000001x0N4fAAE,0.0,0,1019.0,3695.0,0,0,0,1,0,1,0,0,0,0,1,0,1
110523,0035000001x0N70AAE,0.0,0,918.0,1364.0,0,1,0,0,0,0,0,0,1,0,0,1,1
110530,0035000001x0OcrAAE,0.0,60,227.0,1035.0,0,0,0,1,0,0,1,0,0,0,0,1,1
110533,0035000001x0P8YAAU,0.0,0,53.0,1209.0,0,0,0,1,0,0,1,0,0,0,0,1,1
110539,0035000001x0PPAAA2,0.0,20,8948.0,3958.0,0,1,0,0,0,0,1,0,0,0,0,1,1
110540,0035000001x0PVKAA2,0.0,70,1896.0,4657.0,1,0,0,0,0,0,1,0,0,0,0,1,1
110541,0035000001x0PVwAAM,0.0,0,435.0,5019.0,0,0,0,1,0,0,1,0,0,0,0,1,0
110542,0035000001x0PbEAAU,0.0,0,2323.0,1461.0,1,0,0,0,0,0,0,0,0,1,0,1,0
110543,0035000001x0PdoAAE,0.0,50,2146.0,1519.0,0,0,0,1,0,0,0,0,1,0,0,1,1
110546,0035000001x0PqhAAE,0.0,0,507.0,2192.0,1,0,0,0,0,1,0,0,0,0,1,0,0
110549,0035000001x0QDFAA2,0.0,0,1084.0,2096.0,0,0,0,1,0,0,1,0,0,0,0,1,1
110551,0035000001x0QGYAA2,0.0,0,28.0,1461.0,0,0,0,1,0,0,0,0,1,0,0,1,1
110557,0035000001x0QyDAAU,0.0,10,648.0,3398.0,1,0,0,0,0,0,0,0,0,1,1,0,0
110592,0035000001x0V7CAAU,0.0,30,89.0,5218.0,0,1,0,0,0,0,1,0,0,0,0,1,1
110595,0035000001x0VPeAAM,0.0,0,347.0,4331.0,0,0,0,1,0,0,1,0,0,0,0,1,0
110597,0035000001x0VwAAAU,0.0,0,73.0,1256.0,0,1,0,0,0,0,1,0,0,0,0,1,1
110607,0035000001x0XXLAA2,0.0,100,241.0,1948.0,0,0,0,1,0,0,1,0,0,0,0,1,0
110623,0035000001x0aAZAAY,0.0,0,164.0,2968.0,0,0,0,1,0,0,0,0,1,0,0,1,0
110649,0035000001x0dIYAAY,0.0,30,59.0,4136.0,1,0,0,0,0,1,0,0,0,0,0,1,1
110659,0035000001x0ftwAAA,0.0,0,2.0,1460.0,0,0,0,1,0,0,0,0,0,1,0,1,1
110714,0035000001x0kHhAAI,0.0,0,3800.0,1094.0,0,1,0,0,0,0,1,0,0,0,1,0,0
110718,0035000001x0l8kAAA,0.0,20,2816.0,5191.0,0,1,0,0,0,0,1,0,0,0,0,1,1
110719,0035000001x0l9JAAQ,0.0,0,2754.0,3287.0,0,1,0,0,0,0,1,0,0,0,0,1,1
110721,0035000001x0lBeAAI,0.0,100,3.0,7212.0,0,0,0,1,0,0,1,0,0,0,0,1,0
110723,0035000001x0lMqAAI,0.0,0,338.0,835.0,0,0,0,1,0,0,1,0,0,0,0,1,0
110727,0035000001x0lT4AAI,0.0,60,2755.0,2303.0,0,1,0,0,0,0,1,0,0,0,0,1,0
110744,0035000001x0n95AAA,0.0,50,574.0,2928.0,0,0,0,0,1,0,0,0,0,1,0,1,1
110746,0035000001x0nPSAAY,0.0,0,328.0,1096.0,0,0,0,1,0,0,1,0,0,0,0,1,1
110749,0035000001x0nbnAAA,0.0,80,1573.0,3593.0,0,1,0,0,0,0,0,1,0,0,0,1,1
110751,0035000001x0ne3AAA,0.0,0,110.0,898.0,1,0,0,0,0,0,1,0,0,0,0,1,1
110752,0035000001x0ngJAAQ,0.0,0,0.0,14663.0,0,1,0,0,0,1,0,0,0,0,0,1,0
110753,0035000001x0ngsAAA,0.0,0,1477.0,1826.0,0,0,0,1,0,0,0,0,0,1,0,1,1
110754,0035000001x0njwAAA,0.0,0,5117.0,1196.0,0,0,0,1,0,0,1,0,0,0,0,1,1
110756,0035000001x0nu0AAA,0.0,0,1600.0,7331.0,0,0,0,1,0,0,0,0,0,1,0,1,1
110759,0035000001x0o2iAAA,0.0,0,0.0,7205.0,0,0,0,1,0,1,0,0,0,0,0,1,0
110815,0035000001x1506AAA,0.0,0,452.0,8095.0,1,0,0,0,0,1,0,0,0,0,0,1,1
110823,0035000001x1738AAA,0.0,0,78.0,2852.0,0,0,0,1,0,0,0,1,0,0,0,1,1
110829,0035000001x17pZAAQ,0.0,0,379.0,2938.0,0,1,0,0,0,0,1,0,0,0,0,1,0
110835,0035000001x18QpAAI,0.0,100,322.0,8069.0,0,1,0,0,0,1,0,0,0,0,0,1,1
110849,0035000001x1CvrAAE,0.0,60,910.0,2665.0,0,1,0,0,0,0,1,0,0,0,0,1,1
110893,0035000001x1LXxAAM,0.0,0,2501.0,2226.0,0,1,0,0,0,0,1,0,0,0,0,1,1
110896,0035000001x1LpyAAE,0.0,0,1315.0,1830.0,0,1,0,0,0,0,1,0,0,0,0,1,1
110899,0035000001x1LxiAAE,0.0,10,5501.0,3562.0,0,1,0,0,0,1,0,0,0,0,0,1,1
110932,0035000001x1O5hAAE,0.0,0,53.0,11396.0,0,0,0,0,1,0,1,0,0,0,0,1,1
110933,0035000001x1ODqAAM,0.0,0,18.0,3332.0,1,0,0,0,0,0,1,0,0,0,0,1,1
110938,0035000001x1OdyAAE,0.0,0,1238.0,1461.0,0,0,0,1,0,0,0,0,1,0,0,1,1
110945,0035000001x1PMpAAM,0.0,50,1580.0,1290.0,0,0,0,1,0,0,1,0,0,0,0,1,0
110948,0035000001x1PweAAE,0.0,70,1713.0,2970.0,0,0,0,1,0,0,0,0,1,0,0,1,1
110953,0035000001x1QfZAAU,0.0,0,41.0,5430.0,0,0,0,1,0,0,1,0,0,0,0,1,1
110954,0035000001x1QfeAAE,0.0,90,569.0,6239.0,0,1,0,0,0,0,1,0,0,0,0,1,0
110971,0035000001x1R8WAAU,0.0,0,1487.0,1614.0,0,0,0,1,0,0,0,0,0,1,0,1,1
111019,0035000001x1Vp2AAE,0.0,0,2661.0,2191.0,0,0,0,1,0,1,0,0,0,0,0,1,1
111033,0035000001x1WTWAA2,0.0,0,1585.0,1825.0,0,1,0,0,0,0,0,0,1,0,0,1,1
111076,0035000001x1aS7AAI,0.0,0,2348.0,2921.0,1,0,0,0,0,1,0,0,0,0,0,1,1
111086,0035000001x1atRAAQ,0.0,10,748.0,3131.0,1,0,0,0,0,0,1,0,0,0,0,1,1
111097,0035000001x1b0nAAA,0.0,0,131.0,1460.0,0,0,0,1,0,0,1,0,0,0,0,1,1
111135,0035000001x1dZUAAY,0.0,0,30.0,1664.0,0,0,0,1,0,0,0,0,1,0,0,1,1
111156,0035000001x1fYHAAY,0.0,80,3126.0,1462.0,0,1,0,0,0,0,0,0,1,0,0,1,1
111160,0035000001x1g0mAAA,0.0,0,0.0,7605.0,0,0,0,1,0,0,1,0,0,0,0,1,0
111163,0035000001x1gG3AAI,0.0,30,261.0,1261.0,0,0,0,0,1,0,1,0,0,0,0,1,1
111164,0035000001x1gHUAAY,0.0,70,4017.0,2479.0,0,0,0,1,0,1,0,0,0,0,0,1,1
111173,0035000001x1hD0AAI,0.0,40,2124.0,1828.0,0,1,0,0,0,0,0,0,0,1,0,1,1
111174,0035000001x1hVOAAY,0.0,0,57.0,1911.0,0,1,0,0,0,0,1,0,0,0,0,1,0
111176,0035000001x1hdmAAA,0.0,10,4463.0,4799.0,0,0,0,1,0,0,0,0,1,0,0,1,1
111186,0035000001x1irhAAA,0.0,10,1058.0,2132.0,0,0,0,0,1,0,0,0,1,0,0,1,1
111187,0035000001x1iv0AAA,0.0,0,364.0,9253.0,0,0,0,1,0,0,0,0,0,1,0,1,1
111196,0035000001x1jxuAAA,0.0,20,3904.0,3549.0,0,1,0,0,0,0,1,0,0,0,0,1,0
111197,0035000001x1jzHAAQ,0.0,0,1557.0,5345.0,0,0,0,0,1,1,0,0,0,0,1,0,0
111205,0035000001x1k87AAA,0.0,30,179.0,8401.0,1,0,0,0,0,0,1,0,0,0,0,1,1
111306,0035000001yRx6iAAC,0.0,0,908.0,3102.0,0,0,0,1,0,0,0,1,0,0,0,1,1
111308,0035000001yRxLsAAK,0.0,40,3507.0,1464.0,0,1,0,0,0,0,0,0,1,0,0,1,1
111314,0035000001yRxozAAC,0.0,0,71.0,4038.0,1,0,0,0,0,0,0,0,1,0,0,1,1
111316,0035000001yRy9EAAS,0.0,80,2724.0,7448.0,0,1,0,0,0,0,1,0,0,0,0,1,1
111330,0035000001yRygmAAC,0.0,0,12.0,7980.0,0,1,0,0,0,1,0,0,0,0,0,1,1
111343,0035000001yRz5fAAC,0.0,50,172.0,2921.0,1,0,0,0,0,0,1,0,0,0,0,1,1
111363,0035000001yRzXSAA0,0.0,0,159.0,6083.0,0,0,0,1,0,0,0,0,1,0,0,1,1
111364,0035000001yRzXhAAK,0.0,0,174.0,11090.0,0,0,0,1,0,1,0,0,0,0,0,1,0
111388,0035000001yS0UbAAK,0.0,10,3670.0,3019.0,1,0,0,0,0,0,1,0,0,0,1,0,1
111400,0035000001yS1UcAAK,0.0,0,7586.0,1360.0,0,0,0,1,0,0,0,0,0,1,0,1,1
111405,0035000001yS1n0AAC,0.0,0,8187.0,1509.0,0,0,0,1,0,0,0,0,1,0,0,1,1
111416,0035000001yS2A1AAK,0.0,0,3568.0,7921.0,1,0,0,0,0,0,0,0,0,1,0,1,1
111417,0035000001yS2CFAA0,0.0,0,15471.0,1176.0,0,1,0,0,0,0,0,0,1,0,0,1,0
111424,0035000001yS2l1AAC,0.0,100,69.0,7185.0,1,0,0,0,0,0,0,0,1,0,0,1,1
111432,0035000001yS3WHAA0,0.0,40,132.0,3023.0,1,0,0,0,0,0,1,0,0,0,0,1,0
111441,0035000001yS3oGAAS,0.0,0,2317.0,3004.0,0,0,0,0,1,1,0,0,0,0,0,1,0
111448,0035000001yS4QPAA0,0.0,0,1718.0,2921.0,0,0,0,0,1,0,1,0,0,0,0,1,1
111491,0035000001yS8nLAAS,0.0,0,2690.0,1795.0,0,1,0,0,0,0,0,0,1,0,0,1,0
111511,0035000001ySBBuAAO,0.0,0,8.0,1176.0,1,0,0,0,0,0,1,0,0,0,0,1,1
111531,0035000001ySCVGAA4,0.0,0,14.0,7309.0,0,0,0,1,0,0,0,0,0,1,0,1,1
111538,0035000001ySDHsAAO,0.0,60,13.0,7323.0,0,0,0,1,0,1,0,0,0,0,0,1,1
111542,0035000001ySDnAAAW,0.0,0,2900.0,2192.0,0,0,0,0,1,0,1,0,0,0,0,1,1
111590,0035000001ySINzAAO,0.0,40,1197.0,1228.0,0,1,0,0,0,0,1,0,0,0,0,1,1
111625,0035000001ySN0VAAW,0.0,0,133.0,2345.0,1,0,0,0,0,0,1,0,0,0,0,1,1
111647,0035000001ySP6EAAW,0.0,0,76.0,7323.0,0,0,0,1,0,0,0,0,0,1,0,1,1
111659,0035000001ySPXiAAO,0.0,50,1903.0,11314.0,0,0,0,0,1,0,1,0,0,0,0,1,0
111669,0035000001ySPgzAAG,0.0,0,366.0,1826.0,1,0,0,0,0,0,0,0,1,0,0,1,1
111671,0035000001ySPiCAAW,0.0,20,1689.0,1826.0,0,0,0,0,1,0,0,0,1,0,0,1,1
111700,0035000001ySRhjAAG,0.0,0,1451.0,8329.0,0,1,0,0,0,0,1,0,0,0,0,1,1
111701,0035000001ySRmyAAG,0.0,0,330.0,2304.0,0,1,0,0,0,0,0,0,1,0,0,1,1
111702,0035000001ySRp9AAG,0.0,0,0.0,3987.0,1,0,0,0,0,0,1,0,0,0,1,0,1
111704,0035000001ySRqqAAG,0.0,0,1270.0,1460.0,0,0,0,0,1,0,0,0,0,1,0,1,1
111707,0035000001ySS4VAAW,0.0,50,856.0,1096.0,0,0,0,1,0,0,0,0,1,0,0,1,1
111711,0035000001ySSc7AAG,0.0,0,508.0,3679.0,0,0,0,1,0,0,0,0,1,0,0,1,1
111714,0035000001ySSitAAG,0.0,0,44.0,8808.0,0,0,0,0,1,0,0,0,1,0,0,1,1
111730,0035000001ySTvfAAG,0.0,0,175.0,4261.0,1,0,0,0,0,0,1,0,0,0,0,1,1
111736,0035000001ySUASAA4,0.0,90,9584.0,809.0,0,1,0,0,0,0,0,0,0,1,1,0,1
111747,0035000001ySUc3AAG,0.0,10,416.0,2922.0,1,0,0,0,0,0,1,0,0,0,0,1,1
111748,0035000001ySUhbAAG,0.0,0,384.0,1297.0,0,0,0,1,0,0,0,0,1,0,0,1,0
111749,0035000001ySUiAAAW,0.0,0,0.0,1516.0,0,0,0,1,0,1,0,0,0,0,1,0,0
111753,0035000001ySUpaAAG,0.0,40,8863.0,3683.0,0,0,0,1,0,0,1,0,0,0,1,0,1
111755,0035000001ySUsKAAW,0.0,70,487.0,3070.0,1,0,0,0,0,0,1,0,0,0,0,1,1
111769,0035000001ySUupAAG,0.0,60,1379.0,5844.0,0,0,0,1,0,0,1,0,0,0,0,1,0
111813,0035000001ySX1QAAW,0.0,0,0.0,10592.0,0,0,0,1,0,0,1,0,0,0,0,1,0
111817,0035000001ySX7mAAG,0.0,0,0.0,13459.0,0,0,0,1,0,0,1,0,0,0,0,1,1
111818,0035000001ySX9nAAG,0.0,0,0.0,15338.0,0,0,0,1,0,0,1,0,0,0,0,1,0
111835,0035000001ySYG8AAO,0.0,50,1625.0,3554.0,0,1,0,0,0,0,1,0,0,0,0,1,0
111840,0035000001ySYQEAA4,0.0,0,1415.0,1826.0,1,0,0,0,0,0,1,0,0,0,1,0,0
111843,0035000001ySYV8AAO,0.0,0,0.0,6543.0,1,0,0,0,0,0,1,0,0,0,0,1,1
111844,0035000001ySYW6AAO,0.0,0,0.0,8482.0,1,0,0,0,0,0,1,0,0,0,0,1,1
111846,0035000001ySYXdAAO,0.0,0,0.0,4507.0,0,0,0,1,0,0,1,0,0,0,0,1,0
111877,0035000001ySaRhAAK,0.0,0,0.0,3546.0,0,0,0,1,0,0,1,0,0,0,0,1,0
111906,0035000001ySe37AAC,0.0,0,54.0,3701.0,0,0,0,1,0,0,0,0,1,0,0,1,1
111912,0035000001ySeSCAA0,0.0,30,493.0,1393.0,0,1,0,0,0,0,1,0,0,0,0,1,1
111936,0035000001ySgeqAAC,0.0,10,1797.0,2925.0,0,0,0,0,1,0,1,0,0,0,1,0,1
111966,0035000001ySkQUAA0,0.0,0,3931.0,1460.0,0,0,0,0,1,0,1,0,0,0,1,0,0
112005,0035000001ySmXCAA0,0.0,0,149.0,7324.0,0,0,0,1,0,0,0,0,0,1,0,1,1
112007,0035000001ySmnAAAS,0.0,0,298.0,7339.0,0,1,0,0,0,1,0,0,0,0,0,1,1
112031,0035000001ySqZmAAK,0.0,0,2539.0,1460.0,0,1,0,0,0,0,0,0,1,0,0,1,1
112038,0035000001ySrHuAAK,0.0,40,2966.0,2206.0,0,0,0,0,1,0,1,0,0,0,0,1,1
112064,0035000001yStapAAC,0.0,10,1684.0,1460.0,0,1,0,0,0,1,0,0,0,0,0,1,1
112071,0035000001ySttrAAC,0.0,0,19.0,6779.0,0,0,0,1,0,1,0,0,0,0,0,1,1
112080,0035000001ySuKTAA0,0.0,0,181.0,7197.0,1,0,0,0,0,0,1,0,0,0,0,1,1
112083,0035000001ySuNmAAK,0.0,10,207.0,8082.0,0,0,0,0,1,0,0,0,1,0,0,1,1
112095,0035000001ySvGyAAK,0.0,0,3993.0,9663.0,0,1,0,0,0,0,1,0,0,0,0,1,1
112101,0035000001ySy0KAAS,0.0,0,2204.0,2896.0,0,1,0,0,0,0,1,0,0,0,0,1,1
112103,0035000001ySyBhAAK,0.0,40,3488.0,2259.0,0,0,0,1,0,0,1,0,0,0,0,1,0
112113,0035000001ySypIAAS,0.0,0,7863.0,2516.0,1,0,0,0,0,1,0,0,0,0,0,1,1
112127,0035000001ySzn4AAC,0.0,60,1342.0,7312.0,1,0,0,0,0,0,0,0,0,1,0,1,1
112128,0035000001ySzpeAAC,0.0,0,70.0,567.0,0,0,0,1,0,0,1,0,0,0,1,0,1
112131,0035000001yT1OvAAK,0.0,40,3726.0,9511.0,1,0,0,0,0,0,1,0,0,0,1,0,0
112148,0035000001yT37OAAS,0.0,0,190.0,891.0,1,0,0,0,0,0,1,0,0,0,1,0,0
112160,0035000001yT4c8AAC,0.0,0,418.0,2191.0,1,0,0,0,0,0,1,0,0,0,0,1,0
112163,0035000001yT4iVAAS,0.0,70,2841.0,1461.0,0,1,0,0,0,0,0,0,1,0,0,1,1
112166,0035000001yT571AAC,0.0,0,12.0,1461.0,0,1,0,0,0,0,1,0,0,0,0,1,1
112198,0035000001yT8FJAA0,0.0,70,701.0,3237.0,0,0,0,1,0,0,1,0,0,0,0,1,1
112200,0035000001yT8PYAA0,0.0,0,463.0,7322.0,0,1,0,0,0,0,0,0,0,1,0,1,1
112230,0035000001yTAEUAA4,0.0,0,0.0,2917.0,1,0,0,0,0,0,1,0,0,0,1,0,0
112231,0035000001yTAIfAAO,0.0,0,0.0,7305.0,0,0,0,1,0,0,1,0,0,0,1,0,0
112233,0035000001yTANfAAO,0.0,0,588.0,2479.0,1,0,0,0,0,0,1,0,0,0,0,1,0
112236,0035000001yTAtmAAG,0.0,0,0.0,2161.0,0,0,0,1,0,0,1,0,0,0,0,1,0
112237,0035000001yTAx9AAG,0.0,80,0.0,8766.0,0,0,0,1,0,0,1,0,0,0,0,1,0
112257,0035000001yTCJpAAO,0.0,90,0.0,9930.0,0,1,0,0,0,0,1,0,0,0,0,1,1
112278,0035000001yTEWfAAO,0.0,0,0.0,12229.0,0,0,0,1,0,0,1,0,0,0,0,1,0
112288,0035000001yTF63AAG,0.0,0,1541.0,1491.0,0,0,0,1,0,1,0,0,0,0,0,1,0
112332,0035000001yTJhSAAW,0.0,0,0.0,6188.0,0,0,0,1,0,0,1,0,0,0,1,0,1
112336,0035000001yTJmwAAG,0.0,40,0.0,1666.0,1,0,0,0,0,0,1,0,0,0,0,1,1
112341,0035000001yTK4gAAG,0.0,0,0.0,6209.0,1,0,0,0,0,0,1,0,0,0,1,0,0
112345,0035000001yTKERAA4,0.0,0,0.0,4444.0,0,0,0,1,0,0,1,0,0,0,0,1,1
112358,0035000001yTMT7AAO,0.0,0,2072.0,1304.0,0,0,0,1,0,0,1,0,0,0,0,1,1
112376,0035000001yTPU2AAO,0.0,0,8771.0,2191.0,0,0,0,1,0,0,0,0,1,0,0,1,1
112385,0035000001yTQyqAAG,0.0,20,965.0,1709.0,1,0,0,0,0,0,1,0,0,0,0,1,0
112389,0035000001yTRDvAAO,0.0,0,55.0,9189.0,0,0,0,1,0,0,0,0,1,0,0,1,0
112392,0035000001yTRNBAA4,0.0,60,3250.0,3804.0,0,0,0,0,1,0,1,0,0,0,0,1,1
112394,0035000001yTRPHAA4,0.0,0,1017.0,2807.0,0,1,0,0,0,0,1,0,0,0,1,0,1
112406,0035000001yTS4AAAW,0.0,0,1606.0,1294.0,0,1,0,0,0,0,1,0,0,0,0,1,0
112409,0035000001yTSSoAAO,0.0,0,2292.0,2830.0,0,1,0,0,0,0,0,0,0,1,0,1,0
112411,0035000001yTSYwAAO,0.0,20,2035.0,1460.0,1,0,0,0,0,0,0,0,1,0,0,1,1
112412,0035000001yTSZGAA4,0.0,0,40.0,2732.0,0,1,0,0,0,0,1,0,0,0,0,1,0
112416,0035000001yTSrmAAG,0.0,0,7275.0,1460.0,0,0,0,1,0,0,1,0,0,0,1,0,1
112417,0035000001yTSx4AAG,0.0,0,258.0,8794.0,1,0,0,0,0,1,0,0,0,0,1,0,0
112418,0035000001yTT0lAAG,0.0,70,223.0,1369.0,1,0,0,0,0,0,0,0,1,0,0,1,1
112426,0035000001yTU9xAAG,0.0,60,10016.0,2991.0,0,0,0,0,1,0,1,0,0,0,1,0,1
112430,0035000001yTUunAAG,0.0,90,63.0,9569.0,0,0,0,1,0,0,1,0,0,0,0,1,0
112431,0035000001yTUwZAAW,0.0,40,1502.0,1214.0,1,0,0,0,0,0,1,0,0,0,0,1,1
112442,0035000001yTVWSAA4,0.0,60,317.0,3071.0,0,0,0,1,0,0,0,0,0,1,0,1,1
112445,0035000001yTWP6AAO,0.0,0,12538.0,1078.0,0,0,0,1,0,0,0,0,0,1,0,1,1
112458,0035000001yTXp0AAG,0.0,0,1508.0,1826.0,1,0,0,0,0,0,0,0,1,0,0,1,1
112464,0035000001yTZiVAAW,0.0,70,2451.0,5113.0,1,0,0,0,0,1,0,0,0,0,0,1,1
112466,0035000001yTaLjAAK,0.0,80,3207.0,1864.0,0,0,0,1,0,0,1,0,0,0,0,1,1
112468,0035000001yTaSGAA0,0.0,0,282.0,2941.0,0,0,0,1,0,0,0,0,1,0,0,1,1
112472,0035000001yTbDGAA0,0.0,0,1090.0,1607.0,0,1,0,0,0,0,1,0,0,0,0,1,1
112474,0035000001yTbIfAAK,0.0,0,4747.0,4747.0,0,0,0,1,0,0,0,0,1,0,0,1,0
112475,0035000001yTbKRAA0,0.0,0,925.0,2232.0,0,0,0,1,0,0,0,0,0,1,1,0,1
112476,0035000001yTbKbAAK,0.0,0,1089.0,3036.0,0,1,0,0,0,0,1,0,0,0,0,1,1
112482,0035000001yTbktAAC,0.0,0,5082.0,3171.0,0,0,0,1,0,0,0,0,1,0,0,1,1
112486,0035000001yTcf7AAC,0.0,0,107.0,3898.0,0,0,0,1,0,0,1,0,0,0,0,1,1
112487,0035000001yTcp7AAC,0.0,90,2351.0,7304.0,0,0,0,0,1,0,0,0,0,1,1,0,1
112489,0035000001yTcvtAAC,0.0,70,3786.0,2542.0,0,1,0,0,0,0,1,0,0,0,0,1,1
112493,0035000001yTdXPAA0,0.0,90,250.0,7322.0,1,0,0,0,0,0,1,0,0,0,0,1,1
112494,0035000001yTdXyAAK,0.0,0,2962.0,2194.0,0,0,0,1,0,0,0,0,0,1,0,1,1
112498,0035000001yTdpnAAC,0.0,80,1228.0,7536.0,0,1,0,0,0,1,0,0,0,0,0,1,0
112505,0035000001yTeKqAAK,0.0,20,1658.0,1460.0,0,1,0,0,0,0,0,0,1,0,0,1,1
112516,0035000001yTf6FAAS,0.0,50,1002.0,1263.0,0,0,0,1,0,0,0,0,1,0,0,1,0
112542,0035000001yThv2AAC,0.0,0,414.0,1461.0,0,0,0,1,0,0,0,0,1,0,0,1,1
112598,0035000001yTpYtAAK,0.0,0,426.0,8066.0,0,0,0,1,0,0,1,0,0,0,0,1,1
112602,0035000001yTpsIAAS,0.0,40,2174.0,1461.0,0,1,0,0,0,0,0,0,1,0,1,0,1
112614,0035000001yTrPYAA0,0.0,90,787.0,7990.0,1,0,0,0,0,1,0,0,0,0,0,1,1
112621,0035000001yTrvLAAS,0.0,30,2320.0,362.0,0,1,0,0,0,0,1,0,0,0,0,1,0
112625,0035000001yTsZPAA0,0.0,10,1733.0,1691.0,0,1,0,0,0,0,1,0,0,0,0,1,1
112640,0035000001yTtSgAAK,0.0,0,3368.0,1096.0,0,1,0,0,0,0,0,0,0,1,0,1,1
112656,0035000001yTvWsAAK,0.0,10,897.0,1461.0,1,0,0,0,0,0,0,0,1,0,0,1,1
112658,0035000001yTvgEAAS,0.0,0,3694.0,7517.0,1,0,0,0,0,0,1,0,0,0,0,1,0
112661,0035000001yTw43AAC,0.0,0,1839.0,1461.0,1,0,0,0,0,0,0,0,0,1,0,1,0
112664,0035000001yTwCEAA0,0.0,90,1316.0,2285.0,0,1,0,0,0,0,1,0,0,0,0,1,1
112665,0035000001yTwVBAA0,0.0,10,3106.0,1878.0,0,0,0,0,1,0,1,0,0,0,0,1,1
112666,0035000001yTwjSAAS,0.0,0,82.0,3652.0,0,0,0,1,0,0,0,0,0,1,0,1,1
112670,0035000001yTwrWAAS,0.0,0,147.0,4049.0,0,1,0,0,0,0,1,0,0,0,0,1,1
112680,0035000001yTxg0AAC,0.0,0,559.0,4001.0,1,0,0,0,0,0,0,0,0,1,0,1,1
112687,0035000001yTxubAAC,0.0,30,1104.0,1215.0,1,0,0,0,0,0,1,0,0,0,0,1,0
112693,0035000001yTyDYAA0,0.0,0,221.0,5137.0,1,0,0,0,0,0,0,0,0,1,1,0,1
112694,0035000001yTyE2AAK,0.0,0,0.0,6489.0,0,1,0,0,0,0,1,0,0,0,0,1,0
112703,0035000001yTybsAAC,0.0,30,1626.0,7679.0,0,0,0,1,0,0,0,0,0,1,0,1,1
112705,0035000001yTzQsAAK,0.0,0,157.0,1826.0,0,0,0,1,0,0,0,0,1,0,0,1,1
112711,0035000001yU0FHAA0,0.0,30,9756.0,1308.0,0,1,0,0,0,1,0,0,0,0,0,1,0
112714,0035000001yU0QoAAK,0.0,10,2492.0,1720.0,0,1,0,0,0,0,0,0,0,1,0,1,1
112720,0035000001yU13HAAS,0.0,30,2485.0,1913.0,0,0,0,1,0,0,0,0,0,1,0,1,0
112724,0035000001yU1ffAAC,0.0,0,156.0,4440.0,0,0,0,1,0,0,1,0,0,0,0,1,1
112729,0035000001yU2DeAAK,0.0,0,0.0,2191.0,0,0,0,1,0,0,1,0,0,0,0,1,1
112730,0035000001yU2DkAAK,0.0,0,0.0,10408.0,0,0,0,1,0,0,1,0,0,0,0,1,0
112732,0035000001yU2RUAA0,0.0,0,0.0,2738.0,0,0,0,1,0,0,1,0,0,0,1,0,1
112734,0035000001yU2UJAA0,0.0,0,1662.0,2191.0,0,1,0,0,0,0,0,0,0,1,1,0,1
112736,0035000001yU2YLAA0,0.0,0,2293.0,1460.0,0,0,0,1,0,0,0,0,0,1,0,1,0
112737,0035000001yU2Z4AAK,0.0,0,8874.0,3123.0,0,0,0,1,0,0,0,0,0,1,0,1,0
112742,0035000001yU2qFAAS,0.0,30,675.0,1461.0,0,0,0,1,0,0,0,0,1,0,0,1,1
112752,0035000001yU4FoAAK,0.0,0,135.0,3186.0,0,1,0,0,0,0,0,0,1,0,0,1,1
112753,0035000001yU4OHAA0,0.0,0,89.0,10878.0,0,0,0,1,0,0,0,0,1,0,0,1,1
112763,0035000001yU7d0AAC,0.0,0,227.0,11501.0,0,1,0,0,0,0,1,0,0,0,0,1,1
112771,0035000001yU95yAAC,0.0,80,809.0,2237.0,0,0,0,1,0,0,1,0,0,0,0,1,1
112776,0035000001yU9xbAAC,0.0,90,682.0,3632.0,0,1,0,0,0,1,0,0,0,0,0,1,1
112784,0035000001yUAqqAAG,0.0,90,560.0,7373.0,0,0,0,1,0,0,1,0,0,0,0,1,1
112793,0035000001yUCyVAAW,0.0,80,1042.0,1765.0,0,0,0,1,0,0,0,0,1,0,0,1,1
112797,0035000001yUDe0AAG,0.0,0,0.0,2981.0,1,0,0,0,0,0,1,0,0,0,1,0,0
112800,0035000001yUDiDAAW,0.0,70,87.0,1983.0,0,0,0,1,0,0,1,0,0,0,0,1,0
112810,0035000001yUFInAAO,0.0,0,258.0,7975.0,0,1,0,0,0,0,1,0,0,0,0,1,1
112814,0035000001yUFppAAG,0.0,0,0.0,8766.0,0,0,0,0,1,1,0,0,0,0,0,1,0
112817,0035000001yUG6eAAG,0.0,0,0.0,9418.0,0,0,0,0,1,1,0,0,0,0,0,1,1
112818,0035000001yUGBxAAO,0.0,0,0.0,4018.0,1,0,0,0,0,1,0,0,0,0,0,1,1
112819,0035000001yUGFOAA4,0.0,0,0.0,8734.0,0,0,0,0,1,1,0,0,0,0,0,1,1
112850,0035000001yUL2DAAW,0.0,90,417.0,4328.0,1,0,0,0,0,0,1,0,0,0,0,1,0
112863,0035000001yUMM4AAO,0.0,100,462.0,5642.0,1,0,0,0,0,0,1,0,0,0,0,1,0
112871,0035000001yUMo1AAG,0.0,10,717.0,3275.0,0,1,0,0,0,1,0,0,0,0,0,1,1
112875,0035000001yUNB5AAO,0.0,0,74.0,8065.0,0,0,0,0,1,0,1,0,0,0,0,1,1
112876,0035000001yUNYNAA4,0.0,0,166.0,9880.0,0,1,0,0,0,0,0,0,1,0,0,1,1
112907,0035000001yUPj1AAG,0.0,90,269.0,6092.0,0,0,0,0,1,0,1,0,0,0,0,1,1
112917,0035000001yUQNUAA4,0.0,0,102.0,7310.0,0,0,0,1,0,0,1,0,0,0,0,1,1
112919,0035000001yUQaEAAW,0.0,0,3218.0,1030.0,0,1,0,0,0,0,1,0,0,0,0,1,1
112933,0035000001yURTTAA4,0.0,0,1697.0,1460.0,0,0,0,1,0,0,1,0,0,0,0,1,1
112934,0035000001yUS7IAAW,0.0,60,168.0,847.0,0,0,0,1,0,0,1,0,0,0,0,1,1
112937,0035000001yUT49AAG,0.0,0,1738.0,2803.0,0,0,0,0,1,0,1,0,0,0,0,1,0
112938,0035000001yUT8pAAG,0.0,0,8884.0,1461.0,0,0,0,1,0,1,0,0,0,0,0,1,1
112943,0035000001yUU32AAG,0.0,0,324.0,2159.0,1,0,0,0,0,0,1,0,0,0,0,1,1
112947,0035000001yUULkAAO,0.0,0,63.0,3723.0,0,0,0,1,0,0,1,0,0,0,0,1,1
112949,0035000001yUUSqAAO,0.0,0,42.0,1460.0,0,0,0,1,0,0,0,0,0,1,0,1,1
112951,0035000001yUUdFAAW,0.0,20,5727.0,2736.0,0,1,0,0,0,1,0,0,0,0,0,1,1
112952,0035000001yUUdyAAG,0.0,50,6182.0,1344.0,0,0,0,1,0,0,0,0,0,1,0,1,1
112954,0035000001yUUsKAAW,0.0,0,1357.0,1642.0,1,0,0,0,0,0,0,0,0,1,0,1,1
112958,0035000001yUV9mAAG,0.0,100,328.0,2361.0,0,1,0,0,0,0,1,0,0,0,0,1,1
112961,0035000001yUVFJAA4,0.0,0,128.0,5114.0,0,1,0,0,0,0,0,0,0,1,1,0,0
112962,0035000001yUVHPAA4,0.0,0,54.0,1214.0,0,1,0,0,0,0,1,0,0,0,0,1,0
112966,0035000001yUW53AAG,0.0,0,195.0,7461.0,1,0,0,0,0,1,0,0,0,0,0,1,1
112972,0035000001yUWcWAAW,0.0,0,35.0,2694.0,0,0,0,1,0,0,1,0,0,0,0,1,0
112980,0035000001yUXL7AAO,0.0,60,3040.0,1825.0,0,1,0,0,0,0,1,0,0,0,0,1,0
112988,0035000001yUXqZAAW,0.0,40,684.0,3188.0,0,0,0,1,0,0,0,0,1,0,0,1,1
112991,0035000001yUYJCAA4,0.0,0,1665.0,2815.0,0,0,0,0,1,0,0,0,1,0,0,1,1
112993,0035000001yUYU7AAO,0.0,0,495.0,2683.0,0,0,0,1,0,0,1,0,0,0,0,1,1
112995,0035000001yUYfDAAW,0.0,90,63.0,6913.0,0,0,0,1,0,0,1,0,0,0,0,1,1
113005,0035000001yUZb4AAG,0.0,10,2226.0,2190.0,0,1,0,0,0,0,0,0,0,1,0,1,1
113006,0035000001yUZd0AAG,0.0,0,0.0,4382.0,0,0,0,1,0,0,1,0,0,0,0,1,1
113007,0035000001yUZe8AAG,0.0,0,0.0,2060.0,0,0,0,1,0,0,1,0,0,0,0,1,0
113010,0035000001yUZoSAAW,0.0,0,0.0,6116.0,1,0,0,0,0,0,1,0,0,0,0,1,0
113011,0035000001yUZxdAAG,0.0,40,258.0,10688.0,0,0,0,1,0,0,1,0,0,0,0,1,1
113013,0035000001yUaaAAAS,0.0,40,14.0,5283.0,1,0,0,0,0,0,1,0,0,0,1,0,1
113019,0035000001yUbF3AAK,0.0,0,312.0,3887.0,0,0,0,1,0,0,1,0,0,0,1,0,0
113022,0035000001yUbtlAAC,0.0,0,0.0,1612.0,0,0,0,1,0,0,1,0,0,0,1,0,0
113025,0035000001yUc8qAAC,0.0,0,0.0,8401.0,0,0,0,1,0,0,1,0,0,0,0,1,1
113030,0035000001yUcKSAA0,0.0,0,1469.0,3347.0,1,0,0,0,0,0,1,0,0,0,0,1,1
113031,0035000001yUcUXAA0,0.0,0,450.0,1415.0,0,1,0,0,0,0,0,0,1,0,0,1,1
113032,0035000001yUcapAAC,0.0,0,1364.0,1490.0,0,1,0,0,0,0,0,0,1,0,0,1,1
113036,0035000001yUcycAAC,0.0,0,0.0,2065.0,0,0,0,1,0,0,1,0,0,0,0,1,1
113040,0035000001yUdc8AAC,0.0,0,92.0,5230.0,0,0,0,1,0,0,1,0,0,0,0,1,1
113052,0035000001yUeXEAA0,0.0,0,2989.0,4540.0,0,1,0,0,0,0,0,0,0,1,0,1,0
113056,0035000001yUesqAAC,0.0,30,2850.0,986.0,0,1,0,0,0,0,0,0,1,0,0,1,1
113070,0035000001yUiP6AAK,0.0,0,2149.0,2921.0,0,0,0,0,1,0,0,0,1,0,0,1,1
113076,0035000001yUjJJAA0,0.0,0,1312.0,1193.0,0,0,0,1,0,0,1,0,0,0,0,1,1
113092,0035000001yUlYQAA0,0.0,10,357.0,7660.0,0,0,0,1,0,0,0,0,1,0,0,1,1
113106,0035000001yUohwAAC,0.0,0,0.0,3542.0,0,1,0,0,0,1,0,0,0,0,0,1,1
113117,0035000001yUqSfAAK,0.0,0,0.0,4086.0,0,1,0,0,0,0,1,0,0,0,0,1,0
113126,0035000001yUrW1AAK,0.0,60,424.0,7689.0,0,0,0,1,0,0,1,0,0,0,0,1,0
113146,0035000001yUsgHAAS,0.0,90,1104.0,2903.0,0,0,0,1,0,0,1,0,0,0,0,1,1
113155,0035000001yUt8YAAS,0.0,0,2639.0,790.0,0,1,0,0,0,1,0,0,0,0,1,0,1
113163,0035000001yUuYwAAK,0.0,0,200.0,7328.0,0,0,0,1,0,0,1,0,0,0,0,1,1
113170,0035000001yUv4yAAC,0.0,0,139.0,9624.0,0,0,0,0,1,1,0,0,0,0,0,1,1
113171,0035000001yUv8MAAS,0.0,0,1634.0,1460.0,0,1,0,0,0,0,0,0,1,0,0,1,1
113177,0035000001yUwAnAAK,0.0,0,515.0,1516.0,0,1,0,0,0,0,0,0,1,0,0,1,0
113186,0035000001yUxWtAAK,0.0,0,0.0,7938.0,1,0,0,0,0,1,0,0,0,0,0,1,1
113188,0035000001yUxb3AAC,0.0,20,22.0,5382.0,0,0,0,1,0,0,1,0,0,0,0,1,1
113197,0035000001yUzBzAAK,0.0,0,0.0,8786.0,0,1,0,0,0,1,0,0,0,0,0,1,1
113214,0035000001yV1sYAAS,0.0,0,8675.0,1437.0,0,1,0,0,0,0,0,0,1,0,1,0,1
113240,0035000001yV6QxAAK,0.0,0,9.0,2263.0,0,0,0,1,0,0,1,0,0,0,1,0,0
113253,0035000001yV7tXAAS,0.0,80,0.0,1095.0,0,0,0,1,0,0,1,0,0,0,1,0,1
113275,0035000001yVB2rAAG,0.0,0,0.0,2255.0,0,0,0,1,0,0,1,0,0,0,0,1,1
113282,0035000001yVBgXAAW,0.0,0,4718.0,3478.0,0,0,0,0,1,0,1,0,0,0,1,0,1
113287,0035000001yVCLLAA4,0.0,0,24.0,10969.0,0,1,0,0,0,1,0,0,0,0,0,1,1
113294,0035000001yVD3cAAG,0.0,0,639.0,4747.0,0,0,0,1,0,0,0,0,1,0,0,1,1
113317,0035000001yVIXeAAO,0.0,0,0.0,2557.0,1,0,0,0,0,1,0,0,0,0,0,1,1
113319,0035000001yVIbqAAG,0.0,0,0.0,3433.0,0,0,0,1,0,0,1,0,0,0,0,1,0
113327,0035000001yVIykAAG,0.0,0,0.0,9421.0,0,0,0,1,0,0,1,0,0,0,0,1,0
113328,0035000001yVJ0lAAG,0.0,0,0.0,8035.0,0,0,0,1,0,0,1,0,0,0,0,1,1
113338,0035000001yVJPbAAO,0.0,0,114.0,1460.0,0,1,0,0,0,0,0,0,1,0,0,1,1
113348,0035000001yVKSlAAO,0.0,0,107.0,3813.0,0,0,0,0,1,0,1,0,0,0,0,1,1
113370,0035000001yVLflAAG,0.0,0,3312.0,7585.0,0,0,0,0,1,1,0,0,0,0,0,1,1
113376,0035000001yVM6rAAG,0.0,10,2954.0,8553.0,0,0,0,1,0,0,0,0,0,1,0,1,0
113400,0035000001yVOLAAA4,0.0,60,423.0,5334.0,0,0,0,0,1,1,0,0,0,0,1,0,1
113408,0035000001yVP1fAAG,0.0,0,0.0,10024.0,0,1,0,0,0,1,0,0,0,0,0,1,1
113413,0035000001yVPSNAA4,0.0,0,4907.0,1492.0,0,0,0,0,1,1,0,0,0,0,0,1,1
113414,0035000001yVPdoAAG,0.0,0,723.0,1460.0,1,0,0,0,0,1,0,0,0,0,0,1,1
113420,0035000001yVQNIAA4,0.0,80,181.0,1854.0,0,0,0,1,0,0,0,0,0,1,0,1,1
113425,0035000001yVRIQAA4,0.0,0,250.0,5114.0,1,0,0,0,0,0,0,0,0,1,1,0,1
113432,0035000001yVS2IAAW,0.0,30,3769.0,7697.0,1,0,0,0,0,1,0,0,0,0,0,1,1
113433,0035000001yVSCxAAO,0.0,40,364.0,2465.0,0,1,0,0,0,0,0,0,0,1,0,1,1
113437,0035000001yVSToAAO,0.0,80,14707.0,1523.0,0,1,0,0,0,0,1,0,0,0,0,1,0
113438,0035000001yVSV1AAO,0.0,0,2554.0,3080.0,0,0,0,1,0,1,0,0,0,0,0,1,0
113472,0035000001yVWIYAA4,0.0,0,0.0,8420.0,0,0,0,1,0,0,1,0,0,0,0,1,0
113473,0035000001yVWJ2AAO,0.0,10,473.0,1306.0,1,0,0,0,0,1,0,0,0,0,1,0,0
113474,0035000001yVWKPAA4,0.0,0,0.0,7205.0,0,0,0,1,0,0,1,0,0,0,0,1,0
113477,0035000001yVWNiAAO,0.0,0,0.0,7914.0,0,1,0,0,0,0,1,0,0,0,0,1,1
113480,0035000001yVWjyAAG,0.0,0,0.0,4656.0,0,0,0,1,0,0,1,0,0,0,0,1,0
113481,0035000001yVWtyAAG,0.0,0,0.0,11025.0,0,0,0,1,0,0,1,0,0,0,0,1,1
113485,0035000001yVXGEAA4,0.0,80,0.0,7263.0,0,0,0,1,0,0,1,0,0,0,0,1,1
113490,0035000001yVXdXAAW,0.0,0,0.0,8057.0,0,0,0,1,0,0,1,0,0,0,1,0,0
113494,0035000001yVXrnAAG,0.0,0,0.0,7674.0,0,0,0,1,0,0,1,0,0,0,0,1,0
113498,0035000001yVXuhAAG,0.0,0,0.0,3241.0,0,0,0,1,0,0,1,0,0,0,1,0,0
113544,0035000001yVcD1AAK,0.0,80,354.0,4820.0,0,1,0,0,0,0,1,0,0,0,1,0,1
113550,0035000001yVcedAAC,0.0,100,41.0,1360.0,0,0,0,1,0,0,0,1,0,0,0,1,1
113577,0035000001yVgAcAAK,0.0,20,0.0,7395.0,0,0,0,0,1,0,1,0,0,0,0,1,1
113581,0035000001yVgPkAAK,0.0,20,6234.0,7352.0,0,0,0,1,0,0,1,0,0,0,0,1,1
113583,0035000001yVgRRAA0,0.0,60,10374.0,2222.0,0,1,0,0,0,0,0,0,0,1,1,0,0
113584,0035000001yVgStAAK,0.0,0,1092.0,7698.0,0,0,0,1,0,0,0,0,0,1,0,1,1
113586,0035000001yVgXPAA0,0.0,0,2492.0,2922.0,0,0,0,1,0,0,0,0,1,0,0,1,0
113588,0035000001yVgb7AAC,0.0,0,9037.0,3976.0,0,0,0,1,0,0,0,0,1,0,0,1,1
113591,0035000001yVh3uAAC,0.0,0,144.0,4840.0,1,0,0,0,0,0,1,0,0,0,0,1,1
113592,0035000001yVh81AAC,0.0,70,992.0,9099.0,0,0,1,0,0,0,1,0,0,0,0,1,1
113599,0035000001yVi5NAAS,0.0,0,1360.0,1460.0,0,0,0,1,0,1,0,0,0,0,0,1,0
113614,0035000001yVlP0AAK,0.0,10,12118.0,3560.0,0,0,0,1,0,1,0,0,0,0,0,1,0
113615,0035000001yVlPeAAK,0.0,0,10527.0,1004.0,0,1,0,0,0,0,0,0,0,1,0,1,0
113616,0035000001yVlQrAAK,0.0,10,6354.0,3586.0,1,0,0,0,0,1,0,0,0,0,0,1,0
113619,0035000001yVlSEAA0,0.0,70,16286.0,256.0,0,0,0,1,0,0,0,0,1,0,0,1,1
113620,0035000001yVlSYAA0,0.0,0,13265.0,518.0,0,0,0,1,0,0,1,0,0,0,1,0,0
113621,0035000001yVlTMAA0,0.0,0,15649.0,268.0,0,0,0,1,0,0,0,0,1,0,0,1,1
113625,0035000001yVlXOAA0,0.0,0,1243.0,3195.0,0,0,0,1,0,0,1,0,0,0,1,0,1
113641,0035000001yVn8fAAC,0.0,0,67.0,1644.0,0,0,0,1,0,0,0,0,1,0,0,1,1
113654,0035000001yVpeOAAS,0.0,20,428.0,10974.0,0,0,0,0,1,0,0,0,0,1,0,1,1
113677,0035000001yVsLKAA0,0.0,100,0.0,5214.0,1,0,0,0,0,0,0,0,1,0,0,1,1
113679,0035000001yVsLtAAK,0.0,0,0.0,7400.0,0,0,0,1,0,0,0,0,1,0,0,1,0
113680,0035000001yVsMSAA0,0.0,0,0.0,3093.0,0,0,0,1,0,0,0,0,1,0,0,1,0
113681,0035000001yVsNLAA0,0.0,0,0.0,8155.0,0,0,0,1,0,0,0,0,1,0,0,1,1
113696,0035000001yVtwbAAC,0.0,0,6372.0,4779.0,0,0,0,0,1,0,1,0,0,0,0,1,1
113698,0035000001yVu1lAAC,0.0,60,7.0,3662.0,0,0,0,1,0,0,0,0,0,1,0,1,1
113702,0035000001yVuC0AAK,0.0,0,1177.0,699.0,0,0,0,1,0,0,1,0,0,0,0,1,0
113704,0035000001yVuH0AAK,0.0,10,5694.0,10306.0,0,1,0,0,0,1,0,0,0,0,0,1,1
113707,0035000001yVuavAAC,0.0,10,1870.0,3478.0,0,0,0,1,0,0,0,0,1,0,0,1,1
113708,0035000001yVubAAAS,0.0,0,313.0,3143.0,0,0,0,0,1,0,1,0,0,0,0,1,1
113709,0035000001yVucrAAC,0.0,0,551.0,1267.0,0,0,0,1,0,0,1,0,0,0,0,1,1
113716,0035000001yVv9HAAS,0.0,60,1464.0,1462.0,0,0,0,1,0,0,1,0,0,0,1,0,1
113723,0035000001yVvfEAAS,0.0,0,2024.0,2147.0,0,0,0,1,0,0,1,0,0,0,0,1,1
113729,0035000001yVw9iAAC,0.0,0,4.0,7311.0,1,0,0,0,0,0,1,0,0,0,0,1,1
113730,0035000001yVwR3AAK,0.0,20,1991.0,1482.0,1,0,0,0,0,0,0,0,1,0,0,1,1
113733,0035000001yVx7xAAC,0.0,0,424.0,2872.0,0,1,0,0,0,0,0,0,0,1,0,1,0
113735,0035000001yVy7OAAS,0.0,0,0.0,1964.0,0,0,0,1,0,0,0,0,1,0,0,1,0
113740,0035000001yVypuAAC,0.0,0,416.0,2250.0,1,0,0,0,0,1,0,0,0,0,0,1,0
113743,0035000001yVywvAAC,0.0,40,1967.0,3667.0,0,0,0,0,1,0,0,0,0,1,0,1,1
113751,0035000001yVzhSAAS,0.0,0,1591.0,1460.0,1,0,0,0,0,0,0,0,0,1,1,0,1
113752,0035000001yVzoiAAC,0.0,0,9893.0,1460.0,1,0,0,0,0,0,1,0,0,0,0,1,0
113770,0035000001yW16YAAS,0.0,70,191.0,10036.0,0,1,0,0,0,1,0,0,0,0,0,1,1
113772,0035000001yW1aOAAS,0.0,70,522.0,4714.0,0,0,0,1,0,0,1,0,0,0,0,1,1
113777,0035000001yW1vqAAC,0.0,0,12.0,1204.0,0,1,0,0,0,0,1,0,0,0,1,0,1
113782,0035000001yW2MmAAK,0.0,0,86.0,3728.0,0,1,0,0,0,0,1,0,0,0,0,1,1
113843,00350000020D33nAAC,0.0,0,0.0,1263.0,0,0,0,1,0,0,0,0,1,0,0,1,0
113844,00350000020D35KAAS,0.0,0,0.0,1826.0,0,0,0,1,0,0,0,0,1,0,0,1,0
113845,00350000020D368AAC,0.0,0,0.0,1626.0,0,0,0,0,1,0,0,0,0,1,0,1,1
113849,00350000020D38YAAS,0.0,0,0.0,8214.0,0,0,0,1,0,0,0,0,0,1,0,1,0
113850,00350000020D39vAAC,0.0,0,0.0,3574.0,0,0,0,1,0,0,0,0,1,0,0,1,0
113852,00350000020D3BNAA0,0.0,0,0.0,4398.0,0,0,0,1,0,0,0,0,1,0,0,1,0
113854,00350000020D3C3AAK,0.0,0,0.0,6865.0,0,0,0,1,0,0,0,0,1,0,0,1,1
113858,00350000020D3MCAA0,0.0,90,0.0,9231.0,0,1,0,0,0,0,0,0,1,0,0,1,1
113859,00350000020D3NTAA0,0.0,0,0.0,7321.0,0,0,0,1,0,0,0,0,1,0,0,1,0
113860,00350000020D3ObAAK,0.0,50,0.0,6225.0,0,0,0,1,0,0,0,0,1,0,0,1,1
113861,00350000020D3PKAA0,0.0,0,0.0,8262.0,0,0,0,1,0,0,0,0,1,0,0,1,1
113864,00350000020D3RpAAK,0.0,0,0.0,1460.0,0,0,0,1,0,0,0,0,1,0,0,1,0
113866,00350000020D3UeAAK,0.0,0,0.0,6503.0,0,0,0,1,0,0,0,0,1,0,0,1,0
113921,00350000020DBgIAAW,0.0,0,182.0,2191.0,0,0,0,1,0,1,0,0,0,0,0,1,1
113925,00350000020DC7OAAW,0.0,0,85.0,1825.0,0,0,0,1,0,0,0,0,0,1,0,1,1
113926,00350000020DC90AAG,0.0,20,2522.0,2190.0,0,1,0,0,0,1,0,0,0,0,0,1,1
113929,00350000020DDDCAA4,0.0,70,3638.0,1024.0,0,1,0,0,0,0,0,0,1,0,0,1,0
113930,00350000020DDntAAG,0.0,0,738.0,1461.0,0,0,0,1,0,0,0,0,0,1,0,1,0
113937,00350000020DEDcAAO,0.0,40,1620.0,2685.0,0,1,0,0,0,0,1,0,0,0,0,1,1
113946,00350000020DEdLAAW,0.0,0,2326.0,1551.0,0,1,0,0,0,0,1,0,0,0,0,1,1
113949,00350000020DErsAAG,0.0,0,131.0,5518.0,1,0,0,0,0,1,0,0,0,0,0,1,1
113963,00350000020DGenAAG,0.0,0,9991.0,1460.0,0,1,0,0,0,1,0,0,0,0,0,1,1
113970,00350000020DHgpAAG,0.0,30,2391.0,5113.0,0,1,0,0,0,0,0,0,0,1,0,1,1
113975,00350000020DI2CAAW,0.0,0,64.0,2597.0,1,0,0,0,0,0,0,0,1,0,0,1,1
113982,00350000020DIoGAAW,0.0,50,2383.0,8049.0,1,0,0,0,0,0,0,0,1,0,0,1,1
113985,00350000020DIzAAAW,0.0,0,8776.0,1381.0,0,1,0,0,0,0,0,0,1,0,0,1,1
113988,00350000020DJD1AAO,0.0,0,1037.0,2522.0,0,0,0,0,1,1,0,0,0,0,0,1,1
113994,00350000020DK36AAG,0.0,0,10.0,4778.0,0,0,0,1,0,0,0,0,1,0,0,1,1
113997,00350000020DKK7AAO,0.0,0,3603.0,1358.0,1,0,0,0,0,0,0,0,0,1,1,0,1
113998,00350000020DKfyAAG,0.0,0,1.0,11652.0,0,0,0,0,1,0,1,0,0,0,0,1,0
114001,00350000020DKoqAAG,0.0,0,2158.0,1855.0,0,0,0,1,0,1,0,0,0,0,0,1,1
114002,00350000020DKtIAAW,0.0,0,1767.0,969.0,0,0,0,1,0,0,0,0,0,1,1,0,0
114003,00350000020DKx4AAG,0.0,0,2493.0,1062.0,1,0,0,0,0,0,0,0,0,1,0,1,1
114012,00350000020DMziAAG,0.0,0,0.0,2556.0,0,0,0,1,0,0,1,0,0,0,0,1,0
114021,00350000020DNeHAAW,0.0,0,13.0,1460.0,0,0,0,1,0,0,0,0,0,1,0,1,1
114024,00350000020DNs4AAG,0.0,30,316.0,2192.0,0,0,0,1,0,0,1,0,0,0,0,1,0
114025,00350000020DOzPAAW,0.0,0,6706.0,2863.0,0,0,0,0,1,1,0,0,0,0,0,1,1
114029,00350000020DPy9AAG,0.0,0,0.0,4076.0,0,0,0,1,0,0,1,0,0,0,0,1,0
114033,00350000020DQIxAAO,0.0,0,229.0,1641.0,1,0,0,0,0,0,0,0,0,1,0,1,0
114037,00350000020DQVNAA4,0.0,0,0.0,1199.0,0,0,0,1,0,0,1,0,0,0,0,1,1
114042,00350000020DQeKAAW,0.0,50,951.0,1696.0,0,0,0,1,0,1,0,0,0,0,0,1,1
114044,00350000020DQmOAAW,0.0,0,0.0,4748.0,0,0,0,1,0,0,1,0,0,0,0,1,0
114049,00350000020DR8jAAG,0.0,0,384.0,1827.0,0,0,0,1,0,0,0,0,1,0,0,1,1
114051,00350000020DRJ8AAO,0.0,0,0.0,10231.0,0,0,0,1,0,0,1,0,0,0,0,1,0
114052,00350000020DRKBAA4,0.0,0,0.0,4830.0,0,1,0,0,0,0,1,0,0,0,0,1,1
114054,00350000020DReuAAG,0.0,30,4729.0,2009.0,1,0,0,0,0,0,1,0,0,0,1,0,0
114059,00350000020DSIVAA4,0.0,50,1358.0,1750.0,0,0,0,1,0,0,1,0,0,0,0,1,1
114074,00350000020DUmKAAW,0.0,70,3683.0,1460.0,0,1,0,0,0,0,1,0,0,0,1,0,1
114120,00350000020Da3GAAS,0.0,0,0.0,3254.0,0,0,0,1,0,0,1,0,0,0,0,1,0
114123,00350000020DaBTAA0,0.0,0,183.0,1856.0,0,0,0,1,0,0,0,0,1,0,0,1,1
114128,00350000020DaS0AAK,0.0,0,0.0,8506.0,0,0,0,0,1,1,0,0,0,0,0,1,1
114129,00350000020DaTwAAK,0.0,0,0.0,10963.0,0,0,0,0,1,1,0,0,0,0,0,1,1
114144,00350000020Dc1TAAS,0.0,0,2418.0,1096.0,1,0,0,0,0,0,1,0,0,0,0,1,1
114150,00350000020DeX2AAK,0.0,0,342.0,1460.0,0,0,0,1,0,0,1,0,0,0,0,1,1
114156,00350000020DfY0AAK,0.0,0,1251.0,1671.0,0,0,0,1,0,0,0,0,0,1,0,1,0
114158,00350000020DfhRAAS,0.0,0,2844.0,1470.0,0,0,0,1,0,0,0,0,1,0,0,1,0
114160,00350000020DfpVAAS,0.0,70,3595.0,1096.0,0,0,0,0,1,0,1,0,0,0,0,1,1
114165,00350000020Dh1UAAS,0.0,10,7159.0,1461.0,0,0,0,1,0,0,0,0,0,1,0,1,1
114167,00350000020DhbQAAS,0.0,0,6851.0,1259.0,0,1,0,0,0,0,1,0,0,0,0,1,1
114169,00350000020DhiWAAS,0.0,60,3227.0,483.0,0,0,0,1,0,0,1,0,0,0,1,0,1
114175,00350000020Dit9AAC,0.0,0,9318.0,0.0,1,0,0,0,0,0,1,0,0,0,0,1,1
114178,00350000020DjDJAA0,0.0,0,46.0,1552.0,0,1,0,0,0,0,0,1,0,0,0,1,1
114189,00350000020DkFpAAK,0.0,0,904.0,3430.0,1,0,0,0,0,0,1,0,0,0,0,1,1
114193,00350000020DkezAAC,0.0,0,240.0,2212.0,1,0,0,0,0,0,1,0,0,0,1,0,0
114198,00350000020DkllAAC,0.0,0,8336.0,1462.0,0,1,0,0,0,0,0,0,0,1,0,1,1
114199,00350000020Dl02AAC,0.0,0,6958.0,1277.0,1,0,0,0,0,0,0,0,1,0,0,1,0
114203,00350000020DlaFAAS,0.0,0,1466.0,2467.0,0,0,0,1,0,1,0,0,0,0,0,1,1
114214,00350000020DmS2AAK,0.0,0,17.0,7317.0,1,0,0,0,0,0,1,0,0,0,0,1,1
114218,00350000020DmqiAAC,0.0,0,106.0,9892.0,0,0,0,0,1,0,1,0,0,0,0,1,1
114220,00350000020Dmx5AAC,0.0,60,385.0,5500.0,0,0,0,0,1,0,1,0,0,0,1,0,1
114221,00350000020DmyXAAS,0.0,0,1986.0,2921.0,1,0,0,0,0,0,0,0,1,0,0,1,1
114223,00350000020Dn4VAAS,0.0,0,45.0,5855.0,0,0,0,1,0,0,1,0,0,0,0,1,1
114230,00350000020DoFGAA0,0.0,60,2341.0,1460.0,0,0,0,0,1,1,0,0,0,0,0,1,1
114237,00350000020Dp9sAAC,0.0,0,71.0,2139.0,0,0,0,1,0,0,0,0,0,1,0,1,1
114239,00350000020DpJ9AAK,0.0,0,4064.0,7610.0,0,1,0,0,0,0,0,0,0,1,1,0,1
114240,00350000020DpJJAA0,0.0,0,2848.0,1684.0,0,1,0,0,0,0,1,0,0,0,0,1,1
114249,00350000020DrRlAAK,0.0,20,3669.0,1273.0,0,1,0,0,0,0,0,0,0,1,1,0,1
114254,00350000020DsBeAAK,0.0,80,813.0,4191.0,0,1,0,0,0,0,1,0,0,0,0,1,1
114257,00350000020DsL0AAK,0.0,70,17407.0,254.0,0,0,0,0,1,0,0,0,0,1,0,1,1
114260,00350000020DsrpAAC,0.0,0,206.0,3624.0,0,0,0,0,1,1,0,0,0,0,0,1,1
114263,00350000020DszFAAS,0.0,70,1684.0,1460.0,0,0,0,1,0,0,0,0,1,0,0,1,0
114271,00350000020DtpuAAC,0.0,0,49.0,7326.0,0,0,0,1,0,0,0,0,0,1,0,1,0
114273,00350000020Dud6AAC,0.0,10,964.0,4175.0,1,0,0,0,0,0,1,0,0,0,0,1,1
114276,00350000020DvSLAA0,0.0,0,0.0,4860.0,0,0,0,1,0,0,1,0,0,0,0,1,0
114277,00350000020DvZEAA0,0.0,0,263.0,1825.0,0,0,0,1,0,0,0,0,0,1,1,0,1
114279,00350000020DvgIAAS,0.0,0,0.0,3685.0,0,1,0,0,0,0,1,0,0,0,0,1,0
114284,00350000020DvktAAC,0.0,0,0.0,3289.0,1,0,0,0,0,0,1,0,0,0,0,1,0
114285,00350000020DvmBAAS,0.0,0,0.0,12327.0,0,1,0,0,0,0,1,0,0,0,1,0,1
114286,00350000020DvuyAAC,0.0,0,0.0,2920.0,0,0,0,1,0,0,1,0,0,0,0,1,1
114287,00350000020DvvXAAS,0.0,0,0.0,3581.0,0,0,0,1,0,0,1,0,0,0,0,1,0
114288,00350000020DvvwAAC,0.0,0,43.0,3510.0,1,0,0,0,0,1,0,0,0,0,1,0,1
114289,00350000020DvwaAAC,0.0,0,0.0,2186.0,0,0,0,1,0,0,1,0,0,0,1,0,1
114290,00350000020DvxnAAC,0.0,0,0.0,7335.0,0,0,0,1,0,0,1,0,0,0,0,1,0
114292,00350000020Dvz5AAC,0.0,0,0.0,1385.0,0,0,0,1,0,0,1,0,0,0,0,1,0
114293,00350000020Dw2JAAS,0.0,0,18.0,1585.0,0,0,0,1,0,1,0,0,0,0,0,1,1
114294,00350000020Dw9KAAS,0.0,0,115.0,4360.0,0,0,0,1,0,0,0,0,1,0,0,1,1
114298,00350000020DwyXAAS,0.0,0,616.0,3273.0,1,0,0,0,0,0,0,0,1,0,1,0,1
114300,00350000020DyHYAA0,0.0,0,607.0,1376.0,0,0,0,1,0,0,1,0,0,0,0,1,0
114301,00350000020DyenAAC,0.0,0,1.0,2330.0,0,0,0,1,0,0,1,0,0,0,0,1,1
114306,00350000020Dz8SAAS,0.0,0,566.0,7329.0,0,0,0,0,1,0,1,0,0,0,1,0,1
114307,00350000020DzCeAAK,0.0,0,0.0,4047.0,0,0,0,1,0,0,1,0,0,0,0,1,0
114308,00350000020DzHeAAK,0.0,0,7545.0,5113.0,0,0,0,1,0,0,0,0,0,1,1,0,1
114313,00350000020E04zAAC,0.0,0,230.0,3255.0,0,0,0,1,0,0,1,0,0,0,0,1,1
114321,00350000020E0iLAAS,0.0,0,376.0,1460.0,1,0,0,0,0,0,0,0,1,0,0,1,0
114334,00350000020E2mGAAS,0.0,0,1029.0,4170.0,1,0,0,0,0,0,0,0,1,0,0,1,1
114338,00350000020E395AAC,0.0,80,0.0,4717.0,0,0,0,1,0,0,1,0,0,0,1,0,1
114343,00350000020E4P9AAK,0.0,0,2425.0,739.0,0,0,0,1,0,0,1,0,0,0,1,0,1
114344,00350000020E4hXAAS,0.0,0,2366.0,8572.0,0,0,0,0,1,0,1,0,0,0,0,1,1
114346,00350000020E5HfAAK,0.0,90,353.0,1120.0,1,0,0,0,0,0,1,0,0,0,0,1,0
114357,00350000020E6uNAAS,0.0,0,6009.0,1494.0,0,0,0,1,0,0,0,0,0,1,0,1,1
114362,00350000020E7QiAAK,0.0,70,1120.0,3270.0,0,1,0,0,0,0,1,0,0,0,0,1,1
114377,00350000020EAhtAAG,0.0,80,0.0,14194.0,0,0,0,1,0,1,0,0,0,0,0,1,1
114379,00350000020EAnhAAG,0.0,0,0.0,8062.0,0,0,0,0,1,0,1,0,0,0,0,1,1
114382,00350000020EAsDAAW,0.0,0,0.0,7430.0,0,0,0,0,1,0,1,0,0,0,0,1,0
114418,00350000020EEtgAAG,0.0,0,578.0,8568.0,0,1,0,0,0,0,1,0,0,0,0,1,1
114431,00350000020EFd9AAG,0.0,0,4118.0,2122.0,0,1,0,0,0,0,0,0,1,0,0,1,0
114440,00350000020EGI2AAO,0.0,0,24.0,7886.0,0,0,0,1,0,0,0,0,0,1,0,1,1
114444,00350000020EHRKAA4,0.0,0,736.0,2139.0,0,0,0,1,0,0,1,0,0,0,0,1,1
114449,00350000020EHdfAAG,0.0,0,403.0,8568.0,0,1,0,0,0,0,1,0,0,0,0,1,1
114451,00350000020EHoiAAG,0.0,0,917.0,2573.0,0,0,0,1,0,0,0,0,0,1,0,1,1
114453,00350000020EHvzAAG,0.0,50,479.0,7330.0,0,0,0,1,0,0,0,0,1,0,0,1,0
114454,00350000020EI9WAAW,0.0,0,5266.0,3300.0,1,0,0,0,0,1,0,0,0,0,0,1,1
114455,00350000020EI9lAAG,0.0,0,3515.0,1827.0,1,0,0,0,0,0,0,0,1,0,0,1,1
114460,00350000020EITHAA4,0.0,0,1666.0,8888.0,1,0,0,0,0,1,0,0,0,0,0,1,1
114461,00350000020EIV8AAO,0.0,0,0.0,8796.0,1,0,0,0,0,1,0,0,0,0,1,0,0
114471,00350000020EJeIAAW,0.0,80,4.0,5000.0,0,0,0,1,0,0,1,0,0,0,0,1,1
114475,00350000020EJiYAAW,0.0,80,1455.0,7359.0,0,0,0,0,1,0,1,0,0,0,0,1,1
114477,00350000020EJnTAAW,0.0,0,3463.0,8101.0,0,1,0,0,0,0,1,0,0,0,0,1,1
114478,00350000020EJzUAAW,0.0,0,889.0,4485.0,0,0,0,1,0,0,0,0,0,1,0,1,1
114481,00350000020EKWKAA4,0.0,30,1064.0,4810.0,0,0,0,0,1,0,0,0,1,0,0,1,1
114482,00350000020EKb8AAG,0.0,0,2784.0,1842.0,0,1,0,0,0,0,0,0,0,1,0,1,1
114483,00350000020EKbYAAW,0.0,0,50.0,3012.0,1,0,0,0,0,0,1,0,0,0,1,0,1
114486,00350000020EKwYAAW,0.0,0,2142.0,3029.0,1,0,0,0,0,0,1,0,0,0,0,1,0
114487,00350000020EKypAAG,0.0,0,934.0,1826.0,0,0,0,1,0,0,0,0,1,0,0,1,1
114489,00350000020ELMMAA4,0.0,0,14.0,2434.0,0,1,0,0,0,0,1,0,0,0,1,0,1
114492,00350000020EM78AAG,0.0,50,3382.0,1354.0,0,0,0,0,1,0,1,0,0,0,0,1,0
114493,00350000020EMEiAAO,0.0,60,938.0,4446.0,1,0,0,0,0,0,0,0,1,0,0,1,1
114495,00350000020EMJJAA4,0.0,100,328.0,11083.0,0,1,0,0,0,0,0,0,1,0,0,1,1
114499,00350000020EMQUAA4,0.0,90,1577.0,2947.0,0,1,0,0,0,0,0,0,1,0,0,1,1
114500,00350000020EMXLAA4,0.0,0,3250.0,7559.0,1,0,0,0,0,1,0,0,0,0,0,1,1
114511,00350000020ENVcAAO,0.0,0,541.0,7347.0,0,0,0,1,0,0,0,0,0,1,0,1,1
114522,00350000020EONJAA4,0.0,0,73.0,2098.0,1,0,0,0,0,0,1,0,0,0,0,1,0
114526,00350000020EOhdAAG,0.0,50,854.0,1584.0,0,0,0,1,0,0,0,0,1,0,1,0,1
114528,00350000020EOl2AAG,0.0,0,2490.0,1472.0,0,0,0,0,1,0,1,0,0,0,1,0,0
114529,00350000020EOrsAAG,0.0,0,3401.0,10320.0,0,0,0,0,1,0,1,0,0,0,0,1,0
114535,00350000020EPKGAA4,0.0,0,1393.0,3094.0,0,0,0,1,0,0,1,0,0,0,0,1,1
114540,00350000020EPpEAAW,0.0,0,0.0,2007.0,1,0,0,0,0,0,1,0,0,0,0,1,0
114541,00350000020EPpsAAG,0.0,0,3918.0,4747.0,1,0,0,0,0,0,0,0,0,1,0,1,0
114542,00350000020EPqHAAW,0.0,10,13.0,8296.0,1,0,0,0,0,1,0,0,0,0,0,1,1
114554,00350000020EQKaAAO,0.0,40,800.0,1460.0,0,1,0,0,0,0,0,0,1,0,0,1,1
114557,00350000020EQSKAA4,0.0,40,3584.0,1735.0,1,0,0,0,0,0,0,0,0,1,0,1,0
114585,00350000020ETTCAA4,0.0,0,0.0,8081.0,0,0,0,0,1,0,1,0,0,0,1,0,1
114589,00350000020ETb7AAG,0.0,0,0.0,8671.0,0,0,0,1,0,0,1,0,0,0,0,1,1
114592,00350000020ETeKAAW,0.0,0,0.0,4116.0,0,0,0,1,0,0,0,0,1,0,0,1,0
114602,00350000020ETsHAAW,0.0,0,0.0,6087.0,0,0,0,1,0,0,0,0,1,0,0,1,0
114606,00350000020EU5TAAW,0.0,0,5795.0,1455.0,1,0,0,0,0,0,0,0,0,1,1,0,0
114607,00350000020EUQCAA4,0.0,10,2977.0,1460.0,1,0,0,0,0,0,0,0,1,0,0,1,0
114609,00350000020EUsVAAW,0.0,0,104.0,4216.0,0,0,0,1,0,0,0,0,1,0,0,1,0
114668,00350000020EcE4AAK,0.0,0,0.0,6436.0,1,0,0,0,0,0,0,0,1,0,1,0,0
114685,00350000020EcttAAC,0.0,90,304.0,7310.0,0,1,0,0,0,1,0,0,0,0,0,1,1
114707,00350000020EexHAAS,0.0,20,481.0,7325.0,0,0,0,1,0,0,0,0,0,1,0,1,1
114719,00350000020EfwyAAC,0.0,0,0.0,2899.0,0,1,0,0,0,0,0,0,1,0,0,1,1
114733,00350000020EgM3AAK,0.0,0,419.0,1279.0,0,0,0,1,0,0,0,0,1,0,0,1,1
114740,00350000020EhQGAA0,0.0,10,2036.0,1827.0,0,0,0,1,0,0,0,0,1,0,0,1,1
114790,00350000020EmF8AAK,0.0,0,0.0,3440.0,0,0,0,1,0,0,1,0,0,0,0,1,0
114794,00350000020EmsyAAC,0.0,0,1431.0,2922.0,1,0,0,0,0,0,0,1,0,0,0,1,0
114795,00350000020En7yAAC,0.0,0,767.0,1461.0,0,0,0,1,0,0,0,0,1,0,0,1,0
114797,00350000020EnOBAA0,0.0,0,1308.0,1427.0,0,1,0,0,0,0,1,0,0,0,0,1,0
114798,00350000020EnSXAA0,0.0,0,963.0,2190.0,0,1,0,0,0,0,0,0,0,1,0,1,1
114800,00350000020Eo9vAAC,0.0,0,0.0,6857.0,1,0,0,0,0,0,1,0,0,0,0,1,0
114804,00350000020EoQIAA0,0.0,50,3463.0,5433.0,0,1,0,0,0,0,1,0,0,0,1,0,1
114805,00350000020EoS9AAK,0.0,0,1767.0,1889.0,0,0,0,1,0,0,1,0,0,0,0,1,1
114808,00350000020EobxAAC,0.0,60,4.0,1151.0,0,0,0,1,0,0,1,0,0,0,1,0,0
114811,00350000020EooIAAS,0.0,0,0.0,5780.0,1,0,0,0,0,0,1,0,0,0,0,1,1
114814,00350000020Ep0JAAS,0.0,0,0.0,6255.0,0,0,0,1,0,0,1,0,0,0,1,0,0
114816,00350000020Ep4aAAC,0.0,40,878.0,3643.0,0,1,0,0,0,0,1,0,0,0,0,1,1
114818,00350000020Ep9VAAS,0.0,0,5518.0,1461.0,0,1,0,0,0,0,0,0,0,1,0,1,0
114819,00350000020EpDhAAK,0.0,0,299.0,2556.0,0,0,0,1,0,0,1,0,0,0,0,1,1
114827,00350000020EpaWAAS,0.0,70,301.0,1444.0,1,0,0,0,0,0,1,0,0,0,1,0,1
114840,00350000020ErA0AAK,0.0,0,159.0,1242.0,0,0,0,1,0,0,1,0,0,0,0,1,1
114846,00350000020EsNjAAK,0.0,0,0.0,1826.0,0,0,0,1,0,0,0,0,1,0,0,1,0
114847,00350000020EsQJAA0,0.0,0,0.0,4151.0,1,0,0,0,0,0,0,0,0,1,1,0,0
114850,00350000020EsSUAA0,0.0,100,337.0,7313.0,0,1,0,0,0,0,1,0,0,0,1,0,1
114852,00350000020EsT8AAK,0.0,0,87.0,1463.0,0,1,0,0,0,0,0,0,1,0,0,1,1
114853,00350000020EsUfAAK,0.0,0,0.0,4104.0,0,0,0,1,0,0,0,0,1,0,0,1,0
114854,00350000020EsYNAA0,0.0,0,1477.0,3076.0,0,0,0,1,0,0,0,0,0,1,0,1,1
114856,00350000020EsZVAA0,0.0,0,0.0,3199.0,0,0,0,1,0,0,0,0,1,0,0,1,1
114863,00350000020Et3QAAS,0.0,0,91.0,7669.0,0,0,0,0,1,1,0,0,0,0,0,1,1
114867,00350000020EtM3AAK,0.0,0,1.0,7240.0,0,1,0,0,0,0,1,0,0,0,0,1,1
114868,00350000020EtTxAAK,0.0,0,2089.0,1887.0,0,1,0,0,0,0,0,0,1,0,0,1,1
114870,00350000020EtfUAAS,0.0,0,99.0,10412.0,1,0,0,0,0,0,1,0,0,0,1,0,1
114886,00350000020EudtAAC,0.0,0,0.0,2191.0,0,0,0,1,0,0,1,0,0,0,0,1,0
114887,00350000020EueSAAS,0.0,0,0.0,5051.0,0,0,0,1,0,0,1,0,0,0,1,0,0
114891,00350000020EukBAAS,0.0,100,1039.0,2191.0,1,0,0,0,0,0,1,0,0,0,1,0,0
114905,00350000020EvAEAA0,0.0,0,0.0,5062.0,0,0,0,1,0,0,0,0,1,0,0,1,0
114916,00350000020EwlqAAC,0.0,0,1976.0,1795.0,0,1,0,0,0,0,0,0,0,1,0,1,1
114921,00350000020ExIQAA0,0.0,0,715.0,3511.0,0,1,0,0,0,0,1,0,0,0,0,1,1
114948,00350000020EyagAAC,0.0,0,0.0,1241.0,0,0,0,1,0,0,1,0,0,0,1,0,1
114975,00350000020F1wFAAS,0.0,0,0.0,5067.0,0,0,0,1,0,0,0,0,1,0,0,1,0
114997,00350000020F3JyAAK,0.0,0,0.0,2921.0,0,0,0,1,0,0,0,0,1,0,0,1,1
115001,00350000020F3apAAC,0.0,0,0.0,3698.0,0,0,0,1,0,0,0,0,1,0,0,1,0
115004,00350000020F3xUAAS,0.0,0,0.0,3725.0,0,0,0,1,0,0,0,0,1,0,0,1,0
115010,00350000020F4ScAAK,0.0,0,0.0,7322.0,0,0,0,1,0,0,0,0,0,1,0,1,1
115020,00350000020F64FAAS,0.0,0,270.0,5145.0,0,0,0,1,0,0,0,0,1,0,0,1,0
115022,00350000020F68cAAC,0.0,0,0.0,9373.0,0,1,0,0,0,0,1,0,0,0,0,1,0
115025,00350000020F6EFAA0,0.0,0,0.0,2190.0,0,1,0,0,0,0,1,0,0,0,1,0,1
115029,00350000020F6HnAAK,0.0,10,1097.0,2446.0,0,1,0,0,0,0,0,0,0,1,1,0,1
115062,00350000020F9NIAA0,0.0,0,1211.0,2191.0,1,0,0,0,0,0,1,0,0,0,0,1,1
115077,00350000020FA5jAAG,0.0,0,190.0,8157.0,0,0,0,0,1,0,1,0,0,0,0,1,1
115081,00350000020FAAAAA4,0.0,40,2809.0,7687.0,0,0,0,0,1,1,0,0,0,0,1,0,1
115083,00350000020FAAUAA4,0.0,70,3235.0,7504.0,0,0,0,0,1,0,1,0,0,0,0,1,1
115089,00350000020FAKFAA4,0.0,100,404.0,7428.0,0,0,0,0,1,0,0,0,0,1,0,1,1
115092,00350000020FAyAAAW,0.0,10,2714.0,847.0,0,0,0,1,0,0,0,0,1,0,1,0,1
115094,00350000020FBOsAAO,0.0,0,2439.0,1094.0,0,1,0,0,0,0,1,0,0,0,0,1,1
115096,00350000020FBbCAAW,0.0,0,113.0,1825.0,0,1,0,0,0,0,0,0,0,1,1,0,0
115097,00350000020FC3QAAW,0.0,0,8099.0,538.0,0,0,0,1,0,0,0,0,1,0,0,1,1
115102,00350000020FCVdAAO,0.0,30,3384.0,8615.0,0,0,0,0,1,0,0,0,0,1,0,1,0
115110,00350000020FDAvAAO,0.0,0,960.0,1460.0,0,0,0,0,1,0,1,0,0,0,0,1,1
115113,00350000020FDgSAAW,0.0,10,2854.0,1460.0,0,1,0,0,0,1,0,0,0,0,0,1,1
115119,00350000020FDygAAG,0.0,70,4409.0,392.0,0,1,0,0,0,0,1,0,0,0,0,1,1
115120,00350000020FE8gAAG,0.0,0,721.0,2016.0,0,0,0,1,0,1,0,0,0,0,0,1,1
115125,00350000020FEfJAAW,0.0,0,616.0,12445.0,0,0,0,0,1,0,0,0,0,1,0,1,1
115132,00350000020FFTaAAO,0.0,30,1860.0,1856.0,0,1,0,0,0,0,1,0,0,0,0,1,1
115134,00350000020FGDIAA4,0.0,0,2434.0,1089.0,0,1,0,0,0,0,0,0,0,1,1,0,0
115150,00350000020FIbcAAG,0.0,0,0.0,4224.0,0,0,0,1,0,0,1,0,0,0,0,1,0
115154,00350000020FIkkAAG,0.0,0,86.0,1006.0,0,0,0,1,0,0,1,0,0,0,0,1,0
115158,00350000020FJMKAA4,0.0,0,7325.0,1461.0,0,1,0,0,0,0,0,0,1,0,1,0,1
115159,00350000020FJjEAAW,0.0,20,5993.0,5403.0,0,0,0,0,1,0,0,0,0,1,1,0,1
115163,00350000020FKQFAA4,0.0,0,6938.0,5717.0,0,1,0,0,0,1,0,0,0,0,0,1,1
115172,00350000020FLoeAAG,0.0,0,0.0,5113.0,0,1,0,0,0,0,1,0,0,0,1,0,0
115175,00350000020FM2qAAG,0.0,70,1822.0,1461.0,0,1,0,0,0,0,0,0,1,0,0,1,1
115219,00350000020FOk1AAG,0.0,10,10755.0,1094.0,0,0,0,1,0,0,0,0,0,1,0,1,0
115239,00350000020FRBUAA4,0.0,0,0.0,2894.0,1,0,0,0,0,1,0,0,0,0,0,1,1
115247,00350000020FSyjAAG,0.0,60,1671.0,1460.0,1,0,0,0,0,0,1,0,0,0,0,1,0
115272,00350000020FXvMAAW,0.0,70,1241.0,1666.0,0,1,0,0,0,0,1,0,0,0,0,1,1
115281,00350000020FYfFAAW,0.0,70,868.0,8836.0,0,0,0,1,0,0,1,0,0,0,0,1,0
115325,00350000020FdPaAAK,0.0,0,377.0,4265.0,1,0,0,0,0,0,0,0,0,1,0,1,1
115335,00350000020FfjxAAC,0.0,50,779.0,1384.0,0,0,0,0,1,1,0,0,0,0,0,1,1
115343,00350000020Fg2uAAC,0.0,70,600.0,4466.0,0,0,0,1,0,0,0,0,1,0,0,1,1
115344,00350000020Fg34AAC,0.0,50,5029.0,984.0,0,0,0,0,1,0,1,0,0,0,0,1,0
115362,00350000020FhHnAAK,0.0,10,4276.0,7326.0,0,0,0,1,0,0,0,0,0,1,0,1,1
115367,00350000020FhVtAAK,0.0,50,2447.0,1461.0,0,0,0,1,0,0,0,0,1,0,0,1,0
115373,00350000020FiI7AAK,0.0,0,319.0,4047.0,0,0,0,1,0,1,0,0,0,0,0,1,0
115374,00350000020FiJeAAK,0.0,70,3536.0,1461.0,0,1,0,0,0,0,1,0,0,0,0,1,0
115376,00350000020Fic7AAC,0.0,30,2067.0,2284.0,1,0,0,0,0,0,0,0,0,1,0,1,1
115379,00350000020FjYgAAK,0.0,0,0.0,2213.0,0,1,0,0,0,0,0,0,0,1,0,1,0
115388,00350000020FjmXAAS,0.0,0,0.0,2348.0,0,0,0,1,0,0,1,0,0,0,0,1,0
115393,00350000020Fk4iAAC,0.0,0,0.0,3834.0,0,0,0,1,0,0,1,0,0,0,0,1,0
115395,00350000020Fk8zAAC,0.0,0,0.0,4097.0,0,1,0,0,0,0,1,0,0,0,0,1,1
115402,00350000020FkoqAAC,0.0,40,688.0,1460.0,0,0,0,1,0,0,0,0,1,0,0,1,1
115404,00350000020Fky2AAC,0.0,0,0.0,7670.0,0,0,0,0,1,0,1,0,0,0,1,0,1
115405,00350000020FkzjAAC,0.0,100,0.0,2331.0,0,0,0,1,0,0,1,0,0,0,0,1,1
115407,00350000020Fl3qAAC,0.0,70,6698.0,462.0,1,0,0,0,0,1,0,0,0,0,1,0,0
115409,00350000020Fl4KAAS,0.0,0,0.0,4414.0,0,0,0,1,0,0,1,0,0,0,1,0,1
115415,00350000020FlPDAA0,0.0,80,0.0,8953.0,1,0,0,0,0,0,1,0,0,0,0,1,0
115418,00350000020FlUNAA0,0.0,0,0.0,7772.0,0,0,0,1,0,0,1,0,0,0,0,1,0
115420,00350000020FlWJAA0,0.0,0,0.0,8037.0,0,0,0,0,1,1,0,0,0,0,0,1,0
115421,00350000020FlYoAAK,0.0,0,12293.0,1670.0,0,1,0,0,0,0,1,0,0,0,0,1,0
115423,00350000020FlZrAAK,0.0,100,0.0,2779.0,0,0,0,1,0,0,1,0,0,0,0,1,1
115424,00350000020FlbiAAC,0.0,0,0.0,7305.0,0,1,0,0,0,0,1,0,0,0,0,1,1
115431,00350000020FmJBAA0,0.0,60,1147.0,3328.0,0,1,0,0,0,0,1,0,0,0,0,1,1
115432,00350000020FmJLAA0,0.0,0,466.0,1457.0,0,0,0,1,0,0,1,0,0,0,0,1,1
115458,00350000020FoqzAAC,0.0,0,1148.0,8098.0,1,0,0,0,0,0,1,0,0,0,0,1,0
115484,00350000020Fr5OAAS,0.0,0,2433.0,1887.0,1,0,0,0,0,0,0,0,0,1,1,0,1
115497,00350000020FtvpAAC,0.0,70,1636.0,8793.0,0,0,0,0,1,0,0,0,0,1,0,1,1
115500,00350000020Fu1HAAS,0.0,0,4262.0,1630.0,1,0,0,0,0,1,0,0,0,0,0,1,1
115508,00350000020FubyAAC,0.0,0,12283.0,1644.0,1,0,0,0,0,1,0,0,0,0,0,1,1
115522,00350000020FvQwAAK,0.0,0,80.0,4748.0,0,1,0,0,0,0,1,0,0,0,0,1,1
115525,00350000020FvU5AAK,0.0,0,0.0,4665.0,0,0,0,1,0,0,1,0,0,0,1,0,0
115532,00350000020FvrnAAC,0.0,0,7347.0,1096.0,0,0,0,1,0,0,1,0,0,0,0,1,1
115534,00350000020Fw7lAAC,0.0,10,2173.0,1908.0,0,0,0,1,0,0,1,0,0,0,1,0,0
115555,00350000020Fyk5AAC,0.0,0,2428.0,1460.0,1,0,0,0,0,0,0,0,0,1,0,1,1
115560,00350000020FzBjAAK,0.0,60,2983.0,1585.0,0,0,0,1,0,0,0,0,1,0,0,1,1
115576,00350000020G13TAAS,0.0,0,8387.0,5081.0,1,0,0,0,0,0,1,0,0,0,0,1,0
115577,00350000020G15KAAS,0.0,0,2.0,1946.0,1,0,0,0,0,0,0,0,1,0,0,1,1
115583,00350000020G1AoAAK,0.0,10,9039.0,1462.0,1,0,0,0,0,1,0,0,0,0,0,1,0
115591,00350000020G1kXAAS,0.0,0,3279.0,1460.0,0,0,0,1,0,0,0,0,1,0,0,1,1
115594,00350000020G1rJAAS,0.0,70,149.0,2191.0,0,0,0,1,0,1,0,0,0,0,0,1,1
115601,00350000020G2hZAAS,0.0,0,266.0,8020.0,0,0,0,0,1,0,0,0,1,0,0,1,1
115603,00350000020G2qvAAC,0.0,0,3072.0,1460.0,1,0,0,0,0,0,0,0,1,0,0,1,0
115604,00350000020G30WAAS,0.0,0,8664.0,4403.0,0,0,0,1,0,1,0,0,0,0,0,1,1
115609,00350000020G38PAAS,0.0,0,10909.0,1457.0,0,0,0,1,0,0,1,0,0,0,0,1,1
115611,00350000020G3IZAA0,0.0,10,943.0,2554.0,1,0,0,0,0,0,0,0,0,1,0,1,1
115614,00350000020G3T8AAK,0.0,60,56.0,8819.0,0,1,0,0,0,0,0,0,1,0,0,1,1
115618,00350000020G3hZAAS,0.0,80,251.0,7305.0,1,0,0,0,0,0,1,0,0,0,0,1,1
115619,00350000020G3z4AAC,0.0,0,1003.0,2921.0,0,1,0,0,0,0,0,0,0,1,0,1,1
115622,00350000020G45gAAC,0.0,0,11653.0,1421.0,1,0,0,0,0,0,0,0,0,1,0,1,0
115629,00350000020G67gAAC,0.0,0,463.0,1994.0,1,0,0,0,0,0,1,0,0,0,0,1,1
115633,00350000020G6LFAA0,0.0,30,2908.0,2952.0,0,1,0,0,0,0,0,0,1,0,0,1,1
115641,00350000020G97yAAC,0.0,0,1384.0,1471.0,0,1,0,0,0,0,1,0,0,0,0,1,1
115642,00350000020G9DkAAK,0.0,0,180.0,2550.0,1,0,0,0,0,0,1,0,0,0,1,0,1
115651,00350000020GG5xAAG,0.0,30,3903.0,1487.0,1,0,0,0,0,0,0,0,1,0,0,1,1
115656,00350000020GIq3AAG,0.0,0,828.0,1301.0,0,1,0,0,0,0,1,0,0,0,0,1,1
115662,00350000020GLlIAAW,0.0,0,68.0,5663.0,0,0,0,1,0,0,1,0,0,0,0,1,1
115672,00350000020GOZ5AAO,0.0,0,627.0,1826.0,0,0,0,1,0,0,0,0,1,0,0,1,1
115680,00350000020GPxwAAG,0.0,0,3407.0,3174.0,0,0,0,0,1,0,1,0,0,0,0,1,1
115682,00350000020GQMhAAO,0.0,0,1545.0,4186.0,0,0,0,1,0,1,0,0,0,0,0,1,1
115683,00350000020GQQtAAO,0.0,0,6.0,813.0,0,0,0,0,1,0,0,0,0,1,0,1,1
115685,00350000020GQS1AAO,0.0,80,411.0,1893.0,0,0,0,1,0,0,0,0,0,1,0,1,0
115691,00350000020GRXVAA4,0.0,0,251.0,2836.0,0,0,0,1,0,0,0,0,0,1,1,0,0
115693,00350000020GRxYAAW,0.0,0,8152.0,1244.0,1,0,0,0,0,0,0,0,0,1,0,1,1
115699,00350000020GVweAAG,0.0,80,1058.0,8880.0,0,0,0,0,1,1,0,0,0,0,0,1,1
115703,00350000020GWTiAAO,0.0,0,2873.0,2190.0,0,0,0,1,0,0,0,0,0,1,1,0,1
115716,00350000020GXQzAAO,0.0,30,864.0,1662.0,0,0,0,1,0,0,1,0,0,0,0,1,1
115738,00350000020Ga2wAAC,0.0,0,1262.0,3017.0,0,0,0,0,1,0,1,0,0,0,1,0,1
115745,00350000020GbClAAK,0.0,20,4520.0,5113.0,0,0,0,1,0,0,1,0,0,0,0,1,1
115757,00350000020GdiTAAS,0.0,0,7227.0,2272.0,0,0,0,1,0,0,0,0,0,1,0,1,0
115760,00350000020GdwQAAS,0.0,20,2250.0,1767.0,0,1,0,0,0,1,0,0,0,0,0,1,1
115801,00350000020GjoqAAC,0.0,0,0.0,3629.0,1,0,0,0,0,0,0,0,1,0,0,1,1
115812,00350000020GkjDAAS,0.0,60,95.0,2922.0,0,0,0,1,0,1,0,0,0,0,0,1,0
115824,00350000020GmpLAAS,0.0,90,360.0,2830.0,0,1,0,0,0,0,1,0,0,0,0,1,1
115834,00350000020GnsQAAS,0.0,80,773.0,2632.0,0,0,0,0,1,0,1,0,0,0,0,1,1
115875,00350000020Gs0hAAC,0.0,30,728.0,1648.0,0,1,0,0,0,1,0,0,0,0,0,1,1
115892,00350000020GuH4AAK,0.0,10,295.0,3233.0,1,0,0,0,0,1,0,0,0,0,0,1,0
115895,00350000020GuvVAAS,0.0,10,1697.0,1776.0,0,1,0,0,0,0,1,0,0,0,1,0,1
115901,00350000020GvGqAAK,0.0,70,674.0,1826.0,0,0,0,1,0,0,0,0,1,0,0,1,1
115904,00350000020GvoKAAS,0.0,0,7962.0,1460.0,0,0,0,1,0,0,0,0,0,1,0,1,1
115906,00350000020GwD0AAK,0.0,50,3538.0,1462.0,0,0,0,1,0,0,0,0,0,1,1,0,0
115914,00350000020Gx1pAAC,0.0,20,329.0,3204.0,1,0,0,0,0,0,0,0,0,1,0,1,1
115919,00350000020GyH2AAK,0.0,0,2405.0,2144.0,0,0,0,0,1,1,0,0,0,0,0,1,1
115932,00350000020GywaAAC,0.0,0,3529.0,7489.0,0,1,0,0,0,0,0,0,0,1,0,1,1
115943,00350000020GzmVAAS,0.0,0,737.0,1736.0,0,0,0,1,0,0,0,0,1,0,0,1,1
115944,00350000020Gzp6AAC,0.0,80,313.0,7314.0,0,0,0,0,1,0,0,0,1,0,0,1,0
115949,00350000020H0MlAAK,0.0,0,7529.0,2813.0,0,0,0,1,0,1,0,0,0,0,0,1,1
115950,00350000020H0NtAAK,0.0,80,0.0,3703.0,0,0,0,1,0,0,0,0,0,1,0,1,1
115957,00350000020H14xAAC,0.0,0,345.0,1461.0,0,0,0,1,0,0,0,0,0,1,0,1,1
115986,00350000020H7SUAA0,0.0,0,1370.0,2921.0,0,1,0,0,0,0,0,0,0,1,0,1,1
115987,00350000020H7YmAAK,0.0,0,0.0,1158.0,0,0,0,1,0,0,1,0,0,0,0,1,0
115996,00350000020H9DrAAK,0.0,0,0.0,292.0,0,1,0,0,0,0,1,0,0,0,0,1,1
116018,00350000020HAK1AAO,0.0,0,464.0,1827.0,1,0,0,0,0,0,0,0,1,0,0,1,0
116030,00350000020HCojAAG,0.0,0,0.0,4201.0,1,0,0,0,0,0,1,0,0,0,0,1,1
116032,00350000020HCw4AAG,0.0,80,0.0,4471.0,0,0,0,1,0,0,1,0,0,0,0,1,0
116034,00350000020HD3kAAG,0.0,0,0.0,1293.0,0,0,0,1,0,0,1,0,0,0,1,0,1
116035,00350000020HDAuAAO,0.0,0,0.0,8125.0,0,1,0,0,0,0,1,0,0,0,0,1,0
116036,00350000020HDErAAO,0.0,0,0.0,3695.0,0,0,0,1,0,0,1,0,0,0,0,1,0
116039,00350000020HDTNAA4,0.0,0,0.0,5519.0,0,0,0,1,0,0,1,0,0,0,0,1,0
116047,00350000020HE5vAAG,0.0,0,0.0,3625.0,0,1,0,0,0,0,1,0,0,0,0,1,1
116049,00350000020HE7mAAG,0.0,0,0.0,1325.0,0,0,0,1,0,0,1,0,0,0,1,0,0
116052,00350000020HEEnAAO,0.0,0,0.0,4092.0,0,0,0,1,0,0,1,0,0,0,1,0,1
116062,00350000020HEcMAAW,0.0,0,0.0,4472.0,0,0,0,1,0,0,1,0,0,0,0,1,0
116067,003500000222KxoAAE,0.0,0,0.0,1645.0,0,0,0,1,0,0,1,0,0,0,0,1,0
116070,003500000222L8IAAU,0.0,100,0.0,3348.0,1,0,0,0,0,0,1,0,0,0,0,1,0
116084,003500000222MITAA2,0.0,50,4589.0,1097.0,1,0,0,0,0,0,0,0,1,0,0,1,0
116087,003500000222MzWAAU,0.0,40,827.0,1460.0,0,1,0,0,0,0,0,0,1,0,0,1,1
116111,003500000222OmqAAE,0.0,0,2580.0,1460.0,0,1,0,0,0,0,0,0,0,1,0,1,1
116119,003500000222PAYAA2,0.0,50,2416.0,1461.0,1,0,0,0,0,1,0,0,0,0,0,1,0
116129,003500000222QAHAA2,0.0,60,1404.0,7678.0,1,0,0,0,0,0,0,0,1,0,0,1,1
116131,003500000222QqDAAU,0.0,90,1703.0,1843.0,0,1,0,0,0,0,1,0,0,0,0,1,1
116184,003500000222VFqAAM,0.0,0,60.0,2448.0,0,0,0,1,0,0,1,0,0,0,0,1,1
116190,003500000222VrzAAE,0.0,0,0.0,1756.0,0,1,0,0,0,0,1,0,0,0,0,1,1
116206,003500000222WrjAAE,0.0,0,934.0,3019.0,0,1,0,0,0,0,1,0,0,0,1,0,1
116209,003500000222X6GAAU,0.0,0,0.0,8859.0,0,0,0,0,1,0,0,0,1,0,0,1,1
116211,003500000222XCPAA2,0.0,0,2357.0,483.0,0,0,0,0,1,0,1,0,0,0,1,0,1
116212,003500000222XWMAA2,0.0,50,1678.0,8524.0,0,0,0,1,0,0,1,0,0,0,0,1,1
116225,003500000222aLmAAI,0.0,0,11.0,623.0,0,1,0,0,0,0,1,0,0,0,0,1,1
116227,003500000222ay3AAA,0.0,0,9818.0,3391.0,0,0,1,0,0,0,1,0,0,0,0,1,1
116234,003500000222bXCAAY,0.0,0,7339.0,271.0,0,0,0,1,0,0,0,0,1,0,0,1,1
116238,003500000222bd5AAA,0.0,0,4.0,1579.0,0,0,0,1,0,0,1,0,0,0,0,1,1
116247,003500000222etWAAQ,0.0,10,705.0,3296.0,0,0,0,0,1,0,0,0,0,1,0,1,1
116249,003500000222fDlAAI,0.0,0,0.0,4340.0,0,0,0,1,0,0,1,0,0,0,0,1,1
116250,003500000222fEPAAY,0.0,0,0.0,5822.0,0,0,0,1,0,0,1,0,0,0,0,1,1
116255,003500000222fJ5AAI,0.0,0,0.0,3606.0,0,0,0,1,0,0,1,0,0,0,0,1,0
116276,003500000222geEAAQ,0.0,80,466.0,7328.0,0,1,0,0,0,0,1,0,0,0,0,1,1
116290,003500000222hfIAAQ,0.0,10,1398.0,1277.0,0,0,0,1,0,0,1,0,0,0,0,1,1
116308,003500000222kG7AAI,0.0,0,523.0,1591.0,0,0,0,1,0,0,0,0,1,0,0,1,1
116311,003500000222kTkAAI,0.0,0,4269.0,1880.0,1,0,0,0,0,0,1,0,0,0,1,0,1
116317,003500000222kwTAAQ,0.0,0,382.0,4779.0,1,0,0,0,0,0,0,0,1,0,0,1,1
116330,003500000222m1FAAQ,0.0,0,0.0,10592.0,0,0,0,0,1,0,1,0,0,0,0,1,1
116331,003500000222m1KAAQ,0.0,0,0.0,7253.0,0,0,0,1,0,0,0,0,1,0,0,1,1
116332,003500000222m3kAAA,0.0,80,0.0,11702.0,0,1,0,0,0,1,0,0,0,0,1,0,0
116333,003500000222m5HAAQ,0.0,0,332.0,1731.0,1,0,0,0,0,0,1,0,0,0,1,0,0
116336,003500000222m9nAAA,0.0,0,0.0,2191.0,0,0,0,1,0,0,1,0,0,0,0,1,0
116345,003500000222ma0AAA,0.0,0,0.0,2191.0,0,0,0,1,0,0,1,0,0,0,0,1,0
116349,003500000222n9tAAA,0.0,30,1185.0,5693.0,1,0,0,0,0,0,1,0,0,0,0,1,0
116359,003500000222nPcAAI,0.0,0,516.0,2191.0,0,0,0,0,1,0,1,0,0,0,0,1,1
116363,003500000222oMcAAI,0.0,80,4163.0,3652.0,0,0,0,0,1,0,0,0,0,1,1,0,1
116383,003500000222sZkAAI,0.0,0,0.0,2916.0,0,0,0,1,0,0,1,0,0,0,0,1,0
116395,003500000222twpAAA,0.0,0,3333.0,1259.0,0,0,0,1,0,0,1,0,0,0,0,1,0
116400,003500000222uUkAAI,0.0,0,98.0,3836.0,0,0,0,1,0,0,0,0,1,0,0,1,1
116432,00350000022310UAAQ,0.0,10,1484.0,8529.0,0,1,0,0,0,0,1,0,0,0,0,1,0
116449,0035000002232wFAAQ,0.0,30,944.0,2191.0,0,0,0,1,0,0,1,0,0,0,1,0,1
116452,0035000002233GKAAY,0.0,0,496.0,343.0,0,1,0,0,0,0,1,0,0,0,0,1,1
116458,0035000002233gNAAQ,0.0,0,247.0,1825.0,0,0,0,1,0,0,0,0,1,0,0,1,1
116468,0035000002233t8AAA,0.0,0,527.0,7946.0,0,1,0,0,0,0,0,0,1,0,1,0,1
116469,0035000002234VFAAY,0.0,10,3702.0,4108.0,0,0,0,0,1,0,1,0,0,0,0,1,1
116473,0035000002235EjAAI,0.0,70,442.0,2860.0,0,0,0,1,0,0,1,0,0,0,0,1,0
116474,0035000002235JQAAY,0.0,0,4288.0,3717.0,0,0,0,0,1,1,0,0,0,0,0,1,0
116477,0035000002235pBAAQ,0.0,70,12.0,1811.0,0,0,0,1,0,0,0,0,0,1,0,1,1
116480,0035000002236C7AAI,0.0,50,2416.0,1203.0,0,0,0,1,0,1,0,0,0,0,1,0,1
116482,0035000002236DPAAY,0.0,0,1373.0,2835.0,0,1,0,0,0,0,1,0,0,0,1,0,1
116488,0035000002236xzAAA,0.0,70,216.0,2956.0,0,0,0,1,0,0,0,0,1,0,0,1,1
116494,00350000022388GAAQ,0.0,0,0.0,4952.0,0,1,0,0,0,0,1,0,0,0,0,1,0
116495,00350000022389EAAQ,0.0,0,0.0,13892.0,0,0,0,1,0,0,1,0,0,0,0,1,0
116501,0035000002238IQAAY,0.0,30,351.0,1711.0,0,0,0,1,0,0,1,0,0,0,0,1,1
116502,0035000002238KCAAY,0.0,0,0.0,3911.0,0,0,0,1,0,0,1,0,0,0,0,1,0
116503,0035000002238KMAAY,0.0,0,0.0,4134.0,1,0,0,0,0,0,1,0,0,0,0,1,0
116504,0035000002238MNAAY,0.0,0,0.0,1461.0,0,1,0,0,0,0,1,0,0,0,1,0,0
116505,0035000002238NuAAI,0.0,80,6371.0,2618.0,1,0,0,0,0,1,0,0,0,0,0,1,1
116506,0035000002238OxAAI,0.0,0,0.0,11273.0,0,0,0,0,1,0,1,0,0,0,1,0,0
116507,0035000002238P7AAI,0.0,90,0.0,5898.0,0,1,0,0,0,0,1,0,0,0,0,1,0
116512,0035000002238SpAAI,0.0,0,0.0,8339.0,0,0,0,1,0,0,1,0,0,0,0,1,1
116513,0035000002238TLAAY,0.0,0,0.0,6574.0,0,0,0,1,0,0,1,0,0,0,0,1,0
116514,0035000002238TOAAY,0.0,0,0.0,3402.0,0,0,0,1,0,0,1,0,0,0,0,1,0
116515,0035000002238WhAAI,0.0,0,0.0,7694.0,0,0,0,1,0,0,1,0,0,0,0,1,0
116516,0035000002238XfAAI,0.0,0,26.0,4541.0,0,0,0,0,1,0,1,0,0,0,0,1,1
116518,0035000002238ZCAAY,0.0,0,0.0,12015.0,0,0,0,1,0,1,0,0,0,0,0,1,0
116519,0035000002238cBAAQ,0.0,0,0.0,10227.0,0,1,0,0,0,0,1,0,0,0,0,1,1
116522,0035000002238dTAAQ,0.0,0,0.0,5645.0,0,0,0,0,1,0,1,0,0,0,0,1,1
116523,0035000002238fAAAQ,0.0,0,0.0,12005.0,0,1,0,0,0,0,1,0,0,0,0,1,0
116527,0035000002238xEAAQ,0.0,0,0.0,4765.0,0,0,0,1,0,0,1,0,0,0,0,1,0
116531,0035000002239JKAAY,0.0,0,0.0,7319.0,0,1,0,0,0,0,0,0,0,1,1,0,1
116532,0035000002239KmAAI,0.0,0,0.0,3526.0,0,0,0,1,0,0,0,0,0,1,1,0,1
116533,0035000002239LVAAY,0.0,0,0.0,8017.0,0,0,0,1,0,0,0,0,1,0,0,1,0
116538,0035000002239VGAAY,0.0,0,0.0,3247.0,0,1,0,0,0,0,0,0,0,1,1,0,1
116539,0035000002239WZAAY,0.0,0,671.0,1636.0,0,0,0,1,0,0,1,0,0,0,0,1,1
116544,0035000002239lyAAA,0.0,40,12135.0,533.0,0,0,0,1,0,0,1,0,0,0,0,1,1
116545,0035000002239wWAAQ,0.0,60,283.0,2945.0,0,1,0,0,0,0,0,0,1,0,0,1,1
116548,003500000223ABlAAM,0.0,0,840.0,2546.0,1,0,0,0,0,0,1,0,0,0,0,1,1
116550,003500000223AGHAA2,0.0,50,3898.0,5345.0,0,1,0,0,0,0,0,0,0,1,0,1,0
116553,003500000223AtsAAE,0.0,40,102.0,1458.0,0,0,0,1,0,0,0,1,0,0,1,0,1
116560,003500000223BHuAAM,0.0,0,0.0,7305.0,0,1,0,0,0,0,0,0,0,1,0,1,1
116562,003500000223BJlAAM,0.0,0,0.0,1826.0,0,0,0,1,0,0,0,0,1,0,0,1,1
116564,003500000223BM6AAM,0.0,0,0.0,3443.0,1,0,0,0,0,0,1,0,0,0,1,0,0
116565,003500000223BMMAA2,0.0,0,0.0,4361.0,0,0,0,1,0,0,1,0,0,0,0,1,0
116574,003500000223CjMAAU,0.0,0,0.0,2952.0,0,0,0,1,0,0,1,0,0,0,0,1,0
116583,003500000223EKDAA2,0.0,80,196.0,7305.0,0,0,0,1,0,0,0,0,0,1,0,1,1
116602,003500000223FsIAAU,0.0,0,1965.0,8789.0,0,1,0,0,0,0,0,0,0,1,0,1,1
116605,003500000223GLdAAM,0.0,0,195.0,3481.0,1,0,0,0,0,0,0,0,1,0,0,1,1
116613,003500000223Hv5AAE,0.0,0,0.0,4230.0,0,0,0,1,0,0,0,0,1,0,0,1,0
116614,003500000223HxQAAU,0.0,0,0.0,1461.0,0,0,0,1,0,0,0,0,1,0,0,1,1
116615,003500000223I00AAE,0.0,0,0.0,1460.0,0,0,0,1,0,0,0,0,1,0,0,1,1
116616,003500000223I3OAAU,0.0,0,0.0,1460.0,0,0,0,1,0,0,0,0,1,0,0,1,1
116618,003500000223I84AAE,0.0,0,0.0,1552.0,0,0,0,1,0,0,0,0,1,0,0,1,1
116625,003500000223IN4AAM,0.0,0,0.0,1460.0,0,0,0,1,0,0,0,0,1,0,0,1,0
116626,003500000223ITqAAM,0.0,0,0.0,1257.0,0,0,0,1,0,0,0,0,1,0,0,1,0
116627,003500000223IWGAA2,0.0,0,0.0,1461.0,0,0,0,1,0,0,0,0,1,0,0,1,0
116664,003500000223OVRAA2,0.0,0,3733.0,989.0,1,0,0,0,0,0,1,0,0,0,1,0,0
116723,003500000223UWwAAM,0.0,0,78.0,2921.0,1,0,0,0,0,0,1,0,0,0,0,1,1
116729,003500000223VgxAAE,0.0,40,5101.0,7665.0,0,0,0,0,1,0,1,0,0,0,0,1,1
116736,003500000223WK4AAM,0.0,0,581.0,706.0,0,0,0,1,0,0,1,0,0,0,0,1,1
116739,003500000223Wa8AAE,0.0,0,125.0,1582.0,0,1,0,0,0,0,1,0,0,0,1,0,1
116746,003500000223X9NAAU,0.0,0,902.0,3100.0,0,0,0,1,0,0,1,0,0,0,0,1,1
116754,003500000223XeFAAU,0.0,0,422.0,2347.0,0,1,0,0,0,0,1,0,0,0,0,1,1
116757,003500000223XtKAAU,0.0,0,2486.0,3284.0,0,1,0,0,0,0,1,0,0,0,0,1,1
116791,003500000223c9EAAQ,0.0,0,0.0,5356.0,0,0,0,1,0,0,0,0,1,0,0,1,0
116802,003500000223cl3AAA,0.0,100,0.0,7333.0,0,0,0,0,1,0,0,0,1,0,0,1,0
116809,003500000223dhtAAA,0.0,0,0.0,6086.0,0,1,0,0,0,0,0,0,1,0,0,1,1
116814,003500000223eMrAAI,0.0,70,317.0,8810.0,0,0,0,0,1,0,1,0,0,0,1,0,1
116817,003500000223eefAAA,0.0,90,0.0,3100.0,0,0,0,1,0,0,1,0,0,0,0,1,0
116821,003500000223elqAAA,0.0,100,0.0,7486.0,0,0,0,1,0,0,1,0,0,0,1,0,0
116823,003500000223em0AAA,0.0,0,0.0,2192.0,0,0,0,1,0,0,1,0,0,0,0,1,1
116825,003500000223enwAAA,0.0,80,0.0,1910.0,0,1,0,0,0,0,1,0,0,0,0,1,1
116829,003500000223f30AAA,0.0,0,0.0,1462.0,0,0,0,1,0,0,1,0,0,0,0,1,0
116837,003500000223gK9AAI,0.0,0,177.0,1720.0,0,0,0,0,1,0,1,0,0,0,0,1,1
116841,003500000223gV7AAI,0.0,80,0.0,1186.0,0,0,0,1,0,0,1,0,0,0,0,1,0
116847,003500000223h8fAAA,0.0,0,0.0,7017.0,0,0,0,1,0,0,0,0,1,0,0,1,0
116892,003500000223kU2AAI,0.0,50,4851.0,7892.0,0,1,0,0,0,1,0,0,0,0,0,1,0
116896,003500000223kW8AAI,0.0,0,713.0,2192.0,0,1,0,0,0,1,0,0,0,0,0,1,1
116906,003500000223kkzAAA,0.0,0,3329.0,7319.0,0,1,0,0,0,0,0,0,1,0,0,1,1
116957,003500000223pvdAAA,0.0,50,7372.0,1336.0,0,1,0,0,0,0,1,0,0,0,0,1,1
116967,003500000223rxAAAQ,0.0,40,752.0,1827.0,0,0,0,1,0,0,1,0,0,0,0,1,1
116975,003500000223tb2AAA,0.0,0,49.0,2893.0,0,0,0,1,0,0,1,0,0,0,0,1,1
116980,003500000223uQFAAY,0.0,0,1351.0,1494.0,0,1,0,0,0,0,1,0,0,0,0,1,1
116988,003500000223vNlAAI,0.0,0,0.0,4475.0,0,0,0,1,0,0,0,0,1,0,0,1,1
117004,003500000223xrNAAQ,0.0,0,1967.0,1828.0,0,0,0,1,0,0,1,0,0,0,1,0,1
117008,003500000223xzHAAQ,0.0,0,291.0,2149.0,0,0,0,1,0,0,1,0,0,0,0,1,1
117018,003500000223z3PAAQ,0.0,0,897.0,1778.0,1,0,0,0,0,0,1,0,0,0,0,1,0
117019,003500000223zDtAAI,0.0,0,2511.0,2159.0,0,0,0,1,0,0,0,0,0,1,0,1,0
117026,003500000223zU6AAI,0.0,10,653.0,1826.0,0,0,0,1,0,0,0,0,1,0,0,1,1
117028,003500000223zWCAAY,0.0,60,485.0,1826.0,1,0,0,0,0,0,0,0,1,0,0,1,1
117029,003500000223zY8AAI,0.0,0,161.0,2928.0,0,1,0,0,0,0,0,0,1,0,0,1,1
117032,003500000223zfYAAQ,0.0,0,0.0,7323.0,0,0,0,1,0,0,0,0,1,0,0,1,0
117035,003500000223zgWAAQ,0.0,0,2013.0,1460.0,0,0,0,1,0,1,0,0,0,0,0,1,1
117037,003500000223zkeAAA,0.0,0,2.0,5215.0,0,0,0,1,0,0,1,0,0,0,0,1,0
117040,003500000223zm5AAA,0.0,50,595.0,1407.0,1,0,0,0,0,0,0,0,1,0,0,1,0
117042,003500000223zmtAAA,0.0,50,456.0,2246.0,0,0,0,1,0,0,1,0,0,0,1,0,0
117056,003500000223zscAAA,0.0,0,1268.0,3093.0,1,0,0,0,0,0,1,0,0,0,1,0,0
117058,003500000223ztzAAA,0.0,0,1785.0,2986.0,1,0,0,0,0,1,0,0,0,0,0,1,1
117061,00350000022401AAAQ,0.0,0,2670.0,1460.0,0,0,0,1,0,0,0,0,0,1,0,1,1
117065,00350000022414AAAQ,0.0,0,1463.0,2847.0,1,0,0,0,0,0,1,0,0,0,0,1,1
117066,0035000002241AhAAI,0.0,0,0.0,8362.0,0,0,0,0,1,0,1,0,0,0,0,1,1
117084,0035000002241qEAAQ,0.0,0,1112.0,1471.0,0,1,0,0,0,0,1,0,0,0,1,0,0
117085,0035000002241qOAAQ,0.0,0,3670.0,3252.0,1,0,0,0,0,0,0,0,0,1,1,0,1
117090,0035000002242EbAAI,0.0,20,606.0,3561.0,0,0,0,0,1,1,0,0,0,0,0,1,0
117093,0035000002242HeAAI,0.0,0,1892.0,1141.0,0,0,0,1,0,0,1,0,0,0,0,1,0
117095,0035000002242PUAAY,0.0,0,2979.0,2212.0,0,1,0,0,0,0,1,0,0,0,0,1,0
117100,0035000002242y8AAA,0.0,0,994.0,4038.0,0,0,0,1,0,0,0,0,0,1,0,1,1
117122,0035000002244ohAAA,0.0,0,1810.0,2192.0,0,1,0,0,0,0,1,0,0,0,0,1,1
117154,0035000002249OTAAY,0.0,10,2289.0,1583.0,0,1,0,0,0,0,0,0,1,0,0,1,1
117157,0035000002249cQAAQ,0.0,0,3299.0,1460.0,0,0,0,0,1,0,0,0,1,0,0,1,0
117161,0035000002249mbAAA,0.0,50,1457.0,2279.0,0,0,0,1,0,0,1,0,0,0,0,1,1
117193,003500000224DdKAAU,0.0,30,0.0,5107.0,0,0,0,1,0,0,1,0,0,0,0,1,1
117196,003500000224Dz1AAE,0.0,30,3223.0,1461.0,0,1,0,0,0,0,1,0,0,0,1,0,1
117242,003500000224KdvAAE,0.0,0,3272.0,1460.0,0,1,0,0,0,0,0,0,1,0,0,1,1
117243,003500000224KpyAAE,0.0,0,40.0,3006.0,0,0,0,1,0,0,1,0,0,0,0,1,1
117251,003500000224LADAA2,0.0,60,3094.0,7397.0,0,0,0,0,1,1,0,0,0,0,0,1,1
117259,003500000224McrAAE,0.0,0,841.0,1461.0,0,0,0,0,1,0,0,0,1,0,0,1,1
117272,003500000224NZxAAM,0.0,40,7965.0,6749.0,0,0,0,0,1,0,1,0,0,0,0,1,1
117281,003500000224OFoAAM,0.0,0,2325.0,1379.0,0,1,0,0,0,0,0,0,1,0,0,1,1
117304,003500000224R3OAAU,0.0,0,9923.0,878.0,0,1,0,0,0,1,0,0,0,0,0,1,0
117315,003500000224RehAAE,0.0,0,256.0,1893.0,1,0,0,0,0,1,0,0,0,0,0,1,1
117321,003500000224S9hAAE,0.0,70,1736.0,7489.0,0,1,0,0,0,0,1,0,0,0,1,0,1
117327,003500000224SiNAAU,0.0,0,187.0,1771.0,0,1,0,0,0,0,1,0,0,0,0,1,1
117328,003500000224SjGAAU,0.0,0,616.0,3156.0,0,0,0,1,0,0,1,0,0,0,1,0,0
117332,003500000224TMCAA2,0.0,20,592.0,1257.0,0,0,0,1,0,0,1,0,0,0,0,1,1
117342,003500000224TvaAAE,0.0,80,1615.0,7335.0,1,0,0,0,0,0,0,0,0,1,1,0,1
117343,003500000224U5QAAU,0.0,0,33.0,7737.0,0,0,0,1,0,0,0,1,0,0,0,1,1
117350,003500000224VFeAAM,0.0,0,2976.0,3549.0,0,1,0,0,0,0,1,0,0,0,1,0,1
117352,003500000224VbGAAU,0.0,0,36.0,8709.0,1,0,0,0,0,0,1,0,0,0,0,1,1
117369,003500000224X7XAAU,0.0,0,0.0,3621.0,0,0,0,1,0,0,1,0,0,0,0,1,0
117372,003500000224XFbAAM,0.0,0,0.0,11757.0,0,0,0,0,1,0,1,0,0,0,0,1,1
117404,003500000224b6LAAQ,0.0,0,1006.0,1399.0,0,0,0,1,0,0,0,0,1,0,0,1,1
117421,003500000224cYzAAI,0.0,0,403.0,2925.0,0,1,0,0,0,0,1,0,0,0,0,1,1
117454,003500000224he3AAA,0.0,0,0.0,10335.0,1,0,0,0,0,0,0,0,1,0,0,1,0
117461,003500000224i7eAAA,0.0,60,1158.0,4168.0,0,0,0,1,0,0,0,0,1,0,0,1,1
117465,003500000224iKoAAI,0.0,0,66.0,3652.0,0,1,0,0,0,0,0,0,0,1,0,1,1
117471,003500000224jIUAAY,0.0,0,230.0,1933.0,1,0,0,0,0,0,1,0,0,0,0,1,1
117479,003500000224jvUAAQ,0.0,50,2156.0,1887.0,0,1,0,0,0,0,0,0,1,0,0,1,0
117501,003500000224lxiAAA,0.0,0,0.0,1827.0,0,0,0,1,0,0,1,0,0,0,0,1,1
117511,003500000224mQQAAY,0.0,0,0.0,1461.0,0,1,0,0,0,0,1,0,0,0,0,1,1
117517,003500000224moXAAQ,0.0,0,0.0,3219.0,0,0,0,1,0,0,0,0,0,1,0,1,0
117536,003500000224oiLAAQ,0.0,100,786.0,2445.0,0,1,0,0,0,0,0,0,0,1,1,0,1
117560,003500000224poKAAQ,0.0,0,1453.0,2190.0,0,1,0,0,0,0,0,0,0,1,0,1,1
117561,003500000224potAAA,0.0,0,0.0,1795.0,0,0,0,1,0,0,0,0,1,0,0,1,1
117562,003500000224ppJAAQ,0.0,0,0.0,1673.0,0,0,0,1,0,0,0,0,1,0,0,1,0
117564,003500000224pquAAA,0.0,0,0.0,7336.0,0,0,0,1,0,0,0,0,1,0,0,1,1
117567,003500000224q3PAAQ,0.0,0,5001.0,4626.0,0,1,0,0,0,1,0,0,0,0,0,1,1
117572,003500000224r1jAAA,0.0,0,2405.0,1248.0,1,0,0,0,0,1,0,0,0,0,1,0,0
117580,003500000224rBtAAI,0.0,0,98.0,3639.0,0,0,0,0,1,1,0,0,0,0,0,1,1
117581,003500000224rCIAAY,0.0,0,70.0,8364.0,0,1,0,0,0,0,1,0,0,0,0,1,1
117589,003500000224sTkAAI,0.0,60,0.0,3193.0,0,0,0,1,0,0,0,0,1,0,0,1,0
117590,003500000224sUEAAY,0.0,40,3066.0,1421.0,1,0,0,0,0,0,0,0,1,0,0,1,1
117597,003500000224u5WAAQ,0.0,80,893.0,1817.0,1,0,0,0,0,0,0,0,1,0,0,1,1
117606,003500000224v7vAAA,0.0,0,11935.0,1269.0,0,0,0,1,0,0,0,0,1,0,1,0,1
117612,003500000224vYuAAI,0.0,100,6012.0,8448.0,0,1,0,0,0,1,0,0,0,0,0,1,1
117615,003500000224vqNAAQ,0.0,0,17.0,1461.0,0,0,0,1,0,0,0,0,1,0,1,0,1
117621,003500000224wUgAAI,0.0,100,3028.0,1515.0,0,0,0,1,0,0,0,0,1,0,0,1,1
117622,003500000224wXuAAI,0.0,30,31.0,1014.0,0,0,0,1,0,0,1,0,0,0,0,1,1
117624,003500000224wZCAAY,0.0,80,415.0,5893.0,0,0,0,1,0,0,1,0,0,0,0,1,0
117628,003500000224wuAAAQ,0.0,0,349.0,2877.0,1,0,0,0,0,0,1,0,0,0,0,1,1
117629,003500000224xbpAAA,0.0,70,1106.0,12930.0,1,0,0,0,0,0,1,0,0,0,0,1,0
117633,003500000224yGKAAY,0.0,70,1597.0,3182.0,0,0,0,0,1,0,1,0,0,0,1,0,1
117635,003500000224yZ7AAI,0.0,40,585.0,1298.0,0,1,0,0,0,0,1,0,0,0,0,1,0
117638,003500000224yeCAAQ,0.0,0,0.0,1122.0,0,0,0,1,0,0,1,0,0,0,0,1,0
117641,003500000224ywLAAQ,0.0,0,0.0,12645.0,0,0,0,1,0,0,1,0,0,0,0,1,0
117642,003500000224yxOAAQ,0.0,0,0.0,2120.0,0,0,0,1,0,0,1,0,0,0,1,0,0
117644,003500000224z1LAAQ,0.0,0,0.0,3807.0,0,0,0,1,0,0,1,0,0,0,0,1,0
117647,003500000224zLGAAY,0.0,0,10.0,7591.0,1,0,0,0,0,0,1,0,0,0,0,1,1
117653,003500000224zvoAAA,0.0,0,11509.0,991.0,1,0,0,0,0,1,0,0,0,0,1,0,1
117658,0035000002250KoAAI,0.0,0,2786.0,1460.0,0,0,0,0,1,0,0,0,1,0,0,1,1
117659,0035000002250PsAAI,0.0,0,16.0,10346.0,0,0,0,0,1,0,0,0,1,0,0,1,1
117660,0035000002250T1AAI,0.0,90,1317.0,4110.0,0,0,0,0,1,0,0,0,0,1,0,1,1
117662,0035000002250YpAAI,0.0,0,546.0,1244.0,0,0,0,1,0,0,1,0,0,0,0,1,0
117680,0035000002252ZMAAY,0.0,40,1406.0,1703.0,0,0,0,1,0,0,0,0,1,0,0,1,1
117683,0035000002252t2AAA,0.0,0,3526.0,1458.0,0,0,0,0,1,0,0,0,0,1,1,0,1
117685,0035000002252xEAAQ,0.0,0,10.0,4667.0,0,0,0,1,0,0,1,0,0,0,0,1,1
117687,00350000022532YAAQ,0.0,0,5776.0,3191.0,1,0,0,0,0,1,0,0,0,0,0,1,0
117692,0035000002253OKAAY,0.0,80,3805.0,1460.0,0,0,0,0,1,0,0,0,1,0,1,0,1
117711,0035000002255TBAAY,0.0,0,0.0,1461.0,0,1,0,0,0,0,1,0,0,0,0,1,1
117728,00350000022577LAAQ,0.0,0,1031.0,3039.0,1,0,0,0,0,0,1,0,0,0,1,0,1
117762,003500000225AW4AAM,0.0,0,562.0,1826.0,0,1,0,0,0,0,0,0,1,0,0,1,1
117770,003500000225C5jAAE,0.0,0,3053.0,1923.0,0,1,0,0,0,0,0,0,0,1,0,1,1
117801,003500000225GDiAAM,0.0,90,2001.0,2900.0,0,1,0,0,0,0,1,0,0,0,0,1,1
117806,003500000225Gf8AAE,0.0,0,85.0,7950.0,0,0,0,0,1,0,0,0,0,1,0,1,1
117812,003500000225H3pAAE,0.0,80,487.0,7319.0,0,0,0,1,0,0,0,0,0,1,0,1,0
117825,003500000225ItDAAU,0.0,0,15.0,9070.0,0,0,0,1,0,0,1,0,0,0,0,1,0
117830,003500000225JKFAA2,0.0,0,59.0,4236.0,0,0,0,1,0,0,0,0,0,1,0,1,1
117832,003500000225JY6AAM,0.0,0,1112.0,1295.0,1,0,0,0,0,1,0,0,0,0,0,1,1
117834,003500000225JgaAAE,0.0,0,5258.0,2405.0,1,0,0,0,0,0,1,0,0,0,0,1,1
117835,003500000225Ji6AAE,0.0,60,1659.0,7452.0,0,0,0,0,1,0,1,0,0,0,0,1,1
117836,003500000225JkqAAE,0.0,0,3150.0,1463.0,0,0,0,1,0,0,0,0,1,0,0,1,1
117837,003500000225JnkAAE,0.0,0,3783.0,1515.0,0,0,0,0,1,1,0,0,0,0,0,1,1
117840,003500000225K97AAE,0.0,0,3444.0,1461.0,0,0,0,1,0,0,1,0,0,0,0,1,0
117841,003500000225KIWAA2,0.0,70,64.0,1826.0,0,1,0,0,0,0,1,0,0,0,0,1,1
117843,003500000225KKmAAM,0.0,100,144.0,2697.0,0,1,0,0,0,0,1,0,0,0,0,1,0
117844,003500000225KOWAA2,0.0,0,255.0,3258.0,1,0,0,0,0,0,1,0,0,0,0,1,1
117845,003500000225KTUAA2,0.0,0,28.0,4045.0,0,1,0,0,0,0,1,0,0,0,0,1,1
117853,003500000225KyhAAE,0.0,0,324.0,1937.0,0,1,0,0,0,0,1,0,0,0,0,1,1
117854,003500000225KzGAAU,0.0,0,0.0,2801.0,0,0,0,1,0,0,1,0,0,0,1,0,0
117855,003500000225KzaAAE,0.0,0,0.0,3164.0,0,0,0,1,0,0,1,0,0,0,0,1,0
117856,003500000225L1cAAE,0.0,70,1629.0,9726.0,0,0,0,0,1,0,1,0,0,0,0,1,1
117857,003500000225L4BAAU,0.0,0,0.0,2922.0,1,0,0,0,0,0,1,0,0,0,0,1,0
117859,003500000225L5dAAE,0.0,0,0.0,12842.0,0,0,0,1,0,0,1,0,0,0,0,1,0
117860,003500000225L6qAAE,0.0,0,2234.0,1461.0,0,1,0,0,0,0,0,0,0,1,0,1,1
117862,003500000225La7AAE,0.0,0,0.0,7039.0,0,0,0,1,0,0,1,0,0,0,0,1,0
117863,003500000225LdBAAU,0.0,0,0.0,5200.0,0,0,0,1,0,0,1,0,0,0,1,0,1
117864,003500000225LesAAE,0.0,90,0.0,4504.0,0,0,0,1,0,0,1,0,0,0,0,1,1
117865,003500000225LfHAAU,0.0,0,0.0,4446.0,0,0,0,1,0,0,1,0,0,0,0,1,0
117866,003500000225LgUAAU,0.0,0,137.0,7844.0,0,0,0,0,1,0,0,0,0,1,0,1,1
117869,003500000225MbDAAU,0.0,20,4478.0,1149.0,0,1,0,0,0,0,0,0,0,1,0,1,1
117873,003500000225MjqAAE,0.0,0,4706.0,1819.0,0,0,0,1,0,0,1,0,0,0,0,1,1
117877,003500000225NAhAAM,0.0,0,2055.0,7746.0,0,1,0,0,0,0,1,0,0,0,0,1,1
117878,003500000225NPNAA2,0.0,0,2183.0,3340.0,0,0,0,1,0,0,1,0,0,0,0,1,1
117880,003500000225NUhAAM,0.0,0,2796.0,1461.0,0,0,0,1,0,0,0,0,1,0,0,1,1
117882,003500000225NZhAAM,0.0,0,0.0,5933.0,0,1,0,0,0,0,1,0,0,0,0,1,0
117883,003500000225NcgAAE,0.0,0,0.0,5875.0,1,0,0,0,0,0,1,0,0,0,1,0,0
117884,003500000225NgnAAE,0.0,0,0.0,4383.0,0,0,0,1,0,0,1,0,0,0,0,1,0
117888,003500000225NtmAAE,0.0,60,3152.0,7586.0,0,0,0,0,1,0,0,0,0,1,0,1,0
117903,003500000225OyFAAU,0.0,0,0.0,5482.0,0,0,0,1,0,0,1,0,0,0,0,1,0
117905,003500000225P77AAE,0.0,90,572.0,8093.0,0,0,0,0,1,0,1,0,0,0,0,1,0
117907,003500000225PBTAA2,0.0,0,0.0,7131.0,0,0,0,1,0,0,1,0,0,0,0,1,0
117910,003500000225PVEAA2,0.0,20,1609.0,2922.0,0,1,0,0,0,0,1,0,0,0,0,1,1
117914,003500000225PdrAAE,0.0,0,1530.0,5112.0,1,0,0,0,0,0,0,0,0,1,0,1,1
117915,003500000225PfTAAU,0.0,0,0.0,5284.0,0,0,0,1,0,0,1,0,0,0,0,1,1
117928,003500000225QkUAAU,0.0,0,124.0,1460.0,0,0,0,1,0,0,0,1,0,0,1,0,1
117929,003500000225QqDAAU,0.0,80,283.0,3554.0,1,0,0,0,0,1,0,0,0,0,0,1,0
117930,003500000225QtHAAU,0.0,0,63.0,3024.0,0,1,0,0,0,0,0,0,1,0,0,1,1
117931,003500000225QunAAE,0.0,0,866.0,1431.0,0,1,0,0,0,0,1,0,0,0,1,0,1
117939,003500000225SPlAAM,0.0,0,54.0,6500.0,1,0,0,0,0,1,0,0,0,0,1,0,1
117943,003500000225SkUAAU,0.0,70,2148.0,8122.0,0,0,0,0,1,0,1,0,0,0,0,1,1
117948,003500000225SycAAE,0.0,30,602.0,2981.0,0,0,0,1,0,0,1,0,0,0,1,0,1
117955,003500000225TJFAA2,0.0,0,1456.0,1422.0,0,1,0,0,0,0,0,0,1,0,0,1,1
117956,003500000225TK8AAM,0.0,0,0.0,3044.0,0,0,0,1,0,0,1,0,0,0,0,1,0
117959,003500000225TTeAAM,0.0,0,0.0,2192.0,1,0,0,0,0,0,1,0,0,0,0,1,0
117960,003500000225TTyAAM,0.0,80,1576.0,2120.0,0,1,0,0,0,0,1,0,0,0,0,1,0
117963,003500000225TdKAAU,0.0,50,837.0,2194.0,0,0,0,1,0,0,1,0,0,0,1,0,1
117966,003500000225U83AAE,0.0,70,402.0,2520.0,0,0,0,1,0,0,1,0,0,0,1,0,1
117969,003500000225UKTAA2,0.0,0,504.0,3130.0,0,1,0,0,0,0,1,0,0,0,1,0,0
117974,003500000225UgPAAU,0.0,0,555.0,3472.0,0,0,0,1,0,0,1,0,0,0,1,0,0
117975,003500000225UiKAAU,0.0,0,246.0,2192.0,0,0,0,1,0,0,1,0,0,0,0,1,1
117977,003500000225Ux5AAE,0.0,80,327.0,14051.0,1,0,0,0,0,0,1,0,0,0,0,1,0
117978,003500000225V0OAAU,0.0,100,2813.0,1197.0,0,1,0,0,0,0,1,0,0,0,0,1,1
117982,003500000225VHyAAM,0.0,0,77.0,1277.0,0,0,0,1,0,0,1,0,0,0,1,0,1
117983,003500000225VLWAA2,0.0,80,5.0,2424.0,0,0,0,1,0,0,1,0,0,0,1,0,1
117987,003500000225WYeAAM,0.0,20,2667.0,1520.0,0,0,0,1,0,0,1,0,0,0,0,1,1
118010,003500000225bZ7AAI,0.0,0,0.0,1461.0,0,0,0,1,0,0,0,0,1,0,0,1,0
118011,003500000225bbNAAQ,0.0,0,0.0,1460.0,0,0,0,1,0,0,0,0,1,0,0,1,0
118012,003500000225bjqAAA,0.0,0,0.0,2763.0,0,1,0,0,0,0,0,0,1,0,0,1,0
118019,003500000225c0dAAA,0.0,0,0.0,1461.0,0,0,0,1,0,0,0,0,1,0,0,1,0
118025,003500000225czCAAQ,0.0,0,0.0,4129.0,0,0,0,1,0,0,0,0,1,0,0,1,0
118033,003500000225fpxAAA,0.0,40,2213.0,1461.0,1,0,0,0,0,0,1,0,0,0,0,1,0
118052,003500000225hVsAAI,0.0,70,2925.0,2191.0,0,1,0,0,0,0,1,0,0,0,0,1,1
118054,003500000225hnXAAQ,0.0,0,0.0,2191.0,0,0,0,1,0,0,1,0,0,0,0,1,0
118056,003500000225i0xAAA,0.0,0,685.0,6207.0,0,1,0,0,0,1,0,0,0,0,0,1,1
118100,003500000225mAXAAY,0.0,50,453.0,3256.0,1,0,0,0,0,0,1,0,0,0,0,1,1
118104,003500000225mcWAAQ,0.0,70,3222.0,1160.0,0,0,0,1,0,1,0,0,0,0,0,1,0
118107,003500000225miAAAQ,0.0,0,43.0,3331.0,0,0,0,1,0,0,0,0,1,0,0,1,1
118110,003500000225mt3AAA,0.0,0,1925.0,3734.0,1,0,0,0,0,0,0,0,0,1,0,1,1
118112,003500000225n3hAAA,0.0,60,2896.0,1806.0,1,0,0,0,0,0,0,0,0,1,1,0,1
118115,003500000225nGvAAI,0.0,20,2147.0,2192.0,0,1,0,0,0,0,0,0,0,1,0,1,1
118117,003500000225nQvAAI,0.0,0,0.0,2799.0,0,0,0,1,0,0,1,0,0,0,0,1,0
118123,003500000225njVAAQ,0.0,0,1423.0,1494.0,0,1,0,0,0,0,1,0,0,0,0,1,1
118125,003500000225o57AAA,0.0,0,1661.0,1826.0,0,1,0,0,0,0,0,0,1,0,0,1,1
118133,003500000225p2bAAA,0.0,0,1667.0,10380.0,0,0,0,1,0,0,1,0,0,0,0,1,1
118139,003500000225pTVAAY,0.0,60,8939.0,1095.0,1,0,0,0,0,0,0,0,0,1,0,1,1
118145,003500000225pe1AAA,0.0,0,403.0,395.0,0,0,0,0,1,0,1,0,0,0,0,1,1
118155,003500000225qn2AAA,0.0,0,1570.0,2922.0,0,1,0,0,0,0,1,0,0,0,0,1,1
118157,003500000225quYAAQ,0.0,0,0.0,9532.0,1,0,0,0,0,0,1,0,0,0,0,1,0
118158,003500000225qxWAAQ,0.0,0,0.0,8428.0,1,0,0,0,0,0,1,0,0,0,0,1,0
118162,003500000225rRRAAY,0.0,0,1.0,1742.0,0,0,0,0,1,0,1,0,0,0,0,1,1
118165,003500000225rThAAI,0.0,0,0.0,15523.0,1,0,0,0,0,0,1,0,0,0,1,0,1
118166,003500000225rXKAAY,0.0,0,8309.0,732.0,1,0,0,0,0,0,0,0,0,1,0,1,1
118177,003500000225ruTAAQ,0.0,100,950.0,3369.0,0,0,0,1,0,0,1,0,0,0,0,1,0
118179,003500000225ryaAAA,0.0,80,1942.0,7765.0,0,0,0,0,1,0,1,0,0,0,0,1,0
118187,003500000225snoAAA,0.0,0,11.0,1715.0,0,0,0,1,0,0,1,0,0,0,0,1,0
118188,003500000225t1lAAA,0.0,0,148.0,3163.0,0,0,0,0,1,1,0,0,0,0,0,1,1
118190,003500000225tMjAAI,0.0,0,269.0,8835.0,0,1,0,0,0,0,1,0,0,0,0,1,1
118193,003500000225ta7AAA,0.0,0,194.0,1632.0,1,0,0,0,0,0,1,0,0,0,0,1,1
118197,003500000225tuoAAA,0.0,0,4058.0,962.0,0,0,0,1,0,1,0,0,0,0,1,0,0
118198,003500000225u1QAAQ,0.0,0,0.0,1579.0,0,0,0,1,0,0,1,0,0,0,0,1,0
118204,003500000225uCOAAY,0.0,0,0.0,2849.0,0,0,0,1,0,0,1,0,0,0,1,0,1
118206,003500000225uLVAAY,0.0,0,44.0,3672.0,0,0,0,0,1,0,1,0,0,0,0,1,0
118208,003500000225uNvAAI,0.0,0,0.0,734.0,0,0,0,1,0,0,1,0,0,0,0,1,1
118209,003500000225uPIAAY,0.0,0,541.0,3639.0,1,0,0,0,0,1,0,0,0,0,0,1,0
118211,003500000225uakAAA,0.0,50,1378.0,5113.0,0,1,0,0,0,0,0,0,0,1,0,1,1
118213,003500000225vVrAAI,0.0,0,0.0,1306.0,1,0,0,0,0,0,1,0,0,0,0,1,1
118215,003500000225vilAAA,0.0,0,2.0,1373.0,0,0,0,1,0,0,0,0,1,0,0,1,1
118218,003500000225w56AAA,0.0,0,0.0,9973.0,0,0,0,1,0,0,1,0,0,0,0,1,0
118219,003500000225w6OAAQ,0.0,0,0.0,5783.0,0,0,0,1,0,0,1,0,0,0,0,1,0
118224,003500000225wQnAAI,0.0,0,1263.0,1461.0,0,0,0,1,0,0,0,0,1,0,0,1,0
118229,003500000225wyTAAQ,0.0,0,278.0,1460.0,0,1,0,0,0,0,0,0,1,0,1,0,1
118230,003500000225wzHAAQ,0.0,30,1663.0,1462.0,0,1,0,0,0,1,0,0,0,0,1,0,1
118237,003500000225xpeAAA,0.0,0,6879.0,1529.0,0,0,0,0,1,0,0,0,1,0,0,1,1
118241,003500000225xtJAAQ,0.0,0,0.0,4221.0,0,0,0,1,0,0,1,0,0,0,0,1,1
118245,003500000225xzKAAQ,0.0,0,0.0,4489.0,0,0,0,1,0,0,1,0,0,0,0,1,1
118247,003500000225y1pAAA,0.0,0,0.0,2150.0,0,0,0,1,0,0,1,0,0,0,0,1,0
118257,003500000225zHOAAY,0.0,0,2995.0,7331.0,0,1,0,0,0,0,0,0,0,1,0,1,1
118260,003500000225zXqAAI,0.0,40,1063.0,3104.0,0,1,0,0,0,1,0,0,0,0,0,1,1
118262,003500000225zmgAAA,0.0,60,2396.0,1322.0,0,0,0,0,1,0,1,0,0,0,0,1,0
118303,0035000002265gHAAQ,0.0,0,0.0,10408.0,0,0,0,1,0,0,1,0,0,0,0,1,1
118326,00350000022697AAAQ,0.0,0,1408.0,5112.0,0,0,0,1,0,0,0,0,0,1,0,1,0
118332,0035000002269bcAAA,0.0,0,16.0,1207.0,0,1,0,0,0,0,1,0,0,0,0,1,1
118343,003500000226C7NAAU,0.0,0,2924.0,7331.0,0,1,0,0,0,0,0,0,0,1,0,1,1
118351,003500000226CtRAAU,0.0,0,1768.0,2921.0,0,1,0,0,0,0,1,0,0,0,0,1,1
118359,003500000226DBkAAM,0.0,0,939.0,1855.0,1,0,0,0,0,0,0,0,0,1,1,0,0
118369,003500000226EdzAAE,0.0,60,1974.0,2433.0,1,0,0,0,0,0,1,0,0,0,0,1,1
118370,003500000226EkWAAU,0.0,0,0.0,3355.0,0,0,0,1,0,0,1,0,0,0,0,1,1
118381,003500000226FAAAA2,0.0,0,256.0,3632.0,0,0,0,1,0,0,1,0,0,0,0,1,0
118387,003500000226FgQAAU,0.0,10,1375.0,8633.0,0,0,0,0,1,1,0,0,0,0,0,1,1
118388,003500000226FhdAAE,0.0,100,0.0,1945.0,0,0,0,1,0,0,1,0,0,0,0,1,0
118393,003500000226G1OAAU,0.0,0,190.0,1761.0,0,1,0,0,0,0,1,0,0,0,1,0,1
118394,003500000226G1eAAE,0.0,0,239.0,1887.0,0,0,0,1,0,0,0,0,0,1,0,1,0
118398,003500000226GP6AAM,0.0,90,1420.0,2891.0,0,0,0,1,0,0,1,0,0,0,0,1,1
118399,003500000226GblAAE,0.0,0,274.0,5592.0,0,1,0,0,0,0,0,0,1,0,0,1,1
118407,003500000226Gw3AAE,0.0,0,1429.0,1655.0,0,1,0,0,0,0,1,0,0,0,0,1,1
118409,003500000226HDTAA2,0.0,0,2094.0,1890.0,1,0,0,0,0,0,1,0,0,0,0,1,1
118410,003500000226HLXAA2,0.0,60,3374.0,1022.0,0,1,0,0,0,0,0,0,1,0,0,1,1
118417,003500000226HzIAAU,0.0,10,2764.0,2921.0,0,0,0,0,1,0,1,0,0,0,1,0,1
118419,003500000226JBSAA2,0.0,0,289.0,3093.0,0,0,0,1,0,0,1,0,0,0,0,1,0
118420,003500000226JePAAU,0.0,0,13221.0,608.0,0,1,0,0,0,1,0,0,0,0,0,1,0
118432,003500000226KYNAA2,0.0,0,5997.0,7447.0,0,0,0,0,1,0,1,0,0,0,1,0,1
118433,003500000226KcZAAU,0.0,0,1402.0,1706.0,1,0,0,0,0,0,1,0,0,0,0,1,0
118435,003500000226KrZAAU,0.0,0,151.0,4917.0,0,0,0,1,0,0,1,0,0,0,0,1,0
118436,003500000226KutAAE,0.0,0,2722.0,1461.0,0,0,0,1,0,0,1,0,0,0,0,1,1
118437,003500000226KvbAAE,0.0,0,0.0,2921.0,0,0,0,1,0,0,1,0,0,0,1,0,0
118440,003500000226KyXAAU,0.0,0,0.0,3371.0,0,0,0,1,0,0,1,0,0,0,0,1,0
118441,003500000226Kz1AAE,0.0,0,0.0,8982.0,0,0,0,0,1,0,1,0,0,0,0,1,0
118442,003500000226KzaAAE,0.0,0,0.0,10684.0,0,0,0,1,0,0,1,0,0,0,0,1,0
118444,003500000226L3SAAU,0.0,0,0.0,4591.0,0,0,0,1,0,0,1,0,0,0,0,1,1
118445,003500000226L59AAE,0.0,0,0.0,4383.0,0,0,0,1,0,0,1,0,0,0,1,0,0
118446,003500000226L6RAAU,0.0,0,9885.0,1726.0,0,0,0,1,0,0,1,0,0,0,0,1,0
118451,003500000226Lo8AAE,0.0,80,889.0,4929.0,1,0,0,0,0,0,0,0,0,1,0,1,1
118456,003500000226M3DAAU,0.0,0,243.0,3966.0,0,0,0,1,0,0,1,0,0,0,0,1,1
118458,003500000226MGbAAM,0.0,80,3321.0,4637.0,0,0,0,1,0,0,1,0,0,0,0,1,1
118463,003500000226MTzAAM,0.0,0,183.0,8790.0,0,0,0,1,0,1,0,0,0,0,0,1,0
118470,003500000226OJNAA2,0.0,90,290.0,9863.0,0,0,0,1,0,0,0,0,1,0,0,1,0
118472,003500000226OoGAAU,0.0,0,31.0,1965.0,0,1,0,0,0,1,0,0,0,0,0,1,0
118478,003500000226PPmAAM,0.0,40,1815.0,1825.0,0,0,0,0,1,0,0,0,0,1,1,0,1
118502,003500000226QtAAAU,0.0,0,1590.0,1460.0,0,0,0,1,0,1,0,0,0,0,0,1,1
118516,003500000226U0DAAU,0.0,0,0.0,526.0,0,0,0,1,0,0,1,0,0,0,0,1,0
118519,003500000226UBfAAM,0.0,0,0.0,4442.0,0,0,0,1,0,0,1,0,0,0,1,0,1
118520,003500000226UEoAAM,0.0,0,0.0,5844.0,0,1,0,0,0,0,1,0,0,0,0,1,0
118521,003500000226UFhAAM,0.0,0,0.0,2192.0,0,0,0,1,0,0,1,0,0,0,0,1,1
118532,00350000023IuwqAAC,0.0,0,0.0,1461.0,0,0,0,1,0,0,1,0,0,0,0,1,1
118550,003500000244EODAA2,0.0,30,1468.0,3993.0,0,0,0,0,1,0,0,0,1,0,0,1,1
118552,003500000244F1EAAU,0.0,40,980.0,7777.0,0,1,0,0,0,0,1,0,0,0,0,1,1
118554,003500000244FGfAAM,0.0,0,3294.0,3068.0,0,0,0,1,0,0,0,0,0,1,0,1,1
118556,003500000244FO0AAM,0.0,0,39.0,3404.0,0,1,0,0,0,0,1,0,0,0,0,1,1
118560,003500000244FfBAAU,0.0,0,644.0,4430.0,0,0,0,0,1,1,0,0,0,0,0,1,1
118562,003500000244Fn9AAE,0.0,80,4199.0,915.0,0,0,0,0,1,0,1,0,0,0,0,1,1
118565,003500000244GYqAAM,0.0,0,202.0,2191.0,0,0,0,1,0,1,0,0,0,0,0,1,1
118566,003500000244GYuAAM,0.0,80,3264.0,3065.0,0,0,0,0,1,0,1,0,0,0,0,1,1
118567,003500000244GZsAAM,0.0,0,570.0,3226.0,0,0,0,0,1,0,1,0,0,0,0,1,1
118569,003500000244GaHAAU,0.0,0,741.0,1058.0,0,0,0,1,0,0,1,0,0,0,0,1,0
118570,003500000244GdfAAE,0.0,0,63.0,1933.0,0,0,0,1,0,0,1,0,0,0,0,1,0
118571,003500000244GeJAAU,0.0,0,3396.0,2264.0,0,1,0,0,0,0,1,0,0,0,0,1,1
118575,003500000244GiRAAU,0.0,70,553.0,3098.0,0,1,0,0,0,0,0,0,0,1,0,1,1
118579,003500000244J2tAAE,0.0,70,37.0,11198.0,0,0,0,0,1,0,1,0,0,0,0,1,1
118586,003500000244JMPAA2,0.0,90,83.0,6527.0,0,0,0,1,0,0,1,0,0,0,0,1,1
118587,003500000244JbAAAU,0.0,90,0.0,4937.0,0,0,0,1,0,0,0,0,1,0,0,1,1
118594,003500000244K0yAAE,0.0,0,3995.0,2828.0,0,1,0,0,0,0,1,0,0,0,1,0,1
118599,003500000244KMBAA2,0.0,40,678.0,1232.0,0,0,0,1,0,0,1,0,0,0,0,1,1
118602,003500000244KSpAAM,0.0,30,1862.0,2974.0,0,0,0,1,0,1,0,0,0,0,0,1,1
118604,003500000244Kp0AAE,0.0,10,204.0,1386.0,0,1,0,0,0,0,0,0,1,0,0,1,1
118608,003500000244L41AAE,0.0,0,919.0,7326.0,0,0,0,0,1,1,0,0,0,0,0,1,0
118609,003500000244L6uAAE,0.0,20,802.0,5183.0,0,0,0,0,1,0,0,0,1,0,0,1,1
118610,003500000244L79AAE,0.0,0,1165.0,7236.0,0,0,0,0,1,0,1,0,0,0,0,1,1
118614,003500000244L7YAAU,0.0,0,137.0,1825.0,0,1,0,0,0,0,0,0,0,1,0,1,0
118619,003500000244L8qAAE,0.0,0,48.0,4335.0,0,0,0,1,0,0,1,0,0,0,0,1,1
118626,003500000244LBfAAM,0.0,0,1800.0,4102.0,0,0,0,0,1,0,1,0,0,0,1,0,0
118631,003500000244LS7AAM,0.0,0,2734.0,1823.0,1,0,0,0,0,0,0,0,0,1,0,1,1
118633,003500000244Lc6AAE,0.0,70,8071.0,2272.0,0,1,0,0,0,0,0,0,0,1,0,1,1
118638,003500000244M1kAAE,0.0,40,7503.0,2550.0,0,0,0,1,0,0,1,0,0,0,0,1,1
118639,003500000244M4eAAE,0.0,0,81.0,5337.0,0,1,0,0,0,0,1,0,0,0,0,1,1
118647,003500000244MxpAAE,0.0,0,10037.0,1112.0,0,1,0,0,0,1,0,0,0,0,0,1,1
118658,003500000244NfXAAU,0.0,0,4344.0,2922.0,1,0,0,0,0,0,1,0,0,0,0,1,1
118659,003500000244NluAAE,0.0,0,216.0,5459.0,0,1,0,0,0,0,1,0,0,0,0,1,1
118669,003500000244OJIAA2,0.0,30,357.0,3361.0,0,1,0,0,0,0,1,0,0,0,0,1,1
118675,003500000244OSjAAM,0.0,0,725.0,1460.0,0,0,0,1,0,0,0,0,1,0,0,1,0
118684,003500000244PWoAAM,0.0,0,914.0,2739.0,0,0,0,1,0,0,0,0,0,1,0,1,1
118687,003500000244PyKAAU,0.0,0,0.0,1461.0,0,0,0,1,0,0,0,0,0,1,0,1,1
118701,003500000244Rs5AAE,0.0,0,0.0,7318.0,0,1,0,0,0,1,0,0,0,0,1,0,1
118705,003500000244RvEAAU,0.0,0,0.0,7115.0,0,0,0,1,0,0,1,0,0,0,0,1,0
118706,003500000244RvsAAE,0.0,0,24.0,11956.0,0,0,0,1,0,0,1,0,0,0,0,1,1
118708,003500000244RyDAAU,0.0,0,0.0,4081.0,0,1,0,0,0,0,1,0,0,0,0,1,0
118713,003500000244SBRAA2,0.0,0,0.0,1765.0,0,0,0,1,0,0,1,0,0,0,1,0,0
118720,003500000244T8YAAU,0.0,0,1482.0,1460.0,1,0,0,0,0,0,0,0,1,0,0,1,1
118722,003500000244TIPAA2,0.0,0,43.0,7312.0,1,0,0,0,0,1,0,0,0,0,0,1,0
118727,003500000244TSyAAM,0.0,10,1827.0,3013.0,0,1,0,0,0,0,1,0,0,0,0,1,1
118738,003500000244UT9AAM,0.0,0,203.0,4843.0,0,0,0,1,0,1,0,0,0,0,1,0,1
118743,003500000244UtBAAU,0.0,0,0.0,1736.0,0,0,0,1,0,0,1,0,0,0,0,1,0
118744,003500000244UtfAAE,0.0,100,0.0,760.0,0,0,0,1,0,0,1,0,0,0,0,1,1
118745,003500000244UuTAAU,0.0,100,821.0,1560.0,0,0,0,1,0,0,1,0,0,0,0,1,0
118750,003500000244VIwAAM,0.0,0,119.0,3984.0,0,0,0,1,0,0,1,0,0,0,1,0,1
118753,003500000244VcaAAE,0.0,60,3350.0,4619.0,0,1,0,0,0,0,0,0,0,1,0,1,1
118758,003500000244WpDAAU,0.0,0,0.0,10982.0,0,0,0,1,0,0,0,0,0,1,0,1,1
118768,003500000244XumAAE,0.0,50,2016.0,1827.0,0,1,0,0,0,0,1,0,0,0,0,1,1
118777,003500000244YicAAE,0.0,0,0.0,3986.0,0,0,0,1,0,0,1,0,0,0,0,1,1
118784,003500000244aH8AAI,0.0,0,10206.0,2071.0,1,0,0,0,0,1,0,0,0,0,0,1,0
118791,003500000244beIAAQ,0.0,0,0.0,3075.0,0,0,0,1,0,0,1,0,0,0,0,1,1
118797,003500000244bw2AAA,0.0,40,7832.0,4018.0,0,0,0,0,1,0,0,0,0,1,0,1,0
118801,003500000244c8XAAQ,0.0,0,0.0,14244.0,0,0,0,1,0,0,1,0,0,0,0,1,0
118802,003500000244cA9AAI,0.0,0,5031.0,1338.0,0,0,0,1,0,0,1,0,0,0,1,0,1
118808,003500000244cbpAAA,0.0,0,286.0,9135.0,0,0,0,1,0,0,1,0,0,0,0,1,1
118815,003500000244dWWAAY,0.0,0,0.0,2943.0,0,0,0,1,0,0,1,0,0,0,0,1,1
118816,003500000244eAHAAY,0.0,0,0.0,2557.0,0,0,0,0,1,0,1,0,0,0,0,1,1
118818,003500000244eGvAAI,0.0,0,10631.0,2189.0,1,0,0,0,0,0,1,0,0,0,0,1,0
118822,003500000244feSAAQ,0.0,0,715.0,7115.0,0,1,0,0,0,1,0,0,0,0,1,0,0
118828,003500000244gTfAAI,0.0,50,2207.0,6187.0,0,0,0,0,1,1,0,0,0,0,0,1,1
118852,003500000244hCbAAI,0.0,40,3314.0,7293.0,0,1,0,0,0,0,1,0,0,0,0,1,0
118853,003500000244hGeAAI,0.0,0,843.0,2795.0,0,0,0,1,0,0,0,0,0,1,1,0,1
118867,003500000244j4kAAA,0.0,90,1308.0,1615.0,0,0,0,1,0,0,1,0,0,0,1,0,1
118872,003500000244jEfAAI,0.0,0,141.0,1460.0,0,1,0,0,0,0,1,0,0,0,0,1,1
118897,003500000244ksVAAQ,0.0,40,1678.0,1283.0,0,1,0,0,0,0,0,0,0,1,0,1,1
118901,003500000244lwMAAQ,0.0,0,6956.0,6486.0,0,0,0,1,0,1,0,0,0,0,0,1,1
118902,003500000244mWAAAY,0.0,10,3413.0,1461.0,0,1,0,0,0,0,0,0,1,0,0,1,0
118909,003500000244mnXAAQ,0.0,0,6.0,2922.0,0,1,0,0,0,0,0,0,1,0,0,1,1
118911,003500000244mouAAA,0.0,0,2859.0,1461.0,0,0,0,1,0,0,0,0,0,1,0,1,1
118912,003500000244mv4AAA,0.0,0,80.0,7732.0,0,0,0,0,1,1,0,0,0,0,0,1,1
118916,003500000244o5IAAQ,0.0,0,436.0,1400.0,1,0,0,0,0,0,1,0,0,0,0,1,1
118921,003500000244oJUAAY,0.0,0,0.0,6450.0,1,0,0,0,0,0,1,0,0,0,0,1,1
118922,003500000244oLfAAI,0.0,0,0.0,2558.0,0,0,0,1,0,0,1,0,0,0,0,1,0
118925,003500000244odeAAA,0.0,0,8142.0,1097.0,0,1,0,0,0,0,1,0,0,0,0,1,1
118926,003500000244ojrAAA,0.0,0,0.0,2191.0,0,0,0,1,0,0,0,0,0,1,0,1,1
118927,003500000244okGAAQ,0.0,0,10378.0,2191.0,0,1,0,0,0,0,0,0,0,1,0,1,0
118930,003500000244ooDAAQ,0.0,0,0.0,8786.0,0,1,0,0,0,0,0,0,0,1,0,1,1
118942,003500000244pHnAAI,0.0,0,0.0,1460.0,0,0,0,1,0,0,1,0,0,0,1,0,0
118943,003500000244pI7AAI,0.0,0,0.0,2479.0,0,0,0,1,0,0,1,0,0,0,1,0,0
118944,003500000244pPIAAY,0.0,0,0.0,3363.0,0,0,0,1,0,0,1,0,0,0,0,1,0
118963,003500000244qCoAAI,0.0,0,0.0,7374.0,0,0,0,1,0,0,1,0,0,0,0,1,0
118998,003500000244wUYAAY,0.0,0,2548.0,2557.0,0,0,0,0,1,0,1,0,0,0,0,1,0
119022,003500000244ymaAAA,0.0,0,2133.0,3266.0,0,0,0,0,1,0,0,0,1,0,0,1,1
119041,003500000244zzzAAA,0.0,70,89.0,8619.0,0,1,0,0,0,0,1,0,0,0,0,1,0
119058,0035000002451GUAAY,0.0,70,3678.0,1095.0,0,1,0,0,0,0,1,0,0,0,0,1,0
119072,0035000002453IKAAY,0.0,0,520.0,1461.0,0,0,0,1,0,0,0,0,0,1,0,1,1
119075,0035000002453SoAAI,0.0,70,6624.0,2397.0,0,1,0,0,0,0,1,0,0,0,1,0,1
119082,0035000002453scAAA,0.0,0,1047.0,1227.0,0,0,0,1,0,0,1,0,0,0,0,1,0
119085,00350000024545SAAQ,0.0,90,0.0,5478.0,0,1,0,0,0,0,1,0,0,0,0,1,1
119087,0035000002454CrAAI,0.0,0,21.0,8961.0,0,1,0,0,0,0,1,0,0,0,0,1,0
119088,0035000002454ZmAAI,0.0,0,127.0,1972.0,0,0,0,1,0,0,1,0,0,0,0,1,1
119095,00350000024556ZAAQ,0.0,0,2301.0,1799.0,0,0,0,0,1,0,1,0,0,0,0,1,1
119097,0035000002455LtAAI,0.0,0,110.0,8017.0,0,1,0,0,0,0,0,0,1,0,0,1,1
119100,0035000002455pKAAQ,0.0,0,1452.0,2254.0,0,0,0,0,1,0,1,0,0,0,0,1,1
119101,0035000002455qzAAA,0.0,0,0.0,11629.0,0,0,0,0,1,0,1,0,0,0,0,1,1
119102,0035000002455uvAAA,0.0,0,11482.0,879.0,0,0,0,0,1,0,1,0,0,0,1,0,1
119103,0035000002455v5AAA,0.0,0,1185.0,1460.0,0,0,0,1,0,0,0,0,1,0,0,1,0
119104,0035000002455vKAAQ,0.0,0,25.0,1207.0,1,0,0,0,0,0,1,0,0,0,0,1,0
119108,0035000002455ynAAA,0.0,0,1148.0,9268.0,0,0,0,1,0,0,0,0,0,1,0,1,1
119115,00350000024569lAAA,0.0,40,1268.0,7621.0,1,0,0,0,0,1,0,0,0,0,0,1,1
119116,0035000002456A5AAI,0.0,0,6518.0,3080.0,1,0,0,0,0,0,0,0,0,1,0,1,1
119118,0035000002456IOAAY,0.0,0,1448.0,2890.0,0,0,0,0,1,0,0,0,0,1,0,1,0
119120,0035000002456NEAAY,0.0,0,3456.0,1436.0,0,1,0,0,0,1,0,0,0,0,0,1,1
119128,0035000002456r4AAA,0.0,0,142.0,1685.0,0,0,0,1,0,0,0,0,1,0,0,1,1
119129,0035000002456rTAAQ,0.0,100,51.0,9517.0,0,1,0,0,0,1,0,0,0,0,0,1,1
119135,0035000002457eVAAQ,0.0,0,3537.0,1461.0,1,0,0,0,0,0,1,0,0,0,0,1,1
119139,0035000002458BeAAI,0.0,10,364.0,1520.0,0,0,0,1,0,0,1,0,0,0,1,0,0
119143,0035000002458XVAAY,0.0,40,2184.0,1962.0,0,1,0,0,0,0,1,0,0,0,1,0,1
119146,0035000002458o7AAA,0.0,70,1723.0,1188.0,0,0,0,1,0,0,1,0,0,0,1,0,0
119149,0035000002458zPAAQ,0.0,0,0.0,1955.0,0,1,0,0,0,0,1,0,0,0,0,1,1
119154,0035000002459MYAAY,0.0,30,270.0,7696.0,0,1,0,0,0,0,1,0,0,0,0,1,1
119158,0035000002459dAAAQ,0.0,0,1545.0,365.0,0,1,0,0,0,0,1,0,0,0,0,1,1
119165,003500000245AELAA2,0.0,90,265.0,4592.0,0,0,0,1,0,0,0,0,1,0,0,1,0
119167,003500000245AM0AAM,0.0,0,2042.0,1385.0,1,0,0,0,0,0,1,0,0,0,0,1,1
119170,003500000245AuqAAE,0.0,0,3476.0,2784.0,0,1,0,0,0,0,1,0,0,0,0,1,1
119177,003500000245CA5AAM,0.0,0,706.0,2558.0,0,0,0,1,0,0,0,0,1,0,0,1,0
119185,003500000245D2vAAE,0.0,0,0.0,1860.0,0,0,0,0,1,0,1,0,0,0,1,0,1
119192,003500000245DcaAAE,0.0,0,1957.0,1298.0,1,0,0,0,0,0,1,0,0,0,0,1,1
119218,003500000245FPYAA2,0.0,0,1653.0,1826.0,0,0,0,1,0,0,0,0,1,0,0,1,1
119226,003500000245FoIAAU,0.0,0,2671.0,1460.0,0,1,0,0,0,0,1,0,0,0,0,1,0
119229,003500000245HD5AAM,0.0,0,208.0,4506.0,0,0,0,1,0,0,0,0,1,0,0,1,0
119249,003500000245IXFAA2,0.0,0,0.0,8319.0,0,0,0,1,0,1,0,0,0,0,0,1,1
119253,003500000245IcuAAE,0.0,0,208.0,2701.0,0,0,0,1,0,0,0,0,0,1,0,1,1
119255,003500000245IdNAAU,0.0,0,0.0,3251.0,0,0,0,0,1,1,0,0,0,0,0,1,1
119257,003500000245IhPAAU,0.0,0,236.0,2867.0,0,1,0,0,0,0,1,0,0,0,0,1,1
119258,003500000245Ii1AAE,0.0,20,0.0,1826.0,0,1,0,0,0,0,0,0,0,1,0,1,1
119287,003500000245KO6AAM,0.0,0,77.0,3864.0,0,0,0,1,0,0,1,0,0,0,0,1,1
119318,003500000245RO9AAM,0.0,0,4744.0,7735.0,0,0,0,0,1,0,0,0,0,1,0,1,1
119323,003500000245RtBAAU,0.0,80,1722.0,2921.0,0,1,0,0,0,0,0,0,0,1,0,1,1
119327,003500000245T1NAAU,0.0,0,29.0,6611.0,0,0,0,0,1,0,0,0,0,1,0,1,1
119328,003500000245TPyAAM,0.0,80,2070.0,4040.0,0,0,0,1,0,0,1,0,0,0,0,1,0
119331,003500000245UUAAA2,0.0,0,95.0,2862.0,0,1,0,0,0,1,0,0,0,0,0,1,1
119332,003500000245UVrAAM,0.0,60,5890.0,2103.0,0,0,0,1,0,0,1,0,0,0,0,1,0
119335,003500000245VvCAAU,0.0,50,1167.0,4747.0,0,0,0,1,0,0,0,0,1,0,0,1,1
119338,003500000245WYEAA2,0.0,0,151.0,3563.0,0,0,0,1,0,1,0,0,0,0,1,0,1
119340,003500000245WkZAAU,0.0,0,185.0,1460.0,1,0,0,0,0,0,0,0,0,1,1,0,1
119341,003500000245X2dAAE,0.0,0,1586.0,9190.0,0,0,0,0,1,0,1,0,0,0,0,1,1
119344,003500000245X5wAAE,0.0,0,3870.0,1176.0,0,0,0,1,0,0,1,0,0,0,0,1,0
119345,003500000245X87AAE,0.0,40,2158.0,8709.0,0,0,0,1,0,0,1,0,0,0,0,1,1
119351,003500000245YKxAAM,0.0,0,6466.0,2921.0,0,1,0,0,0,0,0,0,1,0,0,1,1
119352,003500000245YNNAA2,0.0,10,972.0,2444.0,0,0,0,0,1,0,0,0,1,0,0,1,1
119355,003500000245Z68AAE,0.0,0,2401.0,3835.0,1,0,0,0,0,0,0,0,0,1,0,1,1
119358,003500000245ZQ8AAM,0.0,100,3054.0,1460.0,0,1,0,0,0,0,1,0,0,0,0,1,0
119359,003500000245ZRpAAM,0.0,60,362.0,7812.0,0,1,0,0,0,1,0,0,0,0,0,1,1
119363,003500000245alTAAQ,0.0,0,3965.0,1460.0,0,0,0,0,1,0,1,0,0,0,0,1,1
119371,003500000245cNTAAY,0.0,50,3972.0,1826.0,0,0,0,1,0,0,0,0,0,1,0,1,0
119373,003500000245cgGAAQ,0.0,0,1359.0,5082.0,0,0,0,1,0,0,1,0,0,0,0,1,0
119374,003500000245cgQAAQ,0.0,80,1306.0,7422.0,0,0,0,1,0,0,1,0,0,0,0,1,1
119375,003500000245ch4AAA,0.0,0,13469.0,1026.0,0,0,0,1,0,0,0,0,1,0,0,1,0
119378,003500000245ciRAAQ,0.0,0,1188.0,8657.0,0,0,0,0,1,0,0,0,0,1,0,1,1
119379,003500000245ciWAAQ,0.0,0,8809.0,1102.0,0,1,0,0,0,0,1,0,0,0,0,1,0
119380,003500000245cjPAAQ,0.0,0,0.0,6254.0,0,1,0,0,0,0,0,0,1,0,0,1,1
119381,003500000245cjjAAA,0.0,0,1539.0,1459.0,0,0,0,1,0,0,0,0,1,0,0,1,0
119392,003500000245d77AAA,0.0,0,66.0,5113.0,0,0,0,1,0,0,0,0,0,1,0,1,1
119396,003500000245dClAAI,0.0,90,212.0,4522.0,0,0,0,1,0,1,0,0,0,0,0,1,0
119397,003500000245dDFAAY,0.0,0,73.0,1097.0,0,0,0,1,0,0,0,0,1,0,0,1,1
119400,003500000245dGOAAY,0.0,0,80.0,1677.0,0,0,0,1,0,0,1,0,0,0,0,1,1
119403,003500000245dMqAAI,0.0,0,61.0,10436.0,0,0,0,0,1,0,1,0,0,0,0,1,1
119404,003500000245dNAAAY,0.0,0,0.0,12265.0,0,1,0,0,0,0,1,0,0,0,0,1,1
119407,003500000245dStAAI,0.0,0,0.0,7691.0,1,0,0,0,0,0,1,0,0,0,0,1,0
119409,003500000245fHQAAY,0.0,0,320.0,1640.0,0,0,0,1,0,0,1,0,0,0,0,1,1
119412,003500000245fqBAAQ,0.0,0,44.0,5752.0,0,0,0,0,1,0,1,0,0,0,1,0,1
119417,003500000245gBTAAY,0.0,60,2574.0,1155.0,0,1,0,0,0,0,1,0,0,0,0,1,1
119427,003500000245h4uAAA,0.0,0,5643.0,1461.0,0,1,0,0,0,1,0,0,0,0,0,1,1
119429,003500000245hDhAAI,0.0,0,0.0,7312.0,0,1,0,0,0,1,0,0,0,0,0,1,1
119439,003500000245hz2AAA,0.0,0,3802.0,7837.0,0,1,0,0,0,0,1,0,0,0,0,1,1
119440,003500000245hzvAAA,0.0,60,820.0,1238.0,0,0,0,0,1,0,0,0,1,0,1,0,1
119445,003500000245iPQAAY,0.0,0,2910.0,2090.0,0,1,0,0,0,0,0,0,0,1,0,1,0
119446,003500000245ifcAAA,0.0,40,7836.0,1461.0,1,0,0,0,0,0,1,0,0,0,0,1,1
119447,003500000245ikaAAA,0.0,0,485.0,1462.0,0,0,0,1,0,0,0,0,1,0,0,1,0
119448,003500000245iqEAAQ,0.0,20,2725.0,2702.0,0,0,0,0,1,0,0,0,1,0,1,0,1
119450,003500000245j5tAAA,0.0,100,124.0,3528.0,1,0,0,0,0,0,1,0,0,0,0,1,1
119463,003500000245kV9AAI,0.0,0,5993.0,7320.0,1,0,0,0,0,0,1,0,0,0,0,1,0
119465,003500000245kXyAAI,0.0,0,888.0,2972.0,0,1,0,0,0,1,0,0,0,0,0,1,1
119487,003500000245mCvAAI,0.0,90,149.0,639.0,0,0,0,1,0,0,1,0,0,0,0,1,1
119490,003500000245mFkAAI,0.0,0,0.0,4657.0,0,0,0,1,0,0,1,0,0,0,0,1,0
119498,003500000245mQQAAY,0.0,0,0.0,2921.0,0,0,0,0,1,0,1,0,0,0,1,0,0
119510,003500000245n8fAAA,0.0,0,0.0,4654.0,1,0,0,0,0,0,0,0,1,0,0,1,0
119514,003500000245n9YAAQ,0.0,0,0.0,1827.0,0,0,0,1,0,0,0,0,1,0,1,0,0
119518,003500000245nAlAAI,0.0,0,0.0,7316.0,0,0,0,1,0,0,0,0,1,0,0,1,0
119519,003500000245nB5AAI,0.0,0,0.0,8023.0,0,0,0,1,0,0,0,0,1,0,0,1,0
119520,003500000245nBKAAY,0.0,0,0.0,1504.0,0,0,0,1,0,0,0,0,1,0,0,1,0
119521,003500000245nBoAAI,0.0,0,0.0,2404.0,0,0,0,1,0,0,0,0,1,0,0,1,1
119523,003500000245nCIAAY,0.0,0,0.0,8046.0,0,0,0,1,0,0,0,0,1,0,0,1,1
119527,003500000245nExAAI,0.0,0,123.0,1095.0,0,0,0,1,0,0,0,0,1,0,0,1,0
119529,003500000245nF7AAI,0.0,0,0.0,3511.0,0,0,0,1,0,0,0,0,1,0,0,1,0
119551,003500000245oxIAAQ,0.0,0,349.0,4326.0,1,0,0,0,0,1,0,0,0,0,0,1,1
119557,003500000245plDAAQ,0.0,0,1708.0,3164.0,0,0,0,0,1,0,1,0,0,0,1,0,1
119582,003500000245tkvAAA,0.0,0,7727.0,1313.0,0,0,0,1,0,0,1,0,0,0,1,0,0
119584,003500000245tpWAAQ,0.0,0,0.0,669.0,0,0,0,1,0,0,0,0,1,0,0,1,1
119586,003500000245tqFAAQ,0.0,0,0.0,669.0,0,0,0,1,0,0,0,0,1,0,0,1,0
119587,003500000245tqZAAQ,0.0,0,0.0,920.0,0,0,0,1,0,0,0,0,1,0,0,1,0
119588,003500000245tuHAAQ,0.0,0,0.0,1789.0,1,0,0,0,0,0,0,0,1,0,0,1,0
119595,003500000245w7dAAA,0.0,0,0.0,4138.0,0,0,0,1,0,0,0,0,1,0,0,1,1
119602,003500000245wd0AAA,0.0,0,0.0,7305.0,0,0,0,1,0,0,1,0,0,0,1,0,0
119608,003500000245wmbAAA,0.0,0,0.0,729.0,0,0,0,1,0,0,0,0,1,0,0,1,0
119610,003500000245wpBAAQ,0.0,0,0.0,729.0,0,0,0,1,0,0,0,0,1,0,0,1,0
119611,003500000245wtJAAQ,0.0,0,0.0,2252.0,0,0,0,1,0,0,0,0,0,1,0,1,0
119618,003500000245xxBAAQ,0.0,0,0.0,941.0,0,0,0,1,0,0,0,0,1,0,0,1,0
119625,003500000245yWHAAY,0.0,40,131.0,1503.0,0,0,0,1,0,0,1,0,0,0,0,1,0
119627,003500000245yhoAAA,0.0,0,2735.0,2435.0,0,1,0,0,0,0,1,0,0,0,0,1,0
119629,003500000245ywQAAQ,0.0,10,3393.0,1176.0,1,0,0,0,0,0,1,0,0,0,1,0,0
119632,003500000245zyXAAQ,0.0,90,889.0,8408.0,0,1,0,0,0,1,0,0,0,0,0,1,0
119637,0035000002460qjAAA,0.0,100,1151.0,2191.0,1,0,0,0,0,0,0,0,0,1,1,0,1
119640,00350000024610eAAA,0.0,0,0.0,7539.0,0,0,0,1,0,0,1,0,0,0,0,1,1
119645,0035000002461hMAAQ,0.0,80,624.0,4445.0,1,0,0,0,0,0,0,0,1,0,0,1,1
119646,0035000002462EsAAI,0.0,90,921.0,2209.0,0,1,0,0,0,0,1,0,0,0,0,1,1
119648,0035000002462N1AAI,0.0,0,94.0,3035.0,0,0,0,0,1,1,0,0,0,0,0,1,1
119649,0035000002462xrAAA,0.0,20,4349.0,2081.0,0,0,0,1,0,0,0,0,1,0,0,1,0
119654,00350000024639iAAA,0.0,40,69.0,1777.0,1,0,0,0,0,1,0,0,0,0,0,1,0
119661,0035000002463WjAAI,0.0,0,3957.0,1461.0,0,1,0,0,0,0,0,0,1,0,0,1,0
119662,0035000002463X8AAI,0.0,70,548.0,3931.0,0,0,0,1,0,0,1,0,0,0,0,1,1
119664,0035000002463XwAAI,0.0,0,9.0,4697.0,0,1,0,0,0,1,0,0,0,0,0,1,1
119667,0035000002463aCAAQ,0.0,0,42.0,3092.0,0,0,0,1,0,0,1,0,0,0,0,1,0
119668,0035000002463gZAAQ,0.0,0,913.0,892.0,1,0,0,0,0,0,1,0,0,0,0,1,0
119670,0035000002463t4AAA,0.0,0,524.0,2871.0,0,1,0,0,0,0,0,0,0,1,0,1,1
119671,0035000002463tJAAQ,0.0,0,2189.0,2192.0,0,1,0,0,0,1,0,0,0,0,0,1,1
119673,0035000002463voAAA,0.0,0,0.0,6981.0,1,0,0,0,0,0,1,0,0,0,0,1,0
119682,0035000002464JgAAI,0.0,0,4.0,5769.0,0,0,0,1,0,1,0,0,0,0,0,1,1
119684,0035000002465yxAAA,0.0,0,2161.0,1460.0,0,1,0,0,0,0,0,0,1,0,0,1,1
119692,0035000002466mzAAA,0.0,0,426.0,2193.0,0,0,0,1,0,0,0,0,0,1,0,1,1
119695,0035000002467SEAAY,0.0,0,50.0,2071.0,0,0,0,1,0,0,1,0,0,0,0,1,1
119704,0035000002468VdAAI,0.0,0,209.0,2198.0,0,0,0,1,0,1,0,0,0,0,0,1,0
119707,0035000002469xRAAQ,0.0,30,461.0,2191.0,1,0,0,0,0,0,1,0,0,0,1,0,1
119708,0035000002469y5AAA,0.0,0,583.0,858.0,0,0,0,1,0,0,1,0,0,0,0,1,1
119719,003500000246ATOAA2,0.0,0,4.0,5293.0,0,0,0,0,1,1,0,0,0,0,1,0,1
119723,003500000246B9IAAU,0.0,10,6013.0,2191.0,0,0,0,1,0,0,0,0,1,0,0,1,0
119724,003500000246BALAA2,0.0,30,8140.0,814.0,0,1,0,0,0,0,0,1,0,0,1,0,1
119727,003500000246BR7AAM,0.0,80,2730.0,2959.0,1,0,0,0,0,0,0,0,0,1,0,1,0
119736,003500000246DjsAAE,0.0,0,4001.0,1461.0,0,1,0,0,0,0,0,0,1,0,0,1,0
119737,003500000246DshAAE,0.0,0,595.0,3198.0,0,0,0,1,0,0,1,0,0,0,0,1,1
119738,003500000246EF3AAM,0.0,50,5064.0,7370.0,0,1,0,0,0,0,0,0,0,1,0,1,1
119747,003500000246FNfAAM,0.0,60,1111.0,1460.0,0,1,0,0,0,0,1,0,0,0,0,1,1
119754,003500000246FWnAAM,0.0,50,6389.0,3645.0,0,0,0,0,1,0,1,0,0,0,0,1,1
119755,003500000246FfVAAU,0.0,0,0.0,11546.0,0,0,0,1,0,0,1,0,0,0,0,1,1
119760,003500000246FuRAAU,0.0,0,0.0,7052.0,0,1,0,0,0,0,1,0,0,0,0,1,1
119763,003500000246FyYAAU,0.0,0,0.0,7672.0,1,0,0,0,0,0,1,0,0,0,0,1,0
119767,003500000246GarAAE,0.0,0,2599.0,4011.0,0,1,0,0,0,0,1,0,0,0,1,0,1
119768,003500000246GrnAAE,0.0,10,1574.0,1452.0,0,0,0,1,0,0,1,0,0,0,0,1,0
119770,003500000246GyPAAU,0.0,0,0.0,2428.0,0,0,0,1,0,0,1,0,0,0,0,1,1
119771,003500000246GyUAAU,0.0,60,1153.0,7973.0,0,0,0,0,1,0,0,0,0,1,0,1,1
119774,003500000246H4NAAU,0.0,0,0.0,2191.0,1,0,0,0,0,0,1,0,0,0,0,1,1
119775,003500000246H4TAAU,0.0,80,482.0,2479.0,0,0,0,1,0,0,0,0,0,1,0,1,1
119778,003500000246H69AAE,0.0,0,0.0,5388.0,0,0,0,1,0,0,1,0,0,0,0,1,0
119781,003500000246H7CAAU,0.0,0,362.0,1461.0,0,0,0,1,0,0,0,0,0,1,0,1,1
119784,003500000246HFjAAM,0.0,0,0.0,8022.0,1,0,0,0,0,0,1,0,0,0,0,1,0
119815,003500000246LiCAAU,0.0,0,215.0,1460.0,0,0,0,1,0,0,0,0,0,1,0,1,1
119837,003500000246PRdAAM,0.0,0,0.0,1462.0,0,0,0,0,1,0,1,0,0,0,0,1,0
119838,003500000246PVlAAM,0.0,0,0.0,2192.0,1,0,0,0,0,0,1,0,0,0,1,0,0
119842,003500000246PcqAAE,0.0,0,0.0,2191.0,1,0,0,0,0,0,1,0,0,0,1,0,0
119845,003500000246PhHAAU,0.0,100,0.0,4103.0,0,0,0,1,0,0,1,0,0,0,0,1,0
119850,003500000246PrMAAU,0.0,0,0.0,2902.0,1,0,0,0,0,0,1,0,0,0,1,0,0
119851,003500000246Pv4AAE,0.0,0,6.0,7242.0,0,1,0,0,0,0,1,0,0,0,0,1,1
119852,003500000246Pv9AAE,0.0,0,0.0,3274.0,0,1,0,0,0,0,1,0,0,0,0,1,0
119893,003500000246UiXAAU,0.0,0,319.0,3353.0,0,0,0,1,0,0,1,0,0,0,0,1,0
119895,003500000246UmUAAU,0.0,0,0.0,9131.0,1,0,0,0,0,0,1,0,0,0,0,1,0
119899,003500000246UxhAAE,0.0,40,0.0,8644.0,1,0,0,0,0,0,1,0,0,0,0,1,1
119902,003500000246V0RAAU,0.0,0,2173.0,9126.0,0,1,0,0,0,0,1,0,0,0,0,1,1
119908,003500000246VcNAAU,0.0,0,835.0,1370.0,1,0,0,0,0,0,0,0,1,0,0,1,1
119916,003500000246WdvAAE,0.0,40,2997.0,1148.0,0,1,0,0,0,0,1,0,0,0,0,1,0
119917,003500000246WgGAAU,0.0,30,1402.0,1461.0,1,0,0,0,0,0,0,0,0,1,0,1,0
119918,003500000246WwOAAU,0.0,0,302.0,3318.0,0,0,0,1,0,0,0,0,1,0,0,1,1
119919,003500000246XCjAAM,0.0,100,3830.0,2830.0,0,0,0,1,0,0,1,0,0,0,0,1,0
119925,003500000246YYJAA2,0.0,10,414.0,1628.0,0,0,0,1,0,0,1,0,0,0,0,1,1
119927,003500000246YdsAAE,0.0,0,13.0,5992.0,0,1,0,0,0,0,0,0,1,0,0,1,1
119929,003500000246YeMAAU,0.0,40,1356.0,3548.0,0,1,0,0,0,0,1,0,0,0,0,1,1
119933,003500000246YxdAAE,0.0,100,1991.0,7331.0,0,1,0,0,0,0,0,0,0,1,0,1,0
119937,003500000246Z03AAE,0.0,40,648.0,7332.0,1,0,0,0,0,0,1,0,0,0,0,1,1
119939,003500000246Z2xAAE,0.0,0,852.0,1552.0,0,0,0,1,0,0,1,0,0,0,0,1,1
119942,003500000246Z6aAAE,0.0,0,0.0,3625.0,0,0,0,1,0,0,0,0,1,0,0,1,1
119945,003500000246ZBGAA2,0.0,100,743.0,11715.0,0,1,0,0,0,0,1,0,0,0,0,1,1
119948,003500000246ZDbAAM,0.0,60,3567.0,2936.0,0,1,0,0,0,0,1,0,0,0,0,1,1
119950,003500000246ZjRAAU,0.0,50,4821.0,3614.0,0,0,0,0,1,0,1,0,0,0,0,1,1
119952,003500000246aOZAAY,0.0,0,634.0,8920.0,0,0,0,1,0,0,1,0,0,0,0,1,1
119960,003500000246bG2AAI,0.0,90,42.0,5382.0,0,0,0,1,0,0,0,0,0,1,0,1,1
119971,003500000246cHVAAY,0.0,0,137.0,5649.0,0,1,0,0,0,0,1,0,0,0,0,1,0
119972,003500000246cdOAAQ,0.0,30,629.0,1848.0,1,0,0,0,0,0,1,0,0,0,0,1,1
119973,003500000246cfsAAA,0.0,70,993.0,1644.0,0,0,0,1,0,0,1,0,0,0,0,1,1
119975,003500000246couAAA,0.0,10,2871.0,2702.0,0,0,0,1,0,0,0,0,1,0,0,1,0
119977,003500000246cx3AAA,0.0,20,2735.0,1584.0,0,1,0,0,0,0,0,0,1,0,0,1,1
119979,003500000246d6jAAA,0.0,0,1033.0,1368.0,0,0,0,1,0,0,1,0,0,0,0,1,1
119982,003500000246dLUAAY,0.0,0,12.0,2191.0,0,1,0,0,0,0,1,0,0,0,0,1,1
119983,003500000246dLtAAI,0.0,0,416.0,1573.0,0,1,0,0,0,0,1,0,0,0,0,1,1
119985,003500000246dNMAAY,0.0,0,0.0,3241.0,0,0,0,1,0,0,0,0,1,0,0,1,1
119986,003500000246dP3AAI,0.0,0,0.0,5380.0,0,0,0,1,0,0,1,0,0,0,0,1,1
119987,003500000246dfpAAA,0.0,100,43.0,5543.0,0,0,0,1,0,0,0,0,1,0,0,1,1
119989,003500000246dp1AAA,0.0,0,0.0,7324.0,0,0,0,1,0,0,0,0,0,1,0,1,0
119991,003500000246dymAAA,0.0,30,753.0,2924.0,0,0,0,1,0,0,0,0,1,0,0,1,1
119993,003500000246eTkAAI,0.0,0,711.0,8646.0,0,0,0,0,1,0,1,0,0,0,0,1,1
119994,003500000246eeuAAA,0.0,0,11110.0,2194.0,0,1,0,0,0,0,0,0,1,0,0,1,1
119995,003500000246emZAAQ,0.0,10,3526.0,1461.0,0,1,0,0,0,1,0,0,0,0,0,1,1
119997,003500000246fIpAAI,0.0,0,2177.0,2861.0,0,1,0,0,0,0,0,0,1,0,0,1,1
120007,003500000246g1ZAAQ,0.0,0,2145.0,2193.0,0,1,0,0,0,0,1,0,0,0,1,0,1
120013,003500000246gOsAAI,0.0,0,83.0,5315.0,0,0,0,0,1,0,1,0,0,0,1,0,1
120015,003500000246gW8AAI,0.0,0,9732.0,2701.0,1,0,0,0,0,0,1,0,0,0,1,0,1
120018,003500000246gbSAAQ,0.0,10,4396.0,7314.0,0,0,0,1,0,0,0,0,0,1,0,1,1
120024,003500000246hKrAAI,0.0,0,559.0,7688.0,0,0,0,0,1,0,1,0,0,0,0,1,1
120026,003500000246hRnAAI,0.0,0,3700.0,2806.0,0,1,0,0,0,0,1,0,0,0,1,0,1
120027,003500000246hRsAAI,0.0,0,681.0,9518.0,0,0,0,0,1,0,0,0,0,1,0,1,0
120028,003500000246hT0AAI,0.0,0,4408.0,4057.0,0,0,0,1,0,0,0,0,0,1,0,1,0
120032,003500000246hY0AAI,0.0,0,406.0,5479.0,1,0,0,0,0,0,1,0,0,0,1,0,1
120034,003500000246hjNAAQ,0.0,40,2987.0,1095.0,0,1,0,0,0,0,1,0,0,0,0,1,1
120036,003500000246hkLAAQ,0.0,0,0.0,3162.0,0,1,0,0,0,0,1,0,0,0,0,1,1
120041,003500000246ib1AAA,0.0,0,0.0,1270.0,0,0,0,1,0,0,1,0,0,0,0,1,0
120043,003500000246iekAAA,0.0,0,1617.0,1931.0,0,0,0,1,0,0,1,0,0,0,0,1,1
120044,003500000246ieoAAA,0.0,0,8201.0,2035.0,0,0,0,0,1,0,0,0,1,0,0,1,1
120045,003500000246ifhAAA,0.0,0,3522.0,1119.0,0,0,0,0,1,0,0,0,0,1,1,0,1
120052,003500000246j77AAA,0.0,0,5848.0,2835.0,1,0,0,0,0,0,1,0,0,0,1,0,0
120058,003500000246jMWAAY,0.0,0,13259.0,1950.0,1,0,0,0,0,1,0,0,0,0,1,0,0
120062,003500000246jd8AAA,0.0,0,0.0,4308.0,0,0,0,1,0,0,1,0,0,0,0,1,1
120063,003500000246jdNAAQ,0.0,0,0.0,2557.0,0,0,0,1,0,0,1,0,0,0,0,1,0
120066,003500000246kKEAAY,0.0,0,177.0,2933.0,0,0,1,0,0,0,0,0,0,1,0,1,1
120074,003500000246kmwAAA,0.0,80,1799.0,2983.0,0,0,0,0,1,0,1,0,0,0,1,0,1
120081,003500000246lXdAAI,0.0,0,543.0,1194.0,1,0,0,0,0,0,1,0,0,0,1,0,0
120087,003500000246lrdAAA,0.0,90,810.0,2179.0,0,1,0,0,0,0,1,0,0,0,0,1,0
120112,003500000246owZAAQ,0.0,0,0.0,3562.0,0,1,0,0,0,0,1,0,0,0,1,0,0
120122,003500000246pruAAA,0.0,0,810.0,7372.0,1,0,0,0,0,0,1,0,0,0,0,1,1
120129,003500000246qRYAAY,0.0,0,2948.0,1461.0,0,0,0,0,1,0,0,0,0,1,0,1,1
120132,003500000246qapAAA,0.0,10,4089.0,2080.0,0,1,0,0,0,0,1,0,0,0,0,1,1
120141,003500000246rRGAAY,0.0,0,640.0,1319.0,0,0,0,1,0,0,1,0,0,0,0,1,0
120150,003500000246rytAAA,0.0,0,610.0,2120.0,0,0,0,1,0,0,0,0,1,0,0,1,1
120156,003500000246sXZAAY,0.0,0,0.0,7599.0,0,1,0,0,0,0,1,0,0,0,0,1,1
120165,003500000246t8QAAQ,0.0,10,11995.0,3184.0,0,1,0,0,0,1,0,0,0,0,0,1,1
120167,003500000246tbOAAQ,0.0,0,18.0,7288.0,0,0,0,1,0,0,0,0,0,1,0,1,1
120175,003500000246tqOAAQ,0.0,0,941.0,1220.0,1,0,0,0,0,0,1,0,0,0,0,1,1
120190,003500000246uonAAA,0.0,40,1912.0,1827.0,0,0,0,0,1,0,0,0,1,0,0,1,0
120194,003500000246v27AAA,0.0,90,325.0,1979.0,0,0,0,1,0,0,1,0,0,0,0,1,1
120214,003500000246xqeAAA,0.0,0,1958.0,1460.0,0,1,0,0,0,0,0,0,1,0,0,1,1
120223,003500000246yWuAAI,0.0,90,512.0,6271.0,1,0,0,0,0,1,0,0,0,0,0,1,1
120232,003500000246zJXAAY,0.0,20,1177.0,1460.0,1,0,0,0,0,0,0,0,0,1,0,1,1
120241,0035000002471JlAAI,0.0,0,653.0,1906.0,0,0,0,1,0,0,1,0,0,0,0,1,1
120258,0035000002471ZPAAY,0.0,50,179.0,2231.0,0,1,0,0,0,0,1,0,0,0,1,0,0
120263,0035000002471ZuAAI,0.0,0,0.0,3177.0,0,0,0,1,0,0,1,0,0,0,0,1,0
120264,0035000002471a3AAA,0.0,0,0.0,3535.0,0,0,0,1,0,0,1,0,0,0,0,1,0
120273,0035000002471eUAAQ,0.0,0,154.0,2945.0,1,0,0,0,0,0,0,0,0,1,0,1,1
120278,0035000002472IPAAY,0.0,0,0.0,7326.0,0,0,0,0,1,0,0,0,0,1,0,1,1
120279,0035000002472KBAAY,0.0,0,0.0,7314.0,0,1,0,0,0,0,0,0,0,1,1,0,1
120281,0035000002472TmAAI,0.0,0,0.0,2381.0,0,0,0,1,0,0,0,0,0,1,0,1,1
120282,0035000002472V4AAI,0.0,0,0.0,3962.0,0,0,0,1,0,0,0,0,0,1,0,1,1
120321,0035000002477mmAAA,0.0,0,0.0,2191.0,0,1,0,0,0,0,1,0,0,0,0,1,1
120325,0035000002478F5AAI,0.0,0,1488.0,2678.0,1,0,0,0,0,0,1,0,0,0,0,1,0
120330,0035000002478eUAAQ,0.0,0,0.0,4748.0,1,0,0,0,0,0,0,0,1,0,0,1,1
120350,003500000247BTIAA2,0.0,80,1172.0,4431.0,0,1,0,0,0,0,1,0,0,0,1,0,1
120382,003500000247EZOAA2,0.0,40,1966.0,1385.0,0,1,0,0,0,0,1,0,0,0,0,1,1
120384,003500000247ErHAAU,0.0,0,3205.0,1381.0,0,1,0,0,0,0,1,0,0,0,1,0,0
120386,003500000247FEaAAM,0.0,0,172.0,5285.0,1,0,0,0,0,0,1,0,0,0,0,1,0
120390,003500000247GPXAA2,0.0,0,53.0,7315.0,1,0,0,0,0,0,0,0,0,1,0,1,1
120393,003500000247GjwAAE,0.0,90,25.0,6796.0,1,0,0,0,0,0,1,0,0,0,0,1,0
120404,003500000247HV7AAM,0.0,50,5387.0,2385.0,0,1,0,0,0,0,0,0,1,0,0,1,1
120408,003500000247HwNAAU,0.0,0,451.0,4148.0,1,0,0,0,0,0,0,0,0,1,0,1,1
120410,003500000247IIyAAM,0.0,90,26.0,4014.0,1,0,0,0,0,0,0,0,1,0,0,1,0
120411,003500000247IViAAM,0.0,70,42.0,4698.0,0,0,0,1,0,0,1,0,0,0,0,1,0
120415,003500000247Il7AAE,0.0,70,1049.0,3555.0,0,1,0,0,0,0,1,0,0,0,0,1,1
120418,003500000247IroAAE,0.0,40,379.0,2662.0,0,0,0,1,0,0,0,0,1,0,0,1,0
120419,003500000247IuTAAU,0.0,0,5501.0,8329.0,0,0,0,1,0,0,0,0,0,1,0,1,1
120420,003500000247J0WAAU,0.0,30,208.0,3024.0,0,0,0,1,0,0,1,0,0,0,0,1,1
120421,003500000247J3QAAU,0.0,0,236.0,5084.0,1,0,0,0,0,0,0,0,0,1,0,1,1
120422,003500000247J3RAAU,0.0,0,965.0,1460.0,0,0,0,1,0,0,0,0,1,0,0,1,1
120425,003500000247JDGAA2,0.0,0,1860.0,1461.0,1,0,0,0,0,0,0,0,1,0,0,1,1
120429,003500000247JuXAAU,0.0,0,359.0,7810.0,1,0,0,0,0,1,0,0,0,0,0,1,1
120434,003500000247KWVAA2,0.0,0,907.0,2558.0,1,0,0,0,0,0,1,0,0,0,0,1,0
120437,003500000247KfIAAU,0.0,10,325.0,4922.0,0,0,0,0,1,0,1,0,0,0,1,0,0
120438,003500000247KguAAE,0.0,0,1905.0,1807.0,0,1,0,0,0,0,1,0,0,0,0,1,1
120439,003500000247KhxAAE,0.0,0,3877.0,1462.0,1,0,0,0,0,0,1,0,0,0,1,0,1
120440,003500000247Kj5AAE,0.0,10,162.0,1512.0,0,0,0,0,1,0,1,0,0,0,0,1,1
120444,003500000247L1TAAU,0.0,0,220.0,8268.0,0,1,0,0,0,0,1,0,0,0,0,1,1
120445,003500000247L43AAE,0.0,0,37.0,5193.0,0,0,0,1,0,0,1,0,0,0,0,1,0
120449,003500000247LJ8AAM,0.0,70,1385.0,1710.0,1,0,0,0,0,1,0,0,0,0,0,1,1
120453,003500000247M5NAAU,0.0,0,574.0,2005.0,0,1,0,0,0,0,1,0,0,0,1,0,0
120460,003500000247MgmAAE,0.0,0,416.0,1826.0,0,0,0,1,0,0,0,0,0,1,0,1,1
120464,003500000247MmzAAE,0.0,0,25.0,1277.0,0,1,0,0,0,0,1,0,0,0,0,1,1
120471,003500000247NGNAA2,0.0,70,2764.0,9387.0,0,1,0,0,0,0,1,0,0,0,0,1,1
120474,003500000247ODFAA2,0.0,0,925.0,2922.0,0,0,0,1,0,0,1,0,0,0,0,1,1
120476,003500000247OQsAAM,0.0,0,55.0,7955.0,0,0,0,0,1,0,0,0,1,0,0,1,0
120481,003500000247PRkAAM,0.0,60,2436.0,1583.0,1,0,0,0,0,0,0,0,1,0,0,1,0
120485,003500000247Q0pAAE,0.0,30,2887.0,8769.0,0,0,0,1,0,0,0,0,0,1,0,1,1
120487,003500000247QOrAAM,0.0,0,800.0,2475.0,0,0,0,1,0,0,0,0,0,1,0,1,0
120490,003500000247QStAAM,0.0,0,2069.0,1096.0,0,0,0,1,0,1,0,0,0,0,0,1,1
120491,003500000247QXZAA2,0.0,0,1829.0,1461.0,0,1,0,0,0,0,0,0,0,1,0,1,1
120493,003500000247QbvAAE,0.0,0,236.0,3020.0,0,0,0,1,0,0,0,0,1,0,0,1,1
120498,003500000247QtBAAU,0.0,50,1993.0,1460.0,1,0,0,0,0,0,0,0,1,0,0,1,0
120503,003500000247S8sAAE,0.0,0,710.0,2279.0,1,0,0,0,0,0,1,0,0,0,0,1,1
120504,003500000247SPKAA2,0.0,40,995.0,1979.0,0,0,0,1,0,0,1,0,0,0,0,1,1
120508,003500000247ShYAAU,0.0,0,4927.0,7316.0,0,0,0,0,1,0,1,0,0,0,0,1,0
120509,003500000247T0aAAE,0.0,0,227.0,4758.0,0,0,0,1,0,0,1,0,0,0,0,1,1
120516,003500000247ULUAA2,0.0,20,1645.0,1126.0,0,0,0,1,0,0,1,0,0,0,0,1,1
120518,003500000247UXGAA2,0.0,0,321.0,7726.0,1,0,0,0,0,0,1,0,0,0,0,1,1
120519,003500000247UY9AAM,0.0,0,0.0,6285.0,0,1,0,0,0,0,1,0,0,0,0,1,1
120522,003500000247UgYAAU,0.0,0,0.0,3012.0,0,1,0,0,0,0,1,0,0,0,0,1,1
120523,003500000247Ui5AAE,0.0,0,0.0,4363.0,0,0,0,1,0,0,1,0,0,0,0,1,0
120527,003500000247VQlAAM,0.0,0,6967.0,3473.0,0,1,0,0,0,1,0,0,0,0,0,1,1
120528,003500000247VSmAAM,0.0,0,88.0,1715.0,0,0,0,1,0,1,0,0,0,0,0,1,0
120531,003500000247VqaAAE,0.0,0,0.0,8314.0,0,0,0,0,1,0,1,0,0,0,0,1,1
120532,003500000247Vy5AAE,0.0,60,1457.0,8854.0,0,0,0,1,0,0,0,0,0,1,0,1,1
120534,003500000247W7OAAU,0.0,30,847.0,2922.0,0,1,0,0,0,1,0,0,0,0,0,1,1
120535,003500000247W8qAAE,0.0,80,92.0,2996.0,1,0,0,0,0,0,1,0,0,0,0,1,1
120536,003500000247WAwAAM,0.0,30,3599.0,2101.0,0,0,0,0,1,0,0,0,0,1,0,1,0
120537,003500000247WhWAAU,0.0,80,5079.0,7681.0,0,1,0,0,0,1,0,0,0,0,0,1,1
120557,003500000247ZQKAA2,0.0,0,1591.0,5144.0,0,1,0,0,0,0,0,0,0,1,0,1,1
120576,003500000247bWBAAY,0.0,0,401.0,784.0,0,0,0,1,0,0,0,0,0,1,1,0,1
120582,003500000247d1xAAA,0.0,0,138.0,8792.0,1,0,0,0,0,1,0,0,0,0,0,1,1
120612,003500000247gFWAAY,0.0,0,23.0,2720.0,1,0,0,0,0,0,1,0,0,0,0,1,1
120617,003500000247h7sAAA,0.0,0,33.0,7427.0,0,0,0,1,0,0,1,0,0,0,0,1,1
120619,003500000247qyYAAQ,0.0,10,2652.0,1826.0,0,0,0,0,1,0,0,0,0,1,0,1,0
120620,003500000247sRyAAI,0.0,70,706.0,2191.0,1,0,0,0,0,0,1,0,0,0,0,1,1
120621,003500000247u9iAAA,0.0,0,32.0,7324.0,0,1,0,0,0,0,1,0,0,0,1,0,1
120623,003500000247xmbAAA,0.0,0,278.0,10037.0,0,0,0,1,0,0,1,0,0,0,0,1,1
120625,003500000247y4aAAA,0.0,0,0.0,25.0,0,1,0,0,0,0,1,0,0,0,0,1,1
120631,003500000248An3AAE,0.0,0,2.0,8769.0,0,1,0,0,0,0,1,0,0,0,0,1,1
120635,003500000248BFbAAM,0.0,0,33.0,7309.0,0,0,0,0,1,1,0,0,0,0,1,0,0
120641,003500000248ESlAAM,0.0,0,11592.0,1111.0,0,0,0,1,0,0,1,0,0,0,0,1,1
120645,003500000248F0EAAU,0.0,0,102.0,1462.0,0,0,0,1,0,1,0,0,0,0,0,1,1
120651,003500000248F4fAAE,0.0,0,630.0,1443.0,0,0,0,1,0,0,1,0,0,0,1,0,1
120652,003500000248F59AAE,0.0,60,2148.0,2649.0,0,0,0,1,0,0,0,0,1,0,0,1,0
120654,003500000248HzTAAU,0.0,90,1433.0,9550.0,0,0,0,0,1,0,1,0,0,0,1,0,1
120667,003500000248KxLAAU,0.0,0,2688.0,2192.0,0,1,0,0,0,1,0,0,0,0,0,1,1
120668,003500000248L7fAAE,0.0,0,801.0,1213.0,0,0,0,1,0,0,1,0,0,0,0,1,1
120669,003500000248LFUAA2,0.0,70,1294.0,1238.0,0,0,0,0,1,0,1,0,0,0,0,1,0
120671,003500000248LLDAA2,0.0,0,6.0,4742.0,0,0,0,1,0,0,1,0,0,0,0,1,1
120673,003500000248LZeAAM,0.0,0,681.0,1650.0,0,0,0,1,0,0,1,0,0,0,0,1,1
120676,00350000026R5r8AAC,0.0,80,2922.0,1462.0,0,0,0,0,1,0,0,0,1,0,0,1,1
120678,00350000026R780AAC,0.0,0,709.0,1259.0,0,0,0,1,0,0,1,0,0,0,0,1,0
120679,00350000026R78ZAAS,0.0,0,153.0,347.0,0,1,0,0,0,0,1,0,0,0,0,1,1
120682,00350000026R7X5AAK,0.0,80,3077.0,7915.0,0,1,0,0,0,0,1,0,0,0,0,1,0
120685,00350000026R871AAC,0.0,0,1128.0,705.0,0,0,0,1,0,0,1,0,0,0,1,0,1
120687,00350000026R8F7AAK,0.0,40,1360.0,8167.0,0,0,0,1,0,1,0,0,0,0,0,1,0
120691,00350000026R8ZqAAK,0.0,60,442.0,3205.0,0,0,0,1,0,0,0,0,1,0,1,0,1
120692,00350000026R8ayAAC,0.0,80,3297.0,10582.0,0,1,0,0,0,0,1,0,0,0,0,1,0
120693,00350000026R8b3AAC,0.0,30,1334.0,1462.0,1,0,0,0,0,0,0,0,1,0,0,1,1
120701,00350000026R9x1AAC,0.0,0,80.0,1368.0,0,0,0,1,0,0,0,0,1,0,0,1,1
120708,00350000026RAopAAG,0.0,80,346.0,10196.0,0,1,0,0,0,0,1,0,0,0,0,1,1
120711,00350000026RBDVAA4,0.0,0,0.0,8243.0,0,0,0,1,0,0,1,0,0,0,1,0,1
120714,00350000026RBJYAA4,0.0,0,0.0,1400.0,0,0,0,1,0,0,1,0,0,0,0,1,0
120725,00350000026RCXlAAO,0.0,0,14048.0,1015.0,1,0,0,0,0,1,0,0,0,0,0,1,1
120728,00350000026RCjIAAW,0.0,0,0.0,7671.0,1,0,0,0,0,0,1,0,0,0,1,0,0
120729,00350000026RClTAAW,0.0,0,0.0,2470.0,0,0,0,1,0,0,1,0,0,0,0,1,1
120732,00350000026RCocAAG,0.0,0,0.0,4597.0,0,0,0,1,0,0,1,0,0,0,0,1,0
120736,00350000026RCzuAAG,0.0,30,1104.0,7330.0,0,0,0,0,1,0,0,0,0,1,0,1,1
120737,00350000026RDB2AAO,0.0,0,0.0,3206.0,0,1,0,0,0,0,1,0,0,0,1,0,1
120744,00350000026RDHjAAO,0.0,0,0.0,7761.0,1,0,0,0,0,0,1,0,0,0,0,1,0
120747,00350000026RDJGAA4,0.0,0,0.0,1941.0,0,0,0,1,0,0,1,0,0,0,0,1,0
120752,00350000026RDTBAA4,0.0,70,855.0,10713.0,0,0,0,0,1,0,0,0,0,1,0,1,1
120755,00350000026REh2AAG,0.0,0,0.0,2922.0,0,0,0,1,0,0,0,0,0,1,0,1,1
120766,00350000026RFoJAAW,0.0,0,3.0,6421.0,0,0,0,1,0,0,0,0,1,0,0,1,1
120770,00350000026RGDdAAO,0.0,0,888.0,3589.0,0,0,0,1,0,0,0,0,0,1,0,1,1
120776,00350000026RGSTAA4,0.0,0,0.0,2926.0,0,0,0,1,0,0,0,0,1,0,0,1,0
120785,00350000026RI5aAAG,0.0,0,374.0,3672.0,0,0,0,1,0,0,0,0,1,0,0,1,1
120793,00350000026RJXwAAO,0.0,0,8805.0,7533.0,0,0,1,0,0,0,1,0,0,0,0,1,0
120800,00350000026RKDTAA4,0.0,0,131.0,10774.0,0,1,0,0,0,0,1,0,0,0,1,0,1
120803,00350000026RKVdAAO,0.0,0,682.0,1214.0,0,0,0,1,0,0,1,0,0,0,0,1,1
120807,00350000026RLXRAA4,0.0,0,9.0,7321.0,0,0,0,1,0,0,1,0,0,0,0,1,1
120809,00350000026RLgJAAW,0.0,80,230.0,3912.0,0,0,0,1,0,0,1,0,0,0,0,1,1
120810,00350000026RLkGAAW,0.0,0,70.0,11022.0,0,0,0,0,1,0,1,0,0,0,0,1,1
120816,00350000026RMX0AAO,0.0,0,594.0,1702.0,0,0,0,1,0,0,1,0,0,0,1,0,0
120823,00350000026RNA6AAO,0.0,10,6011.0,1063.0,0,0,0,1,0,0,1,0,0,0,0,1,1
120831,00350000026RNjBAAW,0.0,20,10139.0,1467.0,0,0,0,1,0,0,0,0,0,1,0,1,1
120834,00350000026RNkxAAG,0.0,0,9605.0,1827.0,0,1,0,0,0,0,0,0,1,0,0,1,1
120836,00350000026RNrKAAW,0.0,100,1683.0,1978.0,1,0,0,0,0,0,1,0,0,0,0,1,0
120837,00350000026RNvRAAW,0.0,0,7.0,9209.0,0,0,0,1,0,1,0,0,0,0,0,1,0
120840,00350000026ROsLAAW,0.0,0,0.0,1466.0,0,0,0,1,0,0,1,0,0,0,0,1,0
120845,00350000026RPQrAAO,0.0,0,13359.0,992.0,0,0,0,1,0,0,0,0,0,1,0,1,1
120851,00350000026RPqLAAW,0.0,0,257.0,4390.0,0,0,0,1,0,0,1,0,0,0,0,1,1
120852,00350000026RPuXAAW,0.0,80,343.0,7328.0,1,0,0,0,0,0,0,0,0,1,0,1,0
120855,00350000026RQB9AAO,0.0,0,2439.0,3455.0,0,0,0,1,0,0,0,0,1,0,0,1,0
120861,00350000026RQRWAA4,0.0,0,5260.0,1353.0,1,0,0,0,0,0,1,0,0,0,0,1,0
120865,00350000026RQheAAG,0.0,0,95.0,2923.0,0,0,0,0,1,0,1,0,0,0,0,1,0
120872,00350000026RRwDAAW,0.0,0,264.0,1250.0,0,1,0,0,0,0,1,0,0,0,0,1,1
120875,00350000026RSOWAA4,0.0,0,1179.0,1461.0,0,0,0,1,0,0,0,0,1,0,0,1,0
120883,00350000026RSkrAAG,0.0,10,3450.0,7308.0,0,0,0,0,1,0,1,0,0,0,0,1,1
120884,00350000026RSkwAAG,0.0,90,345.0,7041.0,0,1,0,0,0,0,1,0,0,0,0,1,0
120886,00350000026RSqBAAW,0.0,90,831.0,8085.0,0,1,0,0,0,0,0,0,1,0,0,1,1
120891,00350000026RUdcAAG,0.0,0,942.0,2704.0,1,0,0,0,0,0,1,0,0,0,0,1,1
120897,00350000026RVUMAA4,0.0,0,918.0,1594.0,0,0,0,0,1,0,1,0,0,0,0,1,0
120899,00350000026RVghAAG,0.0,0,10.0,2839.0,0,1,0,0,0,0,1,0,0,0,0,1,0
120901,00350000026RWLuAAO,0.0,60,1312.0,7325.0,0,0,0,1,0,0,0,0,0,1,0,1,1
120906,00350000026RX6uAAG,0.0,0,40.0,3524.0,0,0,0,1,0,1,0,0,0,0,0,1,1
120907,00350000026RX8MAAW,0.0,10,851.0,358.0,1,0,0,0,0,0,0,0,0,1,0,1,1
120912,00350000026RXNqAAO,0.0,70,2055.0,7444.0,0,1,0,0,0,0,1,0,0,0,0,1,0
120914,00350000026RXqJAAW,0.0,20,2464.0,1826.0,0,0,0,1,0,0,0,0,1,0,0,1,1
120921,00350000026RYXBAA4,0.0,0,0.0,7305.0,0,0,0,1,0,0,1,0,0,0,0,1,1
120922,00350000026RYXVAA4,0.0,0,0.0,11741.0,0,0,0,0,1,0,1,0,0,0,1,0,0
120923,00350000026RYYsAAO,0.0,0,0.0,7309.0,0,0,0,1,0,0,1,0,0,0,0,1,1
120924,00350000026RYZ2AAO,0.0,0,0.0,2313.0,0,0,0,1,0,0,1,0,0,0,1,0,0
120925,00350000026RYZWAA4,0.0,0,0.0,9130.0,0,0,0,0,1,0,1,0,0,0,1,0,0
120929,00350000026RZnpAAG,0.0,10,12595.0,1506.0,0,0,0,1,0,0,0,0,1,0,0,1,1
120950,00350000026RdaqAAC,0.0,0,0.0,2192.0,0,1,0,0,0,0,1,0,0,0,0,1,0
120958,00350000026ReO4AAK,0.0,0,1307.0,2404.0,0,0,0,1,0,0,1,0,0,0,0,1,0
120959,00350000026ReZHAA0,0.0,0,155.0,7325.0,0,1,0,0,0,0,0,0,0,1,0,1,1
120961,00350000026RehzAAC,0.0,0,23.0,7318.0,0,0,0,0,1,0,1,0,0,0,0,1,1
120967,00350000026RfFzAAK,0.0,0,2294.0,1827.0,0,1,0,0,0,0,1,0,0,0,0,1,1
120972,00350000026RhWMAA0,0.0,0,376.0,9973.0,0,1,0,0,0,0,1,0,0,0,0,1,1
121002,00350000026RoB9AAK,0.0,40,665.0,3221.0,0,0,0,1,0,0,0,0,0,1,0,1,1
121006,00350000026RpIIAA0,0.0,0,352.0,4412.0,0,0,0,0,1,0,0,0,1,0,0,1,0
121007,00350000026RpeTAAS,0.0,0,0.0,4324.0,0,0,0,1,0,0,1,0,0,0,0,1,1
121011,00350000026RqRkAAK,0.0,0,1226.0,1130.0,0,0,0,1,0,0,1,0,0,0,0,1,1
121013,00350000026RqqxAAC,0.0,0,10383.0,1460.0,0,0,0,0,1,0,0,0,1,0,0,1,1
121015,00350000026RrGCAA0,0.0,0,210.0,4637.0,0,0,0,1,0,1,0,0,0,0,0,1,1
121022,00350000026RsCzAAK,0.0,40,367.0,2728.0,1,0,0,0,0,0,1,0,0,0,0,1,0
121023,00350000026RsEbAAK,0.0,70,3944.0,1461.0,0,1,0,0,0,0,0,0,1,0,0,1,0
121026,00350000026RslMAAS,0.0,0,107.0,9346.0,0,0,0,0,1,0,0,0,0,1,0,1,1
121027,00350000026RslbAAC,0.0,0,6955.0,7316.0,0,1,0,0,0,0,0,0,0,1,0,1,1
121029,00350000026RtQ4AAK,0.0,0,1898.0,1460.0,0,1,0,0,0,0,0,0,0,1,0,1,1
121030,00350000026RtUiAAK,0.0,0,536.0,11986.0,0,0,0,1,0,1,0,0,0,0,0,1,1
121034,00350000026RtfyAAC,0.0,0,6223.0,1150.0,0,0,0,0,1,0,1,0,0,0,1,0,1
121037,00350000026RtsxAAC,0.0,30,3365.0,10243.0,0,1,0,0,0,1,0,0,0,0,1,0,0
121041,00350000026Ru8gAAC,0.0,0,0.0,7777.0,0,0,0,0,1,1,0,0,0,0,0,1,1
121043,00350000026Ru9ZAAS,0.0,0,0.0,3654.0,0,1,0,0,0,1,0,0,0,0,0,1,1
121044,00350000026Ru9eAAC,0.0,0,0.0,9527.0,0,0,0,0,1,1,0,0,0,0,0,1,1
121049,00350000026RuCdAAK,0.0,0,0.0,7346.0,0,1,0,0,0,1,0,0,0,0,0,1,1
121050,00350000026RuFJAA0,0.0,0,0.0,5504.0,0,0,0,1,0,1,0,0,0,0,0,1,1
121051,00350000026RuICAA0,0.0,0,0.0,5392.0,0,0,0,1,0,1,0,0,0,0,1,0,0
121053,00350000026RuIMAA0,0.0,0,0.0,7775.0,0,0,0,1,0,1,0,0,0,0,0,1,0
121058,00350000026Rv70AAC,0.0,0,200.0,11017.0,1,0,0,0,0,0,0,0,0,1,0,1,0
121064,00350000026RvRFAA0,0.0,0,99.0,1825.0,0,0,0,1,0,0,0,0,1,0,0,1,1
121074,00350000026RwcdAAC,0.0,0,47.0,5672.0,0,1,0,0,0,1,0,0,0,0,1,0,1
121076,00350000026Rwi7AAC,0.0,40,257.0,1945.0,0,0,0,1,0,0,1,0,0,0,0,1,0
121077,00350000026RwlJAAS,0.0,0,600.0,2077.0,0,0,0,0,1,0,1,0,0,0,0,1,1
121078,00350000026RwqcAAC,0.0,0,107.0,9346.0,0,1,0,0,0,0,0,0,0,1,1,0,0
121085,00350000026Rxb9AAC,0.0,0,126.0,4348.0,0,0,0,1,0,0,1,0,0,0,1,0,0
121099,00350000026S0kZAAS,0.0,0,0.0,2567.0,0,0,0,1,0,0,1,0,0,0,1,0,1
121101,00350000026S0koAAC,0.0,0,0.0,1221.0,0,0,0,1,0,0,1,0,0,0,0,1,0
121111,00350000026S0mRAAS,0.0,0,0.0,9801.0,1,0,0,0,0,0,1,0,0,0,0,1,1
121127,00350000026S0qTAAS,0.0,0,0.0,8413.0,0,0,0,1,0,0,1,0,0,0,0,1,0
121138,00350000026S1WoAAK,0.0,0,0.0,5415.0,0,1,0,0,0,0,1,0,0,0,1,0,0
121144,00350000026S2F8AAK,0.0,0,0.0,4188.0,0,0,0,1,0,0,0,0,1,0,0,1,0
121149,00350000026S2iPAAS,0.0,0,4467.0,1461.0,0,1,0,0,0,0,0,0,0,1,1,0,1
121151,00350000026S2n5AAC,0.0,0,115.0,5074.0,0,0,0,0,1,0,0,0,1,0,0,1,1
121163,00350000026S3qZAAS,0.0,0,0.0,1461.0,1,0,0,0,0,0,1,0,0,0,0,1,1
121179,00350000026S5oiAAC,0.0,0,0.0,8770.0,1,0,0,0,0,0,1,0,0,0,0,1,0
121193,00350000026S7OxAAK,0.0,0,3613.0,2010.0,0,0,0,0,1,0,0,0,0,1,0,1,1
121204,00350000026S8XNAA0,0.0,0,2.0,2633.0,0,0,0,1,0,0,1,0,0,0,0,1,1
121206,00350000026S9I6AAK,0.0,50,146.0,3269.0,0,1,0,0,0,0,1,0,0,0,1,0,1
121210,00350000026S9q1AAC,0.0,0,54.0,3663.0,0,0,0,1,0,1,0,0,0,0,0,1,1
121212,00350000026SAjsAAG,0.0,0,0.0,2946.0,1,0,0,0,0,1,0,0,0,0,0,1,0
121213,00350000026SAkCAAW,0.0,0,0.0,8983.0,0,1,0,0,0,0,1,0,0,0,0,1,1
121216,00350000026SAlAAAW,0.0,0,0.0,8429.0,0,1,0,0,0,0,1,0,0,0,0,1,1
121217,00350000026SAlKAAW,0.0,0,0.0,9861.0,0,0,0,1,0,0,1,0,0,0,0,1,0
121218,00350000026SAmSAAW,0.0,0,0.0,5491.0,0,0,0,1,0,1,0,0,0,0,0,1,0
121219,00350000026SAn1AAG,0.0,0,0.0,8191.0,0,1,0,0,0,1,0,0,0,0,0,1,1
121221,00350000026SAx1AAG,0.0,0,0.0,4655.0,0,1,0,0,0,1,0,0,0,0,0,1,1
121222,00350000026SAxVAAW,0.0,80,0.0,5513.0,0,0,0,0,1,1,0,0,0,0,0,1,1
121225,00350000026SAyTAAW,0.0,0,0.0,5457.0,1,0,0,0,0,1,0,0,0,0,1,0,0
121226,00350000026SAyiAAG,0.0,0,0.0,5691.0,0,0,0,0,1,1,0,0,0,0,0,1,1
121229,00350000026SB0eAAG,0.0,0,0.0,4028.0,0,0,0,1,0,1,0,0,0,0,0,1,0
121230,00350000026SB0oAAG,0.0,0,686.0,7306.0,1,0,0,0,0,1,0,0,0,0,1,0,0
121231,00350000026SB1IAAW,0.0,0,0.0,7803.0,0,0,0,1,0,0,1,0,0,0,0,1,0
121232,00350000026SB1XAAW,0.0,0,0.0,8751.0,0,0,0,1,0,1,0,0,0,0,0,1,0
121233,00350000026SB1mAAG,0.0,30,0.0,6498.0,1,0,0,0,0,0,1,0,0,0,0,1,1
121235,00350000026SB2LAAW,0.0,70,0.0,5113.0,0,0,0,1,0,1,0,0,0,0,0,1,0
121236,00350000026SB2uAAG,0.0,0,0.0,7305.0,0,0,0,1,0,1,0,0,0,0,0,1,0
121244,00350000026SCy0AAG,0.0,0,0.0,3195.0,1,0,0,0,0,1,0,0,0,0,0,1,1
121253,00350000026SDdRAAW,0.0,0,0.0,4718.0,1,0,0,0,0,0,1,0,0,0,0,1,0
121260,00350000026SECHAA4,0.0,0,2164.0,1826.0,0,1,0,0,0,0,0,0,1,0,0,1,1
121264,00350000026SEpnAAG,0.0,0,0.0,7311.0,0,0,0,1,0,0,0,0,0,1,0,1,0
121278,00350000026SH1PAAW,0.0,0,47.0,4406.0,1,0,0,0,0,0,1,0,0,0,1,0,1
121280,00350000026SH4nAAG,0.0,0,0.0,6074.0,0,0,0,1,0,0,1,0,0,0,0,1,1
121288,00350000026SHQgAAO,0.0,0,0.0,8517.0,1,0,0,0,0,0,1,0,0,0,0,1,0
121293,00350000026SIbBAAW,0.0,10,1186.0,1370.0,0,1,0,0,0,0,0,0,1,0,0,1,1
121304,00350000026SJUoAAO,0.0,10,1212.0,10758.0,0,0,0,1,0,0,1,0,0,0,0,1,1
121307,00350000026SJefAAG,0.0,0,0.0,6061.0,0,0,0,1,0,0,1,0,0,0,0,1,0
121308,00350000026SJhtAAG,0.0,0,0.0,7701.0,0,0,0,1,0,0,1,0,0,0,0,1,1
121309,00350000026SJqRAAW,0.0,0,0.0,10441.0,0,0,0,0,1,0,1,0,0,0,0,1,1
121312,00350000026SKM3AAO,0.0,100,383.0,1701.0,0,0,0,0,1,0,1,0,0,0,0,1,1
121313,00350000026SKOsAAO,0.0,80,160.0,4202.0,1,0,0,0,0,0,1,0,0,0,0,1,1
121319,00350000026SLLQAA4,0.0,80,498.0,5844.0,0,0,0,0,1,0,1,0,0,0,1,0,1
121320,00350000026SLOPAA4,0.0,0,1068.0,1191.0,0,0,0,1,0,0,0,0,0,1,0,1,0
121325,00350000026SLflAAG,0.0,0,146.0,1820.0,0,0,0,1,0,1,0,0,0,0,0,1,1
121326,00350000026SLgjAAG,0.0,0,676.0,2922.0,0,1,0,0,0,0,1,0,0,0,0,1,1
121327,00350000026SLuMAAW,0.0,0,3778.0,1463.0,1,0,0,0,0,0,0,0,1,0,1,0,1
121330,00350000026SMIsAAO,0.0,50,971.0,1614.0,0,0,0,1,0,0,1,0,0,0,1,0,1
121336,00350000026SMoQAAW,0.0,10,4031.0,2408.0,0,0,0,0,1,0,1,0,0,0,1,0,1
121342,00350000026SNmLAAW,0.0,0,114.0,1460.0,0,0,0,1,0,0,0,0,1,0,0,1,1
121344,00350000026SNsYAAW,0.0,0,334.0,8786.0,0,1,0,0,0,0,1,0,0,0,0,1,1
121350,00350000026SODlAAO,0.0,0,57.0,7331.0,1,0,0,0,0,0,0,0,0,1,1,0,1
121358,00350000026SOYFAA4,0.0,40,2256.0,1462.0,1,0,0,0,0,0,0,0,1,0,0,1,1
121362,00350000026SOiyAAG,0.0,0,185.0,1222.0,0,0,0,1,0,0,1,0,0,0,0,1,1
121363,00350000026SPi8AAG,0.0,0,0.0,5497.0,1,0,0,0,0,1,0,0,0,0,0,1,1
121365,00350000026SQtgAAG,0.0,0,2459.0,1217.0,0,1,0,0,0,0,0,0,1,0,0,1,1
121371,00350000026SRMIAA4,0.0,0,1027.0,1213.0,0,0,0,1,0,0,1,0,0,0,0,1,0
121376,00350000026SRlrAAG,0.0,0,0.0,2192.0,1,0,0,0,0,1,0,0,0,0,1,0,0
121381,00350000026SS9mAAG,0.0,0,880.0,2137.0,1,0,0,0,0,0,1,0,0,0,0,1,1
121395,00350000026STfUAAW,0.0,0,200.0,3492.0,0,0,0,1,0,0,1,0,0,0,0,1,1
121401,00350000026SUTZAA4,0.0,0,297.0,3667.0,1,0,0,0,0,0,1,0,0,0,0,1,1
121406,00350000026SX6NAAW,0.0,0,64.0,3638.0,0,0,0,1,0,0,1,0,0,0,0,1,1
121408,00350000026SXeeAAG,0.0,70,195.0,2773.0,0,1,0,0,0,0,1,0,0,0,1,0,1
121416,00350000026SYjCAAW,0.0,0,66.0,5756.0,1,0,0,0,0,0,0,0,0,1,0,1,0
121419,00350000026SYvIAAW,0.0,0,52.0,7304.0,0,0,0,1,0,0,1,0,0,0,0,1,1
121424,00350000026SZVpAAO,0.0,0,1280.0,1139.0,0,0,0,0,1,0,1,0,0,0,1,0,1
121425,00350000026SZoXAAW,0.0,0,1867.0,8115.0,0,1,0,0,0,0,1,0,0,0,0,1,0
121433,00350000026SapNAAS,0.0,0,120.0,7799.0,0,1,0,0,0,0,0,0,0,1,0,1,1
121457,00350000026ShTKAA0,0.0,0,1947.0,7305.0,0,1,0,0,0,0,1,0,0,0,1,0,0
121461,00350000026ShovAAC,0.0,50,20.0,7464.0,0,1,0,0,0,1,0,0,0,0,0,1,0
121465,00350000026SjQhAAK,0.0,0,38.0,8683.0,0,1,0,0,0,0,0,0,0,1,0,1,1
121469,00350000026SkKzAAK,0.0,0,0.0,7270.0,0,0,0,1,0,0,1,0,0,0,1,0,0
121478,00350000026Skn3AAC,0.0,0,0.0,2556.0,0,0,0,1,0,0,1,0,0,0,0,1,1
121483,00350000026SlOdAAK,0.0,0,0.0,330.0,0,0,0,1,0,0,1,0,0,0,0,1,1
121490,00350000026Sm7AAAS,0.0,0,0.0,4887.0,1,0,0,0,0,0,1,0,0,0,0,1,1
121498,00350000026SmaZAAS,0.0,0,0.0,1797.0,0,0,0,1,0,0,1,0,0,0,0,1,0
121499,00350000026SmbmAAC,0.0,0,0.0,6859.0,0,0,0,1,0,0,1,0,0,0,0,1,0
121501,00350000026SmjqAAC,0.0,0,0.0,5853.0,0,0,0,1,0,0,1,0,0,0,0,1,1
121507,00350000026SnLLAA0,0.0,0,6.0,9524.0,0,1,0,0,0,0,1,0,0,0,1,0,1
121512,00350000026SoWsAAK,0.0,0,0.0,8803.0,1,0,0,0,0,0,1,0,0,0,0,1,1
121517,00350000026SpU4AAK,0.0,30,646.0,9910.0,0,0,0,0,1,0,1,0,0,0,0,1,0
121518,00350000026Spa6AAC,0.0,80,2372.0,8794.0,1,0,0,0,0,0,1,0,0,0,0,1,1
121520,00350000026SpqrAAC,0.0,0,2098.0,8191.0,0,1,0,0,0,0,1,0,0,0,0,1,1
121522,00350000026SqKcAAK,0.0,0,6503.0,2878.0,0,0,0,1,0,0,0,0,0,1,1,0,0
121523,00350000026SqNlAAK,0.0,70,1854.0,2010.0,0,0,0,0,1,0,1,0,0,0,1,0,1
121528,00350000026SqqJAAS,0.0,0,1989.0,1551.0,0,0,0,1,0,0,1,0,0,0,0,1,1
121529,00350000026SquuAAC,0.0,60,934.0,1460.0,1,0,0,0,0,1,0,0,0,0,0,1,1
121531,00350000026SrDIAA0,0.0,0,1886.0,1935.0,0,0,0,1,0,0,1,0,0,0,0,1,0
121533,00350000026SrQMAA0,0.0,0,0.0,4902.0,0,0,0,1,0,0,1,0,0,0,0,1,1
121550,00350000026St3rAAC,0.0,10,320.0,2985.0,0,0,0,1,0,0,0,1,0,0,0,1,1
121552,00350000026StQtAAK,0.0,20,1188.0,3654.0,0,1,0,0,0,0,1,0,0,0,0,1,1
121556,00350000026StmzAAC,0.0,50,1941.0,1701.0,1,0,0,0,0,0,1,0,0,0,0,1,0
121561,00350000026SuWiAAK,0.0,70,4322.0,8817.0,0,0,0,1,0,0,1,0,0,0,0,1,1
121562,00350000026SugTAAS,0.0,50,3491.0,1460.0,0,0,0,0,1,0,0,0,1,0,0,1,0
121564,00350000026Sup6AAC,0.0,0,76.0,1458.0,0,0,0,1,0,0,0,0,1,0,0,1,0
121566,00350000026SutmAAC,0.0,0,320.0,2849.0,0,0,0,1,0,0,1,0,0,0,0,1,1
121567,00350000026SvNbAAK,0.0,0,29.0,5137.0,0,0,0,1,0,0,1,0,0,0,0,1,0
121570,00350000026SwOzAAK,0.0,40,196.0,1799.0,0,0,0,1,0,0,1,0,0,0,1,0,1
121574,00350000026SyovAAC,0.0,0,311.0,1460.0,0,0,0,1,0,0,0,0,0,1,0,1,1
121580,00350000026SzdhAAC,0.0,0,40.0,1308.0,0,1,0,0,0,0,1,0,0,0,0,1,1
121581,00350000026SzmtAAC,0.0,0,19.0,736.0,0,0,0,0,1,0,1,0,0,0,0,1,1
121593,00350000026T13pAAC,0.0,30,1003.0,7515.0,0,0,0,1,0,0,1,0,0,0,0,1,1
121596,00350000026T1WNAA0,0.0,0,0.0,2758.0,0,0,0,1,0,0,1,0,0,0,0,1,1
121606,00350000026T2LjAAK,0.0,0,91.0,6560.0,1,0,0,0,0,1,0,0,0,0,0,1,1
121611,00350000026T3M9AAK,0.0,0,3393.0,1473.0,0,1,0,0,0,0,1,0,0,0,0,1,0
121622,00350000026T53rAAC,0.0,0,0.0,4442.0,0,0,0,0,1,0,1,0,0,0,1,0,1
121623,00350000026T5GHAA0,0.0,0,0.0,8068.0,1,0,0,0,0,0,1,0,0,0,1,0,0
121624,00350000026T5JuAAK,0.0,0,0.0,2581.0,0,0,0,1,0,0,1,0,0,0,0,1,1
121629,00350000026T6C1AAK,0.0,0,414.0,2256.0,0,1,0,0,0,0,1,0,0,0,0,1,0
121632,00350000026T6gLAAS,0.0,0,7917.0,739.0,0,0,0,0,1,0,0,0,0,1,0,1,0
121633,00350000026T6phAAC,0.0,0,2522.0,2190.0,0,1,0,0,0,0,0,0,0,1,0,1,0
121639,00350000026T8drAAC,0.0,0,0.0,1937.0,0,0,0,1,0,0,1,0,0,0,0,1,1
121640,00350000026T8fTAAS,0.0,0,0.0,1609.0,0,0,0,1,0,0,1,0,0,0,0,1,0
121643,00350000026T8m0AAC,0.0,0,0.0,8306.0,0,0,0,1,0,0,1,0,0,0,0,1,0
121645,00350000026T8oLAAS,0.0,0,0.0,6618.0,0,0,0,1,0,0,1,0,0,0,0,1,0
121647,00350000026T9FbAAK,0.0,0,0.0,6877.0,0,0,0,1,0,0,1,0,0,0,0,1,0
121649,00350000026T9JsAAK,0.0,0,0.0,1607.0,0,0,0,1,0,0,1,0,0,0,0,1,0
121651,00350000026TA9xAAG,0.0,0,0.0,3956.0,0,0,0,1,0,0,1,0,0,0,0,1,0
121654,00350000026TAbgAAG,0.0,0,0.0,6227.0,1,0,0,0,0,0,1,0,0,0,1,0,1
121656,00350000026TAcUAAW,0.0,90,2693.0,4927.0,0,0,0,0,1,0,1,0,0,0,1,0,0
121657,00350000026TAcjAAG,0.0,0,0.0,5832.0,0,1,0,0,0,0,1,0,0,0,1,0,1
121659,00350000026TAdIAAW,0.0,0,0.0,2557.0,0,0,0,1,0,0,1,0,0,0,0,1,0
121665,00350000026TAnsAAG,0.0,0,0.0,7319.0,1,0,0,0,0,1,0,0,0,0,0,1,1
121666,00350000026TAogAAG,0.0,0,0.0,4025.0,0,0,0,1,0,1,0,0,0,0,0,1,1
121667,00350000026TAqcAAG,0.0,0,0.0,13680.0,0,0,0,1,0,1,0,0,0,0,0,1,1
121671,00350000026TClKAAW,0.0,0,0.0,15371.0,1,0,0,0,0,0,1,0,0,0,0,1,0
121674,00350000026TD6hAAG,0.0,0,0.0,4612.0,0,0,0,1,0,0,1,0,0,0,0,1,0
121683,00350000026TEEfAAO,0.0,0,0.0,4036.0,0,0,0,1,0,1,0,0,0,0,0,1,0
121686,00350000026TEMZAA4,0.0,0,1006.0,7872.0,0,0,0,1,0,0,1,0,0,0,0,1,1
121689,00350000026TEX3AAO,0.0,0,0.0,8324.0,0,0,0,0,1,0,1,0,0,0,0,1,0
121692,00350000026TEmCAAW,0.0,0,0.0,6129.0,1,0,0,0,0,1,0,0,0,0,1,0,1
121694,00350000026TEosAAG,0.0,0,0.0,10411.0,1,0,0,0,0,1,0,0,0,0,0,1,0
121703,00350000026TFonAAG,0.0,80,1084.0,6332.0,0,1,0,0,0,1,0,0,0,0,0,1,1
121704,00350000026TFzzAAG,0.0,0,0.0,7848.0,0,0,0,1,0,0,1,0,0,0,0,1,1
121707,00350000026TGBbAAO,0.0,0,0.0,1970.0,0,0,0,1,0,1,0,0,0,0,0,1,1
121708,00350000026TGMjAAO,0.0,0,0.0,9892.0,1,0,0,0,0,1,0,0,0,0,0,1,1
121710,00350000026TGgoAAG,0.0,0,2134.0,2890.0,0,1,0,0,0,0,0,0,0,1,0,1,1
121715,00350000026TGw4AAG,0.0,50,2268.0,1461.0,0,1,0,0,0,0,0,0,1,0,0,1,1
121723,00350000026TJxTAAW,0.0,0,0.0,3194.0,1,0,0,0,0,0,1,0,0,0,0,1,0
121724,00350000026TK3bAAG,0.0,0,0.0,3890.0,1,0,0,0,0,0,1,0,0,0,1,0,0
121727,00350000026TKvlAAG,0.0,0,0.0,10023.0,1,0,0,0,0,1,0,0,0,0,0,1,1
121728,00350000026TL3LAAW,0.0,0,0.0,8771.0,0,0,0,1,0,1,0,0,0,0,0,1,1
121729,00350000026TL6oAAG,0.0,0,0.0,7305.0,1,0,0,0,0,0,1,0,0,0,0,1,1
121731,00350000026TLEiAAO,0.0,0,0.0,7333.0,0,0,0,0,1,1,0,0,0,0,1,0,1
121733,00350000026TLMmAAO,0.0,0,0.0,2191.0,0,1,0,0,0,1,0,0,0,0,0,1,1
121735,00350000026TLSVAA4,0.0,0,0.0,1466.0,0,0,0,1,0,1,0,0,0,0,1,0,0
121737,00350000026TLUvAAO,0.0,0,0.0,365.0,0,0,0,1,0,0,0,0,1,0,0,1,0
121738,00350000026TLaeAAG,0.0,0,1510.0,2576.0,1,0,0,0,0,0,1,0,0,0,0,1,0
121751,00350000026TOVtAAO,0.0,30,2227.0,7306.0,1,0,0,0,0,0,1,0,0,0,0,1,1
121752,00350000026TOeSAAW,0.0,0,0.0,978.0,1,0,0,0,0,0,1,0,0,0,0,1,0
121753,00350000026TOlaAAG,0.0,30,599.0,7432.0,0,0,0,0,1,0,1,0,0,0,0,1,1
121756,00350000026TOtjAAG,0.0,10,8492.0,1636.0,0,1,0,0,0,0,1,0,0,0,0,1,1
121759,00350000026TP1EAAW,0.0,100,1131.0,6209.0,1,0,0,0,0,1,0,0,0,0,0,1,1
121760,00350000026TP1nAAG,0.0,30,2388.0,2725.0,0,1,0,0,0,0,1,0,0,0,1,0,1
121764,00350000026TPLIAA4,0.0,0,2928.0,8522.0,0,1,0,0,0,0,0,0,0,1,1,0,1
121772,00350000026TQgfAAG,0.0,0,43.0,8770.0,1,0,0,0,0,1,0,0,0,0,0,1,0
121774,00350000026TRC1AAO,0.0,0,301.0,2877.0,0,0,0,1,0,0,1,0,0,0,0,1,0
121775,00350000026TRL3AAO,0.0,40,3220.0,1292.0,0,1,0,0,0,0,1,0,0,0,1,0,0
121778,00350000026TRpSAAW,0.0,60,2735.0,6129.0,0,0,0,0,1,0,1,0,0,0,1,0,1
121782,00350000026TTeRAAW,0.0,0,92.0,1460.0,0,0,0,1,0,0,1,0,0,0,0,1,0
121783,00350000026TTvFAAW,0.0,0,0.0,1461.0,0,1,0,0,0,0,1,0,0,0,0,1,0
121785,00350000026TUbjAAG,0.0,0,397.0,324.0,0,0,0,1,0,0,1,0,0,0,0,1,0
121791,00350000026TUpfAAG,0.0,60,2916.0,1317.0,0,1,0,0,0,0,1,0,0,0,1,0,1
121792,00350000026TUqSAAW,0.0,0,207.0,2343.0,0,0,0,1,0,0,1,0,0,0,0,1,0
121795,00350000026TVA3AAO,0.0,0,8.0,5982.0,1,0,0,0,0,0,1,0,0,0,0,1,0
121798,00350000026TVLaAAO,0.0,90,643.0,3958.0,0,1,0,0,0,0,1,0,0,0,0,1,1
121802,00350000026TWt1AAG,0.0,60,266.0,471.0,0,1,0,0,0,0,0,0,1,0,0,1,1
121806,00350000026TX1tAAG,0.0,0,166.0,3652.0,0,1,0,0,0,0,0,0,1,0,1,0,1
121808,00350000026TX44AAG,0.0,0,1071.0,2161.0,0,0,0,1,0,0,0,0,0,1,1,0,0
121810,00350000026TX65AAG,0.0,50,888.0,1461.0,0,0,0,1,0,0,0,0,0,1,0,1,0
121812,00350000026TX7cAAG,0.0,0,60.0,3510.0,0,0,0,0,1,1,0,0,0,0,1,0,1
121813,00350000026TX7rAAG,0.0,0,229.0,3111.0,0,1,0,0,0,0,0,0,1,0,0,1,1
121815,00350000026TX9EAAW,0.0,80,586.0,4961.0,0,1,0,0,0,0,0,0,0,1,0,1,1
121816,00350000026TX9xAAG,0.0,0,769.0,2963.0,0,1,0,0,0,0,0,0,0,1,0,1,1
121818,00350000026TXC8AAO,0.0,0,1.0,22.0,0,0,0,1,0,0,0,0,1,0,0,1,0
121820,00350000026TXDaAAO,0.0,70,1800.0,1341.0,0,0,0,1,0,0,1,0,0,0,0,1,1
121823,00350000026TXFWAA4,0.0,90,1714.0,3107.0,0,1,0,0,0,0,0,0,1,0,1,0,0
121825,00350000026TXH3AAO,0.0,0,2620.0,5092.0,0,0,0,1,0,0,0,0,0,1,1,0,0
121827,00350000026TXKWAA4,0.0,50,1366.0,4731.0,0,0,0,1,0,0,0,0,1,0,0,1,1
121828,00350000026TXLoAAO,0.0,0,7.0,2029.0,0,0,0,1,0,1,0,0,0,0,0,1,1
121830,00350000026TXh1AAG,0.0,40,2071.0,1586.0,1,0,0,0,0,0,1,0,0,0,0,1,1
121844,00350000026TYgdAAG,0.0,60,3560.0,2922.0,1,0,0,0,0,0,0,0,0,1,1,0,1
121888,00350000026Teo3AAC,0.0,50,2924.0,1460.0,0,0,0,1,0,0,0,0,1,0,0,1,1
121896,00350000026TfXmAAK,0.0,80,596.0,1607.0,0,0,0,1,0,0,1,0,0,0,0,1,1
121902,00350000026ThXaAAK,0.0,30,1716.0,1447.0,0,0,0,0,1,0,0,0,1,0,0,1,1
121908,00350000026TjE4AAK,0.0,70,2797.0,8982.0,1,0,0,0,0,1,0,0,0,0,0,1,0
121930,00350000026TmbfAAC,0.0,0,0.0,1521.0,1,0,0,0,0,0,0,0,1,0,1,0,1
121936,00350000026Tn4wAAC,0.0,0,0.0,7002.0,1,0,0,0,0,0,1,0,0,0,0,1,1
121952,00350000026ToL5AAK,0.0,0,0.0,1461.0,0,0,0,1,0,0,0,0,1,0,0,1,1
121962,00350000026TodnAAC,0.0,70,0.0,405.0,0,1,0,0,0,0,1,0,0,0,0,1,0
121969,00350000026TpBfAAK,0.0,0,0.0,4162.0,0,0,0,1,0,0,0,0,1,0,1,0,1
121970,00350000026TpEeAAK,0.0,0,0.0,7322.0,0,0,0,1,0,0,0,0,1,0,0,1,1
121977,00350000026TpU4AAK,0.0,0,0.0,3196.0,0,0,0,0,1,0,0,0,1,0,1,0,1
121978,00350000026TpWZAA0,0.0,0,0.0,3164.0,0,1,0,0,0,0,0,0,1,0,0,1,0
121979,00350000026TpYuAAK,0.0,0,10.0,3011.0,0,1,0,0,0,0,1,0,0,0,0,1,1
121989,00350000026TppHAAS,0.0,20,242.0,12440.0,0,1,0,0,0,0,1,0,0,0,0,1,0
121990,00350000026TppMAAS,0.0,0,0.0,5655.0,0,0,0,0,1,0,0,0,1,0,0,1,1
121993,00350000026Trg1AAC,0.0,0,14644.0,41.0,0,0,0,1,0,0,0,0,0,1,0,1,0
121995,00350000026TrhdAAC,0.0,0,224.0,2922.0,1,0,0,0,0,0,0,0,1,0,0,1,1
122003,00350000026TsZGAA0,0.0,90,2960.0,2554.0,0,0,0,0,1,0,0,0,0,1,0,1,1
122009,00350000026TswyAAC,0.0,0,20.0,10365.0,0,0,0,0,1,1,0,0,0,0,1,0,1
122011,00350000026Tt1tAAC,0.0,0,0.0,10988.0,0,1,0,0,0,0,0,0,1,0,1,0,0
122012,00350000026Tt8BAAS,0.0,10,3978.0,1050.0,0,0,0,1,0,0,0,0,0,1,0,1,1
122015,00350000026TtTsAAK,0.0,0,0.0,2753.0,0,0,0,1,0,0,0,0,1,0,0,1,0
122020,00350000026TtZ1AAK,0.0,0,0.0,2940.0,0,0,0,1,0,0,0,0,1,0,0,1,1
122022,00350000026TteVAAS,0.0,0,1191.0,653.0,0,0,0,1,0,0,1,0,0,0,0,1,1
122023,00350000026TtiwAAC,0.0,0,0.0,1703.0,1,0,0,0,0,0,0,0,1,0,0,1,0
122024,00350000026Ttl2AAC,0.0,0,0.0,3576.0,0,0,0,1,0,0,0,0,1,0,0,1,1
122027,00350000026Ttp4AAC,0.0,0,0.0,1825.0,0,0,0,1,0,0,0,0,1,0,0,1,0
122029,00350000026Ttr5AAC,0.0,0,0.0,3292.0,0,0,0,1,0,0,0,0,1,0,0,1,0
122030,00350000026Tu1AAAS,0.0,0,0.0,7305.0,1,0,0,0,0,0,0,0,1,0,0,1,0
122032,00350000026Tu60AAC,0.0,50,0.0,5040.0,0,0,0,1,0,0,0,0,1,0,0,1,1
122034,00350000026Tu7rAAC,0.0,0,0.0,7313.0,0,0,0,1,0,0,0,0,1,0,0,1,0
122037,00350000026TvCbAAK,0.0,40,2001.0,7324.0,0,0,0,0,1,0,0,0,1,0,0,1,1
122038,00350000026TvjKAAS,0.0,0,60.0,2950.0,0,0,0,1,0,0,0,0,1,0,0,1,0
122041,00350000026Tvy2AAC,0.0,0,90.0,1471.0,0,0,0,1,0,0,0,0,0,1,0,1,1
122044,00350000026TwbgAAC,0.0,30,1172.0,8227.0,1,0,0,0,0,0,1,0,0,0,0,1,0
122057,00350000026TxAqAAK,0.0,10,524.0,1825.0,0,1,0,0,0,0,0,0,0,1,0,1,0
122061,00350000026TxJiAAK,0.0,0,42.0,9840.0,0,1,0,0,0,0,1,0,0,0,0,1,1
122062,00350000026TxKRAA0,0.0,20,1055.0,434.0,0,0,0,1,0,0,1,0,0,0,0,1,1
122068,00350000026TxV5AAK,0.0,0,3428.0,1366.0,0,1,0,0,0,0,0,0,0,1,0,1,1
122073,00350000026TzIIAA0,0.0,40,935.0,856.0,0,0,0,1,0,1,0,0,0,0,0,1,1
122088,00350000026U1YPAA0,0.0,0,711.0,2345.0,0,0,0,1,0,0,0,0,1,0,0,1,1
122100,00350000026U43uAAC,0.0,0,0.0,7335.0,1,0,0,0,0,0,1,0,0,0,0,1,1
122101,00350000026U465AAC,0.0,0,0.0,2373.0,0,0,0,1,0,0,1,0,0,0,0,1,1
122102,00350000026U48aAAC,0.0,0,0.0,2740.0,0,0,0,1,0,0,1,0,0,0,0,1,0
122105,00350000026U4ChAAK,0.0,0,0.0,12666.0,0,1,0,0,0,0,1,0,0,0,0,1,1
122106,00350000026U4FWAA0,0.0,0,0.0,1102.0,0,0,0,1,0,0,1,0,0,0,0,1,0
122107,00350000026U4GeAAK,0.0,0,0.0,6655.0,0,0,0,1,0,0,1,0,0,0,0,1,0
122112,00350000026U4boAAC,0.0,0,0.0,5493.0,1,0,0,0,0,0,1,0,0,0,0,1,1
122114,00350000026U4p2AAC,0.0,90,0.0,2910.0,0,0,0,1,0,0,1,0,0,0,1,0,1
122115,00350000026U4rIAAS,0.0,0,0.0,2752.0,0,1,0,0,0,0,1,0,0,0,0,1,0
122120,00350000026U5gBAAS,0.0,0,0.0,6876.0,0,0,0,1,0,0,1,0,0,0,0,1,0
122121,00350000026U5jzAAC,0.0,0,0.0,9862.0,0,1,0,0,0,0,1,0,0,0,0,1,0
122137,00350000026U84nAAC,0.0,0,0.0,4017.0,0,0,0,1,0,0,1,0,0,0,1,0,1
122139,00350000026U8MDAA0,0.0,80,0.0,8081.0,0,0,0,0,1,0,1,0,0,0,0,1,0
122145,00350000026U9PgAAK,0.0,0,1643.0,2191.0,1,0,0,0,0,0,1,0,0,0,0,1,1
122149,00350000026UAKiAAO,0.0,20,408.0,1959.0,0,0,0,1,0,0,1,0,0,0,0,1,1
122190,00350000026UJa9AAG,0.0,0,7473.0,1461.0,1,0,0,0,0,1,0,0,0,0,1,0,1
122195,00350000026UKHmAAO,0.0,0,1488.0,2852.0,0,1,0,0,0,0,0,0,1,0,0,1,1
122196,00350000026UKIzAAO,0.0,0,0.0,2822.0,0,0,0,1,0,0,0,0,1,0,0,1,1
122212,00350000026UNjGAAW,0.0,40,1358.0,7846.0,0,1,0,0,0,0,1,0,0,0,1,0,1
122216,00350000026UOP7AAO,0.0,0,0.0,929.0,0,0,0,0,1,0,1,0,0,0,0,1,1
122219,00350000026UP1UAAW,0.0,40,3456.0,3683.0,0,1,0,0,0,0,1,0,0,0,0,1,0
122223,00350000026UPFvAAO,0.0,0,78.0,1607.0,0,0,0,0,1,0,1,0,0,0,0,1,1
122224,00350000026UPGAAA4,0.0,80,508.0,7674.0,0,0,0,0,1,0,1,0,0,0,0,1,1
122226,00350000026UPHhAAO,0.0,70,825.0,2968.0,0,0,0,1,0,0,0,0,1,0,0,1,1
122231,00350000026UQFCAA4,0.0,0,976.0,3832.0,0,0,0,1,0,0,0,0,0,1,0,1,1
122234,00350000026UQjYAAW,0.0,0,20.0,5257.0,0,1,0,0,0,0,0,0,1,0,0,1,1
122237,00350000026UQzlAAG,0.0,80,850.0,3884.0,1,0,0,0,0,0,1,0,0,0,1,0,0
122240,00350000026URioAAG,0.0,90,546.0,4745.0,0,0,0,0,1,0,1,0,0,0,0,1,1
122242,00350000026USLJAA4,0.0,0,11435.0,1490.0,0,0,0,1,0,0,1,0,0,0,1,0,1
122245,00350000026USOmAAO,0.0,0,843.0,1291.0,0,1,0,0,0,1,0,0,0,0,0,1,1
122251,00350000026UTHwAAO,0.0,0,919.0,1460.0,0,0,0,1,0,0,1,0,0,0,0,1,1
122253,00350000026UTLoAAO,0.0,80,2917.0,1220.0,0,1,0,0,0,0,0,0,0,1,0,1,0
122254,00350000026UTM3AAO,0.0,10,63.0,2161.0,0,0,0,0,1,0,1,0,0,0,0,1,1
122259,00350000026UTVKAA4,0.0,0,20.0,7414.0,0,1,0,0,0,0,0,0,1,0,0,1,1
122260,00350000026UTYsAAO,0.0,20,3914.0,7399.0,0,0,0,1,0,0,1,0,0,0,0,1,1
122265,00350000026UUlOAAW,0.0,0,1710.0,2363.0,0,0,0,1,0,0,0,0,0,1,0,1,1
122274,00350000026UVNmAAO,0.0,0,1262.0,1369.0,1,0,0,0,0,0,0,0,1,0,0,1,0
122280,00350000026UVq1AAG,0.0,0,0.0,6987.0,0,1,0,0,0,0,1,0,0,0,1,0,1
122281,00350000026UVvPAAW,0.0,30,0.0,8642.0,0,1,0,0,0,0,1,0,0,0,0,1,1
122284,00350000026UWbfAAG,0.0,0,2985.0,1460.0,0,0,0,1,0,0,0,0,1,0,0,1,1
122286,00350000026UWkrAAG,0.0,100,3957.0,1377.0,0,1,0,0,0,0,1,0,0,0,0,1,1
122288,00350000026UWuXAAW,0.0,0,5351.0,839.0,0,0,0,1,0,0,0,0,1,0,0,1,1
122290,00350000026UX14AAG,0.0,50,3465.0,2192.0,0,1,0,0,0,0,0,0,0,1,0,1,1
122293,00350000026UXdWAAW,0.0,10,1833.0,2630.0,0,0,0,0,1,0,1,0,0,0,1,0,1
122298,00350000026UYgYAAW,0.0,0,5109.0,5709.0,0,0,0,1,0,0,1,0,0,0,0,1,1
122301,00350000026UbefAAC,0.0,0,113.0,4196.0,0,0,0,1,0,0,1,0,0,0,0,1,0
122303,00350000026Ubg7AAC,0.0,0,0.0,2466.0,0,0,0,1,0,0,1,0,0,0,0,1,0
122304,00350000026UblbAAC,0.0,0,381.0,1460.0,0,0,0,1,0,0,0,0,0,1,0,1,0
122323,00350000026UetBAAS,0.0,0,21.0,1886.0,0,0,0,0,1,1,0,0,0,0,0,1,1
122326,00350000026UfMhAAK,0.0,100,3131.0,3190.0,0,0,0,1,0,0,0,0,0,1,0,1,1
122328,00350000026UfPHAA0,0.0,0,36.0,580.0,0,1,0,0,0,0,1,0,0,0,1,0,1
122332,00350000026UfnYAAS,0.0,0,58.0,8367.0,0,0,0,1,0,0,1,0,0,0,0,1,1
122336,00350000026Ug4oAAC,0.0,60,5722.0,812.0,0,1,0,0,0,0,1,0,0,0,1,0,0
122340,00350000026UgMTAA0,0.0,0,0.0,3115.0,0,0,0,1,0,0,1,0,0,0,0,1,1
122346,00350000026UgjPAAS,0.0,0,0.0,3662.0,0,1,0,0,0,0,1,0,0,0,0,1,0
122350,00350000026UgoeAAC,0.0,0,0.0,7897.0,0,0,0,1,0,0,1,0,0,0,0,1,1
122353,00350000026UgtfAAC,0.0,100,0.0,7414.0,0,0,0,1,0,0,1,0,0,0,0,1,0
122354,00350000026Ugv2AAC,0.0,0,0.0,5569.0,1,0,0,0,0,0,1,0,0,0,0,1,1
122358,00350000026UhENAA0,0.0,0,0.0,5520.0,0,0,0,1,0,0,1,0,0,0,0,1,0
122390,00350000026UjX6AAK,0.0,90,1933.0,4309.0,0,0,0,0,1,0,1,0,0,0,0,1,1
122396,00350000026UjkFAAS,0.0,0,361.0,7331.0,0,0,0,1,0,0,0,0,1,0,0,1,0
122400,00350000026Uk9FAAS,0.0,0,0.0,7551.0,0,0,0,1,0,0,0,0,1,0,0,1,1
122409,00350000026UkzVAAS,0.0,0,0.0,7798.0,0,1,0,0,0,0,1,0,0,0,1,0,1
122410,00350000026UlDrAAK,0.0,0,0.0,4447.0,0,1,0,0,0,0,1,0,0,0,0,1,1
122412,00350000026UlLCAA0,0.0,0,0.0,9855.0,1,0,0,0,0,0,1,0,0,0,0,1,0
122415,00350000026UlboAAC,0.0,90,2947.0,1176.0,0,1,0,0,0,0,1,0,0,0,0,1,1
122420,00350000026UlnBAAS,0.0,0,0.0,6630.0,0,0,0,1,0,0,1,0,0,0,0,1,0
122421,00350000026UlpvAAC,0.0,0,0.0,10712.0,0,1,0,0,0,0,1,0,0,0,0,1,0
122426,00350000026UnHBAA0,0.0,50,1105.0,1245.0,0,1,0,0,0,0,1,0,0,0,0,1,1
122440,00350000026UoMhAAK,0.0,30,1093.0,4230.0,0,0,0,1,0,0,1,0,0,0,1,0,1
122453,00350000026Up3MAAS,0.0,0,0.0,3602.0,0,0,0,1,0,0,0,0,1,0,1,0,0
122458,00350000026UpAcAAK,0.0,0,0.0,5148.0,0,0,0,1,0,0,0,0,1,0,1,0,0
122459,00350000026UpGpAAK,0.0,0,1530.0,1825.0,0,1,0,0,0,0,0,0,1,0,0,1,1
122466,00350000026UplsAAC,0.0,0,0.0,3975.0,0,0,0,1,0,0,0,0,1,0,0,1,0
122470,00350000026UqLzAAK,0.0,0,767.0,2914.0,0,0,0,1,0,0,0,0,0,1,0,1,1
122471,00350000026UqWJAA0,0.0,0,0.0,6847.0,0,0,0,1,0,0,0,0,1,0,0,1,0
122472,00350000026UqWOAA0,0.0,90,0.0,2919.0,0,0,0,1,0,0,0,0,1,0,0,1,0
122480,00350000026Ut22AAC,0.0,0,0.0,2344.0,0,0,0,1,0,0,1,0,0,0,1,0,1
122488,00350000026Uu3VAAS,0.0,100,453.0,7305.0,0,1,0,0,0,0,0,0,1,0,0,1,1
122492,00350000026UuEdAAK,0.0,50,898.0,2191.0,0,1,0,0,0,0,1,0,0,0,0,1,1
122493,00350000026UuHXAA0,0.0,0,88.0,10118.0,0,0,0,1,0,0,1,0,0,0,0,1,1
122494,00350000026UuKCAA0,0.0,0,3739.0,1300.0,0,0,0,0,1,0,1,0,0,0,0,1,1
122501,00350000026UucuAAC,0.0,70,2789.0,1461.0,0,1,0,0,0,0,0,0,1,0,0,1,0
122510,00350000026UvTyAAK,0.0,0,26.0,9960.0,0,1,0,0,0,0,1,0,0,0,0,1,0
122516,00350000026UwcdAAC,0.0,0,45.0,2168.0,1,0,0,0,0,1,0,0,0,0,0,1,0
122518,00350000026Ux0DAAS,0.0,0,26.0,2725.0,0,0,0,1,0,1,0,0,0,0,0,1,1
122519,00350000026Ux0NAAS,0.0,50,3096.0,7429.0,0,1,0,0,0,0,0,0,0,1,0,1,1
122528,00350000026UxkYAAS,0.0,0,1262.0,1207.0,0,0,0,1,0,0,1,0,0,0,0,1,1
122529,00350000026UxlvAAC,0.0,0,326.0,2191.0,0,0,0,1,0,0,1,0,0,0,0,1,1
122531,00350000026Uy1FAAS,0.0,0,4971.0,1097.0,0,0,0,0,1,0,1,0,0,0,0,1,0
122532,00350000026Uy3pAAC,0.0,0,1801.0,2922.0,0,1,0,0,0,1,0,0,0,0,0,1,0
122537,00350000026UyBtAAK,0.0,0,240.0,5281.0,0,0,0,0,1,0,1,0,0,0,0,1,1
122539,00350000026UyDkAAK,0.0,0,399.0,2869.0,0,0,0,1,0,0,0,0,0,1,1,0,1
122541,00350000026UyH3AAK,0.0,40,149.0,2555.0,0,0,0,1,0,0,0,0,1,0,0,1,1
122547,00350000026UzJsAAK,0.0,0,2031.0,1825.0,0,1,0,0,0,0,1,0,0,0,0,1,1
122552,00350000026V0Y5AAK,0.0,0,984.0,2924.0,0,0,0,1,0,0,1,0,0,0,0,1,0
122556,00350000026V0g9AAC,0.0,0,1637.0,2191.0,1,0,0,0,0,1,0,0,0,0,0,1,1
122563,00350000026V2LiAAK,0.0,70,921.0,2845.0,0,0,0,1,0,0,0,0,1,0,1,0,0
122569,00350000026V3jvAAC,0.0,70,1337.0,8114.0,0,1,0,0,0,0,1,0,0,0,0,1,0
122570,00350000026V3obAAC,0.0,0,10172.0,1155.0,0,0,1,0,0,0,0,0,0,1,0,1,1
122571,00350000026V4vJAAS,0.0,0,1911.0,1098.0,0,1,0,0,0,0,0,0,0,1,1,0,1
122578,00350000026V6E0AAK,0.0,0,46.0,1607.0,0,0,0,0,1,0,1,0,0,0,0,1,1
122584,00350000026V7ldAAC,0.0,0,3071.0,1460.0,0,0,0,1,0,1,0,0,0,0,0,1,1
122590,00350000026V8MJAA0,0.0,0,0.0,4319.0,1,0,0,0,0,0,1,0,0,0,1,0,0
122593,00350000026V8MMAA0,0.0,0,0.0,1211.0,0,0,0,1,0,0,1,0,0,0,1,0,1
122596,00350000026V8MPAA0,0.0,0,520.0,4812.0,0,0,0,1,0,0,1,0,0,0,1,0,1
122598,00350000026V8MRAA0,0.0,0,0.0,7305.0,0,1,0,0,0,0,1,0,0,0,0,1,0
122599,00350000026V8MSAA0,0.0,0,6629.0,3005.0,0,1,0,0,0,0,1,0,0,0,1,0,0
122611,00350000026V9ARAA0,0.0,0,2687.0,4383.0,0,1,0,0,0,1,0,0,0,0,1,0,1
122614,00350000026V9OIAA0,0.0,0,6524.0,1084.0,0,1,0,0,0,0,0,0,0,1,0,1,1
122622,00350000026VATJAA4,0.0,0,0.0,5131.0,0,0,0,0,1,0,1,0,0,0,0,1,0
122630,00350000026VBgPAAW,0.0,0,8548.0,104.0,0,1,0,0,0,0,0,0,1,0,0,1,1
122632,00350000026VBqJAAW,0.0,100,3053.0,1436.0,1,0,0,0,0,0,0,0,1,0,0,1,1
122635,00350000026VCMkAAO,0.0,0,0.0,6209.0,0,0,0,0,1,0,0,0,1,0,0,1,1
122636,00350000026VCQSAA4,0.0,0,4123.0,7491.0,0,0,0,0,1,0,0,0,1,0,0,1,1
122651,00350000026VEhoAAG,0.0,0,11597.0,1096.0,0,0,0,1,0,0,1,0,0,0,0,1,0
122662,00350000026VFwLAAW,0.0,0,34.0,9107.0,0,1,0,0,0,0,1,0,0,0,0,1,0
122673,00350000029xGpwAAE,0.0,0,781.0,5098.0,0,1,0,0,0,0,1,0,0,0,1,0,1
122674,00350000029xGqBAAU,0.0,10,346.0,9167.0,0,1,0,0,0,0,0,0,0,1,1,0,0
122680,00350000029xH9mAAE,0.0,30,1651.0,4895.0,0,0,0,1,0,1,0,0,0,0,0,1,0
122694,00350000029xJ98AAE,0.0,30,2301.0,4334.0,0,0,0,1,0,0,1,0,0,0,0,1,1
122699,00350000029xJyfAAE,0.0,0,36.0,7009.0,0,0,0,1,0,0,0,0,0,1,0,1,1
122700,00350000029xKGZAA2,0.0,90,309.0,2037.0,0,0,0,1,0,0,0,0,1,0,0,1,1
122704,00350000029xKTGAA2,0.0,0,256.0,1285.0,0,0,0,1,0,0,1,0,0,0,0,1,1
122705,00350000029xKalAAE,0.0,50,1526.0,2135.0,0,1,0,0,0,0,1,0,0,0,0,1,1
122714,00350000029xMxSAAU,0.0,0,39.0,3678.0,1,0,0,0,0,1,0,0,0,0,0,1,1
122717,00350000029xN07AAE,0.0,50,1950.0,3276.0,0,0,0,0,1,0,1,0,0,0,0,1,1
122721,00350000029xNFSAA2,0.0,30,2020.0,1085.0,0,0,0,1,0,0,1,0,0,0,0,1,1
122725,00350000029xOXhAAM,0.0,30,979.0,7316.0,0,0,0,0,1,1,0,0,0,0,0,1,1
122726,00350000029xOYBAA2,0.0,0,11749.0,1095.0,1,0,0,0,0,0,1,0,0,0,0,1,0
122731,00350000029xPSsAAM,0.0,0,948.0,7872.0,0,1,0,0,0,0,1,0,0,0,0,1,1
122732,00350000029xPmTAAU,0.0,0,227.0,2716.0,0,0,0,1,0,1,0,0,0,0,0,1,1
122734,00350000029xQErAAM,0.0,60,3048.0,1460.0,0,0,0,0,1,0,0,0,1,0,0,1,1
122739,00350000029xUH6AAM,0.0,40,369.0,6820.0,0,0,0,1,0,0,1,0,0,0,0,1,1
122740,00350000029xUgoAAE,0.0,0,454.0,1221.0,0,0,0,1,0,0,1,0,0,0,0,1,1
122742,00350000029xW0TAAU,0.0,0,1966.0,4279.0,1,0,0,0,0,1,0,0,0,0,0,1,1
122747,00350000029xaxUAAQ,0.0,0,478.0,1348.0,1,0,0,0,0,0,1,0,0,0,0,1,1
122753,00350000029xfVCAAY,0.0,70,795.0,4387.0,0,1,0,0,0,0,0,0,0,1,0,1,1
122754,00350000029xfaMAAQ,0.0,10,1169.0,2922.0,0,0,0,1,0,0,0,0,0,1,0,1,0
122755,00350000029xfcoAAA,0.0,0,4305.0,3440.0,0,1,0,0,0,0,1,0,0,0,0,1,1
122761,00350000029xfvoAAA,0.0,0,448.0,2970.0,0,0,0,1,0,0,0,0,1,0,0,1,1
122764,00350000029xg2QAAQ,0.0,80,3506.0,1.0,0,1,0,0,0,0,1,0,0,0,0,1,1
122765,00350000029xg5eAAA,0.0,0,933.0,1370.0,0,0,0,1,0,0,0,0,1,0,0,1,1
122767,00350000029xgOMAAY,0.0,0,0.0,4619.0,1,0,0,0,0,0,1,0,0,0,0,1,1
122768,00350000029xgPZAAY,0.0,70,509.0,2984.0,0,0,0,1,0,0,1,0,0,0,0,1,0
122776,00350000029xjHtAAI,0.0,0,0.0,1407.0,0,0,0,1,0,1,0,0,0,0,0,1,1
122777,00350000029xjLHAAY,0.0,60,460.0,8077.0,0,1,0,0,0,0,1,0,0,0,0,1,1
122781,00350000029xjspAAA,0.0,0,3629.0,1459.0,0,0,0,1,0,1,0,0,0,0,0,1,1
122783,00350000029xjyJAAQ,0.0,0,74.0,2191.0,1,0,0,0,0,0,1,0,0,0,0,1,1
122784,00350000029xkY6AAI,0.0,10,2384.0,2045.0,0,1,0,0,0,0,1,0,0,0,0,1,0
122793,00350000029xlMyAAI,0.0,0,0.0,7313.0,1,0,0,0,0,1,0,0,0,0,0,1,1
122794,00350000029xlRtAAI,0.0,0,644.0,7323.0,1,0,0,0,0,1,0,0,0,0,0,1,1
122795,00350000029xlocAAA,0.0,0,401.0,7322.0,0,1,0,0,0,0,0,0,1,0,1,0,0
122796,00350000029xmPDAAY,0.0,70,2494.0,1575.0,1,0,0,0,0,0,0,0,1,0,0,1,1
122797,00350000029xmUDAAY,0.0,0,34.0,5081.0,1,0,0,0,0,0,1,0,0,0,0,1,1
122799,00350000029xmdUAAQ,0.0,30,5757.0,2935.0,0,1,0,0,0,0,0,0,1,0,0,1,1
122802,00350000029xmmIAAQ,0.0,0,184.0,2022.0,0,0,0,1,0,0,1,0,0,0,0,1,1
122804,00350000029xnKrAAI,0.0,0,0.0,7334.0,0,0,0,1,0,0,1,0,0,0,0,1,1
122822,00350000029xq2SAAQ,0.0,0,0.0,8241.0,0,0,0,1,0,0,1,0,0,0,0,1,1
122824,00350000029xq2UAAQ,0.0,0,0.0,3590.0,0,0,0,1,0,0,1,0,0,0,0,1,0
122826,00350000029xq2WAAQ,0.0,0,187.0,3895.0,1,0,0,0,0,0,1,0,0,0,1,0,1
122830,00350000029xq2aAAA,0.0,0,0.0,5374.0,0,0,0,1,0,0,1,0,0,0,0,1,0
122831,00350000029xq2bAAA,0.0,0,0.0,3976.0,0,0,0,1,0,0,1,0,0,0,0,1,0
122832,00350000029xq2cAAA,0.0,0,0.0,1097.0,0,0,0,1,0,0,1,0,0,0,0,1,0
122833,00350000029xq2dAAA,0.0,0,0.0,9507.0,0,1,0,0,0,0,1,0,0,0,0,1,0
122834,00350000029xq2eAAA,0.0,0,0.0,11024.0,0,0,0,1,0,0,1,0,0,0,1,0,0
122839,00350000029xqndAAA,0.0,0,3018.0,1461.0,0,0,0,0,1,0,0,0,0,1,0,1,1
122842,00350000029xs1GAAQ,0.0,0,44.0,2855.0,0,0,0,1,0,1,0,0,0,0,0,1,1
122852,00350000029xsGTAAY,0.0,0,0.0,1017.0,0,0,0,1,0,0,0,0,1,0,0,1,1
122854,00350000029xsGWAAY,0.0,70,3.0,7310.0,0,0,0,0,1,0,0,0,0,1,0,1,1
122855,00350000029xsGXAAY,0.0,0,0.0,1642.0,0,1,0,0,0,0,0,0,0,1,1,0,0
122861,00350000029xsiRAAQ,0.0,0,0.0,5580.0,0,1,0,0,0,0,1,0,0,0,0,1,0
122866,00350000029xsr9AAA,0.0,0,0.0,7319.0,1,0,0,0,0,0,0,0,1,0,0,1,1
122869,00350000029xt5aAAA,0.0,30,2627.0,7837.0,0,1,0,0,0,1,0,0,0,0,0,1,1
122899,00350000029xx2WAAQ,0.0,0,0.0,763.0,0,0,0,0,1,0,0,0,1,0,0,1,1
122906,00350000029xyawAAA,0.0,0,0.0,7305.0,0,0,0,1,0,0,1,0,0,0,1,0,0
122907,00350000029xydCAAQ,0.0,0,0.0,4382.0,0,0,0,1,0,0,1,0,0,0,0,1,0
122919,00350000029y0HzAAI,0.0,0,3635.0,2010.0,0,0,0,0,1,0,0,0,1,0,0,1,1
122933,00350000029y22hAAA,0.0,50,3690.0,2259.0,0,0,0,0,1,0,0,0,0,1,0,1,1
122940,00350000029y2s4AAA,0.0,0,0.0,7572.0,1,0,0,0,0,0,1,0,0,0,0,1,1
122947,00350000029y3kAAAQ,0.0,60,111.0,2592.0,0,0,0,1,0,0,1,0,0,0,0,1,0
122956,00350000029y5MBAAY,0.0,50,249.0,1461.0,1,0,0,0,0,0,0,0,0,1,0,1,1
122962,00350000029y6TgAAI,0.0,0,1411.0,1553.0,0,1,0,0,0,0,1,0,0,0,1,0,1
122966,00350000029y6bkAAA,0.0,0,0.0,7556.0,0,0,0,1,0,0,1,0,0,0,0,1,0
122970,00350000029y7DZAAY,0.0,0,3.0,2873.0,0,0,0,0,1,0,1,0,0,0,0,1,1
122974,00350000029y7X0AAI,0.0,80,3118.0,8654.0,0,0,0,0,1,0,1,0,0,0,0,1,0
122982,00350000029y849AAA,0.0,0,2520.0,3310.0,0,1,0,0,0,0,1,0,0,0,0,1,1
122987,00350000029y8pSAAQ,0.0,0,3.0,5932.0,1,0,0,0,0,0,1,0,0,0,0,1,0
122990,00350000029y9KGAAY,0.0,100,2597.0,9429.0,0,1,0,0,0,1,0,0,0,0,0,1,1
122997,00350000029y9duAAA,0.0,80,725.0,2044.0,0,0,0,0,1,0,0,0,0,1,1,0,1
122999,00350000029yA62AAE,0.0,0,371.0,4465.0,0,0,0,1,0,0,0,0,1,0,0,1,1
123002,00350000029yAL4AAM,0.0,10,4665.0,886.0,0,0,1,0,0,0,0,0,0,1,1,0,0
123004,00350000029yAQxAAM,0.0,90,446.0,9306.0,0,1,0,0,0,0,1,0,0,0,0,1,1
123005,00350000029yASoAAM,0.0,90,1183.0,2109.0,0,1,0,0,0,0,1,0,0,0,0,1,0
123009,00350000029yAWHAA2,0.0,0,1017.0,4006.0,0,0,0,0,1,0,0,0,0,1,0,1,1
123010,00350000029yAXZAA2,0.0,0,6.0,1212.0,0,0,0,1,0,1,0,0,0,0,0,1,0
123012,00350000029yAbBAAU,0.0,80,524.0,1814.0,0,0,0,0,1,0,1,0,0,0,0,1,0
123021,00350000029yBE5AAM,0.0,0,4379.0,898.0,0,1,0,0,0,0,1,0,0,0,0,1,0
123024,00350000029yBTKAA2,0.0,0,5807.0,3392.0,1,0,0,0,0,0,1,0,0,0,0,1,0
123034,00350000029yBnZAAU,0.0,0,436.0,5592.0,1,0,0,0,0,1,0,0,0,0,1,0,1
123054,00350000029yEnUAAU,0.0,0,0.0,2230.0,0,0,0,0,1,0,1,0,0,0,1,0,1
123094,00350000029yJfyAAE,0.0,40,4002.0,7335.0,0,1,0,0,0,0,1,0,0,0,0,1,1
123095,00350000029yJgrAAE,0.0,0,1726.0,5478.0,0,1,0,0,0,0,1,0,0,0,0,1,1
123103,00350000029yK0NAAU,0.0,70,694.0,1847.0,0,0,0,1,0,0,0,0,1,0,0,1,1
123106,00350000029yKBaAAM,0.0,60,6063.0,1465.0,1,0,0,0,0,0,1,0,0,0,0,1,0
123119,00350000029yPZYAA2,0.0,10,8447.0,1095.0,1,0,0,0,0,0,1,0,0,0,0,1,1
123151,00350000029yVXmAAM,0.0,20,4201.0,5752.0,0,1,0,0,0,0,0,0,0,1,0,1,1
123166,00350000029yX28AAE,0.0,0,82.0,7234.0,0,0,0,0,1,0,0,0,1,0,0,1,1
123183,00350000029yXrNAAU,0.0,80,142.0,2746.0,1,0,0,0,0,0,0,0,1,0,0,1,1
123185,00350000029yY0yAAE,0.0,0,76.0,3698.0,0,0,0,1,0,0,0,0,1,0,0,1,1
123239,00350000029yb5mAAA,0.0,0,200.0,1398.0,0,0,0,1,0,0,1,0,0,0,0,1,0
123240,00350000029yb5nAAA,0.0,0,0.0,2909.0,0,0,0,1,0,0,1,0,0,0,0,1,1
123243,00350000029yb5qAAA,0.0,80,310.0,3622.0,0,0,0,1,0,0,1,0,0,0,0,1,1
123244,00350000029yb5rAAA,0.0,0,0.0,968.0,0,1,0,0,0,0,1,0,0,0,0,1,1
123245,00350000029yb5sAAA,0.0,0,0.0,5501.0,0,0,0,1,0,0,1,0,0,0,0,1,1
123249,00350000029yb5wAAA,0.0,70,0.0,1301.0,0,0,0,1,0,0,1,0,0,0,1,0,0
123252,00350000029ybJwAAI,0.0,50,1357.0,2919.0,1,0,0,0,0,0,0,0,0,1,1,0,1
123273,00350000029ycWIAAY,0.0,0,1669.0,1461.0,0,0,0,0,1,0,1,0,0,0,0,1,1
123278,00350000029yclSAAQ,0.0,80,1851.0,1929.0,0,0,0,1,0,0,0,0,1,0,0,1,1
123293,00350000029ydbUAAQ,0.0,0,0.0,5237.0,0,0,0,0,1,0,1,0,0,0,1,0,0
123295,00350000029ydbWAAQ,0.0,0,0.0,8244.0,1,0,0,0,0,0,1,0,0,0,0,1,1
123296,00350000029ydbXAAQ,0.0,0,0.0,5934.0,0,0,0,1,0,0,1,0,0,0,0,1,0
123298,00350000029ydbZAAQ,0.0,0,0.0,3357.0,0,1,0,0,0,0,1,0,0,0,1,0,1
123299,00350000029ydbaAAA,0.0,0,0.0,8919.0,0,0,0,0,1,0,1,0,0,0,0,1,1
123325,00350000029yfEzAAI,0.0,0,40.0,4357.0,0,0,0,1,0,0,0,0,1,0,0,1,0
123326,00350000029yfFiAAI,0.0,80,1830.0,7035.0,0,1,0,0,0,0,1,0,0,0,0,1,0
123332,00350000029yffRAAQ,0.0,0,55.0,7426.0,1,0,0,0,0,0,1,0,0,0,0,1,0
123339,00350000029yg4vAAA,0.0,70,218.0,944.0,0,0,0,1,0,0,1,0,0,0,0,1,1
123360,00350000029yhTSAAY,0.0,50,2543.0,1248.0,1,0,0,0,0,0,1,0,0,0,0,1,1
123368,00350000029yhseAAA,0.0,0,318.0,1461.0,0,0,0,1,0,0,0,0,1,0,0,1,1
123371,00350000029yi13AAA,0.0,0,117.0,1825.0,0,0,0,1,0,0,0,0,1,0,0,1,1
123373,00350000029yi3EAAQ,0.0,0,1781.0,2727.0,0,1,0,0,0,0,0,0,1,0,0,1,1
123374,00350000029yi5UAAQ,0.0,0,4737.0,1460.0,0,1,0,0,0,0,0,0,1,0,0,1,0
123382,00350000029yilTAAQ,0.0,30,42.0,10561.0,0,0,0,0,1,0,0,0,0,1,0,1,1
123384,00350000029yiohAAA,0.0,30,14262.0,1156.0,0,1,0,0,0,0,1,0,0,0,0,1,1
123388,00350000029yizuAAA,0.0,0,13.0,2922.0,0,0,0,0,1,0,1,0,0,0,0,1,1
123397,00350000029yjVvAAI,0.0,0,3218.0,701.0,0,0,0,0,1,0,1,0,0,0,0,1,1
123399,00350000029yjc3AAA,0.0,0,2508.0,1884.0,1,0,0,0,0,0,1,0,0,0,0,1,0
123400,00350000029yjjiAAA,0.0,0,58.0,5984.0,0,0,0,0,1,0,1,0,0,0,0,1,1
123403,00350000029yjrXAAQ,0.0,0,2882.0,1767.0,0,1,0,0,0,0,1,0,0,0,0,1,0
123404,00350000029yjvoAAA,0.0,0,400.0,2219.0,0,0,0,1,0,0,1,0,0,0,0,1,1
123405,00350000029yjzMAAQ,0.0,0,1321.0,3257.0,0,0,0,0,1,1,0,0,0,0,0,1,1
123411,00350000029ykYWAAY,0.0,20,6226.0,3287.0,0,1,0,0,0,0,1,0,0,0,1,0,1
123415,00350000029ykqiAAA,0.0,0,1403.0,7316.0,1,0,0,0,0,1,0,0,0,0,0,1,1
123425,00350000029ylxCAAQ,0.0,80,6.0,3757.0,0,0,0,1,0,0,0,0,1,0,0,1,1
123426,00350000029ylzyAAA,0.0,40,4267.0,3103.0,0,0,0,1,0,0,0,0,1,0,0,1,1
123428,00350000029ym1BAAQ,0.0,0,0.0,3786.0,0,0,0,1,0,0,0,0,0,1,0,1,1
123429,00350000029ym2TAAQ,0.0,0,922.0,3625.0,1,0,0,0,0,0,1,0,0,0,1,0,0
123436,00350000029ymj3AAA,0.0,0,231.0,7411.0,0,1,0,0,0,1,0,0,0,0,0,1,1
123437,00350000029ymjmAAA,0.0,0,1163.0,2925.0,0,0,0,1,0,0,0,0,1,0,0,1,1
123439,00350000029ymmPAAQ,0.0,0,2249.0,6235.0,0,1,0,0,0,0,1,0,0,0,1,0,1
123441,00350000029ymnNAAQ,0.0,0,2111.0,1460.0,0,1,0,0,0,0,0,0,1,0,0,1,1
123443,00350000029ymp4AAA,0.0,30,344.0,1461.0,1,0,0,0,0,1,0,0,0,0,0,1,1
123444,00350000029ympEAAQ,0.0,80,1813.0,8789.0,0,1,0,0,0,0,0,0,0,1,0,1,1
123449,00350000029ynRqAAI,0.0,0,1021.0,9036.0,0,0,0,0,1,0,0,0,0,1,0,1,1
123456,00350000029ynWCAAY,0.0,0,464.0,3986.0,0,1,0,0,0,0,1,0,0,0,0,1,0
123459,00350000029ynaOAAQ,0.0,0,6336.0,1461.0,0,0,0,0,1,0,0,0,1,0,0,1,1
123468,00350000029yo6CAAQ,0.0,0,0.0,8461.0,1,0,0,0,0,0,1,0,0,0,1,0,1
123469,00350000029yo6DAAQ,0.0,0,0.0,2822.0,0,0,0,1,0,1,0,0,0,0,0,1,0
123473,00350000029yo6HAAQ,0.0,0,0.0,5346.0,0,0,0,1,0,1,0,0,0,0,0,1,0
123475,00350000029yo6JAAQ,0.0,0,0.0,7517.0,0,0,0,1,0,0,1,0,0,0,0,1,0
123478,00350000029yo6MAAQ,0.0,0,0.0,4017.0,1,0,0,0,0,1,0,0,0,0,0,1,0
123503,00350000029yojrAAA,0.0,0,0.0,2610.0,0,0,0,1,0,0,1,0,0,0,0,1,1
123518,00350000029ypgyAAA,0.0,0,0.0,7291.0,1,0,0,0,0,1,0,0,0,0,0,1,0
123562,00350000029yuNJAAY,0.0,0,0.0,11226.0,0,0,0,0,1,0,0,0,0,1,0,1,0
123565,00350000029yuNMAAY,0.0,0,0.0,7577.0,0,1,0,0,0,0,0,0,0,1,0,1,0
123566,00350000029yuNNAAY,0.0,0,105.0,2551.0,1,0,0,0,0,0,0,0,0,1,0,1,0
123571,00350000029yuNSAAY,0.0,0,322.0,7316.0,0,0,0,1,0,0,0,0,0,1,0,1,0
123572,00350000029yuNTAAY,0.0,0,0.0,2955.0,0,0,0,1,0,0,0,0,0,1,0,1,0
123574,00350000029yuNVAAY,0.0,0,0.0,9869.0,0,1,0,0,0,0,0,0,0,1,0,1,0
123603,00350000029ywnOAAQ,0.0,50,1123.0,8460.0,0,1,0,0,0,0,0,0,0,1,0,1,1
123671,00350000029z8EPAAY,0.0,0,1150.0,11074.0,0,0,0,0,1,0,1,0,0,0,0,1,0
123677,00350000029z8gPAAQ,0.0,30,1296.0,1428.0,1,0,0,0,0,0,0,0,1,0,0,1,0
123684,00350000029zA72AAE,0.0,0,4145.0,1309.0,0,1,0,0,0,0,1,0,0,0,1,0,0
123695,00350000029zBmdAAE,0.0,0,0.0,1192.0,0,0,0,1,0,0,1,0,0,0,0,1,0
123699,00350000029zDjhAAE,0.0,80,2712.0,1461.0,0,0,0,1,0,0,1,0,0,0,0,1,0
123702,00350000029zE6lAAE,0.0,0,5657.0,1237.0,0,1,0,0,0,1,0,0,0,0,1,0,0
123711,00350000029zGlMAAU,0.0,0,1307.0,2405.0,0,0,0,0,1,0,1,0,0,0,1,0,1
123717,00350000029zM7tAAE,0.0,0,0.0,1722.0,0,1,0,0,0,0,1,0,0,0,0,1,0
123718,00350000029zMaOAAU,0.0,80,420.0,8229.0,0,0,0,0,1,0,1,0,0,0,0,1,1
123719,00350000029zN1FAAU,0.0,0,590.0,1827.0,0,1,0,0,0,0,0,0,0,1,0,1,1
123720,00350000029zO1QAAU,0.0,0,26.0,1632.0,0,0,0,1,0,0,1,0,0,0,0,1,1
123728,00350000029zR9wAAE,0.0,0,1466.0,3642.0,0,0,0,0,1,0,0,0,1,0,0,1,1
123731,00350000029zWEwAAM,0.0,0,1921.0,1250.0,0,1,0,0,0,0,0,0,0,1,0,1,1
123734,00350000029zYwIAAU,0.0,30,4590.0,73.0,0,1,0,0,0,0,0,0,1,0,0,1,1
123736,00350000029zZJWAA2,0.0,0,0.0,7699.0,0,0,0,1,0,1,0,0,0,0,0,1,1
123739,00350000029zZRkAAM,0.0,0,1112.0,2601.0,0,1,0,0,0,0,1,0,0,0,0,1,1
123752,00350000029zagQAAQ,0.0,0,0.0,4600.0,0,0,0,1,0,0,1,0,0,0,0,1,1
123754,00350000029zagSAAQ,0.0,0,0.0,1536.0,0,0,0,1,0,0,1,0,0,0,0,1,1
123763,00350000029zav4AAA,0.0,0,389.0,8896.0,0,0,0,1,0,0,1,0,0,0,0,1,1
123769,00350000029zbc3AAA,0.0,0,7782.0,2192.0,1,0,0,0,0,0,0,0,1,0,0,1,1
123774,00350000029zbwcAAA,0.0,50,2099.0,2771.0,0,0,0,0,1,1,0,0,0,0,0,1,1
123775,00350000029zcHBAAY,0.0,0,1213.0,3024.0,0,0,0,1,0,0,0,0,1,0,0,1,1
123800,00350000029zeLtAAI,0.0,0,3395.0,1461.0,1,0,0,0,0,0,1,0,0,0,0,1,0
123811,00350000029zgU7AAI,0.0,0,0.0,7305.0,0,0,0,0,1,0,0,0,0,1,0,1,1
123819,00350000029zhT7AAI,0.0,0,0.0,8776.0,0,0,0,0,1,0,1,0,0,0,0,1,1
123826,00350000029zi1PAAQ,0.0,80,1251.0,7455.0,0,0,0,0,1,0,1,0,0,0,0,1,1
123828,00350000029zi6MAAQ,0.0,0,5348.0,7622.0,1,0,0,0,0,1,0,0,0,0,0,1,0
123854,00350000029zlLCAAY,0.0,70,1357.0,2332.0,0,0,0,1,0,0,0,0,0,1,1,0,1
123855,00350000029zm2vAAA,0.0,0,814.0,3498.0,0,0,0,1,0,0,0,0,0,1,0,1,0
123857,00350000029zmayAAA,0.0,0,0.0,5115.0,0,1,0,0,0,0,1,0,0,0,0,1,1
123860,00350000029zmkeAAA,0.0,30,600.0,2191.0,1,0,0,0,0,0,1,0,0,0,1,0,0
123863,00350000029znEuAAI,0.0,0,63.0,7680.0,0,0,0,1,0,0,1,0,0,0,0,1,1
123868,00350000029znoHAAQ,0.0,0,6102.0,7885.0,1,0,0,0,0,0,0,0,1,0,0,1,1
123871,00350000029znx4AAA,0.0,50,67.0,997.0,0,0,0,1,0,0,1,0,0,0,1,0,1
123874,00350000029zo9jAAA,0.0,0,71.0,1827.0,1,0,0,0,0,1,0,0,0,0,0,1,0
123879,00350000029zoLvAAI,0.0,10,2490.0,5146.0,0,0,1,0,0,0,1,0,0,0,0,1,1
123897,00350000029zosFAAQ,0.0,0,2757.0,3168.0,0,0,0,0,1,0,0,0,0,1,0,1,1
123899,00350000029zostAAA,0.0,0,1628.0,1460.0,0,1,0,0,0,0,0,0,1,0,0,1,1
123921,00350000029zqtLAAQ,0.0,0,0.0,7702.0,0,0,0,1,0,0,1,0,0,0,0,1,0
123924,00350000029zrAlAAI,0.0,40,6333.0,1996.0,0,1,0,0,0,0,1,0,0,0,1,0,0
123927,00350000029zrMDAAY,0.0,0,1823.0,1461.0,0,0,0,1,0,0,0,0,0,1,1,0,1
123928,00350000029zrN1AAI,0.0,0,953.0,1462.0,1,0,0,0,0,0,0,0,0,1,1,0,1
123939,00350000029zsnFAAQ,0.0,0,1891.0,1994.0,0,1,0,0,0,0,0,0,0,1,0,1,1
123954,00350000029zxKNAAY,0.0,0,690.0,2851.0,1,0,0,0,0,0,0,0,1,0,0,1,1
123975,0035000002A003GAAR,0.0,0,4576.0,1430.0,0,0,0,1,0,0,0,0,0,1,0,1,1
124008,0035000002A04peAAB,0.0,0,2008.0,1826.0,0,1,0,0,0,0,0,0,0,1,0,1,1
124014,0035000002A05F3AAJ,0.0,0,1261.0,1003.0,0,0,0,1,0,0,1,0,0,0,1,0,0
124024,0035000002A074SAAR,0.0,0,419.0,2375.0,0,0,0,0,1,0,1,0,0,0,1,0,1
124025,0035000002A077lAAB,0.0,0,5380.0,8141.0,0,0,0,0,1,0,1,0,0,0,0,1,0
124039,0035000002A08jWAAR,0.0,0,181.0,1129.0,0,0,0,1,0,0,1,0,0,0,0,1,1
124040,0035000002A08k5AAB,0.0,0,609.0,2676.0,0,1,0,0,0,0,0,0,1,0,0,1,1
124045,0035000002A09BuAAJ,0.0,80,212.0,3825.0,1,0,0,0,0,0,1,0,0,0,0,1,1
124047,0035000002A09OyAAJ,0.0,0,1908.0,1454.0,0,0,0,1,0,0,1,0,0,0,0,1,0
124063,0035000002A0AdCAAV,0.0,70,350.0,4086.0,0,1,0,0,0,0,1,0,0,0,0,1,1
124066,0035000002A0BHxAAN,0.0,0,4159.0,1461.0,0,0,0,1,0,0,1,0,0,0,0,1,0
124067,0035000002A0BZTAA3,0.0,100,1226.0,7314.0,0,0,0,0,1,0,0,0,1,0,0,1,1
124069,0035000002A0BosAAF,0.0,80,1195.0,7870.0,0,0,0,0,1,0,1,0,0,0,0,1,1
124079,0035000002A0CV7AAN,0.0,0,192.0,2922.0,0,0,0,0,1,0,1,0,0,0,0,1,1
124084,0035000002A0CqKAAV,0.0,40,3055.0,1631.0,0,1,0,0,0,0,1,0,0,0,1,0,0
124088,0035000002A0DA0AAN,0.0,80,906.0,2916.0,0,0,0,1,0,0,0,0,1,0,0,1,0
124089,0035000002A0DMkAAN,0.0,0,0.0,4025.0,0,0,0,1,0,0,0,0,0,1,0,1,1
124090,0035000002A0DOlAAN,0.0,0,787.0,1462.0,1,0,0,0,0,0,0,0,1,0,0,1,1
124098,0035000002A0Dv1AAF,0.0,90,446.0,2296.0,0,0,0,1,0,0,1,0,0,0,0,1,0
124101,0035000002A0EBJAA3,0.0,0,9.0,3807.0,0,0,0,1,0,0,1,0,0,0,0,1,0
124103,0035000002A0EITAA3,0.0,60,1657.0,2811.0,1,0,0,0,0,0,0,0,1,0,0,1,1
124107,0035000002A0F4aAAF,0.0,60,307.0,3675.0,1,0,0,0,0,0,1,0,0,0,1,0,1
124108,0035000002A0F59AAF,0.0,0,904.0,2920.0,0,0,0,1,0,0,0,0,0,1,0,1,1
124109,0035000002A0F6HAAV,0.0,0,840.0,1328.0,0,0,0,1,0,0,1,0,0,0,0,1,0
124110,0035000002A0F6MAAV,0.0,40,183.0,3211.0,0,0,0,1,0,0,1,0,0,0,1,0,1
124111,0035000002A0F6vAAF,0.0,0,0.0,1095.0,0,0,0,1,0,0,1,0,0,0,0,1,1
124113,0035000002A0F8rAAF,0.0,0,542.0,2706.0,0,0,0,1,0,0,0,0,1,0,0,1,1
124133,0035000002A0GfpAAF,0.0,0,8.0,4647.0,0,0,0,0,1,0,1,0,0,0,0,1,0
124135,0035000002A0GrgAAF,0.0,0,942.0,2192.0,0,0,0,1,0,0,0,0,1,0,0,1,0
124136,0035000002A0GtDAAV,0.0,0,405.0,9396.0,0,1,0,0,0,0,0,0,0,1,0,1,1
124147,0035000002A0HmrAAF,0.0,0,0.0,543.0,0,0,0,1,0,0,1,0,0,0,0,1,0
124165,0035000002A0JBIAA3,0.0,0,404.0,3238.0,0,0,0,1,0,0,0,0,1,0,0,1,0
124171,0035000002A0JlgAAF,0.0,0,310.0,2557.0,0,0,0,1,0,0,1,0,0,0,0,1,0
124186,0035000002A0M6zAAF,0.0,0,0.0,13499.0,0,1,0,0,0,0,1,0,0,0,0,1,0
124188,0035000002A0MEFAA3,0.0,0,0.0,8107.0,0,0,0,1,0,0,1,0,0,0,0,1,0
124189,0035000002A0MEGAA3,0.0,0,0.0,7637.0,0,0,0,1,0,0,1,0,0,0,0,1,0
124190,0035000002A0MEHAA3,0.0,0,0.0,5203.0,0,0,0,1,0,0,1,0,0,0,1,0,0
124192,0035000002A0MEJAA3,0.0,0,0.0,4894.0,1,0,0,0,0,0,1,0,0,0,1,0,0
124193,0035000002A0MEKAA3,0.0,0,0.0,5205.0,0,0,0,1,0,0,1,0,0,0,0,1,0
124216,0035000002A0NmJAAV,0.0,50,3666.0,7322.0,1,0,0,0,0,1,0,0,0,0,0,1,0
124219,0035000002A0OPaAAN,0.0,0,102.0,2930.0,0,0,0,1,0,0,1,0,0,0,0,1,1
124221,0035000002A0OlAAAV,0.0,90,1573.0,7316.0,0,0,0,0,1,0,1,0,0,0,0,1,1
124226,0035000002A0Pm6AAF,0.0,80,333.0,4721.0,1,0,0,0,0,0,1,0,0,0,0,1,1
124246,0035000002A0UbQAAV,0.0,0,63.0,2251.0,0,0,0,1,0,0,1,0,0,0,0,1,1
124251,0035000002A0W1IAAV,0.0,0,597.0,10086.0,0,0,0,1,0,0,1,0,0,0,0,1,1
124255,0035000002A0WKaAAN,0.0,90,747.0,2354.0,0,0,0,1,0,0,0,0,1,0,0,1,0
124256,0035000002A0WNDAA3,0.0,0,385.0,7891.0,0,1,0,0,0,0,1,0,0,0,0,1,1
124270,0035000002A0YjEAAV,0.0,0,15.0,7307.0,0,1,0,0,0,0,0,0,1,0,0,1,1
124274,0035000002A0YzlAAF,0.0,10,685.0,1986.0,0,0,0,1,0,0,1,0,0,0,0,1,0
124298,0035000002A0bi5AAB,0.0,0,258.0,3913.0,1,0,0,0,0,1,0,0,0,0,0,1,0
124303,0035000002A0bvEAAR,0.0,90,782.0,3681.0,0,1,0,0,0,0,1,0,0,0,0,1,1
124306,0035000002A0cOHAAZ,0.0,0,0.0,4598.0,0,0,0,1,0,0,1,0,0,0,0,1,0
124308,0035000002A0cTlAAJ,0.0,20,1472.0,6835.0,0,1,0,0,0,1,0,0,0,0,0,1,1
124313,0035000002A0d0iAAB,0.0,70,2815.0,1825.0,1,0,0,0,0,0,0,0,0,1,0,1,1
124314,0035000002A0dSAAAZ,0.0,70,7570.0,1744.0,0,0,0,0,1,0,1,0,0,0,0,1,0
124315,0035000002A0dSUAAZ,0.0,0,17671.0,1416.0,0,0,0,1,0,1,0,0,0,0,0,1,0
124319,0035000002A0dnhAAB,0.0,0,1360.0,1773.0,0,0,0,1,0,0,0,0,0,1,0,1,0
124320,0035000002A0e02AAB,0.0,0,997.0,2675.0,1,0,0,0,0,0,1,0,0,0,0,1,1
124321,0035000002A0e52AAB,0.0,30,711.0,2068.0,1,0,0,0,0,0,1,0,0,0,0,1,0
124322,0035000002A0eLAAAZ,0.0,0,1066.0,2894.0,1,0,0,0,0,0,0,0,0,1,0,1,1
124324,0035000002A0eOOAAZ,0.0,0,481.0,2191.0,0,0,0,1,0,0,0,0,0,1,1,0,1
124327,0035000002A0ef0AAB,0.0,0,207.0,2769.0,0,0,0,1,0,0,0,0,1,0,0,1,1
124328,0035000002A0eoCAAR,0.0,30,1774.0,1696.0,0,0,0,1,0,0,1,0,0,0,0,1,1
124329,0035000002A0ev3AAB,0.0,0,1801.0,1552.0,0,0,0,1,0,0,0,0,1,0,0,1,0
124330,0035000002A0f2dAAB,0.0,10,2873.0,7432.0,0,0,0,1,0,0,1,0,0,0,0,1,1
124333,0035000002A0fN2AAJ,0.0,10,3398.0,1460.0,0,0,0,1,0,0,0,0,1,0,0,1,0
124336,0035000002A0fmKAAR,0.0,0,407.0,1826.0,0,0,0,1,0,0,0,0,0,1,0,1,0
124341,0035000002A0g4ZAAR,0.0,0,46.0,1166.0,0,0,0,1,0,0,1,0,0,0,0,1,1
124345,0035000002A0gJJAAZ,0.0,0,1130.0,1370.0,0,0,0,1,0,0,0,0,1,0,0,1,1
124346,0035000002A0gNuAAJ,0.0,20,4000.0,4812.0,0,0,0,1,0,0,1,0,0,0,0,1,1
124347,0035000002A0gRrAAJ,0.0,40,454.0,1460.0,1,0,0,0,0,0,1,0,0,0,0,1,1
124349,0035000002A0gTsAAJ,0.0,0,1705.0,2922.0,0,0,0,1,0,0,1,0,0,0,0,1,0
124352,0035000002A0gdYAAR,0.0,0,736.0,3293.0,1,0,0,0,0,0,0,0,1,0,0,1,0
124357,0035000002A0gsJAAR,0.0,100,691.0,5614.0,0,0,0,1,0,0,1,0,0,0,0,1,1
124358,0035000002A0hBFAAZ,0.0,60,80.0,5477.0,0,0,0,1,0,0,1,0,0,0,0,1,1
124360,0035000002A0ibZAAR,0.0,90,136.0,9030.0,0,0,0,0,1,0,0,0,1,0,0,1,0
124361,0035000002A0jXOAAZ,0.0,20,4642.0,8448.0,0,1,0,0,0,0,1,0,0,0,0,1,0
124362,0035000002A0jfnAAB,0.0,0,106.0,8878.0,0,0,0,0,1,0,1,0,0,0,0,1,1
124363,0035000002A0jjAAAR,0.0,0,0.0,8518.0,0,0,0,0,1,0,1,0,0,0,0,1,1
124364,0035000002A0jpoAAB,0.0,0,0.0,2195.0,0,1,0,0,0,0,1,0,0,0,0,1,0
124365,0035000002A0jrkAAB,0.0,0,39.0,1984.0,0,0,0,1,0,0,0,0,1,0,0,1,1
124367,0035000002A0kCYAAZ,0.0,80,493.0,11037.0,0,0,0,0,1,0,0,0,0,1,0,1,1
124384,0035000002A0lKOAAZ,0.0,0,38.0,2271.0,0,0,0,1,0,0,1,0,0,0,0,1,0
124387,0035000002A0lbPAAR,0.0,0,207.0,2920.0,0,1,0,0,0,1,0,0,0,0,1,0,1
124389,0035000002A0lspAAB,0.0,100,34.0,3739.0,1,0,0,0,0,0,1,0,0,0,0,1,1
124397,0035000002A0mSOAAZ,0.0,100,1137.0,4524.0,0,1,0,0,0,0,1,0,0,0,1,0,0
124402,0035000002A0nYNAAZ,0.0,0,0.0,7230.0,0,1,0,0,0,0,1,0,0,0,0,1,1
124403,0035000002A0na9AAB,0.0,30,2642.0,1461.0,0,0,0,0,1,0,1,0,0,0,0,1,1
124404,0035000002A0ndNAAR,0.0,50,685.0,1819.0,1,0,0,0,0,0,0,0,0,1,0,1,1
124408,0035000002A0oziAAB,0.0,0,388.0,1614.0,0,0,0,1,0,0,0,0,1,0,0,1,1
124410,0035000002A0pJKAAZ,0.0,0,0.0,2533.0,1,0,0,0,0,0,1,0,0,0,0,1,1
124427,0035000002A0tjNAAR,0.0,0,172.0,7305.0,1,0,0,0,0,0,1,0,0,0,0,1,1
124440,0035000002A0vCZAAZ,0.0,0,1938.0,8100.0,0,0,0,1,0,0,1,0,0,0,0,1,0
124441,0035000002A0vS9AAJ,0.0,0,0.0,9226.0,0,0,0,0,1,1,0,0,0,0,0,1,1
124449,0035000002A0wXFAAZ,0.0,0,0.0,6931.0,1,0,0,0,0,0,1,0,0,0,0,1,1
124459,0035000002A0xC8AAJ,0.0,0,0.0,3412.0,1,0,0,0,0,0,1,0,0,0,0,1,0
124467,0035000002A0xylAAB,0.0,90,3338.0,7671.0,0,1,0,0,0,0,1,0,0,0,1,0,0
124481,0035000002A0yjRAAR,0.0,0,2739.0,802.0,0,0,0,1,0,0,1,0,0,0,0,1,1
124485,0035000002A0yoXAAR,0.0,0,49.0,2610.0,0,0,0,1,0,0,1,0,0,0,0,1,0
124486,0035000002A0ypLAAR,0.0,0,97.0,5490.0,0,0,0,1,0,0,1,0,0,0,0,1,1
124487,0035000002A0yppAAB,0.0,0,1843.0,469.0,0,0,0,1,0,0,0,0,0,1,0,1,1
124497,0035000002A101aAAB,0.0,0,167.0,4585.0,0,0,0,1,0,0,1,0,0,0,1,0,1
124504,0035000002A10cgAAB,0.0,0,3846.0,9529.0,0,0,0,1,0,0,1,0,0,0,1,0,0
124516,0035000002A11lUAAR,0.0,0,1907.0,1221.0,1,0,0,0,0,0,1,0,0,0,0,1,1
124518,0035000002A11xQAAR,0.0,0,83.0,9142.0,1,0,0,0,0,0,1,0,0,0,0,1,1
124526,0035000002A12gbAAB,0.0,50,489.0,2619.0,0,0,0,1,0,0,0,0,1,0,1,0,1
124534,0035000002A13P7AAJ,0.0,80,587.0,7336.0,1,0,0,0,0,0,1,0,0,0,0,1,0
124535,0035000002A13ddAAB,0.0,40,1605.0,7307.0,0,1,0,0,0,0,0,0,0,1,0,1,1
124536,0035000002A13wQAAR,0.0,0,0.0,6199.0,0,0,0,1,0,1,0,0,0,0,0,1,1
124537,0035000002A13xnAAB,0.0,10,2854.0,9513.0,1,0,0,0,0,0,1,0,0,0,0,1,1
124541,0035000002A14IbAAJ,0.0,0,0.0,3661.0,1,0,0,0,0,0,0,0,1,0,0,1,0
124544,0035000002A14e8AAB,0.0,0,390.0,4698.0,0,1,0,0,0,0,1,0,0,0,0,1,1
124550,0035000002A15INAAZ,0.0,80,3664.0,3842.0,0,1,0,0,0,0,1,0,0,0,0,1,1
124551,0035000002A15JuAAJ,0.0,0,0.0,482.0,0,0,0,1,0,0,1,0,0,0,0,1,0
124572,0035000002A16XXAAZ,0.0,10,5909.0,2190.0,0,1,0,0,0,0,0,0,1,0,0,1,0
124585,0035000002A17fWAAR,0.0,10,1924.0,11277.0,0,0,0,1,0,0,1,0,0,0,0,1,0
124596,0035000002A18zUAAR,0.0,30,3072.0,10605.0,0,0,0,0,1,1,0,0,0,0,0,1,1
124599,0035000002A19YKAAZ,0.0,0,0.0,8766.0,1,0,0,0,0,0,1,0,0,0,0,1,1
124631,0035000002A1H5MAAV,0.0,0,1011.0,1796.0,0,0,0,1,0,0,0,0,1,0,0,1,1
124634,0035000002A1HM3AAN,0.0,0,665.0,3006.0,0,0,0,1,0,0,1,0,0,0,0,1,1
124636,0035000002A1HTsAAN,0.0,60,84.0,7711.0,0,0,0,1,0,0,1,0,0,0,0,1,1
124639,0035000002A1HgrAAF,0.0,0,0.0,6523.0,0,1,0,0,0,0,1,0,0,0,0,1,1
124640,0035000002A1Hj2AAF,0.0,30,1188.0,4721.0,0,0,0,1,0,0,0,0,0,1,0,1,1
124641,0035000002A1HoRAAV,0.0,0,295.0,1826.0,0,1,0,0,0,0,0,0,0,1,0,1,1
124645,0035000002A1IEUAA3,0.0,0,118.0,4442.0,1,0,0,0,0,0,1,0,0,0,0,1,0
124648,0035000002A1IHxAAN,0.0,0,0.0,8339.0,0,1,0,0,0,0,0,0,0,1,0,1,1
124651,0035000002A1IU9AAN,0.0,0,1570.0,1158.0,0,0,0,1,0,0,1,0,0,0,1,0,1
124660,0035000002A1IaHAAV,0.0,0,0.0,1893.0,0,0,0,1,0,0,1,0,0,0,0,1,1
124661,0035000002A1IbyAAF,0.0,0,1679.0,1462.0,0,1,0,0,0,0,0,0,1,0,0,1,1
124662,0035000002A1IgFAAV,0.0,0,940.0,1255.0,0,0,0,1,0,0,1,0,0,0,0,1,1
124665,0035000002A1J4aAAF,0.0,90,1166.0,315.0,1,0,0,0,0,0,1,0,0,0,0,1,1
124669,0035000002A1JCPAA3,0.0,0,5280.0,3985.0,0,1,0,0,0,1,0,0,0,0,0,1,1
124671,0035000002A1JIDAA3,0.0,0,979.0,2099.0,1,0,0,0,0,0,1,0,0,0,0,1,0
124672,0035000002A1JMyAAN,0.0,80,692.0,1461.0,0,0,0,1,0,0,0,0,1,0,1,0,0
124682,0035000002A1KyZAAV,0.0,0,1135.0,3287.0,0,1,0,0,0,0,1,0,0,0,0,1,1
124684,0035000002A1LDyAAN,0.0,0,0.0,6272.0,0,0,0,0,1,0,1,0,0,0,0,1,0
124690,0035000002A1LekAAF,0.0,70,88.0,2277.0,1,0,0,0,0,0,1,0,0,0,1,0,1
124693,0035000002A1MMXAA3,0.0,10,249.0,3969.0,0,1,0,0,0,0,1,0,0,0,1,0,1
124695,0035000002A1MV0AAN,0.0,0,14.0,2405.0,0,0,0,1,0,0,1,0,0,0,0,1,1
124696,0035000002A1MXlAAN,0.0,0,1179.0,1494.0,1,0,0,0,0,0,1,0,0,0,0,1,0
124698,0035000002A1MvrAAF,0.0,0,134.0,2232.0,0,0,0,1,0,0,1,0,0,0,1,0,0
124704,0035000002A1O25AAF,0.0,80,5484.0,7309.0,0,0,0,0,1,0,1,0,0,0,0,1,1
124714,0035000002A1QBdAAN,0.0,0,782.0,3591.0,0,0,0,1,0,0,1,0,0,0,1,0,1
124715,0035000002A1QI5AAN,0.0,0,160.0,9013.0,0,0,0,0,1,0,1,0,0,0,0,1,1
124716,0035000002A1QIZAA3,0.0,70,2139.0,2753.0,1,0,0,0,0,0,1,0,0,0,0,1,0
124723,0035000002A1QdhAAF,0.0,10,213.0,5682.0,1,0,0,0,0,0,0,0,1,0,1,0,1
124726,0035000002A1QvWAAV,0.0,20,2735.0,322.0,0,0,0,0,1,0,1,0,0,0,1,0,1
124730,0035000002DwoEfAAJ,0.0,0,660.0,1825.0,0,0,0,1,0,0,1,0,0,0,0,1,0
124735,0035000002DwohrAAB,0.0,0,462.0,2191.0,0,0,0,1,0,1,0,0,0,0,0,1,0
124736,0035000002Dwoi1AAB,0.0,0,340.0,6987.0,0,0,0,1,0,0,1,0,0,0,0,1,1
124737,0035000002Dwor3AAB,0.0,0,537.0,709.0,0,0,0,1,0,0,1,0,0,0,0,1,0
124738,0035000002DwoydAAB,0.0,20,4483.0,1096.0,1,0,0,0,0,0,0,0,0,1,0,1,0
124739,0035000002Dwp5FAAR,0.0,10,1639.0,5138.0,0,1,0,0,0,1,0,0,0,0,1,0,1
124742,0035000002DwpTVAAZ,0.0,100,832.0,4585.0,0,0,0,1,0,0,1,0,0,0,1,0,0
124748,0035000002DwuDwAAJ,0.0,40,1099.0,2191.0,0,0,0,0,1,0,0,0,0,1,0,1,1
124751,0035000002DwxxgAAB,0.0,0,46.0,4018.0,0,0,0,1,0,0,1,0,0,0,0,1,1
124752,0035000002DwxyoAAB,0.0,90,981.0,1728.0,0,0,0,1,0,0,0,0,1,0,0,1,0
124754,0035000002DwzEJAAZ,0.0,0,91.0,4358.0,0,0,0,1,0,0,1,0,0,0,0,1,1
124755,0035000002Dx1WUAAZ,0.0,0,33.0,5433.0,0,0,0,1,0,0,1,0,0,0,0,1,1
124756,0035000002Dx37mAAB,0.0,30,2362.0,146.0,0,1,0,0,0,0,0,0,1,0,0,1,1
124758,0035000002Dx3HXAAZ,0.0,0,65.0,1538.0,0,0,0,1,0,0,0,0,1,0,0,1,0
124760,0035000002Dx3T9AAJ,0.0,80,3272.0,3860.0,0,1,0,0,0,1,0,0,0,0,0,1,1
124763,0035000002Dx3m1AAB,0.0,0,0.0,11141.0,0,1,0,0,0,0,1,0,0,0,0,1,1
124767,0035000002Dx42dAAB,0.0,0,689.0,1826.0,0,0,0,1,0,0,0,0,1,0,0,1,0
124768,0035000002Dx47JAAR,0.0,0,7279.0,4972.0,0,1,0,0,0,0,0,0,0,1,0,1,1
124772,0035000002Dx4GQAAZ,0.0,0,5.0,8892.0,0,1,0,0,0,0,0,0,0,1,0,1,0
124773,0035000002Dx4TtAAJ,0.0,0,77.0,5479.0,1,0,0,0,0,1,0,0,0,0,0,1,1
124775,0035000002Dx4mlAAB,0.0,40,296.0,2001.0,0,0,0,1,0,0,1,0,0,0,0,1,1
124777,0035000002Dx4soAAB,0.0,40,2324.0,1603.0,0,0,0,0,1,0,1,0,0,0,0,1,1
124781,0035000002Dx60XAAR,0.0,10,738.0,1460.0,0,1,0,0,0,0,0,0,1,0,0,1,1
124782,0035000002Dx6aLAAR,0.0,70,1221.0,3372.0,0,1,0,0,0,0,0,0,1,0,0,1,1
124786,0035000002Dx7tWAAR,0.0,10,206.0,3221.0,0,0,0,1,0,0,1,0,0,0,0,1,1
124788,0035000002Dx7u0AAB,0.0,0,826.0,3288.0,0,0,0,1,0,0,0,0,0,1,0,1,1
124789,0035000002Dx7uZAAR,0.0,100,523.0,8563.0,0,0,0,1,0,0,1,0,0,0,0,1,0
124792,0035000002Dx7xxAAB,0.0,100,828.0,3337.0,1,0,0,0,0,0,0,0,1,0,0,1,0
124793,0035000002Dx7zKAAR,0.0,10,554.0,7318.0,1,0,0,0,0,0,0,0,0,1,0,1,1
124794,0035000002Dx7zeAAB,0.0,60,2290.0,2480.0,0,0,0,0,1,0,1,0,0,0,0,1,0
124796,0035000002Dx8A3AAJ,0.0,80,922.0,6160.0,0,0,0,1,0,1,0,0,0,0,0,1,0
124799,0035000002Dx8BfAAJ,0.0,0,15.0,1434.0,0,0,0,1,0,0,0,0,1,0,0,1,1
124800,0035000002Dx8LrAAJ,0.0,0,168.0,1460.0,0,0,0,1,0,0,0,0,0,1,0,1,0
124802,0035000002Dx8PeAAJ,0.0,0,7825.0,1096.0,0,1,0,0,0,0,1,0,0,0,0,1,1
124806,0035000002Dx8WVAAZ,0.0,0,2741.0,1354.0,0,0,0,1,0,0,1,0,0,0,0,1,1
124807,0035000002Dx8XYAAZ,0.0,0,402.0,1249.0,0,0,0,1,0,0,1,0,0,0,0,1,0
124809,0035000002Dx8Z5AAJ,0.0,0,162.0,3119.0,0,0,0,1,0,0,1,0,0,0,0,1,1
124810,0035000002Dx8ZFAAZ,0.0,0,2566.0,1614.0,1,0,0,0,0,0,0,0,1,0,0,1,1
124811,0035000002Dx8a8AAB,0.0,90,123.0,1297.0,0,0,0,1,0,0,0,0,0,1,1,0,1
124812,0035000002Dx8gLAAR,0.0,40,321.0,1659.0,1,0,0,0,0,0,1,0,0,0,0,1,1
124813,0035000002Dx8gfAAB,0.0,0,1652.0,4019.0,1,0,0,0,0,0,1,0,0,0,1,0,0
124818,0035000002DxBXlAAN,0.0,0,0.0,7323.0,0,0,0,1,0,0,0,0,0,1,0,1,1
124821,0035000002DxBhCAAV,0.0,0,946.0,3288.0,0,0,0,1,0,0,0,0,1,0,0,1,1
124830,0035000002DxCT5AAN,0.0,0,0.0,1826.0,0,1,0,0,0,0,1,0,0,0,0,1,1
124831,0035000002DxCTtAAN,0.0,0,0.0,7558.0,0,0,0,1,0,0,1,0,0,0,0,1,1
124833,0035000002DxCV1AAN,0.0,0,25.0,3965.0,0,0,0,1,0,0,1,0,0,0,0,1,1
124840,0035000002DxCm2AAF,0.0,0,93.0,1677.0,1,0,0,0,0,0,1,0,0,0,0,1,1
124844,0035000002DxCxoAAF,0.0,0,23.0,2232.0,1,0,0,0,0,0,1,0,0,0,0,1,1
124845,0035000002DxD0EAAV,0.0,80,2138.0,9154.0,0,1,0,0,0,0,0,0,1,0,1,0,1
124847,0035000002DxD1WAAV,0.0,0,1335.0,2176.0,0,0,0,0,1,0,0,0,1,0,0,1,1
124851,0035000002DxDHFAA3,0.0,0,94.0,2190.0,0,0,0,1,0,1,0,0,0,0,0,1,1
124855,0035000002DxDmNAAV,0.0,0,91.0,3871.0,1,0,0,0,0,0,1,0,0,0,0,1,1
124857,0035000002DxDuvAAF,0.0,0,93.0,3307.0,0,0,0,1,0,0,1,0,0,0,0,1,0
124858,0035000002DxE5WAAV,0.0,30,1402.0,1852.0,0,0,0,1,0,0,1,0,0,0,0,1,1
124862,0035000002DxG5GAAV,0.0,0,3021.0,1460.0,0,0,0,1,0,0,1,0,0,0,1,0,1
124863,0035000002DxG7WAAV,0.0,0,199.0,4381.0,0,0,0,1,0,0,0,0,1,0,0,1,0
124873,0035000002DxHCqAAN,0.0,0,1533.0,1399.0,0,1,0,0,0,0,0,0,1,0,1,0,1
124877,0035000002DxHQeAAN,0.0,40,3133.0,1460.0,0,1,0,0,0,0,0,0,1,0,0,1,1
124881,0035000002DxHXZAA3,0.0,0,2779.0,1546.0,0,0,0,1,0,0,1,0,0,0,0,1,1
124884,0035000002DxHeaAAF,0.0,0,508.0,1825.0,0,0,0,1,0,0,0,0,1,0,0,1,1
124891,0035000002DxI6jAAF,0.0,0,3152.0,1827.0,0,1,0,0,0,0,0,0,1,0,0,1,1
124892,0035000002DxI7NAAV,0.0,90,2016.0,8721.0,0,0,0,0,1,0,1,0,0,0,1,0,1
124894,0035000002DxIL9AAN,0.0,0,0.0,3567.0,0,0,0,1,0,0,1,0,0,0,0,1,1
124896,0035000002DxIYtAAN,0.0,70,1263.0,2952.0,0,0,0,1,0,0,1,0,0,0,0,1,1
124898,0035000002DxIpRAAV,0.0,70,678.0,8773.0,0,0,0,1,0,0,0,0,0,1,0,1,1
124908,0035000002DxJZ0AAN,0.0,0,437.0,2924.0,1,0,0,0,0,0,1,0,0,0,0,1,1
124911,0035000002DxKACAA3,0.0,0,1605.0,1502.0,1,0,0,0,0,0,1,0,0,0,0,1,1
124913,0035000002DxKE7AAN,0.0,0,209.0,1460.0,0,0,0,1,0,0,0,0,1,0,0,1,0
124916,0035000002DxKP3AAN,0.0,0,21495.0,729.0,0,0,0,1,0,0,1,0,0,0,0,1,0
124919,0035000002DxPRlAAN,0.0,70,1200.0,7729.0,0,1,0,0,0,0,1,0,0,0,0,1,0
124927,0035000002DxRsAAAV,0.0,70,1121.0,4290.0,0,1,0,0,0,0,1,0,0,0,0,1,1
124929,0035000002DxRwqAAF,0.0,0,1.0,13473.0,0,1,0,0,0,0,1,0,0,0,0,1,0
124931,0035000002DxSCFAA3,0.0,0,2188.0,1460.0,0,1,0,0,0,0,0,0,0,1,1,0,0
124932,0035000002DxSDhAAN,0.0,70,859.0,9174.0,0,0,0,1,0,0,1,0,0,0,0,1,0
124937,0035000002DxStnAAF,0.0,0,3734.0,1097.0,0,0,0,1,0,0,1,0,0,0,1,0,1
124939,0035000002DxT3eAAF,0.0,10,1244.0,1460.0,0,0,0,1,0,1,0,0,0,0,0,1,1
124940,0035000002DxT4HAAV,0.0,0,12.0,3100.0,0,0,0,1,0,0,1,0,0,0,0,1,1
124942,0035000002DxTAKAA3,0.0,0,0.0,8568.0,0,1,0,0,0,0,0,0,1,0,0,1,0
124945,0035000002DxTHaAAN,0.0,80,1962.0,1626.0,0,0,0,0,1,0,1,0,0,0,0,1,1
124946,0035000002DxTJvAAN,0.0,50,2351.0,1096.0,0,0,0,0,1,0,1,0,0,0,0,1,1
124949,0035000002DxTaUAAV,0.0,0,1133.0,1410.0,0,0,0,1,0,0,0,0,1,0,0,1,0
124956,0035000002DxTrpAAF,0.0,70,633.0,3682.0,1,0,0,0,0,0,1,0,0,0,0,1,1
124957,0035000002DxU1zAAF,0.0,80,27.0,2307.0,0,0,0,1,0,0,1,0,0,0,0,1,1
124960,0035000002DxUEPAA3,0.0,0,13733.0,604.0,0,1,0,0,0,1,0,0,0,0,0,1,1
124962,0035000002DxUIgAAN,0.0,90,10.0,3898.0,0,0,0,0,1,1,0,0,0,0,0,1,1
124967,0035000002DxW0iAAF,0.0,0,1322.0,1363.0,0,1,0,0,0,0,0,0,1,0,1,0,1
124968,0035000002DxathAAB,0.0,0,10184.0,1422.0,0,1,0,0,0,0,1,0,0,0,0,1,1
124983,0035000002DxfPhAAJ,0.0,0,2678.0,1460.0,0,1,0,0,0,0,0,0,1,0,0,1,1
124987,0035000002DxfcqAAB,0.0,30,990.0,1855.0,0,0,0,1,0,0,1,0,0,0,0,1,0
124988,0035000002DxfrWAAR,0.0,0,895.0,5033.0,0,0,0,1,0,0,1,0,0,0,0,1,0
124989,0035000002DxfviAAB,0.0,30,706.0,2919.0,0,0,0,1,0,0,0,0,0,1,0,1,0
124990,0035000002DxggAAAR,0.0,0,1030.0,345.0,0,0,0,1,0,0,0,0,0,1,0,1,0
124992,0035000002DxgrrAAB,0.0,0,8522.0,729.0,0,1,0,0,0,1,0,0,0,0,0,1,1
124994,0035000002DxgydAAB,0.0,0,2600.0,824.0,0,1,0,0,0,0,0,0,1,0,0,1,1
125004,0035000002Dxjs0AAB,0.0,0,177.0,6011.0,0,0,0,0,1,0,1,0,0,0,0,1,0
125007,0035000002DxjxcAAB,0.0,100,0.0,3644.0,0,0,0,1,0,0,1,0,0,0,0,1,1
125008,0035000002Dxk1jAAB,0.0,40,1595.0,7307.0,0,0,0,1,0,0,0,0,0,1,0,1,1
125009,0035000002Dxk23AAB,0.0,80,499.0,8789.0,0,1,0,0,0,1,0,0,0,0,0,1,1
125011,0035000002Dxk8VAAR,0.0,50,1303.0,1825.0,0,0,0,1,0,0,0,0,0,1,0,1,1
125012,0035000002DxkE9AAJ,0.0,0,504.0,4745.0,0,0,0,1,0,0,0,0,0,1,0,1,1
125013,0035000002DxkQyAAJ,0.0,20,4333.0,2098.0,1,0,0,0,0,1,0,0,0,0,0,1,1
125014,0035000002DxkVyAAJ,0.0,0,4304.0,3267.0,0,0,0,0,1,0,1,0,0,0,1,0,0
125016,0035000002DxkYxAAJ,0.0,0,751.0,1187.0,0,1,0,0,0,0,0,0,0,1,1,0,1
125042,0035000002DxlkaAAB,0.0,0,221.0,1339.0,0,0,0,1,0,0,1,0,0,0,1,0,1
125045,0035000002Dxm1CAAR,0.0,0,205.0,1607.0,0,0,0,1,0,0,1,0,0,0,1,0,1
125050,0035000002DxmQbAAJ,0.0,0,133.0,9155.0,0,0,0,0,1,1,0,0,0,0,0,1,1
125052,0035000002DxmipAAB,0.0,60,3568.0,1462.0,1,0,0,0,0,0,0,0,1,0,0,1,1
125055,0035000002DxmzvAAB,0.0,0,106.0,4029.0,0,0,0,1,0,0,0,0,0,1,0,1,1
125056,0035000002Dxn0tAAB,0.0,40,146.0,1460.0,0,0,0,1,0,0,0,0,1,0,0,1,0
125060,0035000002DxnCUAAZ,0.0,0,0.0,5075.0,0,0,0,1,0,0,0,0,0,1,0,1,1
125063,0035000002DxnGMAAZ,0.0,0,13535.0,578.0,1,0,0,0,0,0,0,0,1,0,0,1,0
125065,0035000002DxnH5AAJ,0.0,0,28.0,1785.0,0,0,0,1,0,0,0,0,1,0,0,1,1
125066,0035000002DxnJBAAZ,0.0,0,269.0,2191.0,0,1,0,0,0,1,0,0,0,0,1,0,0
125070,0035000002DxnRnAAJ,0.0,30,416.0,1367.0,0,0,0,1,0,0,0,0,1,0,0,1,1
125072,0035000002DxnWxAAJ,0.0,20,3238.0,1634.0,0,0,0,0,1,0,0,0,1,0,0,1,0
125075,0035000002DxnXHAAZ,0.0,100,378.0,9304.0,0,1,0,0,0,0,1,0,0,0,0,1,0
125081,0035000002Dxnm8AAB,0.0,70,562.0,2896.0,0,0,0,1,0,0,0,0,1,0,0,1,1
125086,0035000002DxnrwAAB,0.0,90,1536.0,8088.0,0,0,0,1,0,0,1,0,0,0,0,1,1
125088,0035000002DxnuRAAR,0.0,0,103.0,1080.0,0,0,0,1,0,0,0,0,1,0,0,1,0
125089,0035000002DxnwDAAR,0.0,0,47.0,7754.0,0,1,0,0,0,1,0,0,0,0,0,1,1
125092,0035000002Dxo00AAB,0.0,0,99.0,2467.0,1,0,0,0,0,0,1,0,0,0,0,1,0
125095,0035000002Dxo2GAAR,0.0,0,95.0,4267.0,0,0,0,1,0,0,0,0,0,1,0,1,0
125098,0035000002DxoEHAAZ,0.0,20,805.0,1581.0,0,0,0,1,0,0,1,0,0,0,0,1,0
125099,0035000002DxoElAAJ,0.0,0,947.0,1830.0,0,0,0,1,0,0,0,0,1,0,0,1,1
125100,0035000002DxoHVAAZ,0.0,20,66.0,6023.0,0,1,0,0,0,0,1,0,0,0,0,1,0
125101,0035000002DxoKeAAJ,0.0,0,9753.0,2191.0,0,0,0,1,0,0,0,0,0,1,1,0,1
125106,0035000002DxomiAAB,0.0,10,1797.0,3019.0,0,0,0,1,0,0,0,0,0,1,0,1,0
125114,0035000002DxpIGAAZ,0.0,0,10.0,2192.0,0,0,0,1,0,0,1,0,0,0,0,1,1
125116,0035000002DxpXzAAJ,0.0,20,30.0,4037.0,0,0,0,1,0,0,1,0,0,0,1,0,1
125118,0035000002DxpdYAAR,0.0,30,11.0,1793.0,1,0,0,0,0,0,1,0,0,0,1,0,0
125122,0035000002DxqG1AAJ,0.0,0,35.0,1290.0,0,0,0,1,0,0,1,0,0,0,0,1,0
125130,0035000002DxqydAAB,0.0,0,1501.0,2825.0,1,0,0,0,0,0,1,0,0,0,0,1,0
125139,0035000002DxsABAAZ,0.0,0,135.0,1549.0,0,0,1,0,0,0,1,0,0,0,1,0,1
125142,0035000002DxsIyAAJ,0.0,0,51.0,8403.0,0,1,0,0,0,0,1,0,0,0,0,1,1
125145,0035000002Dxsf9AAB,0.0,0,49.0,4881.0,0,0,0,1,0,0,0,0,1,0,0,1,1
125146,0035000002Dxt0qAAB,0.0,80,1859.0,1826.0,1,0,0,0,0,0,0,0,0,1,0,1,1
125151,0035000002DxtABAAZ,0.0,70,144.0,5422.0,0,1,0,0,0,1,0,0,0,0,0,1,1
125154,0035000002DxtFpAAJ,0.0,0,18.0,5864.0,0,0,0,1,0,0,0,0,1,0,0,1,0
125158,0035000002DxtpYAAR,0.0,0,28.0,1235.0,0,0,0,1,0,0,1,0,0,0,0,1,1
125163,0035000002DxuVlAAJ,0.0,0,0.0,8150.0,0,1,0,0,0,0,1,0,0,0,1,0,1
125164,0035000002DxuVmAAJ,0.0,0,0.0,8037.0,0,1,0,0,0,0,1,0,0,0,0,1,1
125165,0035000002DxuVoAAJ,0.0,0,0.0,3634.0,0,1,0,0,0,0,1,0,0,0,0,1,0
125166,0035000002DxuVpAAJ,0.0,0,0.0,4117.0,0,1,0,0,0,0,1,0,0,0,1,0,0
125167,0035000002DxuVqAAJ,0.0,0,0.0,5374.0,0,0,0,1,0,0,1,0,0,0,0,1,0
125169,0035000002DxuW2AAJ,0.0,30,343.0,4123.0,0,0,0,1,0,0,1,0,0,0,0,1,1
125174,0035000002DxueGAAR,0.0,0,0.0,7235.0,0,0,0,1,0,0,0,0,1,0,0,1,0
125183,0035000002DxuePAAR,0.0,0,0.0,3137.0,0,0,0,1,0,0,0,0,1,0,0,1,0
125186,0035000002DxueSAAR,0.0,0,0.0,1858.0,0,0,0,1,0,0,0,0,1,0,1,0,1
125193,0035000002DxvCYAAZ,0.0,90,783.0,3180.0,0,0,0,0,1,0,1,0,0,0,1,0,1
125197,0035000002Dxw4CAAR,0.0,0,530.0,4427.0,1,0,0,0,0,0,0,0,1,0,0,1,1
125204,0035000002DxwiIAAR,0.0,0,3009.0,5023.0,1,0,0,0,0,0,1,0,0,0,0,1,0
125211,0035000002DxxZVAAZ,0.0,0,0.0,4388.0,0,1,0,0,0,0,0,0,0,1,0,1,1
125216,0035000002Dxxt9AAB,0.0,0,383.0,2907.0,0,0,0,1,0,0,1,0,0,0,0,1,0
125224,0035000002DxzHqAAJ,0.0,0,1565.0,1460.0,1,0,0,0,0,1,0,0,0,0,0,1,1
125226,0035000002DxzUFAAZ,0.0,0,81.0,10962.0,0,0,0,0,1,1,0,0,0,0,0,1,1
125230,0035000002Dy00LAAR,0.0,0,11392.0,227.0,0,0,0,0,1,0,1,0,0,0,0,1,1
125234,0035000002Dy0MHAAZ,0.0,0,175.0,8159.0,0,0,0,1,0,0,1,0,0,0,0,1,0
125241,0035000002Dy0ozAAB,0.0,100,1547.0,1631.0,1,0,0,0,0,0,0,0,0,1,0,1,0
125244,0035000002Dy0zsAAB,0.0,10,3130.0,819.0,0,1,0,0,0,0,1,0,0,0,1,0,1
125247,0035000002Dy1DpAAJ,0.0,100,54.0,5027.0,0,0,0,1,0,0,1,0,0,0,0,1,0
125250,0035000002Dy1fpAAB,0.0,0,984.0,2191.0,0,1,0,0,0,0,0,0,0,1,0,1,1
125251,0035000002Dy1jRAAR,0.0,60,3036.0,1531.0,0,0,1,0,0,1,0,0,0,0,1,0,1
125255,0035000002Dy28lAAB,0.0,30,1108.0,1947.0,0,1,0,0,0,0,0,0,1,0,0,1,1
125257,0035000002Dy2HoAAJ,0.0,0,144.0,8738.0,0,1,0,0,0,0,1,0,0,0,0,1,0
125259,0035000002Dy2s7AAB,0.0,40,464.0,2656.0,0,0,0,1,0,0,1,0,0,0,0,1,1
125262,0035000002Dy31iAAB,0.0,60,2477.0,1759.0,0,0,0,1,0,0,1,0,0,0,0,1,1
125268,0035000002Dy3N5AAJ,0.0,0,827.0,2231.0,0,1,0,0,0,0,1,0,0,0,0,1,1
125269,0035000002Dy3XeAAJ,0.0,90,82.0,4418.0,0,0,0,1,0,0,1,0,0,0,0,1,1
125271,0035000002Dy3hyAAB,0.0,0,51.0,7558.0,0,0,0,1,0,1,0,0,0,0,0,1,1
125276,0035000002Dy3zJAAR,0.0,50,1829.0,3520.0,1,0,0,0,0,0,1,0,0,0,0,1,1
125281,0035000002Dy4MIAAZ,0.0,0,59.0,2076.0,0,0,0,1,0,0,1,0,0,0,0,1,0
125282,0035000002Dy4NuAAJ,0.0,70,1073.0,2483.0,0,0,0,0,1,0,1,0,0,0,1,0,0
125284,0035000002Dy4V5AAJ,0.0,0,3078.0,1460.0,0,0,0,0,1,1,0,0,0,0,0,1,1
125285,0035000002Dy4ekAAB,0.0,0,2906.0,1960.0,0,0,0,1,0,0,1,0,0,0,0,1,1
125286,0035000002Dy4fSAAR,0.0,40,3535.0,1461.0,1,0,0,0,0,0,0,0,1,0,0,1,0
125288,0035000002Dy4kHAAR,0.0,0,10.0,1888.0,0,0,0,1,0,0,1,0,0,0,0,1,1
125293,0035000002Dy5QNAAZ,0.0,0,1412.0,4167.0,0,1,0,0,0,0,0,0,1,0,0,1,1
125297,0035000002Dy5kIAAR,0.0,40,1480.0,3595.0,0,1,0,0,0,0,1,0,0,0,1,0,1
125306,0035000002Dy6P1AAJ,0.0,0,121.0,10584.0,0,0,0,0,1,0,1,0,0,0,0,1,1
125312,0035000002Dy7L6AAJ,0.0,70,112.0,5719.0,0,0,0,1,0,0,0,0,1,0,0,1,0
125314,0035000002Dy7SbAAJ,0.0,90,0.0,3089.0,0,0,0,1,0,0,0,0,1,0,0,1,1
125317,0035000002Dy7oXAAR,0.0,100,227.0,4033.0,1,0,0,0,0,0,0,0,1,0,0,1,1
125319,0035000002Dy7wHAAR,0.0,90,903.0,10628.0,0,0,0,0,1,0,1,0,0,0,0,1,1
125320,0035000002Dy7xoAAB,0.0,70,2653.0,2890.0,0,1,0,0,0,1,0,0,0,0,0,1,0
125323,0035000002Dy84aAAB,0.0,0,258.0,12754.0,0,0,1,0,0,0,1,0,0,0,1,0,0
125328,0035000002Dy8JLAAZ,0.0,30,1813.0,2737.0,0,1,0,0,0,0,0,0,0,1,1,0,1
125330,0035000002Dy8TQAAZ,0.0,100,2180.0,8479.0,0,0,0,1,0,0,0,0,1,0,0,1,1
125336,0035000002Dy9WfAAJ,0.0,60,3187.0,1203.0,0,0,0,1,0,0,0,0,1,0,0,1,0
125339,0035000002Dy9quAAB,0.0,0,1562.0,1959.0,0,1,0,0,0,0,1,0,0,0,0,1,1
125340,0035000002Dy9zhAAB,0.0,0,463.0,1724.0,0,0,0,1,0,0,0,0,1,0,0,1,0
125343,0035000002DyA9XAAV,0.0,0,20.0,7505.0,0,1,0,0,0,0,1,0,0,0,0,1,1
125345,0035000002DyAqyAAF,0.0,0,0.0,9249.0,0,0,0,1,0,0,1,0,0,0,0,1,0
125349,0035000002DyB6IAAV,0.0,0,2936.0,1826.0,0,1,0,0,0,0,0,0,0,1,1,0,0
125350,0035000002DyB6mAAF,0.0,10,536.0,2512.0,1,0,0,0,0,0,0,0,1,0,0,1,1
125351,0035000002DyB6rAAF,0.0,80,1794.0,4486.0,0,1,0,0,0,1,0,0,0,0,0,1,0
125354,0035000002DyBN9AAN,0.0,0,250.0,1460.0,0,1,0,0,0,0,1,0,0,0,0,1,1
125356,0035000002DyBPAAA3,0.0,0,32.0,1690.0,0,1,0,0,0,0,1,0,0,0,0,1,1
125359,0035000002DyBZeAAN,0.0,0,696.0,1461.0,0,0,0,1,0,0,0,0,1,0,0,1,0
125360,0035000002DyBeoAAF,0.0,0,856.0,4463.0,0,0,0,1,0,0,1,0,0,0,0,1,1
125367,0035000002DyDHjAAN,0.0,0,105.0,1461.0,0,0,0,1,0,0,1,0,0,0,0,1,0
125374,0035000002DyE1IAAV,0.0,0,0.0,2588.0,1,0,0,0,0,0,1,0,0,0,0,1,1
125376,0035000002DyE63AAF,0.0,0,185.0,3119.0,0,0,0,1,0,0,1,0,0,0,1,0,0
125381,0035000002DyEKoAAN,0.0,40,3797.0,5413.0,1,0,0,0,0,0,1,0,0,0,0,1,0
125383,0035000002DyEQ8AAN,0.0,20,2489.0,647.0,0,0,0,0,1,0,1,0,0,0,1,0,0
125387,0035000002DyEeyAAF,0.0,100,146.0,5133.0,1,0,0,0,0,0,0,0,0,1,0,1,1
125394,0035000002DyG8iAAF,0.0,20,1632.0,1826.0,0,1,0,0,0,0,0,0,0,1,0,1,0
125395,0035000002DyG9MAAV,0.0,0,1077.0,1790.0,0,1,0,0,0,0,0,0,1,0,0,1,0
125398,0035000002DyGAjAAN,0.0,40,281.0,1370.0,0,0,0,1,0,0,1,0,0,0,0,1,1
125399,0035000002DyGBhAAN,0.0,0,5438.0,1947.0,0,0,0,1,0,0,1,0,0,0,0,1,1
125400,0035000002DyGCGAA3,0.0,80,374.0,3610.0,0,0,0,1,0,0,0,0,1,0,0,1,0
125402,0035000002DyGDOAA3,0.0,50,485.0,1461.0,0,0,0,1,0,0,0,0,1,0,0,1,0
125406,0035000002DyGFjAAN,0.0,0,1755.0,2922.0,0,1,0,0,0,0,0,0,0,1,0,1,1
125407,0035000002DyGGSAA3,0.0,0,239.0,1371.0,0,0,0,1,0,0,1,0,0,0,0,1,1
125408,0035000002DyGHBAA3,0.0,30,871.0,8060.0,0,0,0,1,0,0,1,0,0,0,0,1,0
125418,0035000002DyGzbAAF,0.0,10,1127.0,3995.0,0,1,0,0,0,0,1,0,0,0,0,1,0
125419,0035000002DyH1NAAV,0.0,0,24.0,3791.0,0,0,0,1,0,0,1,0,0,0,0,1,0
125425,0035000002DyHe6AAF,0.0,0,8621.0,1910.0,0,0,0,0,1,0,0,0,0,1,0,1,1
125426,0035000002DyHiDAAV,0.0,0,323.0,2191.0,0,0,0,1,0,0,1,0,0,0,0,1,1
125427,0035000002DyHjGAAV,0.0,80,824.0,1234.0,0,0,0,1,0,0,1,0,0,0,1,0,1
125435,0035000002DyI8LAAV,0.0,0,238.0,2516.0,0,0,0,1,0,0,0,0,0,1,0,1,1
125444,0035000002DyIUCAA3,0.0,0,840.0,1586.0,0,0,0,1,0,0,1,0,0,0,0,1,0
125447,0035000002DyIaeAAF,0.0,50,885.0,7753.0,0,1,0,0,0,0,1,0,0,0,0,1,1
125465,0035000002DyJ7pAAF,0.0,0,119.0,8325.0,0,0,0,1,0,0,0,0,1,0,0,1,1
125469,0035000002DyJDJAA3,0.0,0,169.0,2558.0,0,1,0,0,0,0,1,0,0,0,0,1,1
125470,0035000002DyJDnAAN,0.0,0,1400.0,8735.0,0,0,0,0,1,0,0,0,0,1,1,0,0
125504,0035000002DyOFVAA3,0.0,70,86.0,1826.0,0,0,0,1,0,0,0,0,1,0,0,1,0
125512,0035000002DyP1FAAV,0.0,100,605.0,4914.0,0,1,0,0,0,0,0,0,1,0,0,1,1
125513,0035000002DyP5MAAV,0.0,30,2894.0,1096.0,1,0,0,0,0,0,1,0,0,0,0,1,1
125514,0035000002DyPF7AAN,0.0,100,272.0,10480.0,0,1,0,0,0,0,1,0,0,0,0,1,1
125524,0035000002DyQAMAA3,0.0,0,26.0,8261.0,0,0,0,0,1,0,0,0,0,1,0,1,1
125531,0035000002DyTjjAAF,0.0,70,319.0,2376.0,1,0,0,0,0,0,1,0,0,0,0,1,0
125540,0035000002DyUhFAAV,0.0,0,25.0,7867.0,0,0,0,0,1,0,0,0,1,0,0,1,0
125541,0035000002DyUkTAAV,0.0,20,750.0,1100.0,0,0,0,0,1,0,0,0,0,1,0,1,1
125544,0035000002DyUqgAAF,0.0,0,508.0,7702.0,0,1,0,0,0,0,1,0,0,0,0,1,1
125551,0035000002DyVNQAA3,0.0,0,203.0,3845.0,0,1,0,0,0,0,1,0,0,0,0,1,0
125558,0035000002DyVrEAAV,0.0,0,0.0,10083.0,0,0,0,1,0,0,1,0,0,0,0,1,1
125559,0035000002DyVvSAAV,0.0,0,4536.0,756.0,1,0,0,0,0,0,1,0,0,0,0,1,1
125560,0035000002DyWEjAAN,0.0,0,665.0,1103.0,1,0,0,0,0,0,1,0,0,0,1,0,1
125561,0035000002DyWJjAAN,0.0,0,40.0,1780.0,0,0,0,1,0,0,1,0,0,0,0,1,0
125571,0035000002DyYLDAA3,0.0,40,42.0,2015.0,0,0,0,1,0,1,0,0,0,0,1,0,1
125574,0035000002Dyc5AAAR,0.0,0,3526.0,7323.0,0,0,0,0,1,0,1,0,0,0,0,1,1
125575,0035000002DycHLAAZ,0.0,0,2516.0,1364.0,1,0,0,0,0,0,0,0,0,1,0,1,1
125579,0035000002DycVPAAZ,0.0,70,681.0,2727.0,0,1,0,0,0,0,0,0,0,1,0,1,1
125583,0035000002DycpFAAR,0.0,0,0.0,1369.0,0,0,0,1,0,0,1,0,0,0,0,1,1
125586,0035000002DycqmAAB,0.0,0,0.0,3351.0,0,0,0,1,0,0,1,0,0,0,0,1,0
125592,0035000002Dyd95AAB,0.0,0,0.0,7681.0,1,0,0,0,0,0,0,0,0,1,0,1,1
125594,0035000002DydEeAAJ,0.0,0,12.0,1410.0,0,0,0,1,0,0,1,0,0,0,0,1,0
125595,0035000002DydF8AAJ,0.0,0,14423.0,2191.0,0,0,0,1,0,0,0,0,0,1,0,1,0
125601,0035000002DydviAAB,0.0,0,1246.0,2920.0,0,1,0,0,0,0,0,0,0,1,0,1,0
125609,0035000002DyeHjAAJ,0.0,90,6452.0,2221.0,0,0,0,1,0,0,0,0,0,1,0,1,1
125610,0035000002DyeRZAAZ,0.0,0,0.0,6395.0,0,0,0,1,0,0,1,0,0,0,0,1,1
125612,0035000002DyfCpAAJ,0.0,0,207.0,2591.0,0,0,0,0,1,0,0,0,1,0,0,1,1
125613,0035000002DyfHGAAZ,0.0,0,3.0,7243.0,0,1,0,0,0,0,0,0,1,0,0,1,1
125616,0035000002DyfMQAAZ,0.0,0,86.0,7311.0,1,0,0,0,0,1,0,0,0,0,0,1,1
125618,0035000002DyhXvAAJ,0.0,0,29.0,3122.0,0,0,0,1,0,0,0,0,1,0,0,1,1
125622,0035000002DyhazAAB,0.0,80,582.0,3348.0,1,0,0,0,0,0,1,0,0,0,0,1,1
125623,0035000002DyhcMAAR,0.0,0,0.0,1976.0,0,0,0,1,0,0,0,0,0,1,1,0,0
125624,0035000002DyhcqAAB,0.0,80,3040.0,7312.0,1,0,0,0,0,0,0,0,1,0,0,1,0
125625,0035000002DyhcvAAB,0.0,0,364.0,2648.0,1,0,0,0,0,0,0,0,0,1,0,1,0
125626,0035000002DyhdFAAR,0.0,0,1155.0,4131.0,0,1,0,0,0,0,0,0,0,1,0,1,1
125628,0035000002Dyhf6AAB,0.0,60,238.0,1291.0,0,0,0,1,0,0,1,0,0,0,0,1,0
125629,0035000002DyhioAAB,0.0,0,2.0,1787.0,0,0,0,0,1,0,1,0,0,0,0,1,1
125633,0035000002DyhjNAAR,0.0,20,6371.0,5251.0,0,0,0,0,1,0,0,0,0,1,0,1,1
125635,0035000002DyhjXAAR,0.0,0,11648.0,1460.0,0,0,0,0,1,0,0,0,0,1,0,1,1
125636,0035000002DyhjcAAB,0.0,0,1337.0,2191.0,0,0,0,1,0,0,1,0,0,0,0,1,0
125637,0035000002Dyhk6AAB,0.0,100,1977.0,5285.0,0,1,0,0,0,0,1,0,0,0,0,1,1
125638,0035000002DyhkzAAB,0.0,0,1138.0,9571.0,0,1,0,0,0,0,1,0,0,0,0,1,0
125641,0035000002DyhqdAAB,0.0,40,5184.0,1460.0,0,0,1,0,0,1,0,0,0,0,0,1,1
125642,0035000002Dyhr2AAB,0.0,10,1515.0,2835.0,0,1,0,0,0,1,0,0,0,0,0,1,1
125646,0035000002DyjupAAB,0.0,50,2858.0,2525.0,0,1,0,0,0,0,0,0,0,1,0,1,1
125647,0035000002Dyjv9AAB,0.0,0,3950.0,2428.0,1,0,0,0,0,0,1,0,0,0,0,1,1
125648,0035000002Dyjx0AAB,0.0,0,270.0,4156.0,0,0,0,0,1,0,1,0,0,0,0,1,1
125649,0035000002DyjxoAAB,0.0,0,8621.0,1460.0,0,0,0,1,0,0,0,0,0,1,0,1,1
125653,0035000002Dyk6RAAR,0.0,80,148.0,6579.0,0,1,0,0,0,0,0,0,0,1,0,1,1
125654,0035000002Dyk6qAAB,0.0,0,25.0,6209.0,1,0,0,0,0,0,1,0,0,0,0,1,1
125656,0035000002Dyk7AAAR,0.0,0,1275.0,8516.0,0,0,0,0,1,0,1,0,0,0,0,1,1
125659,0035000002DykOVAAZ,0.0,0,1076.0,4769.0,0,0,0,0,1,0,0,0,0,1,0,1,1
125661,0035000002DykSXAAZ,0.0,0,1254.0,9981.0,1,0,0,0,0,0,1,0,0,0,0,1,0
125663,0035000002DykYQAAZ,0.0,0,1740.0,509.0,0,0,0,1,0,0,0,0,0,1,0,1,1
125665,0035000002DylR1AAJ,0.0,0,955.0,1596.0,0,0,0,1,0,0,1,0,0,0,0,1,1
125669,0035000002DymjaAAB,0.0,0,2979.0,9785.0,1,0,0,0,0,1,0,0,0,0,0,1,1
125671,0035000002DymkTAAR,0.0,40,224.0,3014.0,0,0,0,1,0,0,0,0,1,0,0,1,0
125672,0035000002Dymu9AAB,0.0,0,2651.0,1474.0,1,0,0,0,0,1,0,0,0,0,1,0,0
125673,0035000002DymuEAAR,0.0,0,1476.0,1917.0,0,0,0,1,0,0,0,0,1,0,0,1,0
125674,0035000002DymzJAAR,0.0,0,746.0,1826.0,0,0,0,1,0,0,0,0,0,1,0,1,0
125675,0035000002DymziAAB,0.0,50,2676.0,7549.0,0,0,0,0,1,0,1,0,0,0,0,1,1
125682,0035000002DynYGAAZ,0.0,60,3223.0,1460.0,0,0,0,1,0,0,1,0,0,0,0,1,1
125683,0035000002DynaWAAR,0.0,40,1436.0,1110.0,0,1,0,0,0,0,1,0,0,0,0,1,0
125686,0035000002Dynx1AAB,0.0,0,165.0,3290.0,0,0,0,1,0,0,1,0,0,0,0,1,0
125688,0035000002Dyo8YAAR,0.0,0,1150.0,1462.0,0,0,0,1,0,0,0,0,1,0,0,1,0
125690,0035000002DyoJ2AAJ,0.0,0,39.0,1214.0,0,0,0,1,0,0,1,0,0,0,0,1,1
125691,0035000002DyoKFAAZ,0.0,0,123.0,416.0,0,0,0,1,0,1,0,0,0,0,0,1,0
125693,0035000002DyoQ3AAJ,0.0,0,921.0,8191.0,1,0,0,0,0,0,1,0,0,0,0,1,1
125695,0035000002DyobkAAB,0.0,40,238.0,4383.0,0,1,0,0,0,0,0,0,1,0,0,1,1
125697,0035000002DyokXAAR,0.0,0,1209.0,1460.0,1,0,0,0,0,0,0,0,1,0,0,1,0
125698,0035000002DyolpAAB,0.0,0,25.0,4736.0,0,0,0,1,0,0,1,0,0,0,0,1,1
125699,0035000002DyooeAAB,0.0,0,10435.0,2188.0,1,0,0,0,0,0,1,0,0,0,0,1,0
125703,0035000002Dyqs9AAB,0.0,60,4144.0,1481.0,0,0,0,1,0,0,0,0,1,0,0,1,1
125708,0035000002DyrJtAAJ,0.0,0,0.0,10013.0,0,1,0,0,0,0,0,0,1,0,0,1,1
125709,0035000002DyrPIAAZ,0.0,60,3716.0,8141.0,1,0,0,0,0,0,1,0,0,0,0,1,0
125717,0035000002DysMZAAZ,0.0,0,206.0,2937.0,1,0,0,0,0,1,0,0,0,0,0,1,0
125718,0035000002DysNrAAJ,0.0,40,804.0,4720.0,0,0,0,1,0,0,0,0,1,0,0,1,1
125720,0035000002DyseFAAR,0.0,0,3175.0,8311.0,0,0,1,0,0,0,0,0,0,1,0,1,1
125721,0035000002DysmYAAR,0.0,0,135.0,3329.0,0,0,0,1,0,0,1,0,0,0,0,1,0
125723,0035000002DysvVAAR,0.0,0,158.0,3917.0,0,0,0,1,0,0,0,0,1,0,0,1,0
125730,0035000002DytS1AAJ,0.0,0,17.0,1243.0,1,0,0,0,0,0,0,0,1,0,0,1,1
125737,0035000002DyuMyAAJ,0.0,70,905.0,2473.0,0,0,0,1,0,0,1,0,0,0,0,1,1
125739,0035000002DyumxAAB,0.0,20,1377.0,3694.0,0,1,0,0,0,0,0,0,0,1,0,1,1
125745,0035000002Dyvg2AAB,0.0,0,9936.0,1461.0,1,0,0,0,0,0,0,0,0,1,0,1,1
125750,0035000002DyvpOAAR,0.0,0,366.0,7102.0,0,0,0,0,1,0,1,0,0,0,0,1,0
125754,0035000002Dywq7AAB,0.0,0,4274.0,1369.0,0,0,0,1,0,0,0,0,0,1,0,1,1
125757,0035000002DyxArAAJ,0.0,0,5.0,3661.0,0,0,0,1,0,0,1,0,0,0,0,1,1
125758,0035000002DyxC9AAJ,0.0,20,1083.0,2191.0,0,0,0,1,0,0,1,0,0,0,0,1,1
125761,0035000002DyxNgAAJ,0.0,50,490.0,7917.0,0,1,0,0,0,0,1,0,0,0,0,1,1
125768,0035000002DyxgYAAR,0.0,0,48.0,765.0,0,0,0,1,0,0,1,0,0,0,0,1,1
125775,0035000002DyxvJAAR,0.0,0,477.0,2078.0,1,0,0,0,0,0,1,0,0,0,0,1,1
125779,0035000002DyyCoAAJ,0.0,40,3991.0,7607.0,0,0,0,1,0,0,0,0,0,1,0,1,1
125781,0035000002DyyS9AAJ,0.0,70,1047.0,2922.0,0,1,0,0,0,0,0,0,1,0,0,1,1
125787,0035000002DyzQSAAZ,0.0,80,140.0,2049.0,0,0,0,1,0,0,1,0,0,0,0,1,0
125788,0035000002DyzQcAAJ,0.0,0,223.0,4318.0,0,0,0,0,1,0,0,1,0,0,0,1,0
125789,0035000002DyzTbAAJ,0.0,0,1973.0,1825.0,0,1,0,0,0,0,0,0,1,0,0,1,0
125790,0035000002DyzXJAAZ,0.0,80,2796.0,1460.0,0,1,0,0,0,0,0,0,1,0,0,1,1
125806,0035000002Dz14QAAR,0.0,0,5.0,10396.0,0,0,1,0,0,0,0,0,0,1,1,0,1
125807,0035000002Dz1DDAAZ,0.0,0,1124.0,7879.0,0,1,0,0,0,0,1,0,0,0,0,1,0
125810,0035000002Dz1VgAAJ,0.0,30,2694.0,3520.0,0,1,0,0,0,1,0,0,0,0,1,0,1
125812,0035000002Dz1nkAAB,0.0,60,661.0,2931.0,0,0,0,1,0,0,0,0,1,0,0,1,0
125813,0035000002Dz1tdAAB,0.0,0,480.0,1461.0,0,0,0,1,0,0,0,0,1,0,0,1,1
125814,0035000002Dz21IAAR,0.0,40,5482.0,7738.0,0,1,0,0,0,0,0,0,0,1,1,0,1
125817,0035000002Dz2FUAAZ,0.0,20,157.0,5500.0,0,0,0,1,0,0,0,0,1,0,0,1,1
125821,0035000002Dz3OEAAZ,0.0,30,504.0,7383.0,1,0,0,0,0,0,1,0,0,0,0,1,1
125822,0035000002Dz3SuAAJ,0.0,10,366.0,125.0,0,0,0,1,0,0,0,0,0,1,1,0,1
125825,0035000002Dz3aAAAR,0.0,40,8415.0,3286.0,0,1,0,0,0,0,1,0,0,0,1,0,1
125831,0035000002Dz5aSAAR,0.0,0,3077.0,8430.0,1,0,0,0,0,0,1,0,0,0,0,1,1
125832,0035000002Dz5dHAAR,0.0,0,2113.0,2557.0,0,0,0,0,1,0,1,0,0,0,1,0,1
125834,0035000002Dz5fXAAR,0.0,0,3289.0,8069.0,1,0,0,0,0,0,1,0,0,0,0,1,1
125836,0035000002Dz6AQAAZ,0.0,0,49.0,9213.0,0,1,0,0,0,0,0,0,0,1,0,1,0
125837,0035000002Dz6BdAAJ,0.0,80,1719.0,2692.0,0,1,0,0,0,0,1,0,0,0,1,0,1
125844,0035000002Dz6WlAAJ,0.0,70,1738.0,8075.0,0,1,0,0,0,1,0,0,0,0,0,1,1
125852,0035000002Dz6vMAAR,0.0,0,0.0,3029.0,0,0,0,1,0,0,1,0,0,0,1,0,1
125853,0035000002Dz6zdAAB,0.0,0,0.0,1925.0,0,1,0,0,0,0,1,0,0,0,0,1,0
125858,0035000002Dz7RrAAJ,0.0,50,1659.0,2922.0,0,1,0,0,0,0,0,0,0,1,0,1,0
125862,0035000002Dz7foAAB,0.0,40,0.0,6215.0,0,0,0,1,0,0,1,0,0,0,0,1,1
125866,0035000002Dz80IAAR,0.0,0,215.0,2129.0,0,0,0,1,0,0,0,0,1,0,0,1,1
125868,0035000002Dz8DbAAJ,0.0,20,950.0,4407.0,0,0,0,1,0,0,0,0,0,1,0,1,0
125874,0035000002Dz8TmAAJ,0.0,40,917.0,11691.0,0,0,0,0,1,0,1,0,0,0,1,0,1
125877,0035000002Dz8dxAAB,0.0,0,2.0,4274.0,0,0,0,1,0,1,0,0,0,0,0,1,1
125881,0035000002Dz8gwAAB,0.0,0,263.0,2548.0,0,0,0,1,0,0,1,0,0,0,0,1,1
125884,0035000002Dz8kZAAR,0.0,50,669.0,2921.0,0,0,0,1,0,0,0,0,0,1,0,1,1
125885,0035000002Dz8muAAB,0.0,0,609.0,2183.0,0,0,0,1,0,0,1,0,0,0,0,1,0
125886,0035000002Dz8sjAAB,0.0,0,123.0,2935.0,0,0,0,1,0,0,1,0,0,0,0,1,0
125890,0035000002Dz9CRAAZ,0.0,10,389.0,2690.0,0,0,0,1,0,0,1,0,0,0,0,1,1
125893,0035000002Dz9EmAAJ,0.0,30,430.0,10344.0,0,0,0,0,1,0,1,0,0,0,0,1,0
125895,0035000002Dz9MHAAZ,0.0,0,473.0,1270.0,1,0,0,0,0,0,1,0,0,0,0,1,0
125896,0035000002Dz9MqAAJ,0.0,0,48.0,3375.0,0,0,0,1,0,0,0,0,1,0,0,1,0
125902,0035000002DzBduAAF,0.0,40,828.0,1462.0,0,0,0,1,0,0,0,0,1,0,0,1,0
125907,0035000002DzBsaAAF,0.0,90,1165.0,951.0,0,0,0,1,0,0,1,0,0,0,0,1,1
125909,0035000002DzCCBAA3,0.0,80,4174.0,10967.0,0,1,0,0,0,0,1,0,0,0,0,1,0
125911,0035000002DzCMGAA3,0.0,0,168.0,1867.0,0,0,0,1,0,0,1,0,0,0,1,0,1
125915,0035000002DzCeFAAV,0.0,0,131.0,2190.0,0,0,0,1,0,0,1,0,0,0,0,1,1
125917,0035000002DzCh9AAF,0.0,10,501.0,3149.0,1,0,0,0,0,0,1,0,0,0,0,1,1
125920,0035000002DzCk8AAF,0.0,0,310.0,2269.0,0,1,0,0,0,0,0,0,1,0,1,0,0
125922,0035000002DzCpDAAV,0.0,30,7705.0,6737.0,0,0,0,1,0,1,0,0,0,0,0,1,1
125923,0035000002DzCslAAF,0.0,50,2477.0,8689.0,0,1,0,0,0,0,0,0,0,1,1,0,1
125927,0035000002DzDDAAA3,0.0,0,1706.0,1459.0,1,0,0,0,0,0,0,0,1,0,0,1,0
125928,0035000002DzDEhAAN,0.0,30,1366.0,1461.0,0,1,0,0,0,0,0,0,1,0,0,1,1
125936,0035000002DzEBoAAN,0.0,70,987.0,3689.0,1,0,0,0,0,1,0,0,0,0,0,1,1
125943,0035000002DzG6cAAF,0.0,0,8.0,1526.0,0,1,0,0,0,0,1,0,0,0,0,1,1
125944,0035000002DzG84AAF,0.0,0,162.0,7858.0,1,0,0,0,0,0,1,0,0,0,0,1,1
125947,0035000002DzGeOAAV,0.0,0,0.0,4959.0,0,0,0,1,0,0,1,0,0,0,1,0,0
125951,0035000002DzH2tAAF,0.0,0,586.0,1264.0,0,0,0,0,1,0,1,0,0,0,0,1,1
125955,0035000002DzHGdAAN,0.0,0,0.0,742.0,0,0,0,1,0,0,1,0,0,0,1,0,1
125962,0035000002DzHGkAAN,0.0,0,0.0,2607.0,0,0,0,1,0,0,1,0,0,0,1,0,1
125966,0035000002DzHGoAAN,0.0,0,0.0,3652.0,1,0,0,0,0,0,1,0,0,0,0,1,0
125968,0035000002DzHGqAAN,0.0,0,0.0,7116.0,0,0,0,1,0,0,1,0,0,0,1,0,0
125972,0035000002DzHhyAAF,0.0,0,3423.0,7314.0,1,0,0,0,0,0,1,0,0,0,0,1,1
125975,0035000002DzI78AAF,0.0,0,0.0,3462.0,1,0,0,0,0,0,1,0,0,0,0,1,1
125978,0035000002DzIOJAA3,0.0,0,179.0,3536.0,0,1,0,0,0,0,1,0,0,0,0,1,1
125979,0035000002DzIP9AAN,0.0,0,0.0,1827.0,0,1,0,0,0,0,1,0,0,0,1,0,1
125983,0035000002DzIZJAA3,0.0,0,0.0,3642.0,0,0,0,1,0,0,1,0,0,0,0,1,0
125988,0035000002DzIloAAF,0.0,80,2021.0,8522.0,0,1,0,0,0,0,0,0,0,1,0,1,0
125993,0035000002DzItdAAF,0.0,0,0.0,8420.0,1,0,0,0,0,0,1,0,0,0,0,1,0
125998,0035000002DzJ3EAAV,0.0,60,1645.0,2929.0,0,0,0,1,0,0,1,0,0,0,0,1,1
126001,0035000002DzJ5UAAV,0.0,50,139.0,6903.0,0,0,0,1,0,0,0,0,1,0,0,1,0
126008,0035000002DzJkyAAF,0.0,0,0.0,12022.0,0,0,0,1,0,0,1,0,0,0,0,1,0
126012,0035000002DzK7EAAV,0.0,50,1909.0,4119.0,0,1,0,0,0,0,1,0,0,0,0,1,1
126015,0035000002DzKiBAAV,0.0,0,0.0,1208.0,1,0,0,0,0,0,1,0,0,0,1,0,0
126016,0035000002DzKoJAAV,0.0,0,133.0,3274.0,0,0,0,0,1,0,1,0,0,0,0,1,1
126017,0035000002DzKymAAF,0.0,50,3238.0,7591.0,0,1,0,0,0,0,1,0,0,0,0,1,1
126028,0035000002DzM0AAAV,0.0,80,0.0,983.0,0,0,0,1,0,0,1,0,0,0,0,1,0
126031,0035000002DzMB3AAN,0.0,0,4862.0,521.0,0,1,0,0,0,0,0,0,0,1,0,1,0
126034,0035000002DzMPKAA3,0.0,100,0.0,2666.0,0,0,0,0,1,0,1,0,0,0,0,1,0
126041,0035000002DzN0cAAF,0.0,0,183.0,1377.0,0,0,0,1,0,0,0,0,0,1,0,1,0
126048,0035000002DzNbOAAV,0.0,0,39.0,3082.0,0,0,0,1,0,0,1,0,0,0,0,1,1
126055,0035000002DzOT9AAN,0.0,40,692.0,12959.0,1,0,0,0,0,0,1,0,0,0,0,1,1
126057,0035000002DzObDAAV,0.0,10,1355.0,2922.0,0,1,0,0,0,0,1,0,0,0,0,1,0
126065,0035000002DzQLtAAN,0.0,0,362.0,1228.0,0,0,0,1,0,0,1,0,0,0,0,1,1
126066,0035000002DzQTYAA3,0.0,0,327.0,3433.0,0,0,0,1,0,0,1,0,0,0,1,0,1
126068,0035000002DzQmaAAF,0.0,0,40.0,1521.0,0,0,0,1,0,0,0,1,0,0,0,1,0
126069,0035000002DzR61AAF,0.0,10,933.0,1412.0,0,1,0,0,0,0,0,0,1,0,0,1,1
126072,0035000002DzRhRAAV,0.0,0,8962.0,1063.0,0,1,0,0,0,0,1,0,0,0,0,1,1
126073,0035000002DzRiPAAV,0.0,0,24.0,2110.0,0,1,0,0,0,0,1,0,0,0,1,0,0
126085,0035000002DzSdpAAF,0.0,0,1081.0,1817.0,1,0,0,0,0,1,0,0,0,0,0,1,1
126091,0035000002DzT55AAF,0.0,30,0.0,7126.0,0,0,0,0,1,0,0,0,1,0,0,1,1
126094,0035000002DzTQXAA3,0.0,0,986.0,3376.0,1,0,0,0,0,0,1,0,0,0,0,1,1
126099,0035000002DzTilAAF,0.0,60,965.0,2193.0,0,0,0,1,0,0,0,0,0,1,1,0,0
126100,0035000002DzTl6AAF,0.0,0,214.0,1611.0,0,0,0,1,0,0,0,0,1,0,0,1,1
126110,0035000002DzVQrAAN,0.0,0,496.0,8443.0,1,0,0,0,0,0,0,0,0,1,0,1,1
126118,0035000002DzW6AAAV,0.0,0,3.0,2799.0,0,0,0,1,0,0,1,0,0,0,0,1,1
126119,0035000002DzWIQAA3,0.0,50,1667.0,4200.0,0,1,0,0,0,0,1,0,0,0,0,1,0
126123,0035000002DzWVZAA3,0.0,0,68.0,5242.0,1,0,0,0,0,0,1,0,0,0,1,0,0
126126,0035000002DzWXGAA3,0.0,0,355.0,4649.0,1,0,0,0,0,0,0,0,0,1,0,1,1
126129,0035000002DzX1BAAV,0.0,0,990.0,2195.0,1,0,0,0,0,0,0,0,1,0,0,1,1
126130,0035000002DzX2iAAF,0.0,70,1196.0,7357.0,0,1,0,0,0,0,1,0,0,0,0,1,1
126131,0035000002DzXKDAA3,0.0,10,1584.0,1460.0,1,0,0,0,0,0,0,0,1,0,0,1,1
126135,0035000002DzXzQAAV,0.0,0,780.0,1984.0,0,0,0,1,0,0,0,1,0,0,0,1,1
126138,0035000002DzY4kAAF,0.0,60,2584.0,1825.0,0,0,0,0,1,0,0,0,0,1,0,1,0
126139,0035000002DzY4pAAF,0.0,0,0.0,5262.0,0,0,0,1,0,0,1,0,0,0,0,1,1
126141,0035000002DzYBvAAN,0.0,0,147.0,1827.0,0,0,0,1,0,0,1,0,0,0,0,1,1
126142,0035000002DzYIIAA3,0.0,0,3518.0,1460.0,0,1,0,0,0,0,1,0,0,0,0,1,1
126144,0035000002DzYJhAAN,0.0,30,1913.0,2013.0,0,0,0,1,0,0,1,0,0,0,0,1,0
126146,0035000002DzYM7AAN,0.0,0,7740.0,2746.0,0,0,0,0,1,1,0,0,0,0,0,1,1
126148,0035000002DzYX0AAN,0.0,0,767.0,1460.0,1,0,0,0,0,0,0,0,1,0,0,1,1
126150,0035000002DzYYNAA3,0.0,60,490.0,3035.0,0,0,0,1,0,0,1,0,0,0,1,0,0
126152,0035000002DzYeBAAV,0.0,50,802.0,7633.0,0,1,0,0,0,0,1,0,0,0,0,1,1
126154,0035000002DzYkiAAF,0.0,0,1106.0,6369.0,0,0,0,1,0,0,1,0,0,0,1,0,0
126156,0035000002DzYrFAAV,0.0,10,1947.0,2672.0,0,1,0,0,0,0,0,0,1,0,0,1,0
126157,0035000002DzYrKAAV,0.0,0,3906.0,7923.0,0,0,0,1,0,0,1,0,0,0,0,1,1
126159,0035000002DzZ3kAAF,0.0,90,763.0,6047.0,0,1,0,0,0,0,1,0,0,0,0,1,1
126161,0035000002DzZ6AAAV,0.0,0,7.0,3366.0,0,0,0,1,0,0,1,0,0,0,0,1,0
126163,0035000002DzZCXAA3,0.0,10,224.0,5112.0,0,1,0,0,0,0,0,0,0,1,1,0,1
126168,0035000002DzaVBAAZ,0.0,0,0.0,2191.0,0,0,0,1,0,1,0,0,0,0,0,1,1
126172,0035000002DzbCKAAZ,0.0,30,3349.0,2635.0,0,1,0,0,0,0,0,0,0,1,1,0,1
126179,0035000002DzbjpAAB,0.0,0,0.0,3940.0,0,0,0,1,0,0,1,0,0,0,0,1,0
126186,0035000002Dzc6tAAB,0.0,0,4465.0,1918.0,0,1,0,0,0,0,0,0,1,0,0,1,0
126188,0035000002DzcCmAAJ,0.0,0,9.0,12924.0,0,0,0,1,0,0,1,0,0,0,0,1,1
126193,0035000002DzcwLAAR,0.0,30,507.0,1699.0,0,0,0,1,0,0,1,0,0,0,0,1,0
126195,0035000002DzdDgAAJ,0.0,50,874.0,3525.0,1,0,0,0,0,1,0,0,0,0,1,0,1
126198,0035000002DzdUSAAZ,0.0,0,1128.0,1629.0,0,0,0,1,0,0,0,0,1,0,0,1,1
126199,0035000002DzdbYAAR,0.0,0,133.0,9296.0,0,1,0,0,0,0,1,0,0,0,0,1,1
126202,0035000002DzdyDAAR,0.0,30,614.0,3653.0,0,0,0,1,0,0,1,0,0,0,0,1,0
126203,0035000002DzdzzAAB,0.0,100,476.0,9063.0,1,0,0,0,0,0,1,0,0,0,0,1,0
126204,0035000002Dze7eAAB,0.0,0,537.0,1460.0,0,0,0,1,0,0,0,0,1,0,0,1,0
126205,0035000002Dze7oAAB,0.0,0,2591.0,9054.0,0,1,0,0,0,0,1,0,0,0,0,1,1
126206,0035000002DzeHtAAJ,0.0,50,3518.0,7640.0,1,0,0,0,0,0,1,0,0,0,0,1,1
126213,0035000002Dzg6xAAB,0.0,0,0.0,9182.0,0,0,0,1,0,0,1,0,0,0,0,1,0
126214,0035000002Dzg9wAAB,0.0,0,6876.0,2946.0,1,0,0,0,0,0,0,0,1,0,1,0,0
126215,0035000002DzgHvAAJ,0.0,0,6104.0,4812.0,0,0,0,1,0,1,0,0,0,0,0,1,1
126216,0035000002DzgNPAAZ,0.0,30,996.0,4349.0,0,1,0,0,0,0,0,0,0,1,0,1,0
126226,0035000002DzhEnAAJ,0.0,0,13375.0,2191.0,0,1,0,0,0,0,0,0,1,0,0,1,0
126227,0035000002DzhKWAAZ,0.0,0,623.0,5482.0,0,0,0,1,0,0,1,0,0,0,0,1,1
126233,0035000002Dzhi9AAB,0.0,30,424.0,1371.0,0,0,0,1,0,0,0,0,1,0,1,0,1
126235,0035000002DzhkeAAB,0.0,10,1278.0,1948.0,0,1,0,0,0,0,1,0,0,0,0,1,1
126242,0035000002DziPcAAJ,0.0,0,1746.0,3181.0,0,1,0,0,0,0,1,0,0,0,0,1,0
126243,0035000002DziZSAAZ,0.0,0,2777.0,9284.0,0,1,0,0,0,1,0,0,0,0,0,1,1
126246,0035000002DzioRAAR,0.0,0,1503.0,2191.0,0,0,0,1,0,0,1,0,0,0,0,1,0
126252,0035000002DzjZUAAZ,0.0,0,508.0,2922.0,1,0,0,0,0,0,1,0,0,0,0,1,0
126260,0035000002DzmZNAAZ,0.0,0,671.0,1727.0,1,0,0,0,0,0,0,0,1,0,1,0,0
126261,0035000002DzmaGAAR,0.0,0,284.0,2921.0,1,0,0,0,0,0,0,0,0,1,0,1,0
126266,0035000002DzmyIAAR,0.0,0,63.0,2556.0,0,0,0,0,1,0,1,0,0,0,0,1,1
126271,0035000002DznfNAAR,0.0,0,264.0,1461.0,0,0,0,1,0,0,0,0,0,1,1,0,1
126281,0035000002DzpQmAAJ,0.0,0,261.0,7304.0,0,0,0,1,0,0,0,0,0,1,0,1,1
126286,0035000002Dzq2TAAR,0.0,0,135.0,3320.0,0,0,0,0,1,0,1,0,0,0,1,0,0
126290,0035000002DzqaCAAR,0.0,0,1007.0,1460.0,0,1,0,0,0,0,0,0,0,1,0,1,1
126296,0035000002DzqyJAAR,0.0,0,0.0,7321.0,0,1,0,0,0,0,1,0,0,0,0,1,0
126299,0035000002Dzr1wAAB,0.0,10,382.0,4201.0,0,0,0,0,1,0,0,0,0,1,0,1,0
126304,0035000002DzrHpAAJ,0.0,0,7180.0,3013.0,0,1,0,0,0,0,0,0,0,1,0,1,1
126312,0035000002DzrhEAAR,0.0,0,9541.0,2191.0,0,0,0,1,0,0,1,0,0,0,0,1,1
126314,0035000002DzrmsAAB,0.0,0,47.0,8402.0,1,0,0,0,0,1,0,0,0,0,0,1,1
126316,0035000002Dzs1YAAR,0.0,0,1266.0,7524.0,1,0,0,0,0,0,1,0,0,0,0,1,1
126317,0035000002Dzs5BAAR,0.0,0,1507.0,1462.0,0,0,0,1,0,0,1,0,0,0,0,1,1
126326,0035000002DzstaAAB,0.0,50,623.0,2191.0,0,0,0,1,0,0,1,0,0,0,0,1,1
126329,0035000002DztTYAAZ,0.0,20,5221.0,7820.0,0,1,0,0,0,0,0,0,1,0,0,1,0
126330,0035000002DztVyAAJ,0.0,90,1295.0,2976.0,0,0,0,1,0,0,0,0,1,0,0,1,1
126331,0035000002Dztj2AAB,0.0,0,9153.0,2561.0,0,0,0,0,1,0,1,0,0,0,1,0,1
126336,0035000002DzueCAAR,0.0,0,6319.0,3451.0,1,0,0,0,0,0,1,0,0,0,1,0,1
126342,0035000002Dzvd0AAB,0.0,0,1.0,7.0,0,0,0,1,0,0,1,0,0,0,0,1,0
126344,0035000002DzvfVAAR,0.0,0,1374.0,1370.0,1,0,0,0,0,0,0,0,1,0,0,1,1
126345,0035000002DzvjmAAB,0.0,20,9.0,2468.0,0,1,0,0,0,0,1,0,0,0,0,1,1
126349,0035000002DzvymAAB,0.0,0,409.0,1460.0,0,0,0,1,0,0,0,0,0,1,0,1,0
126350,0035000002Dzw91AAB,0.0,80,2937.0,1798.0,1,0,0,0,0,0,1,0,0,0,0,1,1
126352,0035000002DzwFOAAZ,0.0,90,1242.0,1011.0,0,1,0,0,0,1,0,0,0,0,1,0,1
126354,0035000002DzwPOAAZ,0.0,10,3610.0,8684.0,0,0,0,0,1,0,1,0,0,0,0,1,1
126356,0035000002Dzwb4AAB,0.0,0,1299.0,7326.0,0,0,0,0,1,0,0,0,0,1,0,1,0
126359,0035000002DzwgtAAB,0.0,0,13015.0,1294.0,0,1,0,0,0,0,0,0,0,1,1,0,1
126360,0035000002DzwjsAAB,0.0,80,294.0,8035.0,0,0,0,0,1,0,1,0,0,0,0,1,0
126361,0035000002DzwxQAAR,0.0,0,15.0,6476.0,0,0,0,0,1,0,1,0,0,0,0,1,1
126364,0035000002DzxMlAAJ,0.0,60,2757.0,7328.0,0,0,0,0,1,0,0,0,0,1,0,1,1
126369,0035000002Dzy7TAAR,0.0,0,1612.0,1461.0,1,0,0,0,0,0,0,0,1,0,0,1,1
126371,0035000002DzyGzAAJ,0.0,0,202.0,6854.0,1,0,0,0,0,1,0,0,0,0,0,1,0
126373,0035000002DzyRxAAJ,0.0,0,30.0,5123.0,0,0,0,1,0,0,0,0,0,1,0,1,1
126374,0035000002DzyX2AAJ,0.0,0,1709.0,1461.0,0,0,0,0,1,0,0,0,0,1,0,1,1
126379,0035000002DzysyAAB,0.0,0,62.0,3182.0,0,0,0,1,0,0,1,0,0,0,0,1,0
126381,0035000002DzzZ6AAJ,0.0,0,11335.0,1492.0,0,1,0,0,0,0,0,0,0,1,0,1,0
126382,0035000002DzzbgAAB,0.0,0,505.0,6954.0,0,0,0,1,0,0,0,0,0,1,0,1,1
126386,0035000002DzzrKAAR,0.0,10,1353.0,1462.0,0,0,0,1,0,0,0,0,1,0,0,1,0
126387,0035000002E001ZAAR,0.0,0,0.0,10999.0,0,0,0,1,0,0,1,0,0,0,0,1,0
126389,0035000002E00d1AAB,0.0,0,3.0,1460.0,0,0,0,1,0,0,0,0,1,0,0,1,1
126395,0035000002E02TKAAZ,0.0,0,0.0,11785.0,0,1,0,0,0,0,1,0,0,0,0,1,0
126402,0035000002E03tiAAB,0.0,0,3368.0,2192.0,0,0,0,1,0,1,0,0,0,0,0,1,0
126403,0035000002E03u2AAB,0.0,90,7.0,9860.0,0,1,0,0,0,0,1,0,0,0,0,1,0
126404,0035000002E03uqAAB,0.0,0,2426.0,1462.0,0,0,0,1,0,0,0,0,1,0,0,1,1
126407,0035000002E03xQAAR,0.0,30,2922.0,1096.0,0,0,0,1,0,0,1,0,0,0,1,0,0
126408,0035000002E03xpAAB,0.0,0,1510.0,1249.0,0,0,0,1,0,0,0,0,0,1,0,1,1
126411,0035000002E04Z5AAJ,0.0,0,3705.0,4297.0,0,0,0,0,1,1,0,0,0,0,0,1,0
126414,0035000002E05cAAAR,0.0,0,1798.0,1461.0,0,0,0,0,1,0,0,0,0,1,0,1,1
126415,0035000002E05lbAAB,0.0,80,7.0,3121.0,0,1,0,0,0,0,1,0,0,0,0,1,0
126422,0035000002E07byAAB,0.0,10,415.0,1270.0,1,0,0,0,0,0,1,0,0,0,0,1,1
126441,0035000002E09PLAAZ,0.0,0,2026.0,1462.0,1,0,0,0,0,0,0,0,1,0,0,1,0
126445,0035000002E09SoAAJ,0.0,0,5.0,2560.0,0,0,0,1,0,1,0,0,0,0,0,1,0
126449,0035000002E0A3PAAV,0.0,0,356.0,1714.0,0,0,0,1,0,0,0,0,1,0,0,1,0
126450,0035000002E0APLAA3,0.0,0,0.0,2879.0,0,0,0,1,0,0,1,0,0,0,0,1,1
126452,0035000002E0BSDAA3,0.0,80,513.0,3456.0,0,0,0,1,0,0,1,0,0,0,0,1,1
126455,0035000002E0BetAAF,0.0,0,6.0,830.0,0,0,0,1,0,0,1,0,0,0,1,0,0
126464,0035000002E0GjiAAF,0.0,0,1262.0,1320.0,0,0,0,1,0,0,0,0,0,1,0,1,1
126474,0035000002E0J6UAAV,0.0,70,3129.0,2238.0,0,0,0,1,0,0,0,0,0,1,0,1,1
126477,0035000002E0JmwAAF,0.0,0,665.0,4400.0,0,1,0,0,0,0,1,0,0,0,0,1,1
126478,0035000002E0JvZAAV,0.0,0,86.0,3828.0,0,0,0,0,1,0,1,0,0,0,0,1,1
126481,0035000002E0LtPAAV,0.0,10,1587.0,3047.0,0,1,0,0,0,0,0,0,0,1,0,1,1
126482,0035000002E0LvfAAF,0.0,0,2.0,1201.0,1,0,0,0,0,0,1,0,0,0,1,0,0
126485,0035000002E0Mv2AAF,0.0,0,49.0,1280.0,0,0,0,1,0,0,1,0,0,0,0,1,1
126486,0035000002E0N0lAAF,0.0,0,12.0,4212.0,0,0,0,1,0,0,1,0,0,0,0,1,1
126487,0035000002E0N23AAF,0.0,0,1298.0,3501.0,0,0,0,1,0,0,1,0,0,0,0,1,0
126489,0035000002E0PJcAAN,0.0,0,3040.0,3286.0,0,1,0,0,0,0,0,0,0,1,0,1,1
126491,0035000002E0QKtAAN,0.0,0,0.0,5597.0,0,0,0,1,0,0,1,0,0,0,0,1,1
126493,0035000002E0QTgAAN,0.0,0,939.0,8415.0,0,1,0,0,0,0,0,0,0,1,0,1,1
126494,0035000002E0QXdAAN,0.0,60,4924.0,7329.0,0,0,0,0,1,0,1,0,0,0,0,1,1
126495,0035000002E0Qq1AAF,0.0,0,519.0,1813.0,0,0,0,1,0,0,1,0,0,0,0,1,1
126499,0035000002E0Rp5AAF,0.0,10,2695.0,259.0,0,1,0,0,0,0,1,0,0,0,0,1,1
126503,0035000002E0U8FAAV,0.0,10,947.0,2804.0,0,0,0,1,0,0,0,0,0,1,0,1,1
126504,0035000002E0UVkAAN,0.0,0,475.0,1621.0,0,0,0,1,0,0,1,0,0,0,0,1,0
126507,0035000002E0VTuAAN,0.0,0,998.0,8211.0,0,1,0,0,0,1,0,0,0,0,0,1,0
126514,0035000002E0XkKAAV,0.0,30,1728.0,7825.0,0,0,0,1,0,0,1,0,0,0,0,1,0
126517,0035000002E0YBoAAN,0.0,0,1177.0,1826.0,0,0,0,1,0,0,0,0,1,0,0,1,1
126520,0035000002E0ZGVAA3,0.0,0,17.0,3934.0,1,0,0,0,0,0,1,0,0,0,0,1,1
126534,0035000002E0qxkAAB,0.0,0,2.0,7327.0,0,0,0,1,0,0,0,0,0,1,0,1,1
126536,0035000002E0qysAAB,0.0,0,293.0,5400.0,0,1,0,0,0,0,1,0,0,0,0,1,1
126542,0035000002E0tdVAAR,0.0,100,2610.0,3652.0,0,1,0,0,0,0,0,0,0,1,0,1,0
126543,0035000002E0tq5AAB,0.0,40,268.0,1460.0,0,1,0,0,0,0,0,0,1,0,0,1,1
126548,0035000002E0v12AAB,0.0,0,9876.0,2810.0,0,1,0,0,0,0,1,0,0,0,0,1,1
126557,0035000002E0ymfAAB,0.0,0,2937.0,387.0,0,0,0,1,0,0,1,0,0,0,0,1,0
126561,0035000002E0zwZAAR,0.0,0,21.0,2041.0,0,0,0,1,0,0,0,0,0,1,1,0,1
126563,0035000002E10GKAAZ,0.0,70,123.0,1396.0,0,0,0,1,0,0,0,0,1,0,1,0,1
126568,0035000002HXEy3AAH,0.0,30,5709.0,1430.0,0,1,0,0,0,0,0,0,1,0,0,1,1
126571,0035000002HXFJrAAP,0.0,0,0.0,7347.0,0,0,0,1,0,0,0,0,1,0,0,1,1
126576,0035000002HXIXlAAP,0.0,0,21.0,1143.0,0,0,0,1,0,0,1,0,0,0,0,1,1
126577,0035000002HXJ1PAAX,0.0,50,2405.0,8382.0,0,0,0,0,1,0,1,0,0,0,0,1,1
126581,0035000002HXKNJAA5,0.0,0,0.0,7314.0,1,0,0,0,0,0,0,0,0,1,0,1,0
126583,0035000002HXKNLAA5,0.0,0,0.0,4092.0,0,0,0,1,0,0,0,0,1,0,0,1,0
126584,0035000002HXKNMAA5,0.0,0,0.0,7810.0,0,0,0,0,1,1,0,0,0,0,0,1,1
126585,0035000002HXKNNAA5,0.0,0,0.0,5129.0,0,1,0,0,0,0,1,0,0,0,0,1,0
126586,0035000002HXKNOAA5,0.0,0,0.0,11140.0,0,1,0,0,0,0,1,0,0,0,0,1,0
126587,0035000002HXKNPAA5,0.0,0,0.0,2994.0,0,0,0,1,0,0,0,0,1,0,1,0,1
126588,0035000002HXKNQAA5,0.0,0,0.0,7308.0,0,0,0,1,0,0,1,0,0,0,0,1,1
126589,0035000002HXKNRAA5,0.0,0,0.0,2923.0,0,0,0,1,0,0,0,0,0,1,1,0,0
126590,0035000002HXKNSAA5,0.0,0,238.0,2922.0,0,0,0,1,0,0,0,0,0,1,1,0,1
126594,0035000002HXKNWAA5,0.0,0,260.0,7316.0,0,0,0,1,0,0,0,0,0,1,1,0,1
126595,0035000002HXKNYAA5,0.0,0,0.0,7335.0,0,1,0,0,0,0,1,0,0,0,1,0,0
126602,0035000002HXMSBAA5,0.0,0,0.0,2191.0,0,0,0,1,0,0,1,0,0,0,1,0,0
126604,0035000002HXMSEAA5,0.0,0,0.0,6809.0,1,0,0,0,0,1,0,0,0,0,0,1,0
126605,0035000002HXMSFAA5,0.0,0,0.0,9313.0,0,0,0,1,0,0,1,0,0,0,1,0,1
126610,0035000002HXMSKAA5,0.0,0,0.0,7068.0,0,0,0,1,0,0,1,0,0,0,0,1,1
126611,0035000002HXMuKAAX,0.0,0,351.0,2854.0,0,0,0,1,0,0,0,0,1,0,0,1,1
126612,0035000002HXNaLAAX,0.0,0,439.0,11888.0,0,0,0,0,1,0,1,0,0,0,0,1,0
126615,0035000002HXOIIAA5,0.0,0,84.0,7714.0,1,0,0,0,0,0,1,0,0,0,0,1,1
126618,0035000002HXPccAAH,0.0,0,0.0,1241.0,0,1,0,0,0,0,1,0,0,0,0,1,1
126619,0035000002HXPd1AAH,0.0,0,0.0,7080.0,0,0,0,1,0,0,1,0,0,0,0,1,0
126620,0035000002HXPeYAAX,0.0,0,0.0,2370.0,0,0,0,1,0,0,1,0,0,0,1,0,1
126624,0035000002HXRgdAAH,0.0,0,6487.0,2191.0,0,0,0,0,1,0,0,0,1,0,0,1,0
126639,0035000002HXbUBAA1,0.0,0,1102.0,1874.0,0,0,0,1,0,0,1,0,0,0,1,0,1
126641,0035000002HXbmOAAT,0.0,0,0.0,7002.0,1,0,0,0,0,0,0,0,1,0,0,1,0
126642,0035000002HXbmPAAT,0.0,0,0.0,3998.0,0,0,0,1,0,0,0,0,1,0,0,1,1
126643,0035000002HXbmQAAT,0.0,0,0.0,6028.0,0,0,0,1,0,0,0,0,1,0,0,1,1
126652,0035000002HXcZIAA1,0.0,0,0.0,8373.0,1,0,0,0,0,0,1,0,0,0,0,1,1
126655,0035000002HXdf3AAD,0.0,0,0.0,3471.0,0,0,0,1,0,0,1,0,0,0,0,1,0
126656,0035000002HXdfAAAT,0.0,0,0.0,3094.0,0,0,0,1,0,0,1,0,0,0,0,1,0
126657,0035000002HXdfDAAT,0.0,0,0.0,3754.0,0,0,0,1,0,0,1,0,0,0,0,1,0
126658,0035000002HXdfFAAT,0.0,0,0.0,2191.0,0,0,0,1,0,0,1,0,0,0,0,1,0
126660,0035000002HXdfHAAT,0.0,0,0.0,6024.0,0,0,0,1,0,0,1,0,0,0,0,1,1
126662,0035000002HXeHSAA1,0.0,0,0.0,4087.0,0,1,0,0,0,0,1,0,0,0,1,0,1
126668,0035000002HXgWWAA1,0.0,50,1072.0,2509.0,0,1,0,0,0,0,0,0,0,1,0,1,1
126672,0035000002HXhu0AAD,0.0,0,0.0,2848.0,0,0,0,1,0,0,1,0,0,0,0,1,0
126682,0035000002HXnQQAA1,0.0,0,0.0,8260.0,0,0,0,1,0,0,1,0,0,0,0,1,0
126683,0035000002HXo0EAAT,0.0,70,631.0,2926.0,0,0,0,1,0,0,0,0,1,0,0,1,0
126687,0035000002HXpLcAAL,0.0,0,1264.0,3937.0,1,0,0,0,0,0,0,0,0,1,0,1,1
126705,0035000002HXucRAAT,0.0,0,0.0,4682.0,1,0,0,0,0,0,1,0,0,0,0,1,0
126707,0035000002HXuthAAD,0.0,0,816.0,1594.0,0,0,0,1,0,0,1,0,0,0,0,1,0
126711,0035000002HXvOLAA1,0.0,0,0.0,3893.0,0,0,0,1,0,0,1,0,0,0,0,1,0
126729,0035000002HY0umAAD,0.0,0,101.0,7843.0,0,0,0,1,0,0,1,0,0,0,0,1,1
126733,0035000002HY2NZAA1,0.0,50,711.0,2496.0,1,0,0,0,0,0,1,0,0,0,0,1,0
126735,0035000002HY3UXAA1,0.0,0,0.0,8419.0,0,1,0,0,0,0,1,0,0,0,0,1,0
126737,0035000002HY3srAAD,0.0,0,1867.0,2140.0,0,0,0,1,0,0,1,0,0,0,0,1,1
126742,0035000002HY8KNAA1,0.0,50,2604.0,1825.0,0,1,0,0,0,0,0,0,1,0,0,1,1
126747,0035000002HYCD0AAP,0.0,0,326.0,604.0,0,0,0,1,0,0,1,0,0,0,1,0,0
126748,0035000002HYCVmAAP,0.0,0,1112.0,2021.0,0,0,0,1,0,0,1,0,0,0,0,1,0
126749,0035000002HYCY7AAP,0.0,0,2281.0,2192.0,0,1,0,0,0,1,0,0,0,0,0,1,1
126753,0035000002HYEgnAAH,0.0,0,245.0,4186.0,0,0,0,0,1,0,1,0,0,0,0,1,1
126758,0035000002HYFw4AAH,0.0,0,1706.0,8112.0,0,1,0,0,0,0,1,0,0,0,1,0,0
126759,0035000002HYGV9AAP,0.0,0,79.0,788.0,0,0,0,1,0,0,1,0,0,0,1,0,1
126763,0035000002HYI4EAAX,0.0,0,156.0,1137.0,0,0,0,1,0,0,0,0,1,0,0,1,0
126767,0035000002HYISJAA5,0.0,0,2051.0,2008.0,0,1,0,0,0,0,0,0,0,1,0,1,0
126768,0035000002HYIUgAAP,0.0,50,64.0,3668.0,0,0,0,1,0,0,0,0,0,1,0,1,1
126770,0035000002HYIdDAAX,0.0,0,29.0,8419.0,0,0,0,0,1,1,0,0,0,0,0,1,1
126772,0035000002HYIjwAAH,0.0,0,543.0,2774.0,0,0,0,1,0,0,1,0,0,0,0,1,1
126774,0035000002HYIkuAAH,0.0,0,0.0,3107.0,0,1,0,0,0,0,0,0,0,1,0,1,0
126781,0035000002HYJFwAAP,0.0,70,1349.0,7332.0,0,1,0,0,0,0,1,0,0,0,0,1,1
126782,0035000002HYJMEAA5,0.0,40,119.0,5228.0,0,0,0,1,0,0,1,0,0,0,0,1,0
126785,0035000002HYJYjAAP,0.0,80,266.0,1147.0,1,0,0,0,0,0,1,0,0,0,1,0,1
126787,0035000002HYKHfAAP,0.0,0,233.0,2462.0,0,0,0,1,0,0,0,0,1,0,0,1,1
126789,0035000002HYKyYAAX,0.0,0,0.0,11182.0,0,0,0,1,0,0,1,0,0,0,0,1,0
126791,0035000002HYMH7AAP,0.0,0,2892.0,1276.0,0,1,0,0,0,0,1,0,0,0,0,1,0
126792,0035000002HYN7rAAH,0.0,0,3311.0,2750.0,0,1,0,0,0,0,1,0,0,0,0,1,1
126800,0035000002HYOs6AAH,0.0,70,713.0,2761.0,0,0,0,1,0,0,1,0,0,0,0,1,1
126801,0035000002HYPQcAAP,0.0,10,1381.0,2369.0,0,0,0,1,0,0,1,0,0,0,0,1,0
126805,0035000002HYQg7AAH,0.0,0,2048.0,1460.0,0,1,0,0,0,0,0,0,1,0,0,1,1
126811,0035000002HYUXZAA5,0.0,0,0.0,2048.0,0,0,0,1,0,0,1,0,0,0,1,0,1
126812,0035000002HYUZvAAP,0.0,0,3196.0,1461.0,0,0,0,0,1,0,0,0,1,0,0,1,1
126815,0035000002HYXYEAA5,0.0,0,3229.0,2796.0,1,0,0,0,0,0,1,0,0,0,0,1,1
126820,0035000002HYYTzAAP,0.0,0,2442.0,8186.0,0,0,0,1,0,0,1,0,0,0,0,1,1
126821,0035000002HYYmMAAX,0.0,0,0.0,9511.0,0,1,0,0,0,0,0,0,0,1,0,1,0
126822,0035000002HYYvaAAH,0.0,0,550.0,1319.0,1,0,0,0,0,0,1,0,0,0,0,1,1
126824,0035000002HYZDsAAP,0.0,20,4732.0,4935.0,0,0,0,1,0,1,0,0,0,0,0,1,0
126829,0035000002HYZsnAAH,0.0,0,0.0,2935.0,0,0,0,1,0,0,0,0,1,0,0,1,0
126837,0035000002HYaq3AAD,0.0,0,0.0,988.0,0,0,0,1,0,0,1,0,0,0,0,1,1
126838,0035000002HYaq4AAD,0.0,0,0.0,7351.0,0,1,0,0,0,0,1,0,0,0,0,1,0
126839,0035000002HYaq5AAD,0.0,0,0.0,1714.0,0,0,0,0,1,0,1,0,0,0,1,0,1
126840,0035000002HYaq6AAD,0.0,0,0.0,4492.0,0,0,0,1,0,0,1,0,0,0,0,1,0
126841,0035000002HYaq7AAD,0.0,0,0.0,3254.0,0,0,0,1,0,0,1,0,0,0,0,1,0
126843,0035000002HYaq9AAD,0.0,0,0.0,5351.0,0,0,0,1,0,0,1,0,0,0,1,0,0
126844,0035000002HYaqBAAT,0.0,0,0.0,8820.0,0,0,0,1,0,0,1,0,0,0,0,1,1
126847,0035000002HYazkAAD,0.0,0,0.0,7306.0,0,0,0,0,1,0,1,0,0,0,1,0,1
126855,0035000002HYazsAAD,0.0,0,0.0,2192.0,0,0,0,1,0,0,1,0,0,0,1,0,0
126860,0035000002HYelIAAT,0.0,0,1473.0,8210.0,0,1,0,0,0,1,0,0,0,0,0,1,0
126866,0035000002HYggUAAT,0.0,0,0.0,7593.0,0,0,0,0,1,0,0,0,0,1,0,1,1
126875,0035000002HYh2tAAD,0.0,0,59.0,1290.0,0,0,0,1,0,0,0,0,1,0,0,1,0
126879,0035000002HYiDYAA1,0.0,0,189.0,6117.0,1,0,0,0,0,0,1,0,0,0,0,1,1
126887,0035000002HYklPAAT,0.0,0,0.0,3652.0,0,0,0,1,0,0,1,0,0,0,0,1,0
126895,0035000002HYosLAAT,0.0,80,1544.0,1082.0,0,0,0,1,0,0,1,0,0,0,0,1,1
126898,0035000002HYpZbAAL,0.0,0,0.0,8427.0,0,1,0,0,0,0,1,0,0,0,0,1,1
126899,0035000002HYqFJAA1,0.0,100,1724.0,1095.0,0,0,0,1,0,0,1,0,0,0,0,1,1
126904,0035000002HYstkAAD,0.0,30,157.0,3011.0,0,1,0,0,0,1,0,0,0,0,0,1,1
126905,0035000002HYswFAAT,0.0,30,8051.0,2364.0,0,0,0,1,0,0,1,0,0,0,0,1,1
126912,0035000002HYwxKAAT,0.0,0,1338.0,2558.0,1,0,0,0,0,0,1,0,0,0,0,1,0
126916,0035000002HYyiqAAD,0.0,0,8.0,2821.0,0,0,0,1,0,0,1,0,0,0,1,0,1
126917,0035000002HZ0CvAAL,0.0,0,4.0,2921.0,0,0,0,1,0,0,0,0,0,1,0,1,0
126922,0035000002HZ2Z1AAL,0.0,20,1562.0,7323.0,1,0,0,0,0,0,0,0,0,1,0,1,1
126928,0035000002HZ6sUAAT,0.0,100,5148.0,2192.0,0,0,0,0,1,0,0,0,0,1,0,1,0
126931,0035000002HZ7WFAA1,0.0,60,1507.0,1826.0,0,1,0,0,0,0,0,0,1,0,0,1,0
126932,0035000002HZ88eAAD,0.0,0,2184.0,8766.0,0,0,0,1,0,1,0,0,0,0,1,0,1
126935,0035000002HZ9RRAA1,0.0,100,0.0,9909.0,1,0,0,0,0,0,1,0,0,0,0,1,0
126939,0035000002HZ9gWAAT,0.0,0,0.0,3654.0,0,1,0,0,0,0,0,0,0,1,0,1,1
126943,0035000002HZAjCAAX,0.0,90,255.0,3671.0,0,0,0,1,0,0,1,0,0,0,0,1,1
126944,0035000002HZApPAAX,0.0,0,0.0,4018.0,1,0,0,0,0,1,0,0,0,0,0,1,0
126945,0035000002HZBA8AAP,0.0,0,0.0,1886.0,0,0,0,1,0,0,1,0,0,0,1,0,1
126952,0035000002HZE86AAH,0.0,0,2225.0,1462.0,0,0,0,1,0,0,1,0,0,0,0,1,1
126954,0035000002HZEJEAA5,0.0,0,0.0,5558.0,0,0,0,1,0,0,0,0,1,0,0,1,1
126955,0035000002HZEocAAH,0.0,0,10247.0,1903.0,0,0,0,1,0,0,1,0,0,0,0,1,1
126957,0035000002HZEzGAAX,0.0,0,231.0,1491.0,1,0,0,0,0,0,0,0,1,0,0,1,1
126958,0035000002HZFOfAAP,0.0,20,249.0,4420.0,0,0,0,1,0,0,0,0,1,0,0,1,0
126960,0035000002HZFl5AAH,0.0,0,1449.0,2342.0,1,0,0,0,0,0,1,0,0,0,0,1,1
126963,0035000002HZHAwAAP,0.0,0,8.0,9379.0,1,0,0,0,0,0,0,0,0,1,0,1,1
126965,0035000002HZJ9ZAAX,0.0,70,223.0,12082.0,0,0,0,0,1,0,0,1,0,0,0,1,0
126967,0035000002HZJjyAAH,0.0,0,7170.0,1460.0,0,0,0,0,1,1,0,0,0,0,0,1,1
126968,0035000002HZJkcAAH,0.0,0,275.0,1826.0,0,0,0,1,0,0,0,0,1,0,0,1,0
126973,0035000002HZre7AAD,0.0,0,0.0,2908.0,0,0,0,1,0,0,0,0,1,0,0,1,1
126974,0035000002HZs89AAD,0.0,0,1029.0,1736.0,1,0,0,0,0,0,0,0,1,0,0,1,1
126977,0035000002HZtNVAA1,0.0,80,646.0,3834.0,0,1,0,0,0,1,0,0,0,0,0,1,1
126978,0035000002HZtPqAAL,0.0,20,3269.0,3623.0,0,0,0,1,0,0,1,0,0,0,0,1,0
126981,0035000002HZtolAAD,0.0,60,2834.0,1460.0,0,1,0,0,0,0,0,0,1,0,0,1,1
126983,0035000002HZtrRAAT,0.0,0,37.0,9083.0,0,0,0,1,0,0,1,0,0,0,0,1,1
126985,0035000002HZu0NAAT,0.0,0,940.0,2192.0,1,0,0,0,0,0,1,0,0,0,0,1,1
126987,0035000002HZu4cAAD,0.0,80,979.0,3083.0,0,0,0,1,0,0,0,0,1,0,0,1,1
126993,0035000002HZuPIAA1,0.0,0,40.0,3035.0,1,0,0,0,0,1,0,0,0,0,0,1,1
126994,0035000002HZuRzAAL,0.0,10,1432.0,1472.0,0,0,0,1,0,0,1,0,0,0,0,1,1
127002,0035000002HZyGpAAL,0.0,0,42.0,1162.0,0,0,0,1,0,0,1,0,0,0,0,1,0
127008,0035000002Ha0uoAAB,0.0,20,8761.0,895.0,0,1,0,0,0,1,0,0,0,0,0,1,1
127010,0035000002Ha1ugAAB,0.0,50,805.0,3125.0,0,0,0,0,1,0,1,0,0,0,0,1,1
127012,0035000002Ha2h9AAB,0.0,0,37.0,7319.0,0,1,0,0,0,0,1,0,0,0,0,1,1
127016,0035000002Ha36FAAR,0.0,50,2931.0,10089.0,0,1,0,0,0,0,0,0,1,0,0,1,1
127019,0035000002Ha3wpAAB,0.0,80,959.0,3716.0,0,1,0,0,0,0,1,0,0,0,1,0,1
127022,0035000002Ha5hNAAR,0.0,0,53.0,1461.0,0,0,0,1,0,0,0,0,0,1,0,1,0
127023,0035000002Ha5xCAAR,0.0,80,1319.0,8740.0,0,1,0,0,0,1,0,0,0,0,0,1,1
127024,0035000002Ha6APAAZ,0.0,100,787.0,3700.0,0,0,0,1,0,0,1,0,0,0,0,1,0
127043,0035000002HaJ1aAAF,0.0,50,96.0,3651.0,1,0,0,0,0,0,0,0,1,0,0,1,1
127044,0035000002HaJ9HAAV,0.0,0,4590.0,1693.0,0,0,1,0,0,1,0,0,0,0,1,0,1
127054,0035000002HaLVAAA3,0.0,20,502.0,982.0,0,0,0,1,0,0,1,0,0,0,0,1,1
127055,0035000002HaLXzAAN,0.0,0,7895.0,2922.0,0,0,0,1,0,0,0,0,1,0,0,1,0
127056,0035000002HaMJqAAN,0.0,0,1171.0,3704.0,0,0,0,1,0,0,0,0,1,0,0,1,0
127058,0035000002HaNABAA3,0.0,10,2937.0,2394.0,0,0,0,1,0,0,1,0,0,0,1,0,0
127061,0035000002HaNGxAAN,0.0,10,255.0,1925.0,0,0,0,1,0,1,0,0,0,0,0,1,1
127063,0035000002HaNQdAAN,0.0,10,728.0,1268.0,0,0,0,1,0,0,1,0,0,0,0,1,1
127065,0035000002HaNi5AAF,0.0,0,10204.0,4288.0,0,0,0,1,0,1,0,0,0,0,0,1,1
127066,0035000002HaNmbAAF,0.0,20,1342.0,5002.0,0,0,0,0,1,0,1,0,0,0,1,0,1
127075,0035000002HaQb5AAF,0.0,0,228.0,2565.0,1,0,0,0,0,0,1,0,0,0,0,1,1
127076,0035000002HaQkMAAV,0.0,0,1347.0,3805.0,0,0,0,1,0,0,0,0,0,1,1,0,0
127077,0035000002HaQsvAAF,0.0,30,768.0,5721.0,0,1,0,0,0,0,1,0,0,0,0,1,0
127080,0035000002HaRRQAA3,0.0,0,10982.0,1659.0,0,0,0,1,0,1,0,0,0,0,0,1,0
127081,0035000002HaRS4AAN,0.0,60,3298.0,7685.0,1,0,0,0,0,0,1,0,0,0,0,1,1
127082,0035000002HaS3YAAV,0.0,70,258.0,2104.0,0,0,0,1,0,0,1,0,0,0,0,1,0
127086,0035000002HaTPBAA3,0.0,0,219.0,3872.0,1,0,0,0,0,0,0,0,1,0,0,1,0
127087,0035000002HaTPVAA3,0.0,0,1085.0,815.0,0,0,0,1,0,0,1,0,0,0,0,1,1
127091,0035000002HaUoWAAV,0.0,0,1556.0,1826.0,0,0,0,1,0,0,0,0,0,1,0,1,0
127092,0035000002HaUx8AAF,0.0,0,98.0,3945.0,0,0,0,1,0,0,1,0,0,0,0,1,1
127095,0035000002HaW1lAAF,0.0,0,5552.0,3382.0,0,1,0,0,0,0,1,0,0,0,0,1,0
127099,0035000002HaXPHAA3,0.0,0,1262.0,1460.0,0,0,0,1,0,0,1,0,0,0,0,1,1
127102,0035000002HaY7iAAF,0.0,0,2341.0,1460.0,0,1,0,0,0,0,0,0,1,0,0,1,1
127111,0035000002Haa2tAAB,0.0,0,0.0,7305.0,0,1,0,0,0,1,0,0,0,0,0,1,1
127113,0035000002Hab4NAAR,0.0,0,41.0,4319.0,0,0,0,1,0,0,1,0,0,0,0,1,0
127116,0035000002HabfjAAB,0.0,0,8314.0,1460.0,0,0,0,1,0,0,0,0,0,1,1,0,1
127119,0035000002HadmyAAB,0.0,0,259.0,10998.0,0,1,0,0,0,0,0,0,0,1,0,1,1
127122,0035000002HaenQAAR,0.0,0,527.0,2631.0,1,0,0,0,0,1,0,0,0,0,0,1,1
127123,0035000002HafMkAAJ,0.0,0,27.0,10861.0,0,0,0,1,0,0,0,0,1,0,0,1,1
127134,0035000002HalKkAAJ,0.0,0,46.0,8522.0,1,0,0,0,0,1,0,0,0,0,0,1,1
127136,0035000002HamnFAAR,0.0,0,10486.0,1430.0,0,0,0,1,0,0,0,0,1,0,0,1,1
127138,0035000002HanRKAAZ,0.0,80,790.0,2983.0,1,0,0,0,0,0,1,0,0,0,1,0,1
127141,0035000002Haq39AAB,0.0,100,928.0,3260.0,0,1,0,0,0,0,0,0,0,1,1,0,0
127144,0035000002HaqdnAAB,0.0,70,563.0,1643.0,0,0,0,1,0,0,0,0,1,0,0,1,0
127145,0035000002HariuAAB,0.0,80,413.0,3582.0,0,0,0,1,0,0,1,0,0,0,1,0,1
127146,0035000002HasvMAAR,0.0,0,380.0,1461.0,0,0,0,1,0,0,0,0,0,1,1,0,1
127150,0035000002HatQ1AAJ,0.0,10,600.0,774.0,0,1,0,0,0,0,1,0,0,0,0,1,1
127153,0035000002HaudrAAB,0.0,0,699.0,1104.0,0,0,0,1,0,1,0,0,0,0,0,1,0
127154,0035000002Hav7eAAB,0.0,80,763.0,1617.0,0,0,0,1,0,0,1,0,0,0,0,1,1
127159,0035000002HawlbAAB,0.0,80,9483.0,3622.0,0,0,0,0,1,0,0,0,0,1,0,1,1
127167,0035000002Hay8eAAB,0.0,0,438.0,8741.0,0,1,0,0,0,0,1,0,0,0,0,1,1
127168,0035000002HayAHAAZ,0.0,0,5615.0,2545.0,0,0,0,1,0,0,0,0,0,1,0,1,0
127172,0035000002Haz0lAAB,0.0,0,0.0,2915.0,0,1,0,0,0,1,0,0,0,0,0,1,1
127173,0035000002HazCjAAJ,0.0,80,424.0,1339.0,0,0,0,1,0,0,1,0,0,0,0,1,0
127174,0035000002HazcIAAR,0.0,100,2119.0,7477.0,1,0,0,0,0,1,0,0,0,0,0,1,1
127179,0035000002Hb0jrAAB,0.0,0,79.0,3911.0,0,0,0,1,0,0,1,0,0,0,0,1,1
127180,0035000002Hb12iAAB,0.0,0,367.0,1493.0,0,0,0,1,0,1,0,0,0,0,0,1,1
127191,0035000002Hb4IxAAJ,0.0,0,23.0,6970.0,0,0,0,0,1,0,0,0,0,1,0,1,0
127197,0035000002Hb6j1AAB,0.0,0,1917.0,3879.0,0,0,0,0,1,0,0,0,0,1,1,0,1
127199,0035000002Hb98uAAB,0.0,0,1457.0,1368.0,1,0,0,0,0,0,1,0,0,0,1,0,1
127201,0035000002Hb9b8AAB,0.0,100,915.0,1623.0,0,0,0,1,0,0,1,0,0,0,0,1,1
127208,0035000002HbBnNAAV,0.0,0,2619.0,2190.0,1,0,0,0,0,1,0,0,0,0,0,1,1
127209,0035000002HbBqIAAV,0.0,0,1.0,9767.0,0,0,0,0,1,1,0,0,0,0,0,1,1
127210,0035000002HbBudAAF,0.0,0,3211.0,1825.0,0,1,0,0,0,0,1,0,0,0,1,0,1
127211,0035000002HbBy1AAF,0.0,0,4048.0,1097.0,0,0,0,0,1,0,1,0,0,0,0,1,0
127212,0035000002HbD83AAF,0.0,0,1040.0,1977.0,0,0,0,0,1,0,0,0,0,1,0,1,1
127219,0035000002HbEYmAAN,0.0,0,2336.0,2843.0,0,0,0,1,0,0,1,0,0,0,0,1,1
127220,0035000002HbEZuAAN,0.0,80,286.0,2110.0,0,1,0,0,0,0,1,0,0,0,0,1,1
127221,0035000002HbEaiAAF,0.0,0,774.0,2852.0,0,1,0,0,0,1,0,0,0,0,0,1,0
127224,0035000002HbF01AAF,0.0,0,3039.0,1461.0,1,0,0,0,0,0,1,0,0,0,0,1,0
127226,0035000002HbG1XAAV,0.0,70,1963.0,7319.0,0,0,0,0,1,0,0,0,0,1,1,0,0
127236,0035000002HbHYuAAN,0.0,0,776.0,8275.0,0,1,0,0,0,0,0,0,0,1,0,1,1
127237,0035000002HbIebAAF,0.0,20,2017.0,7282.0,0,0,0,1,0,0,0,0,0,1,0,1,0
127241,0035000002HbLaXAAV,0.0,0,7473.0,8670.0,0,0,0,1,0,0,0,0,0,1,0,1,1
127244,0035000002HbM3oAAF,0.0,0,0.0,2600.0,0,0,0,1,0,0,1,0,0,0,0,1,1
127252,0035000002J9tLhAAJ,0.0,0,489.0,1988.0,0,0,0,1,0,0,1,0,0,0,0,1,0
127256,0035000002J9uO8AAJ,0.0,0,107.0,7319.0,0,0,0,1,0,0,0,0,0,1,0,1,1
127259,0035000002J9vocAAB,0.0,0,1536.0,6926.0,0,0,0,0,1,1,0,0,0,0,0,1,1
127260,0035000002J9vpaAAB,0.0,0,2422.0,2621.0,0,1,0,0,0,0,1,0,0,0,0,1,0
127262,0035000002J9xwqAAB,0.0,100,1319.0,2114.0,0,0,0,1,0,0,1,0,0,0,0,1,0
127264,0035000002J9zVwAAJ,0.0,0,441.0,2922.0,0,1,0,0,0,1,0,0,0,0,0,1,1
127265,0035000002J9zl1AAB,0.0,30,2833.0,1460.0,0,1,0,0,0,0,1,0,0,0,1,0,1
127266,0035000002JA0hFAAT,0.0,40,1231.0,3057.0,0,0,0,1,0,0,1,0,0,0,0,1,1
127273,0035000002JA4CIAA1,0.0,0,1084.0,2453.0,0,0,0,0,1,1,0,0,0,0,0,1,1
127283,0035000002JA7jfAAD,0.0,50,2855.0,3530.0,0,0,0,0,1,1,0,0,0,0,1,0,1
127285,0035000002JA7vgAAD,0.0,0,9674.0,2192.0,0,0,0,1,0,0,0,0,1,0,0,1,0
127287,0035000002JA8GPAA1,0.0,70,2259.0,2191.0,0,0,0,0,1,0,0,0,0,1,0,1,1
127288,0035000002JA8QFAA1,0.0,0,1356.0,1832.0,0,0,0,1,0,0,0,0,1,0,0,1,0
127291,0035000002JA9ZjAAL,0.0,0,657.0,1207.0,0,0,0,1,0,0,1,0,0,0,0,1,0
127294,0035000002JAAMbAAP,0.0,0,904.0,9757.0,0,1,0,0,0,0,1,0,0,0,0,1,1
127297,0035000002JAAqsAAH,0.0,40,177.0,2190.0,1,0,0,0,0,1,0,0,0,0,0,1,1
127299,0035000002JAB86AAH,0.0,0,14940.0,1262.0,0,1,0,0,0,1,0,0,0,0,0,1,0
127303,0035000002JAFXdAAP,0.0,60,132.0,3332.0,0,0,0,1,0,0,1,0,0,0,0,1,1
127304,0035000002JAGQ4AAP,0.0,0,36.0,3588.0,0,1,0,0,0,0,1,0,0,0,1,0,1
127307,0035000002JAHH9AAP,0.0,40,623.0,2946.0,0,1,0,0,0,0,0,0,0,1,1,0,1
127312,0035000002JAJ0ZAAX,0.0,0,53.0,7740.0,1,0,0,0,0,1,0,0,0,0,0,1,1
127315,0035000002JAKmoAAH,0.0,0,654.0,1460.0,0,0,0,1,0,0,0,0,1,0,0,1,0
127318,0035000002JALtPAAX,0.0,0,0.0,3907.0,0,0,0,1,0,0,0,0,1,0,0,1,1
127321,0035000002JAOQkAAP,0.0,0,0.0,8010.0,0,0,0,0,1,0,0,0,0,1,0,1,1
127324,0035000002JAPZ8AAP,0.0,0,536.0,1460.0,1,0,0,0,0,0,0,0,0,1,1,0,1
127328,0035000002JAQtdAAH,0.0,0,920.0,1681.0,1,0,0,0,0,0,1,0,0,0,0,1,1
127330,0035000002JAR6XAAX,0.0,60,1480.0,2191.0,0,0,0,1,0,0,0,0,0,1,0,1,0
127331,0035000002JAROJAA5,0.0,0,775.0,4397.0,0,0,0,1,0,0,0,0,0,1,0,1,1
127338,0035000002JASp3AAH,0.0,0,77.0,1406.0,0,0,0,1,0,0,1,0,0,0,0,1,1
127339,0035000002JAT22AAH,0.0,0,4169.0,2538.0,0,1,0,0,0,0,0,0,1,0,0,1,1
127340,0035000002JATMHAA5,0.0,0,7622.0,730.0,0,0,0,1,0,0,0,0,0,1,0,1,1
127344,0035000002JAUiqAAH,0.0,80,1057.0,6920.0,0,1,0,0,0,0,1,0,0,0,0,1,1
127345,0035000002JAVCqAAP,0.0,60,3319.0,2191.0,0,0,0,1,0,0,1,0,0,0,0,1,0
127352,0035000002JAWfeAAH,0.0,0,14.0,3409.0,0,0,0,1,0,0,1,0,0,0,1,0,0
127355,0035000002JAZQYAA5,0.0,0,2181.0,2592.0,0,0,0,0,1,0,1,0,0,0,0,1,0
127357,0035000002JAapWAAT,0.0,0,10451.0,1064.0,0,0,0,1,0,0,0,0,0,1,0,1,0
127363,0035000002JAdEXAA1,0.0,50,3917.0,3681.0,0,1,0,0,0,0,1,0,0,0,0,1,1
127365,0035000002JAdoQAAT,0.0,0,142.0,1461.0,0,0,0,1,0,0,0,0,1,0,0,1,1
127369,0035000002JAev2AAD,0.0,0,281.0,762.0,0,0,0,0,1,0,1,0,0,0,0,1,1
127370,0035000002JAez1AAD,0.0,30,356.0,7670.0,1,0,0,0,0,0,0,0,0,1,0,1,0
127379,0035000002JAgv5AAD,0.0,10,3016.0,6701.0,0,1,0,0,0,0,1,0,0,0,0,1,1
127380,0035000002JAhEfAAL,0.0,90,572.0,7494.0,0,1,0,0,0,1,0,0,0,0,0,1,1
127390,0035000002JAl6XAAT,0.0,100,37.0,6557.0,0,0,0,1,0,0,0,0,1,0,0,1,0
127402,0035000002JArUMAA1,0.0,0,835.0,1461.0,0,0,0,1,0,0,0,0,1,0,0,1,0
127415,0035000002JAueWAAT,0.0,0,0.0,2930.0,0,0,0,1,0,0,0,0,1,0,0,1,0
127418,0035000002JAx8zAAD,0.0,0,0.0,4504.0,1,0,0,0,0,0,1,0,0,0,0,1,1
127420,0035000002JAx91AAD,0.0,0,0.0,14182.0,0,1,0,0,0,0,1,0,0,0,1,0,0
127421,0035000002JAx92AAD,0.0,0,0.0,6605.0,0,1,0,0,0,0,1,0,0,0,0,1,0
127423,0035000002JAx94AAD,0.0,0,0.0,14083.0,0,0,0,1,0,0,1,0,0,0,0,1,0
127424,0035000002JAx95AAD,0.0,0,0.0,1285.0,0,0,0,1,0,0,1,0,0,0,0,1,0
127426,0035000002JAx97AAD,0.0,0,0.0,4840.0,0,1,0,0,0,0,1,0,0,0,1,0,1
127427,0035000002JAx98AAD,0.0,0,0.0,3599.0,0,0,0,1,0,0,1,0,0,0,0,1,0
127431,0035000002JAx9CAAT,0.0,0,0.0,2265.0,0,0,0,1,0,0,1,0,0,0,0,1,0
127432,0035000002JAx9DAAT,0.0,100,0.0,5618.0,0,0,0,1,0,0,1,0,0,0,0,1,0
127435,0035000002JAx9GAAT,0.0,0,0.0,4251.0,0,0,0,1,0,0,1,0,0,0,0,1,0
127436,0035000002JAxT2AAL,0.0,0,424.0,7333.0,0,0,0,1,0,0,1,0,0,0,0,1,1
127441,0035000002JAzMyAAL,0.0,0,0.0,1249.0,0,0,0,1,0,0,1,0,0,0,0,1,1
127461,0035000002JB0iqAAD,0.0,0,37.0,12009.0,0,0,0,1,0,0,1,0,0,0,0,1,0
127464,0035000002JB1gVAAT,0.0,40,0.0,5478.0,1,0,0,0,0,0,1,0,0,0,0,1,1
127465,0035000002JB2KVAA1,0.0,20,5374.0,1759.0,0,0,0,1,0,1,0,0,0,0,0,1,0
127467,0035000002JB3BXAA1,0.0,0,1936.0,6991.0,0,1,0,0,0,0,0,0,1,0,1,0,0
127471,0035000002JB3tKAAT,0.0,40,1242.0,1774.0,0,1,0,0,0,0,1,0,0,0,0,1,1
127474,0035000002JB4VOAA1,0.0,0,66.0,1716.0,0,1,0,0,0,0,1,0,0,0,0,1,1
127476,0035000002JB5sxAAD,0.0,0,0.0,1123.0,0,0,0,0,1,0,1,0,0,0,0,1,1
127478,0035000002JB6N3AAL,0.0,50,3944.0,5274.0,1,0,0,0,0,0,1,0,0,0,0,1,1
127482,0035000002JB6oNAAT,0.0,0,3641.0,5145.0,0,1,0,0,0,0,0,1,0,0,0,1,0
127490,0035000002JB8wTAAT,0.0,0,181.0,7328.0,0,1,0,0,0,0,0,0,0,1,0,1,1
127510,0035000002JBAmmAAH,0.0,0,0.0,14869.0,0,0,0,1,0,0,1,0,0,0,0,1,0
127522,0035000002JBCcvAAH,0.0,10,637.0,4065.0,0,0,0,0,1,0,1,0,0,0,0,1,0
127539,0035000002JBIonAAH,0.0,40,587.0,2645.0,0,0,0,1,0,1,0,0,0,0,0,1,0
127547,0035000002JBLLuAAP,0.0,30,516.0,11028.0,0,0,0,0,1,0,1,0,0,0,0,1,1
127565,0035000002JBScQAAX,0.0,30,584.0,2487.0,0,1,0,0,0,0,0,0,1,0,0,1,1
127569,0035000002JBV4lAAH,0.0,0,67.0,11382.0,0,0,0,1,0,0,1,0,0,0,0,1,1
127571,0035000002JBVKbAAP,0.0,80,935.0,7325.0,1,0,0,0,0,0,0,0,0,1,0,1,1
127572,0035000002JBVqwAAH,0.0,0,174.0,2998.0,0,0,0,1,0,1,0,0,0,0,0,1,0
127573,0035000002JBWElAAP,0.0,10,961.0,2919.0,1,0,0,0,0,0,0,0,0,1,0,1,1
127576,0035000002JBXbcAAH,0.0,0,31.0,10608.0,0,1,0,0,0,1,0,0,0,0,0,1,1
127578,0035000002JBYEhAAP,0.0,100,583.0,7418.0,0,1,0,0,0,0,1,0,0,0,0,1,1
127579,0035000002JBYGdAAP,0.0,100,1243.0,10791.0,0,0,0,0,1,0,0,0,1,0,0,1,0
127586,0035000002JBZZnAAP,0.0,60,154.0,1289.0,0,0,0,1,0,0,1,0,0,0,1,0,1
127591,0035000002JBbxZAAT,0.0,70,1303.0,1460.0,0,1,0,0,0,0,0,0,1,0,0,1,0
127592,0035000002JBcBhAAL,0.0,0,880.0,7420.0,1,0,0,0,0,1,0,0,0,0,0,1,1
127595,0035000002JBckgAAD,0.0,10,2863.0,3655.0,0,0,0,0,1,1,0,0,0,0,0,1,1
127599,0035000002JBeHDAA1,0.0,0,738.0,1460.0,0,0,0,1,0,0,0,0,1,0,1,0,0
127608,0035000002JBif2AAD,0.0,0,1491.0,3210.0,0,0,0,0,1,0,0,0,1,0,0,1,0
127609,0035000002JBiljAAD,0.0,0,1320.0,5935.0,0,1,0,0,0,0,0,0,0,1,0,1,0
127610,0035000002JBkCkAAL,0.0,0,79.0,1701.0,0,1,0,0,0,0,1,0,0,0,0,1,1
127611,0035000002JBlOnAAL,0.0,0,5550.0,2191.0,1,0,0,0,0,0,0,0,0,1,0,1,0
127619,0035000002JBnO6AAL,0.0,30,229.0,4321.0,0,1,0,0,0,0,0,0,1,0,0,1,0
127620,0035000002JBnpFAAT,0.0,0,984.0,1460.0,1,0,0,0,0,0,0,0,1,0,0,1,1
127624,0035000002JBobwAAD,0.0,20,205.0,1460.0,0,0,0,1,0,0,0,0,1,0,0,1,1
127625,0035000002JBoc6AAD,0.0,0,1097.0,8312.0,0,0,0,1,0,0,1,0,0,0,0,1,1
127626,0035000002JBojbAAD,0.0,0,1185.0,1148.0,0,0,0,0,1,0,0,0,0,1,0,1,1
127627,0035000002JBorgAAD,0.0,0,493.0,2746.0,1,0,0,0,0,0,0,0,1,0,0,1,0
127628,0035000002JBoxjAAD,0.0,0,971.0,1518.0,1,0,0,0,0,0,1,0,0,0,0,1,1
127629,0035000002JBp5qAAD,0.0,50,1507.0,5150.0,0,0,0,0,1,0,1,0,0,0,0,1,1
127631,0035000002JBpF7AAL,0.0,50,90.0,3394.0,0,0,0,1,0,0,1,0,0,0,0,1,0
127636,0035000002JBqUxAAL,0.0,0,0.0,2921.0,1,0,0,0,0,0,0,0,0,1,0,1,0
127638,0035000002JBrohAAD,0.0,0,4906.0,1485.0,1,0,0,0,0,0,0,0,0,1,0,1,1
127641,0035000002JBtL3AAL,0.0,0,48.0,1492.0,0,0,0,1,0,0,0,0,1,0,0,1,0
127642,0035000002JBu0IAAT,0.0,0,9447.0,1461.0,0,0,0,0,1,0,0,0,0,1,0,1,1
127644,0035000002JBu6aAAD,0.0,60,76.0,6970.0,0,1,0,0,0,0,0,0,1,0,0,1,0
127645,0035000002JBuUcAAL,0.0,70,214.0,1626.0,1,0,0,0,0,0,1,0,0,0,1,0,0
127646,0035000002JBuhqAAD,0.0,0,182.0,11982.0,0,1,0,0,0,0,1,0,0,0,0,1,0
127648,0035000002JBvV2AAL,0.0,40,1990.0,1826.0,0,0,0,0,1,0,1,0,0,0,1,0,1
127650,0035000002JBvZdAAL,0.0,0,584.0,4033.0,0,0,0,1,0,0,1,0,0,0,0,1,1
127651,0035000002JBvkRAAT,0.0,0,62.0,2191.0,1,0,0,0,0,0,1,0,0,0,0,1,1
127657,0035000002JBwo7AAD,0.0,0,310.0,3652.0,0,0,0,0,1,0,1,0,0,0,0,1,1
127658,0035000002JBxP8AAL,0.0,0,613.0,1480.0,0,0,0,1,0,0,0,0,1,0,0,1,1
127663,0035000002JBzkYAAT,0.0,0,6879.0,2154.0,1,0,0,0,0,0,0,0,0,1,0,1,0
127664,0035000002JC1JnAAL,0.0,70,884.0,2170.0,0,0,0,1,0,0,0,0,1,0,0,1,0
127665,0035000002JC1N1AAL,0.0,40,169.0,2419.0,0,0,0,1,0,0,1,0,0,0,0,1,1
127667,0035000002JC1hWAAT,0.0,0,7361.0,1432.0,0,0,0,1,0,0,0,0,0,1,1,0,1
127672,0035000002JC1tcAAD,0.0,80,220.0,4967.0,0,0,0,1,0,0,1,0,0,0,0,1,0
127674,0035000002JC3DDAA1,0.0,0,5569.0,2132.0,0,1,0,0,0,0,1,0,0,0,0,1,1
127675,0035000002JC3Y8AAL,0.0,0,791.0,1461.0,1,0,0,0,0,0,1,0,0,0,0,1,0
127677,0035000002JC4eLAAT,0.0,0,5296.0,4204.0,0,0,0,1,0,0,0,0,1,0,0,1,0
127681,0035000002JC6vgAAD,0.0,0,7996.0,6577.0,0,0,0,1,0,0,1,0,0,0,0,1,0
127682,0035000002JC71tAAD,0.0,0,451.0,1826.0,0,0,0,1,0,0,0,0,1,0,0,1,0
127685,0035000002JC8amAAD,0.0,80,5203.0,5479.0,0,0,0,0,1,0,0,0,1,0,0,1,0
127687,0035000002JC8wOAAT,0.0,0,548.0,9642.0,0,1,0,0,0,0,0,0,0,1,0,1,1
127693,0035000002JCB0LAAX,0.0,0,124.0,1551.0,0,1,0,0,0,0,1,0,0,0,0,1,1
127697,0035000002JCCyYAAX,0.0,0,3608.0,2076.0,1,0,0,0,0,1,0,0,0,0,0,1,0
127701,0035000002JCE2EAAX,0.0,0,183.0,7541.0,0,1,0,0,0,1,0,0,0,0,0,1,1
127702,0035000002JCEHRAA5,0.0,20,4998.0,983.0,0,0,0,1,0,1,0,0,0,0,0,1,0
127703,0035000002JCEliAAH,0.0,40,4154.0,762.0,1,0,0,0,0,1,0,0,0,0,1,0,1
127704,0035000002JCGf1AAH,0.0,0,797.0,1284.0,1,0,0,0,0,0,0,0,1,0,1,0,0
127705,0035000002JCHOVAA5,0.0,0,0.0,4712.0,0,1,0,0,0,0,0,0,1,0,0,1,1
127709,0035000002JCKHSAA5,0.0,0,14488.0,1094.0,0,1,0,0,0,0,1,0,0,0,0,1,0
127716,0035000002JCPR1AAP,0.0,0,203.0,4060.0,0,0,0,1,0,0,0,0,1,0,0,1,0
127721,0035000002JCQ7gAAH,0.0,10,811.0,1858.0,0,0,0,1,0,0,0,0,1,0,0,1,1
127722,0035000002JCQWbAAP,0.0,0,1345.0,2763.0,0,1,0,0,0,0,1,0,0,0,0,1,1
127723,0035000002JCQhCAAX,0.0,90,1165.0,2916.0,0,1,0,0,0,1,0,0,0,0,0,1,1
127725,0035000002JCR2eAAH,0.0,0,1541.0,1462.0,0,0,0,1,0,0,0,0,1,0,0,1,0
127728,0035000002JCVd2AAH,0.0,0,0.0,8036.0,0,1,0,0,0,0,1,0,0,0,0,1,1
127739,0035000002JCZNIAA5,0.0,70,1171.0,1825.0,0,1,0,0,0,0,0,0,1,0,0,1,1
127742,0035000002JCaIPAA1,0.0,100,225.0,3986.0,0,0,0,1,0,0,1,0,0,0,0,1,1
127743,0035000002JCabvAAD,0.0,0,313.0,2204.0,0,1,0,0,0,0,0,0,1,0,0,1,1
127746,0035000002JCbL8AAL,0.0,0,1332.0,1371.0,0,1,0,0,0,0,0,0,1,0,1,0,1
127748,0035000002JCbtoAAD,0.0,0,4238.0,1492.0,0,0,0,1,0,0,0,0,1,0,0,1,1
127754,0035000002JCeSFAA1,0.0,0,266.0,1786.0,1,0,0,0,0,1,0,0,0,0,0,1,1
127755,0035000002JCebhAAD,0.0,0,7221.0,1246.0,0,1,0,0,0,0,0,0,0,1,0,1,1
127756,0035000002JCeisAAD,0.0,30,1005.0,2160.0,0,1,0,0,0,0,0,0,1,0,0,1,1
127760,0035000002JCg2qAAD,0.0,70,1520.0,2761.0,0,0,0,0,1,0,1,0,0,0,0,1,1
127763,0035000002JCgB4AAL,0.0,0,2429.0,1826.0,0,0,0,1,0,0,0,0,0,1,0,1,0
127765,0035000002JCgeSAAT,0.0,0,949.0,2952.0,0,0,0,1,0,0,0,0,1,0,0,1,0
127771,0035000002JCidLAAT,0.0,0,0.0,7657.0,1,0,0,0,0,0,1,0,0,0,0,1,1
127772,0035000002JCik3AAD,0.0,20,2618.0,5338.0,0,1,0,0,0,0,1,0,0,0,1,0,1
127774,0035000002JCiveAAD,0.0,30,3443.0,1462.0,0,1,0,0,0,0,0,0,1,0,0,1,1
127779,0035000002JCkVsAAL,0.0,40,3099.0,3028.0,0,0,0,1,0,0,0,0,1,0,0,1,1
127782,0035000002JCl7HAAT,0.0,0,189.0,2778.0,0,0,0,1,0,1,0,0,0,0,0,1,0
127783,0035000002JCm0lAAD,0.0,60,1863.0,9491.0,0,0,0,0,1,1,0,0,0,0,1,0,0
127784,0035000002JCm2mAAD,0.0,0,127.0,7313.0,0,1,0,0,0,0,0,0,0,1,0,1,1
127785,0035000002JCm57AAD,0.0,0,2623.0,2393.0,1,0,0,0,0,0,1,0,0,0,0,1,1
127789,0035000002JCnVVAA1,0.0,0,965.0,2922.0,0,1,0,0,0,0,1,0,0,0,0,1,0
127792,0035000002JCqbpAAD,0.0,0,16.0,5112.0,0,0,0,1,0,0,0,0,0,1,0,1,0
127799,0035000002JCtAQAA1,0.0,20,309.0,3868.0,0,0,0,1,0,1,0,0,0,0,0,1,1
127800,0035000002JCtApAAL,0.0,0,310.0,10226.0,0,0,0,0,1,0,1,0,0,0,0,1,0
127801,0035000002JCtEXAA1,0.0,0,2740.0,1460.0,0,0,0,0,1,1,0,0,0,0,0,1,0
127805,0035000002JCtTAAA1,0.0,0,923.0,4508.0,1,0,0,0,0,0,0,0,0,1,0,1,1
127807,0035000002JCuThAAL,0.0,0,473.0,1377.0,0,0,0,1,0,0,1,0,0,0,0,1,1
127808,0035000002JCuesAAD,0.0,0,2637.0,2190.0,0,0,0,0,1,0,1,0,0,0,0,1,1
127810,0035000002JCujdAAD,0.0,0,0.0,1757.0,0,0,0,1,0,0,0,0,1,0,0,1,1
127811,0035000002JCvGmAAL,0.0,0,6.0,2191.0,0,1,0,0,0,0,1,0,0,0,0,1,1
127815,0035000002JCw43AAD,0.0,0,1112.0,2373.0,0,0,0,1,0,1,0,0,0,0,0,1,0
127821,0035000002JCzN4AAL,0.0,0,373.0,1825.0,0,0,0,1,0,0,0,0,1,0,0,1,0
127822,0035000002JCzTBAA1,0.0,50,793.0,7683.0,0,0,0,0,1,0,0,0,1,0,0,1,0
127826,0035000002JD0RzAAL,0.0,0,539.0,3491.0,0,0,0,1,0,0,1,0,0,0,0,1,1
127831,0035000002JD2YwAAL,0.0,0,616.0,8611.0,0,0,0,0,1,0,1,0,0,0,0,1,0
127832,0035000002JD2rUAAT,0.0,0,1180.0,3243.0,0,0,0,0,1,0,0,0,0,1,0,1,1
127833,0035000002JD2tVAAT,0.0,0,0.0,1856.0,0,0,0,1,0,0,0,0,0,1,0,1,0
127834,0035000002JD35ZAAT,0.0,70,2282.0,2556.0,0,1,0,0,0,0,0,0,0,1,0,1,0
127837,0035000002JD4HSAA1,0.0,0,1656.0,1921.0,0,0,0,1,0,0,1,0,0,0,0,1,0
127842,0035000002JD5VcAAL,0.0,0,222.0,1239.0,0,1,0,0,0,0,1,0,0,0,0,1,0
127846,0035000002JD7H6AAL,0.0,70,1305.0,9588.0,0,1,0,0,0,0,1,0,0,0,0,1,1
127848,0035000002JD84gAAD,0.0,0,984.0,2191.0,0,0,0,0,1,0,0,0,0,1,0,1,1
127853,0035000002JDAOEAA5,0.0,0,352.0,2553.0,0,0,0,1,0,0,1,0,0,0,0,1,0
127854,0035000002JDAPWAA5,0.0,0,84.0,3367.0,0,0,0,1,0,0,0,0,1,0,0,1,1
127856,0035000002JDBE2AAP,0.0,0,1485.0,2191.0,0,0,0,1,0,0,1,0,0,0,0,1,1
127859,0035000002JDBZUAA5,0.0,0,0.0,7328.0,1,0,0,0,0,0,1,0,0,0,0,1,1
127864,0035000002JDCajAAH,0.0,90,981.0,8156.0,0,1,0,0,0,0,1,0,0,0,1,0,0
127865,0035000002JDCjMAAX,0.0,0,3383.0,3287.0,0,1,0,0,0,0,0,0,1,0,0,1,1
127866,0035000002JDDbsAAH,0.0,90,120.0,9150.0,0,1,0,0,0,0,1,0,0,0,0,1,0
127867,0035000002JDDwqAAH,0.0,0,1084.0,3491.0,0,1,0,0,0,0,0,1,0,0,0,1,0
127868,0035000002JDEIgAAP,0.0,0,1684.0,2768.0,0,1,0,0,0,0,0,0,0,1,0,1,1
127878,0035000002JDIF7AAP,0.0,60,2655.0,1462.0,0,1,0,0,0,0,0,0,0,1,0,1,1
127883,0035000002JDLtfAAH,0.0,0,1140.0,7331.0,1,0,0,0,0,0,0,0,0,1,0,1,0
127884,0035000002JDM1sAAH,0.0,0,264.0,3323.0,0,0,0,1,0,0,0,0,1,0,0,1,1
127895,0035000002JDNcLAAX,0.0,0,572.0,3653.0,0,0,0,1,0,0,0,0,1,0,0,1,0
127898,0035000002JDPM6AAP,0.0,90,81.0,3062.0,1,0,0,0,0,0,1,0,0,0,0,1,0
127900,0035000002JDPqvAAH,0.0,70,1050.0,1400.0,0,1,0,0,0,0,0,0,1,0,0,1,1
127907,0035000002JDSKmAAP,0.0,50,2922.0,2321.0,0,1,0,0,0,0,1,0,0,0,1,0,1
127915,0035000002JDVuJAAX,0.0,0,937.0,4355.0,0,1,0,0,0,0,0,0,1,0,0,1,1
127924,0035000002JDZ37AAH,0.0,60,1803.0,2820.0,0,0,0,0,1,0,1,0,0,0,0,1,1
127928,0035000002JDat0AAD,0.0,0,3644.0,1123.0,0,0,0,0,1,1,0,0,0,0,0,1,1
127940,0035000002JDfThAAL,0.0,100,1992.0,2622.0,0,1,0,0,0,0,0,0,1,0,0,1,1
127943,0035000002JDgQTAA1,0.0,0,2366.0,1125.0,1,0,0,0,0,0,1,0,0,0,0,1,1
127944,0035000002JDggWAAT,0.0,0,7601.0,1409.0,0,0,0,1,0,0,1,0,0,0,0,1,1
127947,0035000002JDhc2AAD,0.0,0,8767.0,1323.0,0,1,0,0,0,0,1,0,0,0,0,1,0
127948,0035000002JDiCKAA1,0.0,0,116.0,1305.0,0,0,0,1,0,0,1,0,0,0,0,1,1
127949,0035000002JDifWAAT,0.0,40,739.0,2860.0,0,0,0,1,0,0,1,0,0,0,0,1,0
127954,0035000002JDmAkAAL,0.0,30,286.0,10586.0,0,0,0,1,0,0,0,0,1,0,0,1,1
127956,0035000002JDmMGAA1,0.0,10,3848.0,2948.0,0,0,0,1,0,0,1,0,0,0,0,1,1
127957,0035000002JDmUFAA1,0.0,0,151.0,3527.0,0,0,0,0,1,1,0,0,0,0,0,1,0
127960,0035000002JDoGkAAL,0.0,0,1788.0,2285.0,0,1,0,0,0,0,1,0,0,0,0,1,1
127963,0035000002JDpPhAAL,0.0,0,125.0,2191.0,0,1,0,0,0,0,1,0,0,0,0,1,1
127964,0035000002JDpUrAAL,0.0,0,308.0,2977.0,1,0,0,0,0,1,0,0,0,0,0,1,0
127970,0035000002JDpwtAAD,0.0,30,241.0,1825.0,0,0,0,1,0,0,0,0,1,0,0,1,1
127973,0035000002JDqfkAAD,0.0,0,1899.0,1852.0,1,0,0,0,0,0,1,0,0,0,0,1,1
127977,0035000002JDqmiAAD,0.0,90,2001.0,4080.0,1,0,0,0,0,1,0,0,0,0,0,1,1
127987,0035000002JDrPuAAL,0.0,0,2569.0,1377.0,0,1,0,0,0,0,1,0,0,0,0,1,0
127989,0035000002JDtLTAA1,0.0,0,0.0,1066.0,0,0,0,1,0,0,0,0,0,1,0,1,1
127990,0035000002JDtUQAA1,0.0,0,38.0,1369.0,0,1,0,0,0,0,1,0,0,0,0,1,1
127996,0035000002JDupjAAD,0.0,0,4565.0,1461.0,0,1,0,0,0,0,0,0,1,0,0,1,0
127997,0035000002JDvO9AAL,0.0,30,5904.0,1103.0,1,0,0,0,0,0,0,0,0,1,0,1,1
128003,0035000002JDwsUAAT,0.0,0,3097.0,2474.0,1,0,0,0,0,0,0,0,1,0,1,0,0
128005,0035000002JDwsWAAT,0.0,0,15.0,6205.0,0,0,0,1,0,0,0,0,1,0,1,0,1
128006,0035000002JDwsXAAT,0.0,0,0.0,5842.0,0,0,0,1,0,0,0,0,1,0,0,1,1
128007,0035000002JDwsYAAT,0.0,0,0.0,1703.0,0,0,0,1,0,0,0,0,1,0,1,0,0
128008,0035000002JDwsZAAT,0.0,0,0.0,5676.0,0,0,0,1,0,0,0,0,1,0,1,0,1
128010,0035000002JDwsbAAD,0.0,0,0.0,7902.0,0,0,0,1,0,0,0,0,1,0,0,1,0
128012,0035000002JDwsdAAD,0.0,0,0.0,7312.0,0,1,0,0,0,0,0,0,1,0,0,1,1
128015,0035000002JDwsgAAD,0.0,0,0.0,7849.0,1,0,0,0,0,0,0,0,1,0,0,1,0
128020,0035000002JDwslAAD,0.0,0,0.0,1460.0,0,0,0,1,0,0,0,0,1,0,0,1,1
128022,0035000002JDxGFAA1,0.0,0,26.0,2322.0,0,0,0,1,0,0,1,0,0,0,0,1,0
128038,0035000002JE3GpAAL,0.0,0,370.0,3128.0,0,0,0,1,0,0,1,0,0,0,1,0,1
128043,0035000002JSBxIAAX,0.0,0,6982.0,847.0,0,0,0,1,0,0,1,0,0,0,0,1,0
128044,0035000002JSCWwAAP,0.0,30,747.0,10961.0,0,0,0,0,1,0,0,1,0,0,0,1,1
128054,0035000002JSGboAAH,0.0,0,348.0,2200.0,0,0,0,1,0,0,1,0,0,0,1,0,1
128056,0035000002JSHEGAA5,0.0,0,1565.0,9250.0,0,1,0,0,0,1,0,0,0,0,0,1,1
128057,0035000002JSHNhAAP,0.0,0,375.0,1827.0,0,0,0,1,0,0,0,0,1,0,0,1,1
128058,0035000002JSIyLAAX,0.0,100,154.0,4885.0,0,0,0,1,0,0,1,0,0,0,1,0,0
128059,0035000002JSJPrAAP,0.0,80,1843.0,1826.0,1,0,0,0,0,0,0,0,0,1,0,1,0
128060,0035000002JSKCxAAP,0.0,90,147.0,994.0,0,0,0,0,1,0,1,0,0,0,0,1,1
128064,0035000002JSLfAAAX,0.0,10,3603.0,7402.0,1,0,0,0,0,0,0,0,0,1,0,1,1
128065,0035000002JSM2HAAX,0.0,10,3242.0,2190.0,0,1,0,0,0,1,0,0,0,0,0,1,1
128066,0035000002JSM2gAAH,0.0,0,44.0,8049.0,0,1,0,0,0,0,0,0,1,0,0,1,1
128068,0035000002JSNB4AAP,0.0,10,8281.0,1313.0,0,0,0,0,1,0,0,0,0,1,0,1,1
128069,0035000002JSNF0AAP,0.0,0,1277.0,990.0,0,1,0,0,0,0,0,0,0,1,0,1,0
128072,0035000002JSNcIAAX,0.0,10,1114.0,2862.0,0,0,0,1,0,0,1,0,0,0,0,1,1
128077,0035000002JSO4WAAX,0.0,0,252.0,1098.0,0,0,0,1,0,1,0,0,0,0,1,0,0
128078,0035000002JSOA9AAP,0.0,10,763.0,1826.0,1,0,0,0,0,0,0,0,0,1,0,1,1
128085,0035000002LOOtCAAX,0.0,0,15814.0,980.0,0,0,0,1,0,0,0,0,0,1,0,1,0
128092,0035000002LORlkAAH,0.0,60,2467.0,7754.0,0,1,0,0,0,0,0,0,1,0,0,1,0
128093,0035000002LORnSAAX,0.0,0,0.0,12247.0,0,0,0,1,0,0,0,0,0,1,0,1,1
128094,0035000002LORnTAAX,0.0,0,0.0,1826.0,0,0,0,1,0,0,0,0,0,1,1,0,1
128095,0035000002LORnUAAX,0.0,0,0.0,4913.0,0,0,0,1,0,0,1,0,0,0,0,1,1
128096,0035000002LORnVAAX,0.0,0,0.0,2662.0,0,1,0,0,0,0,0,0,0,1,0,1,1
128097,0035000002LORnWAAX,0.0,0,0.0,8436.0,0,0,0,1,0,0,0,0,0,1,0,1,1
128098,0035000002LORnZAAX,0.0,0,0.0,7320.0,0,0,0,1,0,0,0,0,0,1,0,1,1
128100,0035000002LORnbAAH,0.0,0,0.0,1952.0,0,0,0,0,1,0,0,0,0,1,1,0,1
128103,0035000002LOSFWAA5,0.0,20,126.0,12059.0,0,0,0,0,1,1,0,0,0,0,0,1,0
128104,0035000002LOSGtAAP,0.0,0,0.0,11910.0,0,0,0,1,0,0,1,0,0,0,0,1,0
128107,0035000002LOSGwAAP,0.0,0,0.0,4299.0,0,0,0,0,1,0,1,0,0,0,0,1,1
128110,0035000002LOSH0AAP,0.0,0,0.0,2712.0,0,0,0,0,1,0,1,0,0,0,1,0,0
128116,0035000002LOSH6AAP,0.0,0,0.0,4775.0,0,0,0,1,0,0,1,0,0,0,0,1,1
128120,0035000002LOSOmAAP,0.0,0,0.0,4042.0,0,1,0,0,0,0,1,0,0,0,0,1,1
128122,0035000002LOSOoAAP,0.0,0,986.0,13976.0,0,0,0,0,1,0,1,0,0,0,0,1,1
128124,0035000002LOSOqAAP,0.0,0,0.0,2449.0,0,1,0,0,0,0,1,0,0,0,0,1,1
128126,0035000002LOSOsAAP,0.0,30,1539.0,2921.0,1,0,0,0,0,0,0,0,0,1,1,0,1
128129,0035000002LOT97AAH,0.0,0,482.0,3101.0,1,0,0,0,0,0,0,0,0,1,0,1,0
128133,0035000002LOUbvAAH,0.0,0,1771.0,1619.0,0,1,0,0,0,0,1,0,0,0,0,1,1
128134,0035000002LOUfdAAH,0.0,0,1691.0,1460.0,0,0,0,1,0,0,0,0,1,0,0,1,1
128136,0035000002LOVz2AAH,0.0,50,4068.0,8919.0,0,0,0,0,1,0,1,0,0,0,0,1,1
128140,0035000002LOW9gAAH,0.0,0,80.0,5604.0,1,0,0,0,0,0,1,0,0,0,0,1,1
128152,0035000002LObr6AAD,0.0,60,3597.0,1475.0,0,0,0,0,1,0,1,0,0,0,1,0,1
128156,0035000002LOd6PAAT,0.0,0,1411.0,2016.0,0,0,0,1,0,0,1,0,0,0,0,1,1
128163,0035000002LOixTAAT,0.0,0,1102.0,1200.0,0,1,0,0,0,0,1,0,0,0,1,0,1
128166,0035000002LOm91AAD,0.0,0,2263.0,1461.0,0,0,0,1,0,0,0,0,0,1,0,1,1
128173,0035000002LOqbsAAD,0.0,30,3133.0,6452.0,0,0,0,1,0,0,0,0,0,1,0,1,0
128174,0035000002LOqlnAAD,0.0,0,1846.0,1943.0,0,0,0,0,1,0,0,0,1,0,1,0,0
128178,0035000002LOt9eAAD,0.0,0,2233.0,1460.0,0,1,0,0,0,0,1,0,0,0,0,1,1
128179,0035000002LOuHGAA1,0.0,0,844.0,1347.0,1,0,0,0,0,0,1,0,0,0,0,1,0
128186,0035000002LOxHOAA1,0.0,0,202.0,8158.0,0,1,0,0,0,0,1,0,0,0,0,1,1
128188,0035000002LOzwDAAT,0.0,40,545.0,2709.0,1,0,0,0,0,0,1,0,0,0,1,0,0
128190,0035000002LP0SYAA1,0.0,0,114.0,3448.0,0,0,0,1,0,0,0,0,0,1,0,1,1
128193,0035000002LP0xWAAT,0.0,0,0.0,1312.0,0,0,0,1,0,0,1,0,0,0,0,1,0
128195,0035000002LP119AAD,0.0,0,1082.0,2922.0,0,1,0,0,0,0,1,0,0,0,0,1,1
128196,0035000002LP14NAAT,0.0,0,3613.0,2312.0,0,1,0,0,0,0,0,0,0,1,1,0,1
128197,0035000002LP1B9AAL,0.0,80,1428.0,1461.0,0,0,0,1,0,0,0,0,1,0,0,1,0
128199,0035000002LP1ksAAD,0.0,0,1923.0,1186.0,0,0,0,1,0,0,0,0,0,1,0,1,0
128204,0035000002LP2haAAD,0.0,50,8267.0,7244.0,1,0,0,0,0,0,0,0,0,1,0,1,0
128212,0035000002LP6HqAAL,0.0,10,1987.0,1881.0,1,0,0,0,0,0,0,0,0,1,0,1,1
128216,0035000002LPAACAA5,0.0,40,126.0,2070.0,1,0,0,0,0,0,0,0,0,1,0,1,0
128220,0035000002LPCI8AAP,0.0,0,263.0,7305.0,1,0,0,0,0,1,0,0,0,0,0,1,1
128221,0035000002LPD5KAAX,0.0,80,111.0,3277.0,0,0,0,1,0,0,0,0,1,0,0,1,0
128222,0035000002LPDt5AAH,0.0,0,2518.0,661.0,1,0,0,0,0,0,0,0,0,1,1,0,0
128226,0035000002LPG2kAAH,0.0,0,8014.0,1120.0,0,0,0,1,0,0,1,0,0,0,0,1,0
128227,0035000002LPGCpAAP,0.0,0,2717.0,11764.0,0,1,0,0,0,1,0,0,0,0,0,1,1
128228,0035000002LPGKUAA5,0.0,80,280.0,2837.0,1,0,0,0,0,0,1,0,0,0,0,1,0
128229,0035000002LPGOMAA5,0.0,0,956.0,150.0,0,1,0,0,0,0,0,0,0,1,1,0,1
128230,0035000002LPGPUAA5,0.0,0,267.0,2421.0,1,0,0,0,0,1,0,0,0,0,0,1,0
128235,0035000002LPJ4bAAH,0.0,0,147.0,2190.0,0,0,0,1,0,1,0,0,0,0,1,0,0
128237,0035000002LPK8qAAH,0.0,30,2003.0,1441.0,1,0,0,0,0,0,1,0,0,0,0,1,0
128241,0035000002LPLi2AAH,0.0,0,5.0,3392.0,1,0,0,0,0,0,1,0,0,0,1,0,0
128242,0035000002LPLmSAAX,0.0,70,1040.0,3738.0,0,0,0,1,0,0,1,0,0,0,0,1,0
128245,0035000002LPLyPAAX,0.0,0,443.0,3973.0,1,0,0,0,0,0,1,0,0,0,0,1,1
128247,0035000002LPMF9AAP,0.0,0,9721.0,1460.0,1,0,0,0,0,0,0,0,1,0,1,0,0
128248,0035000002LPMIhAAP,0.0,0,1124.0,2436.0,1,0,0,0,0,0,1,0,0,0,0,1,1
128250,0035000002LPPZfAAP,0.0,70,1696.0,7825.0,0,1,0,0,0,0,1,0,0,0,0,1,1
128253,0035000002LPREcAAP,0.0,0,11.0,3111.0,0,0,0,0,1,0,1,0,0,0,0,1,1
128259,0035000002LPTAEAA5,0.0,0,52.0,1928.0,0,0,0,1,0,0,1,0,0,0,0,1,0
128260,0035000002LPUCpAAP,0.0,0,1333.0,2903.0,0,1,0,0,0,0,0,0,0,1,0,1,0
128262,0035000002LPW7EAAX,0.0,0,3474.0,2118.0,0,1,0,0,0,0,0,0,0,1,0,1,1
128264,0035000002LPWjxAAH,0.0,0,2054.0,1460.0,0,0,0,1,0,0,0,0,1,0,0,1,0
128268,0035000002LPXo5AAH,0.0,0,0.0,3552.0,0,1,0,0,0,0,0,0,1,0,1,0,1
128269,0035000002LPXzwAAH,0.0,10,1451.0,2922.0,0,1,0,0,0,0,1,0,0,0,0,1,1
128271,0035000002LPY5BAAX,0.0,90,4052.0,2633.0,0,1,0,0,0,0,1,0,0,0,1,0,0
128274,0035000002LPawXAAT,0.0,0,2700.0,3403.0,0,0,0,0,1,0,1,0,0,0,0,1,1
128275,0035000002LPay4AAD,0.0,10,182.0,4436.0,0,0,0,0,1,0,1,0,0,0,0,1,1
128277,0035000002LPc5eAAD,0.0,0,20.0,1613.0,0,1,0,0,0,0,1,0,0,0,0,1,0
128278,0035000002LPcnmAAD,0.0,0,60.0,1383.0,0,0,0,1,0,0,0,0,1,0,0,1,1
128279,0035000002LPcpVAAT,0.0,0,60.0,8013.0,0,1,0,0,0,0,0,0,0,1,0,1,1
128283,0035000002LPdRFAA1,0.0,70,1147.0,2784.0,0,0,0,1,0,0,1,0,0,0,0,1,0
128284,0035000002LPda2AAD,0.0,10,2276.0,2191.0,0,1,0,0,0,0,0,0,1,0,0,1,0
128285,0035000002LPerZAAT,0.0,0,0.0,164.0,0,0,0,1,0,0,1,0,0,0,1,0,1
128289,0035000002LPgXdAAL,0.0,0,332.0,2308.0,0,1,0,0,0,0,1,0,0,0,0,1,0
128291,0035000002LPhloAAD,0.0,0,0.0,7454.0,0,0,0,1,0,0,1,0,0,0,0,1,0
128292,0035000002LPhlpAAD,0.0,0,0.0,3964.0,0,0,0,1,0,0,1,0,0,0,0,1,1
128293,0035000002LPhlrAAD,0.0,0,0.0,1801.0,0,1,0,0,0,0,1,0,0,0,1,0,0
128295,0035000002LPhltAAD,0.0,0,0.0,9252.0,0,0,0,1,0,0,1,0,0,0,0,1,1
128296,0035000002LPhluAAD,0.0,0,0.0,9542.0,0,0,0,0,1,0,1,0,0,0,1,0,0
128302,0035000002LPhvWAAT,0.0,0,0.0,7314.0,0,1,0,0,0,0,1,0,0,0,0,1,1
128304,0035000002LPhvYAAT,0.0,0,0.0,6591.0,0,0,0,0,1,0,1,0,0,0,0,1,1
128306,0035000002LPiOiAAL,0.0,30,2970.0,1460.0,0,1,0,0,0,1,0,0,0,0,0,1,1
128309,0035000002LPjDBAA1,0.0,0,0.0,2419.0,0,0,0,1,0,0,1,0,0,0,0,1,0
128312,0035000002LPjDEAA1,0.0,0,0.0,1459.0,0,0,0,1,0,0,1,0,0,0,0,1,1
128315,0035000002LPjDIAA1,0.0,0,0.0,2131.0,0,0,0,1,0,0,1,0,0,0,0,1,1
128317,0035000002LPjDMAA1,0.0,0,0.0,4363.0,0,0,0,1,0,0,1,0,0,0,0,1,1
128319,0035000002LPjDOAA1,0.0,0,2133.0,2286.0,0,0,0,1,0,0,1,0,0,0,0,1,1
128321,0035000002LPjDRAA1,0.0,0,0.0,7577.0,0,0,0,0,1,0,1,0,0,0,0,1,1
128325,0035000002LPkJPAA1,0.0,50,1574.0,1738.0,0,1,0,0,0,0,1,0,0,0,0,1,0
128327,0035000002LPlOVAA1,0.0,40,268.0,4814.0,0,0,0,0,1,1,0,0,0,0,0,1,1
128332,0035000002LPmFeAAL,0.0,0,10000.0,297.0,1,0,0,0,0,0,1,0,0,0,0,1,1
128341,0035000002LPqAgAAL,0.0,0,32.0,2955.0,0,0,0,1,0,0,1,0,0,0,0,1,1
128346,0035000002LPqgWAAT,0.0,30,1221.0,4317.0,0,1,0,0,0,0,1,0,0,0,0,1,1
128348,0035000002LPqzeAAD,0.0,0,374.0,2551.0,1,0,0,0,0,0,1,0,0,0,0,1,1
128350,0035000002LPrXUAA1,0.0,60,29.0,2578.0,1,0,0,0,0,0,0,0,1,0,0,1,0
128358,0035000002LPtjiAAD,0.0,0,0.0,8985.0,0,0,0,1,0,0,1,0,0,0,0,1,1
128363,0035000002LPvQiAAL,0.0,0,2023.0,11183.0,1,0,0,0,0,0,1,0,0,0,1,0,1
128366,0035000002LPvmPAAT,0.0,0,1201.0,2878.0,1,0,0,0,0,0,1,0,0,0,0,1,1
128381,0035000002LPz2oAAD,0.0,0,0.0,8579.0,0,0,0,1,0,0,1,0,0,0,0,1,1
128390,0035000002LQ2SYAA1,0.0,30,2514.0,1556.0,0,1,0,0,0,0,1,0,0,0,1,0,1
128397,0035000002LQ7fPAAT,0.0,90,329.0,3722.0,0,0,0,1,0,0,1,0,0,0,0,1,0
128400,0035000002LQ9JzAAL,0.0,0,503.0,2691.0,0,1,0,0,0,1,0,0,0,0,0,1,1
128405,0035000002LQBoTAAX,0.0,10,1408.0,2689.0,0,1,0,0,0,0,1,0,0,0,0,1,0
128414,0035000002LQFVnAAP,0.0,70,10980.0,1458.0,0,1,0,0,0,0,1,0,0,0,0,1,0
128415,0035000002LQFYDAA5,0.0,80,1629.0,4628.0,0,0,0,1,0,0,0,0,1,0,0,1,1
128416,0035000002LQFiRAAX,0.0,70,1491.0,7660.0,0,1,0,0,0,0,1,0,0,0,0,1,1
128422,0035000002LQHXmAAP,0.0,10,53.0,2403.0,0,0,0,1,0,0,0,0,0,1,0,1,0
128423,0035000002LQHmIAAX,0.0,20,1864.0,1462.0,0,0,0,1,0,0,0,0,1,0,1,0,0
128426,0035000002LQKxqAAH,0.0,10,1389.0,5822.0,0,0,0,1,0,0,1,0,0,0,0,1,0
128428,0035000002LQL30AAH,0.0,0,0.0,3981.0,0,0,0,1,0,0,1,0,0,0,0,1,1
128429,0035000002LQL4hAAH,0.0,0,4152.0,440.0,0,0,0,1,0,0,1,0,0,0,1,0,1
128439,0035000002LQN8QAAX,0.0,0,7967.0,126.0,0,0,0,1,0,0,1,0,0,0,1,0,0
128445,0035000002LQO1QAAX,0.0,10,1629.0,2248.0,0,0,0,1,0,0,0,0,0,1,1,0,0
128449,0035000002LQPMvAAP,0.0,0,0.0,6191.0,1,0,0,0,0,0,1,0,0,0,0,1,0
128452,0035000002LQQTjAAP,0.0,0,43.0,1826.0,0,0,0,1,0,0,0,0,0,1,0,1,0
128453,0035000002LQQZQAA5,0.0,0,5768.0,4136.0,0,0,0,0,1,1,0,0,0,0,1,0,1
128455,0035000002LQQZpAAP,0.0,0,1934.0,1462.0,0,0,0,0,1,0,0,0,1,0,0,1,1
128457,0035000002LQRnyAAH,0.0,90,342.0,4723.0,1,0,0,0,0,0,1,0,0,0,0,1,1
128459,0035000002LQSNlAAP,0.0,40,8146.0,231.0,0,1,0,0,0,0,0,0,1,0,0,1,1
128461,0035000002LQSpeAAH,0.0,50,513.0,7314.0,0,0,0,1,0,0,0,0,0,1,0,1,1
128466,0035000002LQU2cAAH,0.0,0,3251.0,1461.0,1,0,0,0,0,0,0,0,0,1,0,1,1
128467,0035000002LQU9PAAX,0.0,90,8430.0,2868.0,0,0,0,1,0,0,1,0,0,0,0,1,0
128476,0035000002LQV7VAAX,0.0,20,882.0,2372.0,0,0,0,1,0,0,1,0,0,0,0,1,1
128480,0035000002LQVNmAAP,0.0,0,3385.0,2733.0,0,0,0,0,1,0,0,1,0,0,1,0,1
128482,0035000002LQVbuAAH,0.0,0,975.0,1994.0,0,0,0,1,0,0,1,0,0,0,1,0,0
128485,0035000002LQX1fAAH,0.0,80,1587.0,1298.0,0,0,0,1,0,0,1,0,0,0,0,1,1
128487,0035000002LQXXvAAP,0.0,0,7056.0,1461.0,0,1,0,0,0,0,1,0,0,0,0,1,1
128488,0035000002LQXcgAAH,0.0,0,0.0,3650.0,0,0,0,1,0,0,0,0,1,0,0,1,1
128489,0035000002LQXerAAH,0.0,0,0.0,7323.0,0,1,0,0,0,0,1,0,0,0,0,1,1
128491,0035000002LQY4VAAX,0.0,0,129.0,4539.0,0,1,0,0,0,0,0,0,0,1,0,1,1
128495,0035000002LQa7cAAD,0.0,10,2602.0,2631.0,0,1,0,0,0,0,0,0,0,1,0,1,1
128497,0035000002LQaxTAAT,0.0,10,1800.0,1460.0,0,0,0,1,0,0,0,0,1,0,0,1,0
128501,0035000002LQbh8AAD,0.0,0,0.0,10000.0,0,0,0,1,0,0,1,0,0,0,0,1,0
128506,0035000002LQdFvAAL,0.0,0,0.0,2761.0,1,0,0,0,0,0,1,0,0,0,0,1,0
128509,0035000002LQdkSAAT,0.0,0,132.0,5444.0,0,0,0,1,0,0,1,0,0,0,0,1,0
128512,0035000002LQf9RAAT,0.0,0,0.0,2764.0,0,1,0,0,0,0,0,0,1,0,0,1,1
128514,0035000002LQfbzAAD,0.0,70,240.0,10960.0,0,1,0,0,0,0,0,0,0,1,0,1,1
128518,0035000002LQgb1AAD,0.0,20,4439.0,2190.0,0,1,0,0,0,0,1,0,0,0,0,1,1
128522,0035000002LQiSbAAL,0.0,0,1226.0,1252.0,1,0,0,0,0,0,1,0,0,0,1,0,0
128523,0035000002LQibGAAT,0.0,0,180.0,5840.0,0,0,0,1,0,0,0,1,0,0,0,1,1
128524,0035000002LQieaAAD,0.0,0,1448.0,2795.0,0,0,0,1,0,0,0,0,0,1,0,1,1
128525,0035000002LQivTAAT,0.0,0,1262.0,785.0,0,0,0,1,0,0,0,0,0,1,0,1,0
128527,0035000002LQj3dAAD,0.0,80,2238.0,3692.0,0,1,0,0,0,1,0,0,0,0,0,1,0
128532,0035000002LQkn6AAD,0.0,0,7787.0,2922.0,0,0,0,1,0,0,1,0,0,0,0,1,1
128533,0035000002LQkrrAAD,0.0,10,1489.0,9278.0,0,1,0,0,0,1,0,0,0,0,0,1,1
128536,0035000002LQmOlAAL,0.0,90,807.0,4961.0,0,0,0,1,0,0,0,0,1,0,0,1,0
128538,0035000002LQnKcAAL,0.0,0,0.0,15477.0,0,0,0,1,0,0,1,0,0,0,1,0,0
128540,0035000002LQnKfAAL,0.0,0,0.0,4590.0,0,0,0,1,0,0,1,0,0,0,0,1,1
128544,0035000002LQnKjAAL,0.0,0,0.0,4230.0,1,0,0,0,0,0,1,0,0,0,0,1,0
128547,0035000002LQnKmAAL,0.0,0,0.0,1453.0,0,0,0,1,0,0,1,0,0,0,0,1,1
128549,0035000002LQnKoAAL,0.0,0,0.0,12654.0,0,0,0,0,1,0,1,0,0,0,1,0,0
128551,0035000002LQnKqAAL,0.0,0,0.0,7536.0,0,0,0,1,0,0,1,0,0,0,0,1,0
128553,0035000002LQnKsAAL,0.0,0,0.0,3492.0,0,0,0,0,1,0,1,0,0,0,1,0,1
128568,0035000002LQqqTAAT,0.0,0,0.0,1425.0,1,0,0,0,0,0,1,0,0,0,0,1,0
128571,0035000002LQsiZAAT,0.0,0,1236.0,5322.0,1,0,0,0,0,0,1,0,0,0,0,1,1
128572,0035000002LQtAJAA1,0.0,40,4041.0,2246.0,1,0,0,0,0,0,1,0,0,0,0,1,1
128578,0035000002LQuowAAD,0.0,80,580.0,7335.0,0,0,0,0,1,0,0,0,0,1,0,1,0
128580,0035000002LQv7FAAT,0.0,0,18.0,2883.0,0,1,0,0,0,0,1,0,0,0,1,0,0
128583,0035000002LQvWtAAL,0.0,20,277.0,7043.0,0,1,0,0,0,1,0,0,0,0,0,1,1
128584,0035000002LQvXDAA1,0.0,0,1013.0,2117.0,0,0,0,0,1,0,0,0,1,0,0,1,1
128585,0035000002LQvYLAA1,0.0,0,0.0,7085.0,0,0,0,1,0,0,1,0,0,0,0,1,1
128586,0035000002LQvj9AAD,0.0,0,1087.0,2061.0,1,0,0,0,0,0,1,0,0,0,0,1,1
128590,0035000002LQy5gAAD,0.0,0,1986.0,2921.0,0,1,0,0,0,0,1,0,0,0,0,1,0
128594,0035000002LR2eXAAT,0.0,0,319.0,2508.0,0,0,0,1,0,0,1,0,0,0,0,1,1
128601,0035000002LR4aBAAT,0.0,0,48.0,2223.0,0,0,0,1,0,0,1,0,0,0,0,1,0
128603,0035000002LR6xjAAD,0.0,0,1973.0,8516.0,0,0,0,1,0,0,1,0,0,0,0,1,1
128604,0035000002LR7DwAAL,0.0,60,3416.0,2101.0,0,1,0,0,0,0,0,0,0,1,0,1,1
128613,0035000002LRBF1AAP,0.0,0,3036.0,2191.0,0,1,0,0,0,0,1,0,0,0,0,1,0
128615,0035000002LRCXLAA5,0.0,0,0.0,2921.0,0,0,0,1,0,0,0,0,0,1,0,1,1
128616,0035000002LRD1VAAX,0.0,0,1084.0,2089.0,0,0,0,1,0,0,0,0,0,1,0,1,0
128617,0035000002LRDUSAA5,0.0,60,4547.0,3936.0,0,1,0,0,0,0,1,0,0,0,0,1,0
128619,0035000002LRDgkAAH,0.0,0,2462.0,1430.0,0,1,0,0,0,0,0,0,1,0,0,1,1
128622,0035000002LREiDAAX,0.0,0,338.0,2250.0,0,1,0,0,0,0,1,0,0,0,0,1,1
128624,0035000002LRFA2AAP,0.0,0,4999.0,2778.0,0,1,0,0,0,0,0,1,0,0,0,1,1
128631,0035000002LRHtKAAX,0.0,0,759.0,1946.0,0,1,0,0,0,0,0,0,1,0,0,1,1
128632,0035000002LRIFaAAP,0.0,20,4215.0,2630.0,0,0,0,0,1,1,0,0,0,0,1,0,1
128635,0035000002LRKgJAAX,0.0,0,957.0,2191.0,0,0,0,0,1,0,1,0,0,0,0,1,1
128636,0035000002LRKqXAAX,0.0,70,1202.0,1290.0,0,0,0,1,0,0,1,0,0,0,1,0,0
128638,0035000002LRKyhAAH,0.0,80,2696.0,4275.0,0,0,0,1,0,0,0,0,1,0,0,1,1
128643,0035000002LRM76AAH,0.0,80,122.0,2402.0,0,0,0,1,0,0,0,0,1,0,0,1,1
128644,0035000002LRMF6AAP,0.0,0,0.0,3188.0,1,0,0,0,0,0,0,0,0,1,0,1,1
128646,0035000002LRMnXAAX,0.0,0,11206.0,1461.0,0,0,0,0,1,0,1,0,0,0,0,1,0
128649,0035000002LRNIkAAP,0.0,60,5180.0,9687.0,0,0,0,1,0,0,1,0,0,0,1,0,1
128652,0035000002LRNRDAA5,0.0,0,2752.0,1461.0,0,1,0,0,0,0,1,0,0,0,0,1,1
128653,0035000002LRNVyAAP,0.0,40,1369.0,2922.0,0,0,0,1,0,0,0,0,1,0,0,1,0
128654,0035000002LRNsxAAH,0.0,0,2039.0,2623.0,0,0,0,0,1,0,0,0,1,0,0,1,1
128656,0035000002LROM4AAP,0.0,40,4234.0,4565.0,0,0,0,1,0,0,0,0,1,0,0,1,0
128661,0035000002LRQfEAAX,0.0,0,8093.0,1856.0,0,0,0,1,0,0,0,0,1,0,0,1,1
128664,0035000002LRSOGAA5,0.0,0,272.0,7942.0,0,0,0,0,1,0,1,0,0,0,1,0,1
128665,0035000002LRU1aAAH,0.0,80,927.0,1997.0,0,0,0,1,0,0,1,0,0,0,1,0,0
128666,0035000002LRUlUAAX,0.0,0,352.0,2938.0,0,0,0,1,0,0,0,0,1,0,0,1,0
128667,0035000002LRV2hAAH,0.0,0,1076.0,3140.0,0,1,0,0,0,0,1,0,0,0,0,1,1
128668,0035000002LRVieAAH,0.0,100,750.0,4117.0,0,0,0,1,0,0,0,0,1,0,0,1,1
128669,0035000002LRWSpAAP,0.0,0,3959.0,1456.0,0,1,0,0,0,1,0,0,0,0,0,1,1
128670,0035000002LRXxoAAH,0.0,0,278.0,2243.0,0,0,0,1,0,1,0,0,0,0,1,0,1
128671,0035000002LRY2oAAH,0.0,0,379.0,7103.0,0,0,0,1,0,0,0,1,0,0,0,1,1
128673,0035000002LRYMtAAP,0.0,0,2251.0,1228.0,0,0,0,1,0,0,1,0,0,0,0,1,0
128674,0035000002LRYVKAA5,0.0,100,71.0,1042.0,0,0,0,1,0,0,1,0,0,0,0,1,1
128678,0035000002LRZ6uAAH,0.0,90,2397.0,505.0,0,0,0,1,0,0,1,0,0,0,0,1,0
128681,0035000002LRZQwAAP,0.0,0,291.0,2554.0,0,0,0,1,0,0,0,0,0,1,0,1,0
128682,0035000002LRZV1AAP,0.0,0,258.0,3664.0,0,0,0,1,0,0,0,0,1,0,0,1,1
128684,0035000002LRa2cAAD,0.0,0,1352.0,2855.0,0,0,0,1,0,0,1,0,0,0,0,1,0
128685,0035000002LRarxAAD,0.0,0,8740.0,3759.0,0,0,0,1,0,1,0,0,0,0,0,1,1
128686,0035000002LRbAWAA1,0.0,0,355.0,2172.0,1,0,0,0,0,0,0,0,1,0,0,1,1
128688,0035000002LRbmpAAD,0.0,0,215.0,1577.0,1,0,0,0,0,0,1,0,0,0,0,1,0
128689,0035000002LRc03AAD,0.0,0,2890.0,2821.0,0,0,0,0,1,0,1,0,0,0,1,0,0
128691,0035000002LRcZSAA1,0.0,100,728.0,2545.0,0,1,0,0,0,0,1,0,0,0,0,1,0
128695,0035000002LRdumAAD,0.0,100,0.0,2243.0,1,0,0,0,0,0,1,0,0,0,0,1,0
128699,0035000002LRfA6AAL,0.0,50,4639.0,1181.0,0,0,0,0,1,0,1,0,0,0,1,0,1
128701,0035000002LRfRWAA1,0.0,0,695.0,2191.0,0,0,0,1,0,1,0,0,0,0,1,0,1
128704,0035000002LRg5MAAT,0.0,0,443.0,2922.0,0,1,0,0,0,0,1,0,0,0,0,1,1
128705,0035000002LRhdJAAT,0.0,0,908.0,2095.0,0,0,0,1,0,0,1,0,0,0,1,0,1
128706,0035000002LRhvDAAT,0.0,0,1333.0,8496.0,0,1,0,0,0,0,0,0,0,1,0,1,1
128707,0035000002LRiaaAAD,0.0,10,1344.0,1734.0,0,1,0,0,0,0,0,0,0,1,0,1,1
128708,0035000002LRixjAAD,0.0,10,1.0,1827.0,0,0,0,1,0,1,0,0,0,0,1,0,1
128710,0035000002LRjyXAAT,0.0,80,734.0,3042.0,1,0,0,0,0,1,0,0,0,0,0,1,1
128712,0035000002LRkG7AAL,0.0,0,2828.0,1460.0,1,0,0,0,0,0,0,0,1,0,0,1,1
128713,0035000002LRkZsAAL,0.0,0,160.0,841.0,0,0,0,1,0,0,0,0,0,1,0,1,0
128715,0035000002LRkwbAAD,0.0,80,113.0,1100.0,0,0,0,1,0,0,1,0,0,0,0,1,0
128716,0035000002LRl2AAAT,0.0,70,876.0,4040.0,1,0,0,0,0,0,0,0,0,1,0,1,0
128719,0035000002LRlZMAA1,0.0,0,97.0,1705.0,0,0,0,1,0,0,1,0,0,0,0,1,0
128731,0035000002LRqPzAAL,0.0,0,0.0,8177.0,1,0,0,0,0,0,1,0,0,0,0,1,1
128735,0035000002LRqQ3AAL,0.0,0,1185.0,8584.0,0,0,0,0,1,0,0,0,0,1,1,0,1
128739,0035000002LRqQ8AAL,0.0,0,115.0,7255.0,0,0,0,1,0,0,1,0,0,0,1,0,0
128742,0035000002LRqmHAAT,0.0,0,1611.0,2190.0,0,0,0,1,0,0,0,0,0,1,0,1,1
128743,0035000002LRr3DAAT,0.0,0,5.0,2925.0,0,0,0,1,0,0,1,0,0,0,0,1,0
128750,0035000002LRrNcAAL,0.0,0,8.0,2869.0,1,0,0,0,0,1,0,0,0,0,1,0,0
128755,0035000002LRrRPAA1,0.0,20,1369.0,1466.0,0,0,0,1,0,0,0,0,1,0,0,1,0
128757,0035000002LRrZOAA1,0.0,0,1999.0,1290.0,0,0,0,1,0,0,0,0,0,1,1,0,1
128763,0035000002LRssRAAT,0.0,0,0.0,5918.0,1,0,0,0,0,0,1,0,0,0,1,0,1
128767,0035000002LRu3gAAD,0.0,0,0.0,2699.0,0,0,0,1,0,0,0,0,1,0,0,1,1
128779,0035000002LRxnUAAT,0.0,0,0.0,4033.0,0,1,0,0,0,0,1,0,0,0,1,0,1
128780,0035000002LRxtwAAD,0.0,0,5070.0,532.0,0,0,0,1,0,0,1,0,0,0,0,1,1
128781,0035000002LRxxKAAT,0.0,90,1131.0,1460.0,0,1,0,0,0,0,0,0,1,0,0,1,1
128786,0035000002LRzwRAAT,0.0,0,3687.0,2527.0,0,1,0,0,0,0,0,0,0,1,0,1,1
128798,0035000002LS43PAAT,0.0,0,9834.0,1106.0,1,0,0,0,0,0,0,0,0,1,0,1,0
128802,0035000002LS4iJAAT,0.0,0,1686.0,1952.0,0,0,0,0,1,0,0,0,0,1,1,0,1
128809,0035000002LS791AAD,0.0,0,920.0,2621.0,0,0,0,0,1,1,0,0,0,0,0,1,1
128810,0035000002LS7e4AAD,0.0,0,1782.0,2221.0,0,0,0,1,0,0,1,0,0,0,0,1,0
128812,0035000002LS8c4AAD,0.0,0,1897.0,1708.0,0,0,0,1,0,0,0,0,1,0,0,1,0
128814,0035000002LS94ZAAT,0.0,0,1078.0,3946.0,1,0,0,0,0,0,0,0,0,1,0,1,0
128816,0035000002LSAClAAP,0.0,70,634.0,2790.0,0,0,0,1,0,0,0,0,1,0,0,1,1
128819,0035000002LSChPAAX,0.0,0,4315.0,2790.0,0,0,0,0,1,0,1,0,0,0,1,0,1
128820,0035000002LSCvvAAH,0.0,0,3542.0,1071.0,0,0,0,1,0,0,1,0,0,0,0,1,0
128827,0035000002LSGxeAAH,0.0,0,3215.0,2229.0,0,1,0,0,0,0,1,0,0,0,1,0,1
128830,0035000002LSIlzAAH,0.0,0,98.0,929.0,0,0,0,1,0,0,1,0,0,0,0,1,1
128835,0035000002LSLwRAAX,0.0,0,2988.0,2423.0,0,1,0,0,0,0,1,0,0,0,1,0,1
128836,0035000002LSM2AAAX,0.0,0,3508.0,1827.0,0,0,0,0,1,0,0,0,0,1,1,0,1
128838,0035000002LSMxBAAX,0.0,0,4255.0,7313.0,0,1,0,0,0,0,0,0,0,1,0,1,1
128850,0035000002NDeO6AAL,0.0,0,1213.0,1553.0,0,1,0,0,0,0,0,0,1,0,0,1,1
128851,0035000002NDeOuAAL,0.0,0,4164.0,1288.0,0,1,0,0,0,0,1,0,0,0,0,1,1
128853,0035000002NDexzAAD,0.0,50,0.0,4181.0,0,0,0,1,0,0,1,0,0,0,0,1,1
128854,0035000002NDez7AAD,0.0,0,1838.0,5502.0,0,0,0,0,1,0,1,0,0,0,1,0,1
128859,0035000002NDjQnAAL,0.0,0,6888.0,1218.0,0,0,0,1,0,1,0,0,0,0,1,0,0
128860,0035000002NDjTrAAL,0.0,0,3477.0,1460.0,1,0,0,0,0,0,1,0,0,0,0,1,1
128862,0035000002NDjhoAAD,0.0,0,0.0,7937.0,0,0,0,1,0,0,0,0,1,0,0,1,0
128868,0035000002NDlrMAAT,0.0,90,11.0,3155.0,0,0,0,1,0,0,1,0,0,0,0,1,1
128871,0035000002NDmeiAAD,0.0,70,3704.0,1462.0,0,0,0,1,0,0,0,0,1,0,0,1,1
128872,0035000002NDmjdAAD,0.0,0,256.0,1298.0,0,0,0,1,0,0,1,0,0,0,0,1,1
128876,0035000002NDnh4AAD,0.0,10,5467.0,4155.0,0,1,0,0,0,0,0,0,0,1,0,1,1
128877,0035000002NDnm4AAD,0.0,0,886.0,1298.0,1,0,0,0,0,0,1,0,0,0,0,1,1
128879,0035000002NDpQ4AAL,0.0,0,1299.0,2607.0,0,1,0,0,0,0,1,0,0,0,0,1,1
128880,0035000002NDpYrAAL,0.0,0,858.0,1215.0,0,0,0,1,0,0,1,0,0,0,0,1,0
128882,0035000002NDqSGAA1,0.0,0,288.0,2749.0,0,0,0,1,0,0,1,0,0,0,0,1,0
128884,0035000002NDrdEAAT,0.0,0,253.0,2942.0,1,0,0,0,0,0,1,0,0,0,0,1,1
128885,0035000002NDrpUAAT,0.0,0,161.0,2390.0,0,0,0,0,1,0,1,0,0,0,0,1,1
128886,0035000002NDrrpAAD,0.0,20,871.0,1887.0,0,0,0,1,0,0,0,0,1,0,0,1,1
128887,0035000002NDsvWAAT,0.0,30,1560.0,9941.0,0,1,0,0,0,0,0,0,0,1,0,1,1
128888,0035000002NDtDRAA1,0.0,0,2838.0,1461.0,0,0,0,1,0,0,0,0,1,0,0,1,0
128890,0035000002NDtdWAAT,0.0,0,1973.0,2192.0,1,0,0,0,0,0,0,1,0,0,0,1,1
128891,0035000002NDxqBAAT,0.0,0,98.0,2236.0,0,0,0,0,1,0,1,0,0,0,0,1,1
128892,0035000002NDy7gAAD,0.0,0,1279.0,1977.0,0,0,0,1,0,0,1,0,0,0,0,1,0
128894,0035000002NDzdrAAD,0.0,0,3.0,1419.0,0,0,0,1,0,0,0,0,1,0,0,1,1
128899,0035000002NE2cRAAT,0.0,0,38.0,3522.0,0,1,0,0,0,0,1,0,0,0,1,0,1
128904,0035000002NE41hAAD,0.0,20,680.0,6263.0,0,0,0,0,1,0,0,1,0,0,0,1,1
128906,0035000002NE4JCAA1,0.0,0,0.0,3682.0,0,0,0,1,0,0,1,0,0,0,0,1,1
128907,0035000002NE4ejAAD,0.0,0,0.0,7548.0,0,0,0,1,0,0,1,0,0,0,0,1,0
128909,0035000002NE4t0AAD,0.0,70,0.0,2065.0,0,0,0,1,0,0,1,0,0,0,0,1,0
128912,0035000002NE5j3AAD,0.0,0,1653.0,2830.0,0,0,0,0,1,0,1,0,0,0,1,0,0
128913,0035000002NE5q9AAD,0.0,0,0.0,7547.0,0,0,0,1,0,0,1,0,0,0,0,1,0
128915,0035000002NE5wMAAT,0.0,0,0.0,2466.0,0,0,0,1,0,0,1,0,0,0,0,1,1
128919,0035000002NE71IAAT,0.0,90,0.0,2646.0,1,0,0,0,0,0,1,0,0,0,0,1,0
128920,0035000002NE7AtAAL,0.0,0,4.0,731.0,0,0,0,1,0,0,1,0,0,0,0,1,1
128923,0035000002NE7U0AAL,0.0,0,0.0,1833.0,0,0,0,1,0,0,1,0,0,0,1,0,0
128924,0035000002NE7jeAAD,0.0,0,0.0,6324.0,0,0,0,1,0,0,1,0,0,0,1,0,1
128925,0035000002NE83hAAD,0.0,80,804.0,519.0,0,1,0,0,0,0,1,0,0,0,0,1,1
128926,0035000002NE8TpAAL,0.0,0,391.0,2191.0,0,0,0,1,0,0,1,0,0,0,0,1,0
128928,0035000002NE8WTAA1,0.0,0,3573.0,1826.0,0,1,0,0,0,0,0,0,1,0,0,1,1
128930,0035000002NE9BUAA1,0.0,0,3155.0,1887.0,1,0,0,0,0,0,0,0,1,0,0,1,1
128931,0035000002NE9CDAA1,0.0,0,0.0,1460.0,0,0,0,1,0,0,0,0,1,0,0,1,0
128933,0035000002NEGaSAAX,0.0,10,6220.0,7311.0,0,1,0,0,0,0,1,0,0,0,0,1,0
128934,0035000002NENGLAA5,0.0,0,536.0,1491.0,0,0,0,1,0,0,0,0,0,1,0,1,0
128936,0035000002NEiZjAAL,0.0,0,137.0,2125.0,0,1,0,0,0,0,1,0,0,0,0,1,1
128940,0035000002NEyxXAAT,0.0,10,1784.0,7327.0,0,0,0,0,1,0,0,0,0,1,0,1,1
128945,0035000002NF1fxAAD,0.0,80,524.0,7333.0,0,0,0,1,0,0,0,0,1,0,0,1,1
128950,0035000002NF26rAAD,0.0,0,0.0,2794.0,0,0,0,1,0,0,0,0,1,0,1,0,0
128958,0035000002NF309AAD,0.0,0,0.0,8401.0,0,0,0,1,0,0,1,0,0,0,0,1,1
128962,0035000002NF30DAAT,0.0,0,0.0,7158.0,0,0,0,1,0,0,1,0,0,0,0,1,0
128963,0035000002NF30EAAT,0.0,0,0.0,3071.0,1,0,0,0,0,0,1,0,0,0,1,0,0
128964,0035000002NF30FAAT,0.0,0,0.0,4362.0,0,0,0,1,0,0,1,0,0,0,0,1,1
128965,0035000002NF30GAAT,0.0,0,0.0,2400.0,0,0,0,1,0,0,1,0,0,0,0,1,1
128966,0035000002NF30HAAT,0.0,0,0.0,4296.0,1,0,0,0,0,0,1,0,0,0,0,1,0
128967,0035000002NF30IAAT,0.0,0,0.0,3542.0,0,1,0,0,0,0,1,0,0,0,1,0,1
128979,0035000002NF7QfAAL,0.0,0,0.0,9496.0,0,0,0,0,1,0,1,0,0,0,0,1,0
128984,0035000002NF9EpAAL,0.0,0,2997.0,2357.0,1,0,0,0,0,0,0,0,0,1,1,0,1
128985,0035000002NF9PsAAL,0.0,30,14508.0,516.0,0,0,0,0,1,0,0,0,0,1,0,1,1
128989,0035000002NFBATAA5,0.0,0,11461.0,1099.0,0,0,0,1,0,0,0,0,0,1,0,1,1
128993,0035000002NFETvAAP,0.0,30,171.0,5269.0,0,0,0,1,0,0,1,0,0,0,1,0,0
128996,0035000002NFPfxAAH,0.0,0,114.0,9239.0,0,0,0,0,1,0,0,0,0,1,0,1,0
128997,0035000002NFQ8pAAH,0.0,0,10647.0,2962.0,0,0,0,0,1,0,1,0,0,0,1,0,1
128999,0035000002NFQLjAAP,0.0,0,73.0,1460.0,0,0,0,1,0,0,0,0,1,0,0,1,0
129001,0035000002NFQkbAAH,0.0,0,25.0,1258.0,1,0,0,0,0,0,1,0,0,0,0,1,1
129003,0035000002NFQmDAAX,0.0,90,1845.0,2664.0,1,0,0,0,0,0,1,0,0,0,0,1,1
129005,0035000002NFQtJAAX,0.0,0,1272.0,1160.0,0,0,0,0,1,1,0,0,0,0,1,0,1
129006,0035000002NFZbtAAH,0.0,0,52.0,4504.0,1,0,0,0,0,0,0,0,0,1,1,0,0
129012,0035000002NFbz8AAD,0.0,0,0.0,5260.0,0,0,0,0,1,1,0,0,0,0,1,0,1
129021,0035000002NFdc4AAD,0.0,0,19.0,7767.0,0,0,0,0,1,0,0,0,0,1,0,1,1
129023,0035000002NFdzvAAD,0.0,50,667.0,4023.0,1,0,0,0,0,0,1,0,0,0,1,0,1
129025,0035000002NFecEAAT,0.0,0,240.0,7542.0,0,1,0,0,0,0,1,0,0,0,0,1,1
129026,0035000002NFf0uAAD,0.0,0,4823.0,3504.0,0,0,0,1,0,0,1,0,0,0,0,1,0
129028,0035000002NFfkOAAT,0.0,0,178.0,6820.0,0,0,0,0,1,0,1,0,0,0,0,1,1
129029,0035000002NFg1tAAD,0.0,20,1388.0,2081.0,0,1,0,0,0,0,1,0,0,0,1,0,1
129031,0035000002NFh6OAAT,0.0,70,1333.0,9559.0,0,0,0,0,1,0,1,0,0,0,0,1,1
129038,0035000002NFig3AAD,0.0,50,723.0,1378.0,1,0,0,0,0,0,0,0,1,0,0,1,0
129040,0035000002NFiqmAAD,0.0,0,5.0,8702.0,0,1,0,0,0,0,0,0,0,1,0,1,0
129041,0035000002NFirkAAD,0.0,0,6513.0,1462.0,0,0,0,0,1,0,0,0,0,1,0,1,0
129044,0035000002NFktYAAT,0.0,0,0.0,7327.0,0,0,0,1,0,0,0,0,1,0,0,1,1
129045,0035000002NFkwSAAT,0.0,0,3200.0,2920.0,0,0,0,1,0,0,0,0,0,1,1,0,1
129049,0035000002NFlPrAAL,0.0,80,829.0,9133.0,0,0,0,1,0,0,1,0,0,0,0,1,0
129059,0035000002NFreSAAT,0.0,80,1663.0,2922.0,0,0,0,0,1,0,1,0,0,0,1,0,1
129064,0035000002NFtRVAA1,0.0,70,668.0,1852.0,0,1,0,0,0,0,1,0,0,0,1,0,0
129065,0035000002NFtWQAA1,0.0,90,818.0,5113.0,1,0,0,0,0,0,0,0,0,1,0,1,1
129067,0035000002NFuFBAA1,0.0,0,267.0,2190.0,0,1,0,0,0,1,0,0,0,0,0,1,1
129070,0035000002NFvCaAAL,0.0,0,2019.0,1825.0,1,0,0,0,0,0,1,0,0,0,0,1,1
129072,0035000002NFwMoAAL,0.0,0,5615.0,1461.0,0,0,0,0,1,0,1,0,0,0,0,1,1
129073,0035000002NFwRVAA1,0.0,0,147.0,3878.0,1,0,0,0,0,0,0,0,1,0,1,0,1
129076,0035000002NFzrFAAT,0.0,70,1728.0,1825.0,1,0,0,0,0,0,1,0,0,0,0,1,1
129080,0035000002NG00OAAT,0.0,0,0.0,3032.0,0,0,0,1,0,0,1,0,0,0,1,0,1
129093,0035000002NG4AUAA1,0.0,0,40.0,1825.0,0,0,0,1,0,0,0,0,1,0,0,1,0
129094,0035000002NG5aJAAT,0.0,0,0.0,7372.0,0,1,0,0,0,0,0,0,1,0,0,1,1
129095,0035000002NG7BVAA1,0.0,40,2940.0,4322.0,0,0,0,1,0,1,0,0,0,0,0,1,1
129097,0035000002NG9umAAD,0.0,0,550.0,1640.0,0,1,0,0,0,0,1,0,0,0,0,1,0
129098,0035000002NGAyTAAX,0.0,0,231.0,4489.0,1,0,0,0,0,0,0,0,1,0,0,1,1
129099,0035000002NGBYTAA5,0.0,10,2381.0,2393.0,0,1,0,0,0,0,1,0,0,0,1,0,1
129100,0035000002NGBzHAAX,0.0,0,61.0,5905.0,0,0,0,1,0,0,1,0,0,0,0,1,1
129103,0035000002NGEwVAAX,0.0,0,6141.0,1393.0,0,0,0,1,0,0,1,0,0,0,1,0,1
129104,0035000002NGF6GAAX,0.0,0,839.0,2736.0,0,0,0,0,1,0,0,0,0,1,0,1,1
129107,0035000002NGGHVAA5,0.0,0,47.0,5284.0,0,0,0,0,1,0,1,0,0,0,0,1,0
129111,0035000002NGHZJAA5,0.0,0,468.0,681.0,0,0,0,1,0,1,0,0,0,0,0,1,1
129112,0035000002NGHivAAH,0.0,0,0.0,6491.0,0,1,0,0,0,0,1,0,0,0,0,1,1
129113,0035000002NGHjFAAX,0.0,0,682.0,1825.0,1,0,0,0,0,0,0,0,1,0,0,1,0
129116,0035000002NGI98AAH,0.0,0,390.0,1292.0,0,0,0,1,0,0,1,0,0,0,0,1,1
129118,0035000002NGIErAAP,0.0,80,1387.0,8577.0,1,0,0,0,0,0,1,0,0,0,0,1,1
129119,0035000002NGIGTAA5,0.0,0,1152.0,2132.0,0,0,0,0,1,0,0,0,1,0,0,1,0
129124,0035000002NGJeeAAH,0.0,0,9969.0,1006.0,0,0,0,1,0,0,0,0,0,1,1,0,0
129126,0035000002NGLBzAAP,0.0,0,628.0,3017.0,0,0,0,0,1,0,1,0,0,0,0,1,1
129130,0035000002NGM4LAAX,0.0,0,106.0,6485.0,0,0,0,0,1,0,1,0,0,0,0,1,1
129132,0035000002NGMRWAA5,0.0,0,0.0,9189.0,0,0,0,0,1,0,1,0,0,0,0,1,0
129150,0035000002NGQVUAA5,0.0,70,1463.0,11057.0,1,0,0,0,0,1,0,0,0,0,0,1,0
129152,0035000002NGRqfAAH,0.0,0,8329.0,1095.0,0,1,0,0,0,0,1,0,0,0,0,1,1
129157,0035000002NGU5GAAX,0.0,0,447.0,3782.0,1,0,0,0,0,0,1,0,0,0,0,1,1
129158,0035000002NGUryAAH,0.0,40,3580.0,1553.0,0,0,0,1,0,0,1,0,0,0,0,1,1
129159,0035000002NGV4sAAH,0.0,70,724.0,4969.0,0,0,0,1,0,0,1,0,0,0,0,1,0
129160,0035000002NGVDuAAP,0.0,0,176.0,3003.0,0,0,0,1,0,0,1,0,0,0,0,1,1
129168,0035000002NGYgFAAX,0.0,90,1374.0,2849.0,0,1,0,0,0,0,1,0,0,0,0,1,1
129170,0035000002NGZxCAAX,0.0,0,171.0,5529.0,0,0,0,1,0,1,0,0,0,0,1,0,1
129171,0035000002NGajuAAD,0.0,0,0.0,3683.0,0,0,0,1,0,0,1,0,0,0,0,1,0
129172,0035000002NGajvAAD,0.0,100,0.0,4781.0,1,0,0,0,0,0,1,0,0,0,1,0,0
129173,0035000002NGajwAAD,0.0,0,0.0,6749.0,0,0,0,1,0,0,1,0,0,0,0,1,0
129177,0035000002NGak0AAD,0.0,0,0.0,7628.0,0,0,0,1,0,0,1,0,0,0,0,1,0
129179,0035000002NGak2AAD,0.0,0,0.0,4683.0,0,0,0,1,0,0,1,0,0,0,0,1,0
129182,0035000002NGctTAAT,0.0,20,2833.0,1382.0,0,1,0,0,0,0,1,0,0,0,0,1,1
129183,0035000002NGdAKAA1,0.0,0,63.0,1461.0,0,1,0,0,0,0,0,0,1,0,0,1,1
129200,0035000002NGjMoAAL,0.0,0,0.0,3397.0,0,1,0,0,0,0,0,0,0,1,0,1,1
129201,0035000002NGjQ2AAL,0.0,0,19.0,7268.0,0,0,0,1,0,0,0,0,1,0,0,1,1
129233,0035000002NGruoAAD,0.0,0,2582.0,7735.0,0,0,0,0,1,1,0,0,0,0,1,0,1
129241,0035000002NGvOJAA1,0.0,70,56.0,1844.0,1,0,0,0,0,0,0,0,1,0,0,1,1
129258,0035000002NH0a8AAD,0.0,0,0.0,6405.0,0,0,0,1,0,0,1,0,0,0,0,1,1
129259,0035000002NH1kIAAT,0.0,0,247.0,2240.0,0,0,0,1,0,0,1,0,0,0,1,0,0
129272,0035000002NH3aWAAT,0.0,0,20.0,6512.0,0,0,0,0,1,0,1,0,0,0,0,1,1
129273,0035000002NH3aXAAT,0.0,0,1221.0,1826.0,0,0,0,1,0,0,1,0,0,0,0,1,1
129274,0035000002NH3aYAAT,0.0,0,0.0,4137.0,0,0,0,1,0,0,1,0,0,0,0,1,1
129275,0035000002NH3aZAAT,0.0,0,543.0,4405.0,0,0,0,1,0,1,0,0,0,0,1,0,0
129286,0035000002NH5WOAA1,0.0,10,1404.0,1537.0,0,1,0,0,0,0,1,0,0,0,1,0,1
129292,0035000002NH7EjAAL,0.0,20,1292.0,1492.0,0,1,0,0,0,0,1,0,0,0,0,1,1
129294,0035000002NH8CsAAL,0.0,40,207.0,8411.0,0,1,0,0,0,1,0,0,0,0,0,1,1
129299,0035000002NH96EAAT,0.0,0,222.0,3287.0,0,0,0,1,0,0,1,0,0,0,0,1,0
129308,0035000002NHD65AAH,0.0,50,939.0,8442.0,0,1,0,0,0,0,1,0,0,0,0,1,1
129309,0035000002NHDypAAH,0.0,0,52.0,2420.0,0,0,0,1,0,0,1,0,0,0,0,1,1
129310,0035000002NHE6oAAH,0.0,10,7535.0,5821.0,0,0,0,1,0,0,1,0,0,0,0,1,0
129313,0035000002NHFJYAA5,0.0,0,0.0,11325.0,0,0,0,1,0,0,1,0,0,0,0,1,0
129333,0035000002NHRFwAAP,0.0,0,289.0,3183.0,0,0,0,1,0,0,1,0,0,0,0,1,0
129337,0035000002NHT75AAH,0.0,0,1452.0,1826.0,0,0,0,1,0,0,0,0,1,0,0,1,1
129355,0035000002NHVfqAAH,0.0,70,1800.0,1745.0,0,1,0,0,0,0,1,0,0,0,0,1,0
129374,0035000002NHYVIAA5,0.0,0,124.0,7316.0,0,1,0,0,0,1,0,0,0,0,0,1,1
129376,0035000002NHYXJAA5,0.0,0,0.0,5593.0,0,1,0,0,0,0,1,0,0,0,0,1,1
129377,0035000002NHYamAAH,0.0,80,5771.0,1461.0,0,1,0,0,0,0,0,0,1,0,0,1,0
129378,0035000002NHYbBAAX,0.0,0,1368.0,1460.0,1,0,0,0,0,0,0,0,0,1,0,1,1
129381,0035000002NHYbpAAH,0.0,0,2277.0,4038.0,0,0,0,1,0,0,0,0,0,1,0,1,0
129384,0035000002NHYc9AAH,0.0,40,2451.0,7502.0,0,0,0,1,0,0,1,0,0,0,0,1,0
129391,0035000002NHYd2AAH,0.0,60,1198.0,2889.0,0,0,0,1,0,1,0,0,0,0,0,1,1
129397,0035000002NHYhYAAX,0.0,0,1767.0,1461.0,0,0,0,1,0,0,0,0,1,0,0,1,1
129399,0035000002NHYlYAAX,0.0,0,928.0,2669.0,0,0,0,1,0,0,0,0,0,1,0,1,1
129401,0035000002NHYy5AAH,0.0,0,3515.0,731.0,0,0,0,1,0,0,1,0,0,0,0,1,0
129408,0035000002NHcKwAAL,0.0,0,0.0,2474.0,1,0,0,0,0,1,0,0,0,0,0,1,1
129410,0035000002NHccWAAT,0.0,50,1400.0,1387.0,0,1,0,0,0,0,0,0,1,0,0,1,1
129429,0035000002NHh5oAAD,0.0,80,55.0,3146.0,0,1,0,0,0,0,1,0,0,0,0,1,1
129433,0035000002NHkKfAAL,0.0,0,1705.0,8794.0,0,0,0,0,1,0,1,0,0,0,0,1,0
129437,0035000002NHmHPAA1,0.0,30,1009.0,3645.0,1,0,0,0,0,1,0,0,0,0,0,1,1
129444,0035000002NHnx3AAD,0.0,10,1303.0,2911.0,0,0,0,1,0,0,0,0,0,1,0,1,1
129448,0035000002NHpXpAAL,0.0,0,7264.0,1400.0,0,0,0,1,0,0,1,0,0,0,0,1,0
129450,0035000002NHprjAAD,0.0,100,4071.0,2788.0,0,0,0,0,1,1,0,0,0,0,1,0,0
129457,0035000002OVOPVAA5,0.0,0,122.0,9587.0,0,0,0,0,1,0,0,0,1,0,0,1,1
129467,0035000002OVPvKAAX,0.0,10,2263.0,1700.0,0,0,0,1,0,0,0,0,1,0,0,1,1
129469,0035000002OVQWZAA5,0.0,0,62.0,7937.0,0,1,0,0,0,0,1,0,0,0,0,1,1
129471,0035000002OVRZ4AAP,0.0,60,521.0,1461.0,0,0,0,1,0,0,1,0,0,0,0,1,1
129487,0035000002OVUBNAA5,0.0,100,753.0,1096.0,0,1,0,0,0,0,1,0,0,0,0,1,1
129488,0035000002OVUbwAAH,0.0,0,1.0,9048.0,0,1,0,0,0,0,0,0,0,1,0,1,1
129490,0035000002OVUpdAAH,0.0,0,92.0,8246.0,0,1,0,0,0,0,1,0,0,0,1,0,0
129499,0035000002OVVybAAH,0.0,0,106.0,9084.0,0,1,0,0,0,0,1,0,0,0,1,0,1
129501,0035000002OVX5KAAX,0.0,0,726.0,2872.0,0,1,0,0,0,0,1,0,0,0,1,0,1
129502,0035000002OVXQRAA5,0.0,0,1649.0,1554.0,0,1,0,0,0,0,0,0,0,1,0,1,1
129503,0035000002OVXTuAAP,0.0,0,0.0,9502.0,1,0,0,0,0,0,1,0,0,0,0,1,0
129506,0035000002OVbvEAAT,0.0,0,906.0,4121.0,0,0,0,1,0,0,1,0,0,0,0,1,1
129514,0035000002OVe5zAAD,0.0,0,61.0,2979.0,0,1,0,0,0,0,1,0,0,0,0,1,1
129519,0035000002OVhlhAAD,0.0,0,0.0,8662.0,1,0,0,0,0,0,1,0,0,0,0,1,1
129523,0035000002OVm0KAAT,0.0,0,967.0,1826.0,1,0,0,0,0,0,0,0,0,1,0,1,1
129527,0035000002OVmb3AAD,0.0,0,8712.0,1461.0,0,0,0,1,0,0,0,0,1,0,0,1,0
129530,0035000002OVnKwAAL,0.0,0,0.0,1462.0,0,1,0,0,0,0,1,0,0,0,0,1,1
129535,0035000002OVq1pAAD,0.0,100,71.0,3174.0,0,0,0,1,0,0,1,0,0,0,1,0,1
129549,0035000002OVu1FAAT,0.0,0,3652.0,3934.0,0,0,0,1,0,0,1,0,0,0,0,1,1
129551,0035000002OVuXIAA1,0.0,90,994.0,6193.0,0,1,0,0,0,1,0,0,0,0,0,1,1
129554,0035000002OVwceAAD,0.0,0,2034.0,1460.0,0,1,0,0,0,0,0,0,1,0,0,1,0
129561,0035000002OVy9IAAT,0.0,80,0.0,6665.0,0,1,0,0,0,0,1,0,0,0,0,1,1
129563,0035000002OVyGiAAL,0.0,90,1103.0,2191.0,0,0,0,1,0,0,0,0,1,0,0,1,0
129565,0035000002OVyblAAD,0.0,0,981.0,1826.0,0,1,0,0,0,0,0,0,1,0,1,0,1
129570,0035000002OW1JLAA1,0.0,30,2406.0,1460.0,1,0,0,0,0,0,0,0,1,0,0,1,1
129573,0035000002OW465AAD,0.0,40,1787.0,5000.0,0,0,0,1,0,0,1,0,0,0,0,1,1
129578,0035000002OW57xAAD,0.0,0,196.0,1460.0,0,0,0,1,0,0,0,0,0,1,0,1,1
129579,0035000002OW5ADAA1,0.0,70,1715.0,2299.0,0,0,0,1,0,0,0,0,0,1,0,1,1
129585,0035000002OW5fKAAT,0.0,50,2733.0,1863.0,1,0,0,0,0,0,1,0,0,0,1,0,1
129586,0035000002OW5kPAAT,0.0,0,108.0,1256.0,0,0,0,1,0,0,1,0,0,0,0,1,1
129591,0035000002OW6pgAAD,0.0,0,40.0,5752.0,0,0,0,0,1,0,1,0,0,0,0,1,1
129597,0035000002OW7z1AAD,0.0,40,517.0,8382.0,0,1,0,0,0,0,1,0,0,0,0,1,1
129598,0035000002OW8IIAA1,0.0,0,3.0,3916.0,0,0,0,0,1,0,1,0,0,0,0,1,1
129600,0035000002OWAANAA5,0.0,0,7070.0,7252.0,1,0,0,0,0,0,0,0,0,1,0,1,1
129603,0035000002OWBqBAAX,0.0,0,40.0,10502.0,0,0,0,0,1,0,1,0,0,0,0,1,1
129610,0035000002OWDsNAAX,0.0,40,878.0,1152.0,1,0,0,0,0,0,1,0,0,0,0,1,1
129614,0035000002OWEJTAA5,0.0,100,891.0,9902.0,0,1,0,0,0,1,0,0,0,0,0,1,0
129615,0035000002OWELKAA5,0.0,70,726.0,4606.0,0,0,0,1,0,0,1,0,0,0,0,1,1
129622,0035000002OWGETAA5,0.0,0,112.0,5025.0,0,0,0,0,1,0,1,0,0,0,0,1,1
129629,0035000002OWIqhAAH,0.0,90,220.0,8795.0,1,0,0,0,0,0,1,0,0,0,0,1,1
129632,0035000002OWJsFAAX,0.0,0,1950.0,1460.0,0,1,0,0,0,1,0,0,0,0,0,1,1
129635,0035000002OWKAJAA5,0.0,0,354.0,4382.0,0,1,0,0,0,0,1,0,0,0,0,1,1
129638,0035000002OWKXEAA5,0.0,40,285.0,2129.0,0,0,0,1,0,1,0,0,0,0,0,1,1
129644,0035000002OWMg5AAH,0.0,40,211.0,3841.0,0,0,0,1,0,0,1,0,0,0,0,1,1
129645,0035000002OWNaEAAX,0.0,70,251.0,897.0,0,0,0,1,0,0,0,0,1,0,1,0,0
129663,0035000002OWRk6AAH,0.0,0,0.0,7977.0,0,0,0,1,0,1,0,0,0,0,0,1,1
129667,0035000002OWT5PAAX,0.0,0,2910.0,1909.0,1,0,0,0,0,0,1,0,0,0,1,0,0
129671,0035000002OWTXnAAP,0.0,0,2565.0,1462.0,1,0,0,0,0,0,0,0,0,1,0,1,1
129672,0035000002OWTk8AAH,0.0,0,0.0,8320.0,0,1,0,0,0,0,0,0,0,1,0,1,0
129673,0035000002OWTlpAAH,0.0,0,8531.0,4819.0,0,0,0,0,1,1,0,0,0,0,1,0,1
129674,0035000002OWU2CAAX,0.0,0,33.0,7310.0,1,0,0,0,0,0,0,0,1,0,0,1,1
129680,0035000002OWVYJAA5,0.0,10,632.0,620.0,1,0,0,0,0,0,1,0,0,0,1,0,1
129682,0035000002OWW5mAAH,0.0,0,7039.0,2192.0,0,1,0,0,0,0,1,0,0,0,0,1,1
129684,0035000002OWWmMAAX,0.0,0,1636.0,5573.0,1,0,0,0,0,0,0,0,1,0,0,1,1
129688,0035000002OWYAjAAP,0.0,0,2499.0,1309.0,0,0,0,1,0,1,0,0,0,0,0,1,0
129697,0035000002OWZ9LAAX,0.0,0,516.0,2770.0,1,0,0,0,0,0,0,0,0,1,0,1,0
129702,0035000002OWdVKAA1,0.0,0,1951.0,2871.0,1,0,0,0,0,0,0,0,0,1,1,0,1
129703,0035000002OWds5AAD,0.0,0,102.0,1269.0,0,0,0,1,0,0,0,0,1,0,0,1,0
129726,0035000002OWusZAAT,0.0,0,0.0,7587.0,0,1,0,0,0,0,1,0,0,0,0,1,1
129728,0035000002OWwuFAAT,0.0,80,2534.0,7819.0,0,1,0,0,0,0,0,0,0,1,0,1,1
129730,0035000002OX1PKAA1,0.0,90,8.0,3190.0,1,0,0,0,0,0,1,0,0,0,1,0,1
129739,0035000002OXStwAAH,0.0,0,2844.0,1826.0,0,1,0,0,0,0,0,0,0,1,0,1,1
129745,0035000002OXX7yAAH,0.0,0,2442.0,7470.0,0,0,0,0,1,0,1,0,0,0,0,1,0
129754,0035000002OXeI7AAL,0.0,0,129.0,7116.0,0,0,0,0,1,0,0,0,1,0,0,1,0
129769,0035000002OXoeJAAT,0.0,0,937.0,562.0,0,0,0,1,0,0,0,0,0,1,0,1,0
129777,0035000002OYCcUAAX,0.0,0,7.0,7548.0,1,0,0,0,0,0,1,0,0,0,0,1,1
129779,0035000002OYEC6AAP,0.0,0,1703.0,1532.0,0,0,0,1,0,0,0,0,1,0,0,1,1
129790,0035000002OYUH8AAP,0.0,60,252.0,7313.0,0,0,0,1,0,1,0,0,0,0,0,1,1
129803,0035000002OZQlkAAH,0.0,100,2058.0,5671.0,0,0,0,0,1,1,0,0,0,0,0,1,1
129808,0035000002PS8B7AAL,0.0,0,623.0,3186.0,0,1,0,0,0,0,0,0,1,0,0,1,1
129811,0035000002PSWelAAH,0.0,60,1024.0,1096.0,0,0,0,1,0,0,1,0,0,0,0,1,0
129813,0035000002PSd6AAAT,0.0,60,1836.0,1461.0,0,1,0,0,0,0,0,0,1,0,0,1,1
129817,0035000002PSoINAA1,0.0,0,1081.0,2923.0,0,0,0,1,0,0,1,0,0,0,0,1,1
129818,0035000002PSqIJAA1,0.0,10,10392.0,7565.0,0,0,0,0,1,1,0,0,0,0,0,1,0
129827,0035000002PTKG7AAP,0.0,50,10.0,2693.0,0,0,0,1,0,0,0,0,1,0,0,1,1
129828,0035000002PTKnVAAX,0.0,10,2582.0,1238.0,0,0,0,1,0,0,1,0,0,0,0,1,0
129830,0035000002PTLdsAAH,0.0,10,7986.0,8772.0,0,1,0,0,0,1,0,0,0,0,0,1,0
129835,0035000002PTNuRAAX,0.0,0,9079.0,607.0,1,0,0,0,0,1,0,0,0,0,1,0,1
129837,0035000002PTOBHAA5,0.0,0,2386.0,1462.0,1,0,0,0,0,0,1,0,0,0,1,0,1
129842,0035000002PTOWcAAP,0.0,0,2.0,9466.0,0,0,0,1,0,0,1,0,0,0,0,1,1
129844,0035000002PTOWeAAP,0.0,0,0.0,9214.0,0,1,0,0,0,0,1,0,0,0,1,0,1
129845,0035000002PTOWfAAP,0.0,0,339.0,3965.0,0,0,0,0,1,0,0,0,1,0,0,1,1
129846,0035000002PTOWgAAP,0.0,0,0.0,8943.0,0,1,0,0,0,0,1,0,0,0,1,0,1
129853,0035000002PTQmhAAH,0.0,0,3921.0,6338.0,0,0,0,1,0,0,1,0,0,0,0,1,1
129856,0035000002PTSGEAA5,0.0,40,8487.0,4385.0,0,0,0,1,0,0,1,0,0,0,0,1,1
129858,0035000002PTSGGAA5,0.0,0,253.0,4281.0,0,0,0,0,1,1,0,0,0,0,0,1,1
129860,0035000002PTSGIAA5,0.0,0,0.0,1475.0,0,0,0,0,1,1,0,0,0,0,1,0,0
129863,0035000002PTSGLAA5,0.0,0,0.0,5225.0,0,1,0,0,0,0,1,0,0,0,0,1,1
129866,0035000002PTSGOAA5,0.0,0,0.0,6447.0,0,0,0,0,1,0,1,0,0,0,0,1,1
129873,0035000002PTVSCAA5,0.0,0,565.0,10957.0,0,1,0,0,0,0,0,1,0,0,0,1,1
129874,0035000002PTWK9AAP,0.0,100,304.0,1572.0,1,0,0,0,0,0,1,0,0,0,0,1,1
129890,0035000002PTcnIAAT,0.0,0,59.0,3970.0,0,0,0,0,1,0,0,0,0,1,0,1,1
129900,0035000002PTeczAAD,0.0,70,630.0,2933.0,0,0,0,1,0,0,0,0,1,0,0,1,0
129903,0035000002PTf8oAAD,0.0,10,1303.0,12444.0,0,1,0,0,0,0,1,0,0,0,0,1,1
129920,0035000002PTkbeAAD,0.0,0,43.0,2707.0,0,0,0,1,0,1,0,0,0,0,0,1,0
129929,0035000002PTlz8AAD,0.0,0,469.0,5035.0,0,0,0,1,0,0,0,0,0,1,0,1,1
129937,0035000002PUMzBAAX,0.0,0,0.0,7346.0,0,0,0,1,0,0,1,0,0,0,0,1,1
129940,0035000002PUMzEAAX,0.0,0,0.0,1491.0,0,0,0,1,0,0,0,0,1,0,0,1,1
129948,0035000002PUNb0AAH,0.0,0,0.0,7391.0,0,0,0,0,1,0,1,0,0,0,0,1,0
129953,0035000002PUPqdAAH,0.0,10,2604.0,2922.0,0,1,0,0,0,0,1,0,0,0,0,1,0
129955,0035000002PUQEWAA5,0.0,0,0.0,10614.0,1,0,0,0,0,0,1,0,0,0,0,1,0
129959,0035000002PUQEaAAP,0.0,0,0.0,9167.0,0,0,0,1,0,0,1,0,0,0,0,1,0
129961,0035000002PUQEcAAP,0.0,0,0.0,3837.0,0,0,0,1,0,0,1,0,0,0,0,1,0
129963,0035000002PUQEeAAP,0.0,0,0.0,5149.0,0,0,0,0,1,0,1,0,0,0,1,0,1
129967,0035000002PUQEiAAP,0.0,0,0.0,10044.0,0,0,0,1,0,0,1,0,0,0,0,1,1
129972,0035000002PUQEnAAP,0.0,0,0.0,4665.0,0,1,0,0,0,0,1,0,0,0,0,1,0
129977,0035000002PUS2dAAH,0.0,0,0.0,8160.0,0,0,0,1,0,0,1,0,0,0,0,1,1
129981,0035000002PUT7lAAH,0.0,70,1063.0,1145.0,0,0,0,0,1,0,1,0,0,0,0,1,1
129983,0035000002PUTONAA5,0.0,0,5897.0,1460.0,0,0,0,1,0,0,0,0,1,0,0,1,1
129985,0035000002PUUN1AAP,0.0,90,322.0,1247.0,1,0,0,0,0,0,1,0,0,0,0,1,1
129988,0035000002PUW4nAAH,0.0,10,1758.0,779.0,0,1,0,0,0,0,0,0,0,1,0,1,1
129990,0035000002PUXMNAA5,0.0,70,739.0,3391.0,0,0,0,1,0,0,1,0,0,0,0,1,1
129991,0035000002PUXOOAA5,0.0,100,170.0,8821.0,0,0,0,0,1,0,1,0,0,0,0,1,0
129993,0035000002PUXksAAH,0.0,80,629.0,2442.0,1,0,0,0,0,0,1,0,0,0,0,1,1
129998,0035000002PUZMzAAP,0.0,60,1908.0,2921.0,0,1,0,0,0,0,1,0,0,0,0,1,1
130005,0035000002PUg1hAAD,0.0,0,1475.0,3287.0,0,0,0,1,0,0,1,0,0,0,0,1,1
130006,0035000002PUgCaAAL,0.0,50,1109.0,1827.0,0,0,0,1,0,0,1,0,0,0,0,1,1
130015,0035000002PUh4KAAT,0.0,0,0.0,1814.0,0,1,0,0,0,0,1,0,0,0,0,1,1
130016,0035000002PUh7ZAAT,0.0,0,2113.0,1826.0,1,0,0,0,0,0,1,0,0,0,0,1,1
130027,0035000002PUmqUAAT,0.0,0,2241.0,1461.0,0,0,0,1,0,0,1,0,0,0,0,1,1
130029,0035000002PUn3YAAT,0.0,100,78.0,5685.0,1,0,0,0,0,0,1,0,0,0,0,1,1
130032,0035000002PUnLPAA1,0.0,0,1955.0,1524.0,0,1,0,0,0,1,0,0,0,0,0,1,1
130037,0035000002PUq7FAAT,0.0,0,6223.0,5886.0,0,0,0,0,1,0,0,0,0,1,0,1,1
130042,0035000002PUssMAAT,0.0,90,806.0,9732.0,0,0,0,1,0,0,1,0,0,0,0,1,1
130045,0035000002PUvQGAA1,0.0,10,129.0,5489.0,1,0,0,0,0,0,1,0,0,0,0,1,1
130046,0035000002PUvtrAAD,0.0,0,0.0,7585.0,1,0,0,0,0,0,1,0,0,0,0,1,0
130047,0035000002PUvxtAAD,0.0,70,3801.0,3176.0,0,0,0,0,1,0,1,0,0,0,0,1,0
130057,0035000002PV0gEAAT,0.0,0,0.0,8785.0,0,0,0,0,1,0,1,0,0,0,0,1,1
130059,0035000002PV1KFAA1,0.0,60,441.0,7322.0,0,0,0,1,0,0,0,0,0,1,0,1,1
130064,0035000002PV2QcAAL,0.0,0,2129.0,7921.0,0,1,0,0,0,0,1,0,0,0,0,1,0
130065,0035000002PV2VtAAL,0.0,0,257.0,3798.0,0,1,0,0,0,0,1,0,0,0,0,1,1
130068,0035000002PV2fKAAT,0.0,0,2906.0,7306.0,0,0,0,0,1,0,1,0,0,0,0,1,1
130070,0035000002PV2kHAAT,0.0,80,897.0,8451.0,1,0,0,0,0,0,1,0,0,0,0,1,1
130074,0035000002PV3LyAAL,0.0,0,5218.0,1461.0,0,1,0,0,0,0,0,0,1,0,1,0,0
130078,0035000002PV6GMAA1,0.0,40,2084.0,9377.0,0,1,0,0,0,0,1,0,0,0,0,1,1
130079,0035000002PV7TRAA1,0.0,0,0.0,9769.0,0,0,0,0,1,0,1,0,0,0,1,0,1
130085,0035000002PV8iGAAT,0.0,0,3730.0,1461.0,0,0,0,1,0,0,1,0,0,0,0,1,1
130086,0035000002PV96wAAD,0.0,90,937.0,4649.0,0,0,0,1,0,0,1,0,0,0,1,0,0
130088,0035000002PV9SOAA1,0.0,0,241.0,1460.0,1,0,0,0,0,0,0,0,1,0,1,0,1
130094,0035000002PVEF7AAP,0.0,0,0.0,3040.0,0,0,0,1,0,0,1,0,0,0,0,1,1
130099,0035000002PVG1GAAX,0.0,0,16429.0,1095.0,0,0,0,1,0,0,1,0,0,0,0,1,0
130109,0035000002PVHz6AAH,0.0,0,4639.0,3740.0,1,0,0,0,0,0,0,0,0,1,1,0,0
130125,0035000002PVO3gAAH,0.0,0,254.0,4416.0,0,0,0,1,0,0,1,0,0,0,0,1,1
130129,0035000002PVPmzAAH,0.0,80,269.0,2220.0,0,0,0,1,0,0,1,0,0,0,0,1,1
130136,0035000002PVQwAAAX,0.0,0,0.0,4236.0,0,0,0,1,0,0,0,0,1,0,0,1,1
130137,0035000002PVQwBAAX,0.0,0,0.0,1825.0,0,0,0,1,0,0,0,0,1,0,0,1,0
130138,0035000002PVQwCAAX,0.0,0,0.0,3348.0,0,0,0,1,0,0,0,0,1,0,0,1,1
130140,0035000002PVQwEAAX,0.0,0,0.0,4990.0,0,0,0,1,0,0,0,0,1,0,0,1,0
130142,0035000002PVQwGAAX,0.0,0,0.0,1795.0,0,0,0,1,0,0,0,0,1,0,0,1,0
130143,0035000002PVQwHAAX,0.0,100,0.0,2132.0,0,0,0,1,0,0,0,0,1,0,0,1,0
130144,0035000002PVQwIAAX,0.0,0,80.0,2778.0,0,0,0,1,0,0,0,0,1,0,0,1,0
130159,0035000002PVUcUAAX,0.0,0,0.0,3618.0,0,1,0,0,0,0,0,0,0,1,0,1,1
130166,0035000002PVXSvAAP,0.0,0,218.0,3205.0,0,0,0,1,0,0,1,0,0,0,0,1,1
130167,0035000002PVXTZAA5,0.0,0,4.0,1593.0,0,0,0,1,0,0,1,0,0,0,0,1,1
130181,0035000002PVcO7AAL,0.0,50,601.0,10257.0,0,1,0,0,0,0,0,0,1,0,0,1,1
130195,0035000002PVhW5AAL,0.0,0,3027.0,1460.0,0,0,0,1,0,0,0,0,1,0,0,1,0
130203,0035000002PVnXCAA1,0.0,0,0.0,4098.0,0,0,0,0,1,0,1,0,0,0,1,0,1
130210,0035000002PVpbmAAD,0.0,10,4207.0,1371.0,0,1,0,0,0,0,0,0,0,1,0,1,1
130212,0035000002PVqIxAAL,0.0,0,0.0,3005.0,0,1,0,0,0,0,1,0,0,0,1,0,1
130213,0035000002PVqJ7AAL,0.0,0,0.0,4555.0,0,0,0,1,0,0,1,0,0,0,0,1,0
130219,0035000002PVsEXAA1,0.0,50,4316.0,9854.0,0,0,0,0,1,1,0,0,0,0,0,1,0
130223,0035000002PVtZQAA1,0.0,20,1820.0,3606.0,0,1,0,0,0,1,0,0,0,0,0,1,1
130236,0035000002PVwVtAAL,0.0,0,516.0,2700.0,0,1,0,0,0,0,0,0,1,0,0,1,0
130247,0035000002PW0ydAAD,0.0,0,660.0,4435.0,1,0,0,0,0,0,1,0,0,0,1,0,1
130253,0035000002PW3AtAAL,0.0,0,5866.0,1461.0,0,1,0,0,0,0,1,0,0,0,0,1,1
130256,0035000002PW4K4AAL,0.0,50,170.0,7386.0,0,0,0,0,1,0,0,0,1,0,0,1,1
130269,0035000002PW8dAAAT,0.0,80,2274.0,9971.0,0,0,0,0,1,0,0,0,1,0,1,0,1
130271,0035000002PWAMbAAP,0.0,0,414.0,1294.0,1,0,0,0,0,0,1,0,0,0,0,1,0
130272,0035000002PWAt1AAH,0.0,0,1135.0,549.0,1,0,0,0,0,0,1,0,0,0,0,1,0
130275,0035000002PWBCIAA5,0.0,80,569.0,7307.0,0,0,0,0,1,1,0,0,0,0,0,1,1
130276,0035000002PWBURAA5,0.0,10,924.0,2808.0,0,0,0,1,0,0,1,0,0,0,0,1,1
130280,0035000002PWCG0AAP,0.0,0,440.0,4517.0,0,0,0,1,0,0,0,0,0,1,0,1,1
130281,0035000002PWChaAAH,0.0,30,3607.0,1391.0,0,0,0,0,1,0,0,0,1,0,0,1,0
130289,0035000002PWGXUAA5,0.0,0,0.0,8399.0,1,0,0,0,0,0,1,0,0,0,0,1,1
130293,0035000002PWH0NAAX,0.0,0,2614.0,2366.0,0,1,0,0,0,0,1,0,0,0,0,1,0
130294,0035000002PWH0OAAX,0.0,0,8.0,7680.0,0,0,0,0,1,0,0,0,1,0,0,1,0
130296,0035000002PWH0RAAX,0.0,0,18.0,10206.0,0,0,0,0,1,1,0,0,0,0,0,1,1
130297,0035000002PWH0SAAX,0.0,0,1510.0,1551.0,0,1,0,0,0,0,0,0,1,0,0,1,0
130300,0035000002PWH0VAAX,0.0,0,503.0,1676.0,0,0,0,1,0,0,1,0,0,0,0,1,1
130301,0035000002PWHXGAA5,0.0,70,2883.0,1460.0,1,0,0,0,0,0,0,0,1,0,1,0,0
130303,0035000002QT3yFAAT,0.0,0,107.0,4457.0,0,0,0,1,0,0,0,0,1,0,0,1,1
130307,0035000002QT4uqAAD,0.0,90,271.0,10974.0,1,0,0,0,0,0,0,0,1,0,0,1,1
130309,0035000002QT52LAAT,0.0,0,0.0,1827.0,0,0,0,1,0,0,0,0,1,0,1,0,1
130317,0035000002QT73rAAD,0.0,10,300.0,1143.0,0,0,0,1,0,0,0,0,1,0,0,1,1
130320,0035000002QT84nAAD,0.0,0,0.0,4043.0,0,1,0,0,0,0,0,0,1,0,0,1,1
130322,0035000002QT8PgAAL,0.0,90,7.0,1.0,0,1,0,0,0,1,0,0,0,0,0,1,1
130331,0035000002QTCsdAAH,0.0,0,15281.0,1033.0,0,1,0,0,0,0,1,0,0,0,0,1,1
130341,0035000002QTF26AAH,0.0,0,0.0,11001.0,0,0,0,1,0,0,1,0,0,0,1,0,0
130347,0035000002QTHXuAAP,0.0,10,3352.0,4470.0,0,1,0,0,0,0,0,0,1,0,0,1,1
130354,0035000002QTKbkAAH,0.0,0,0.0,1220.0,0,0,0,1,0,0,1,0,0,0,0,1,0
130367,0035000002QTPJ1AAP,0.0,30,3103.0,8280.0,0,0,0,0,1,1,0,0,0,0,0,1,0
130368,0035000002QTPfbAAH,0.0,0,3064.0,1800.0,0,0,0,1,0,0,1,0,0,0,0,1,1
130369,0035000002QTPpvAAH,0.0,0,0.0,5244.0,1,0,0,0,0,0,1,0,0,0,1,0,0
130374,0035000002QTPq0AAH,0.0,0,0.0,5842.0,0,0,0,0,1,0,1,0,0,0,0,1,1
130392,0035000002QTTq8AAH,0.0,30,7254.0,3628.0,0,0,0,0,1,0,1,0,0,0,0,1,1
130395,0035000002QTTxxAAH,0.0,0,275.0,2808.0,0,0,0,1,0,0,1,0,0,0,1,0,1
130398,0035000002QTVN7AAP,0.0,0,4624.0,2586.0,0,1,0,0,0,1,0,0,0,0,0,1,0
130402,0035000002QTWFSAA5,0.0,0,3689.0,1398.0,1,0,0,0,0,0,0,0,0,1,0,1,1
130410,0035000002QTZMfAAP,0.0,80,641.0,3020.0,0,1,0,0,0,0,0,0,1,0,0,1,1
130414,0035000002QTZqQAAX,0.0,0,0.0,2918.0,0,0,0,1,0,0,1,0,0,0,0,1,1
130429,0035000002QTeOiAAL,0.0,0,2284.0,3164.0,0,0,0,0,1,0,1,0,0,0,1,0,0
130430,0035000002QTeV5AAL,0.0,60,2493.0,7854.0,0,0,0,0,1,0,1,0,0,0,1,0,1
130448,0035000002QTjjiAAD,0.0,0,504.0,1266.0,0,0,0,0,1,0,1,0,0,0,1,0,1
130461,0035000002QTnNrAAL,0.0,30,3681.0,7334.0,1,0,0,0,0,0,1,0,0,0,0,1,1
130463,0035000002QToboAAD,0.0,0,148.0,6128.0,0,1,0,0,0,0,1,0,0,0,0,1,1
130464,0035000002QTognAAD,0.0,0,131.0,4110.0,0,0,0,1,0,0,1,0,0,0,0,1,1
130470,0035000002QTsXtAAL,0.0,30,2891.0,8520.0,0,0,0,1,0,1,0,0,0,0,0,1,1
130475,0035000002QTwK6AAL,0.0,100,9101.0,1096.0,0,1,0,0,0,0,0,0,0,1,0,1,0
130476,0035000002QTwlxAAD,0.0,0,706.0,2271.0,0,1,0,0,0,0,0,0,0,1,0,1,1
130480,0035000002QTyYSAA1,0.0,0,1043.0,2836.0,0,0,0,1,0,0,1,0,0,0,0,1,0
130489,0035000002QU1OZAA1,0.0,0,91.0,7386.0,0,0,0,1,0,0,0,0,1,0,0,1,0
130494,0035000002QU2YCAA1,0.0,40,2829.0,1524.0,1,0,0,0,0,0,1,0,0,0,0,1,1
130497,0035000002QU2uSAAT,0.0,0,2026.0,1214.0,0,0,0,1,0,0,1,0,0,0,0,1,0
130498,0035000002QU393AAD,0.0,100,4592.0,1.0,0,0,0,1,0,0,0,0,1,0,0,1,0
130502,0035000002QU3hKAAT,0.0,0,90.0,818.0,0,0,0,1,0,0,1,0,0,0,0,1,1
130509,0035000002QU5dEAAT,0.0,30,1140.0,2927.0,0,1,0,0,0,0,1,0,0,0,0,1,1
130511,0035000002QU6CDAA1,0.0,20,861.0,867.0,0,0,0,1,0,0,1,0,0,0,0,1,0
130513,0035000002QU6cGAAT,0.0,70,1058.0,2473.0,0,0,0,1,0,0,1,0,0,0,0,1,0
130516,0035000002QU8VeAAL,0.0,0,10.0,3136.0,0,0,0,1,0,0,1,0,0,0,0,1,0
130519,0035000002QUAAgAAP,0.0,0,79.0,1825.0,0,0,0,1,0,0,0,0,0,1,0,1,1
130525,0035000002QUD9RAAX,0.0,0,36.0,12078.0,1,0,0,0,0,1,0,0,0,0,0,1,1
130526,0035000002QUDHLAA5,0.0,70,360.0,1232.0,0,0,0,1,0,0,1,0,0,0,0,1,1
130532,0035000002QUFX2AAP,0.0,90,286.0,4973.0,0,0,0,1,0,0,1,0,0,0,0,1,0
130533,0035000002QUFXCAA5,0.0,0,2108.0,9499.0,1,0,0,0,0,1,0,0,0,0,0,1,1
130535,0035000002QUFvGAAX,0.0,0,0.0,2234.0,0,0,0,1,0,0,1,0,0,0,0,1,1
130538,0035000002QUG27AAH,0.0,80,341.0,8778.0,0,1,0,0,0,0,1,0,0,0,0,1,1
130547,0035000002QUIsTAAX,0.0,0,622.0,1964.0,0,1,0,0,0,0,1,0,0,0,1,0,0
130548,0035000002QUJNWAA5,0.0,0,5670.0,4017.0,0,0,0,1,0,0,0,0,1,0,0,1,1
130549,0035000002QUJzYAAX,0.0,30,7856.0,34182.0,0,0,0,0,1,0,1,0,0,0,0,1,1
130556,0035000002QUKJlAAP,0.0,10,2441.0,248.0,1,0,0,0,0,1,0,0,0,0,1,0,1
130562,0035000002QULBxAAP,0.0,0,1449.0,1399.0,0,1,0,0,0,0,0,0,1,0,0,1,1
130564,0035000002QULMqAAP,0.0,0,1012.0,3367.0,0,1,0,0,0,1,0,0,0,0,0,1,1
130565,0035000002QULziAAH,0.0,40,3330.0,795.0,0,1,0,0,0,0,0,0,0,1,0,1,1
130567,0035000002QUMSjAAP,0.0,0,346.0,283.0,0,0,0,1,0,1,0,0,0,0,0,1,0
130569,0035000002QUNLEAA5,0.0,30,1389.0,1461.0,0,1,0,0,0,0,1,0,0,0,1,0,0
130572,0035000002QUOOsAAP,0.0,80,676.0,9628.0,1,0,0,0,0,0,1,0,0,0,0,1,0
130577,0035000002QUQljAAH,0.0,80,1046.0,2215.0,1,0,0,0,0,0,1,0,0,0,0,1,0
130578,0035000002QURHfAAP,0.0,0,10935.0,1628.0,1,0,0,0,0,0,0,0,0,1,0,1,0
130580,0035000002QUROHAA5,0.0,0,0.0,11539.0,0,0,0,1,0,0,1,0,0,0,0,1,0
130581,0035000002QURXJAA5,0.0,0,0.0,1461.0,0,0,0,1,0,0,0,0,0,1,1,0,0
130585,0035000002QUSy0AAH,0.0,0,611.0,2884.0,0,1,0,0,0,1,0,0,0,0,0,1,0
130586,0035000002QUSzSAAX,0.0,0,11050.0,885.0,0,0,0,1,0,1,0,0,0,0,1,0,1
130588,0035000002QUThHAAX,0.0,0,96.0,1460.0,0,0,0,1,0,0,0,0,1,0,0,1,0
130590,0035000002QUW0rAAH,0.0,0,0.0,5240.0,0,1,0,0,0,0,1,0,0,0,0,1,0
130599,0035000002QUZAIAA5,0.0,0,340.0,4874.0,1,0,0,0,0,1,0,0,0,0,0,1,1
130600,0035000002QUZJUAA5,0.0,0,61.0,250.0,0,0,0,1,0,0,1,0,0,0,0,1,0
130602,0035000002QUZx9AAH,0.0,0,3566.0,7665.0,0,0,0,0,1,1,0,0,0,0,0,1,1
130610,0035000002QUdDRAA1,0.0,0,8700.0,4086.0,0,0,0,0,1,1,0,0,0,0,0,1,0
130611,0035000002QUdEPAA1,0.0,0,1754.0,1515.0,0,1,0,0,0,0,1,0,0,0,1,0,1
130612,0035000002QUdOeAAL,0.0,0,34.0,2037.0,0,0,0,1,0,1,0,0,0,0,0,1,0
130617,0035000002QUfSpAAL,0.0,10,3680.0,1383.0,1,0,0,0,0,1,0,0,0,0,0,1,0
130620,0035000002QUi8YAAT,0.0,30,2275.0,4942.0,0,1,0,0,0,0,0,0,1,0,0,1,0
130628,0035000002QUppWAAT,0.0,70,2761.0,1460.0,0,1,0,0,0,0,0,0,1,0,0,1,1
130629,0035000002QUq9mAAD,0.0,0,3627.0,3051.0,0,1,0,0,0,0,1,0,0,0,0,1,1
130633,0035000002QUsipAAD,0.0,0,273.0,1587.0,0,1,0,0,0,0,1,0,0,0,0,1,1
130634,0035000002QUtfwAAD,0.0,0,1489.0,2530.0,0,0,0,1,0,0,1,0,0,0,0,1,0
130635,0035000002QUu4cAAD,0.0,40,859.0,10975.0,0,0,0,0,1,0,1,0,0,0,0,1,0
130639,0035000002QUwbOAAT,0.0,70,736.0,6809.0,0,0,0,0,1,0,1,0,0,0,0,1,1
130640,0035000002QUyAaAAL,0.0,0,7494.0,6892.0,1,0,0,0,0,0,0,0,0,1,0,1,1
130642,0035000002QUz0nAAD,0.0,40,251.0,3197.0,0,0,0,1,0,0,1,0,0,0,0,1,0
130644,0035000002QUzLbAAL,0.0,0,374.0,1460.0,0,0,0,1,0,0,0,0,1,0,0,1,0
130645,0035000002QUzR0AAL,0.0,0,1699.0,2948.0,0,0,0,0,1,0,1,0,0,0,0,1,1
130648,0035000002QUzdLAAT,0.0,0,120.0,3694.0,0,0,0,1,0,0,0,0,1,0,0,1,1
130649,0035000002QUzjiAAD,0.0,0,0.0,11340.0,0,0,0,1,0,0,0,0,1,0,0,1,0
130650,0035000002QUzpHAAT,0.0,0,6.0,7314.0,1,0,0,0,0,0,1,0,0,0,0,1,1
130651,0035000002QUzvyAAD,0.0,0,308.0,2237.0,0,1,0,0,0,0,1,0,0,0,0,1,0
130653,0035000002QV06EAAT,0.0,60,432.0,6985.0,0,1,0,0,0,0,1,0,0,0,0,1,1
130654,0035000002QV09gAAD,0.0,0,434.0,134.0,0,0,0,0,1,0,1,0,0,0,0,1,1
130655,0035000002QV10ZAAT,0.0,0,87.0,3347.0,0,0,0,1,0,0,1,0,0,0,0,1,0
130656,0035000002QV1QNAA1,0.0,0,66.0,1460.0,0,0,0,1,0,0,0,0,1,0,0,1,1
130658,0035000002QV1ybAAD,0.0,0,1228.0,1460.0,1,0,0,0,0,0,0,0,0,1,0,1,0
130662,0035000002QV2yIAAT,0.0,0,433.0,5712.0,0,0,0,1,0,0,0,0,1,0,0,1,1
130664,0035000002QV30xAAD,0.0,20,705.0,9457.0,1,0,0,0,0,0,1,0,0,0,0,1,1
130665,0035000002QV37eAAD,0.0,60,174.0,5203.0,1,0,0,0,0,1,0,0,0,0,0,1,1
130667,0035000002QV3UXAA1,0.0,60,1150.0,3622.0,0,1,0,0,0,0,0,0,1,0,0,1,0
130669,0035000002QV5CfAAL,0.0,60,1045.0,5485.0,0,0,0,0,1,1,0,0,0,0,0,1,1
130670,0035000002QV5dXAAT,0.0,0,116.0,3172.0,0,0,0,1,0,0,1,0,0,0,0,1,0
130683,0035000002QVCS3AAP,0.0,0,4366.0,1468.0,0,0,0,1,0,0,0,0,0,1,0,1,1
130684,0035000002QVDkRAAX,0.0,70,1217.0,11929.0,1,0,0,0,0,0,1,0,0,0,0,1,1
130685,0035000002QVE3TAAX,0.0,0,134.0,1917.0,1,0,0,0,0,0,0,0,1,0,0,1,0
130687,0035000002QVEUZAA5,0.0,80,1298.0,3288.0,0,1,0,0,0,0,0,0,0,1,1,0,0
130695,0035000002QVGMRAA5,0.0,60,9754.0,2159.0,0,0,0,1,0,1,0,0,0,0,0,1,1
130703,0035000002QVHRHAA5,0.0,90,1232.0,3631.0,1,0,0,0,0,0,1,0,0,0,0,1,0
130706,0035000002QVHYIAA5,0.0,0,0.0,8128.0,0,1,0,0,0,0,1,0,0,0,0,1,1
130710,0035000002QVJhrAAH,0.0,0,0.0,3114.0,0,0,0,0,1,0,1,0,0,0,0,1,1
130713,0035000002QVKMpAAP,0.0,0,10.0,3681.0,0,0,0,1,0,0,0,0,1,0,0,1,1
130719,0035000002QVMA3AAP,0.0,0,0.0,7440.0,0,0,0,1,0,0,1,0,0,0,0,1,0
130720,0035000002QVMUHAA5,0.0,60,77.0,4407.0,0,1,0,0,0,0,1,0,0,0,0,1,1
130721,0035000002QVMgwAAH,0.0,0,226.0,8064.0,0,0,0,1,0,0,0,0,1,0,0,1,1
130725,0035000002QVOS6AAP,0.0,0,1480.0,1790.0,1,0,0,0,0,0,0,0,0,1,1,0,1
130726,0035000002QVOSaAAP,0.0,0,287.0,1441.0,0,1,0,0,0,1,0,0,0,0,0,1,1
130727,0035000002QVOvgAAH,0.0,100,560.0,8769.0,0,1,0,0,0,1,0,0,0,0,0,1,1
130730,0035000002QVQqiAAH,0.0,60,1386.0,2190.0,0,1,0,0,0,1,0,0,0,0,0,1,1
130732,0035000002QVRQPAA5,0.0,0,550.0,5454.0,0,0,0,1,0,1,0,0,0,0,1,0,1
130733,0035000002QVRYxAAP,0.0,0,2555.0,2471.0,0,1,0,0,0,0,1,0,0,0,1,0,1
130737,0035000002QVShpAAH,0.0,0,1205.0,1105.0,0,0,0,1,0,0,0,0,0,1,0,1,1
130738,0035000002QVTA8AAP,0.0,80,871.0,1638.0,0,0,0,1,0,0,0,0,1,0,0,1,0
130742,0035000002QVVGIAA5,0.0,50,121.0,2047.0,0,0,0,1,0,0,1,0,0,0,0,1,1
130744,0035000002QVXWdAAP,0.0,0,203.0,2252.0,0,0,0,1,0,0,1,0,0,0,0,1,1
130747,0035000002QVYjdAAH,0.0,0,115.0,1460.0,1,0,0,0,0,0,0,0,1,0,1,0,0
130749,0035000002QVZDnAAP,0.0,0,0.0,9754.0,0,0,0,0,1,0,0,0,0,1,0,1,1
130757,0035000002QVb8WAAT,0.0,20,17.0,12911.0,0,0,0,1,0,0,1,0,0,0,0,1,0
130759,0035000002QVcotAAD,0.0,0,1812.0,1103.0,0,0,0,1,0,0,1,0,0,0,0,1,0
130762,0035000002QVdThAAL,0.0,0,1762.0,1219.0,0,0,0,1,0,1,0,0,0,0,0,1,1
130763,0035000002QVdgqAAD,0.0,0,44.0,2200.0,0,1,0,0,0,0,0,0,0,1,0,1,1
130765,0035000002QVdx3AAD,0.0,0,106.0,4460.0,1,0,0,0,0,0,0,0,1,0,0,1,0
130766,0035000002QVeFQAA1,0.0,0,1558.0,2922.0,0,1,0,0,0,0,0,0,1,0,0,1,0
130767,0035000002QVeKIAA1,0.0,0,375.0,1983.0,0,0,0,0,1,1,0,0,0,0,0,1,1
130774,0035000002QVhIeAAL,0.0,0,106.0,8314.0,0,0,0,1,0,1,0,0,0,0,0,1,0
130775,0035000002QVhjjAAD,0.0,0,4850.0,463.0,0,0,0,0,1,0,0,0,0,1,1,0,1
130778,0035000002QVhrOAAT,0.0,0,4.0,9108.0,0,1,0,0,0,0,1,0,0,0,0,1,1
130780,0035000002QViVCAA1,0.0,60,1619.0,1461.0,0,0,0,1,0,0,0,0,1,0,0,1,0
130781,0035000002QVjktAAD,0.0,0,12035.0,1705.0,0,0,0,0,1,0,1,0,0,0,0,1,1
130782,0035000002QVkwaAAD,0.0,0,39.0,422.0,1,0,0,0,0,1,0,0,0,0,0,1,0
130784,0035000002QVlbJAAT,0.0,0,0.0,10247.0,0,0,0,0,1,0,1,0,0,0,0,1,1
130785,0035000002QVnCBAA1,0.0,0,47.0,1060.0,0,1,0,0,0,0,0,0,0,1,0,1,1
130789,0035000002QVsgKAAT,0.0,0,488.0,1228.0,0,0,0,1,0,0,1,0,0,0,0,1,0
130792,0035000002QVtPJAA1,0.0,10,7646.0,1159.0,1,0,0,0,0,0,0,0,0,1,0,1,1
130793,0035000002QVufNAAT,0.0,60,2219.0,2191.0,0,1,0,0,0,1,0,0,0,0,0,1,1
130794,0035000002QVv7CAAT,0.0,0,1274.0,1175.0,0,0,0,1,0,0,1,0,0,0,0,1,0
130796,0035000002QVwANAA1,0.0,100,1810.0,7677.0,0,1,0,0,0,0,0,0,0,1,0,1,0
130800,0035000002QVywUAAT,0.0,0,1248.0,1460.0,0,1,0,0,0,0,0,0,1,0,0,1,1
130806,0035000002QVz5WAAT,0.0,60,1898.0,1826.0,0,0,0,1,0,0,0,0,0,1,0,1,1
130807,0035000002QVzBUAA1,0.0,80,14.0,2791.0,0,1,0,0,0,0,1,0,0,0,1,0,1
130808,0035000002QVzURAA1,0.0,0,793.0,2921.0,0,0,0,1,0,0,1,0,0,0,0,1,1
130809,0035000002QVzjTAAT,0.0,70,641.0,3913.0,1,0,0,0,0,1,0,0,0,0,0,1,0
130813,0035000002QW1GuAAL,0.0,50,8079.0,1460.0,0,1,0,0,0,0,0,0,1,0,0,1,0
130815,0035000002QW2N8AAL,0.0,50,1214.0,2915.0,0,0,0,0,1,0,1,0,0,0,0,1,1
130827,0035000002QW4zEAAT,0.0,0,1467.0,2922.0,0,1,0,0,0,0,0,0,1,0,0,1,1
130829,0035000002QW57yAAD,0.0,70,131.0,5347.0,0,0,0,1,0,0,1,0,0,0,0,1,1
130830,0035000002QW5KmAAL,0.0,70,4798.0,7317.0,0,0,0,1,0,0,1,0,0,0,0,1,1
130833,0035000002QW7O6AAL,0.0,90,1251.0,3598.0,0,0,0,0,1,0,0,0,0,1,1,0,1
130844,0035000002QWAWqAAP,0.0,0,13471.0,1461.0,0,0,0,1,0,1,0,0,0,0,1,0,0
130848,0035000002QWCIwAAP,0.0,0,8249.0,1713.0,0,1,0,0,0,0,1,0,0,0,1,0,1
130854,0035000002QWCwDAAX,0.0,90,627.0,8451.0,1,0,0,0,0,0,0,0,0,1,1,0,1
130857,0035000002QWDK7AAP,0.0,0,353.0,5966.0,0,0,0,1,0,1,0,0,0,0,1,0,0
130864,0035000002QWFSHAA5,0.0,60,824.0,3880.0,1,0,0,0,0,0,1,0,0,0,0,1,1
130866,0035000002QWFgOAAX,0.0,0,1358.0,1715.0,0,0,0,1,0,0,1,0,0,0,0,1,1
130867,0035000002QWFpwAAH,0.0,0,8846.0,7701.0,0,0,0,0,1,0,1,0,0,0,0,1,0
130868,0035000002QWGB4AAP,0.0,0,0.0,2435.0,0,1,0,0,0,0,1,0,0,0,0,1,1
130869,0035000002QWGB5AAP,0.0,0,0.0,5830.0,0,0,0,1,0,0,1,0,0,0,0,1,1
130871,0035000002QWGB7AAP,0.0,0,0.0,2916.0,0,0,0,1,0,0,1,0,0,0,0,1,0
130872,0035000002QWGB8AAP,0.0,0,0.0,5114.0,0,1,0,0,0,0,1,0,0,0,0,1,0
130876,0035000002QWGCGAA5,0.0,0,0.0,7503.0,0,1,0,0,0,0,1,0,0,0,1,0,1
130888,0035000002QWJZzAAP,0.0,20,675.0,3248.0,0,0,0,1,0,0,0,0,0,1,0,1,1
130890,0035000002QWK6HAAX,0.0,0,2251.0,1460.0,1,0,0,0,0,0,0,0,1,0,0,1,0
130891,0035000002QWKQgAAP,0.0,0,0.0,514.0,1,0,0,0,0,1,0,0,0,0,0,1,1
130894,0035000002QWKQjAAP,0.0,0,0.0,1826.0,0,0,0,1,0,0,1,0,0,0,0,1,1
130901,0035000002QWKQqAAP,0.0,0,0.0,2191.0,0,1,0,0,0,0,0,0,0,1,0,1,1
130903,0035000002QWKiuAAH,0.0,100,53.0,4664.0,0,0,0,1,0,0,0,0,1,0,0,1,0
130905,0035000002QWL7pAAH,0.0,0,40.0,3739.0,1,0,0,0,0,0,1,0,0,0,0,1,1
130907,0035000002QWLHjAAP,0.0,0,39.0,3132.0,0,1,0,0,0,0,0,1,0,0,0,1,1
130910,0035000002QWMcXAAX,0.0,60,0.0,7319.0,0,0,0,1,0,0,0,0,0,1,0,1,1
130913,0035000002QWO0bAAH,0.0,0,7303.0,2251.0,0,0,0,0,1,0,0,0,0,1,1,0,1
130915,0035000002QWO9wAAH,0.0,20,1380.0,6574.0,0,1,0,0,0,0,1,0,0,0,0,1,1
130919,0035000002QWOpvAAH,0.0,60,1659.0,1370.0,1,0,0,0,0,0,0,0,1,0,0,1,0
130922,0035000002QWPQjAAP,0.0,0,0.0,9628.0,0,0,0,0,1,0,1,0,0,0,0,1,1
130923,0035000002QWPWZAA5,0.0,90,1959.0,3311.0,0,1,0,0,0,0,0,0,0,1,0,1,1
130937,0035000002QWTA5AAP,0.0,0,11083.0,1460.0,0,1,0,0,0,0,0,0,0,1,0,1,1
130938,0035000002QWTAUAA5,0.0,0,5.0,1067.0,0,0,0,1,0,0,1,0,0,0,1,0,1
130944,0035000002QWU1dAAH,0.0,0,7431.0,1641.0,0,0,0,1,0,0,0,0,0,1,0,1,1
130950,0035000002QWWBZAA5,0.0,30,3104.0,1461.0,0,0,0,1,0,0,0,0,1,0,0,1,0
130952,0035000002QWXGgAAP,0.0,60,2484.0,7336.0,0,1,0,0,0,0,1,0,0,0,0,1,1
130955,0035000002QWXptAAH,0.0,0,2911.0,4404.0,0,0,0,1,0,0,1,0,0,0,0,1,1
130964,0035000002QWa3OAAT,0.0,0,0.0,4184.0,0,0,0,1,0,0,0,0,1,0,0,1,0
130966,0035000002QWay0AAD,0.0,60,2990.0,2433.0,0,0,0,1,0,0,1,0,0,0,0,1,1
130970,0035000002QWbe5AAD,0.0,0,115.0,3429.0,0,1,0,0,0,0,1,0,0,0,1,0,1
130971,0035000002QWbgpAAD,0.0,0,0.0,7489.0,0,1,0,0,0,0,1,0,0,0,0,1,1
130975,0035000002QWcRsAAL,0.0,70,704.0,2192.0,0,0,0,1,0,0,1,0,0,0,0,1,1
130978,0035000002QWcnNAAT,0.0,0,3678.0,1825.0,0,0,0,1,0,0,1,0,0,0,0,1,1
130979,0035000002QWd1bAAD,0.0,0,0.0,2129.0,0,0,0,1,0,0,1,0,0,0,0,1,0
130989,0035000002QWgByAAL,0.0,0,1814.0,2191.0,0,1,0,0,0,1,0,0,0,0,0,1,1
130992,0035000002QWh2AAAT,0.0,0,3220.0,2246.0,0,0,0,1,0,0,1,0,0,0,0,1,1
131004,0035000002QWkKtAAL,0.0,0,5683.0,833.0,0,0,0,1,0,0,1,0,0,0,0,1,0
131006,0035000002QWklNAAT,0.0,0,3138.0,1460.0,0,1,0,0,0,1,0,0,0,0,0,1,0
131007,0035000002QWl5FAAT,0.0,0,18.0,5629.0,1,0,0,0,0,0,0,0,1,0,0,1,1
131008,0035000002QWlG9AAL,0.0,0,14140.0,61.0,0,0,0,1,0,0,1,0,0,0,0,1,0
131014,0035000002QWmC2AAL,0.0,60,2257.0,1813.0,0,0,0,0,1,0,0,0,1,0,1,0,1
131020,0035000002QWnJUAA1,0.0,0,728.0,1825.0,0,1,0,0,0,0,1,0,0,0,0,1,1
131021,0035000002QWnRvAAL,0.0,90,1601.0,1840.0,1,0,0,0,0,0,1,0,0,0,1,0,1
131022,0035000002QWoQ9AAL,0.0,10,2964.0,1340.0,0,1,0,0,0,1,0,0,0,0,0,1,1
131025,0035000002QWp2hAAD,0.0,90,932.0,1991.0,0,0,0,1,0,0,1,0,0,0,0,1,1
131033,0035000002QWq5nAAD,0.0,50,769.0,1979.0,1,0,0,0,0,0,1,0,0,0,1,0,1
131036,0035000002QWsjAAAT,0.0,0,980.0,1471.0,0,1,0,0,0,0,0,0,0,1,0,1,1
131038,0035000002QWtSRAA1,0.0,0,2799.0,2374.0,0,1,0,0,0,0,0,0,1,0,1,0,1
131039,0035000002QWtYKAA1,0.0,100,326.0,4294.0,1,0,0,0,0,1,0,0,0,0,0,1,0
131044,0035000002QWw8AAAT,0.0,50,2712.0,1461.0,0,1,0,0,0,1,0,0,0,0,1,0,0
131045,0035000002QWx6EAAT,0.0,50,1503.0,11125.0,0,1,0,0,0,0,1,0,0,0,0,1,0
131049,0035000002QWymvAAD,0.0,0,169.0,1679.0,0,1,0,0,0,0,1,0,0,0,1,0,0
131050,0035000002QWzGeAAL,0.0,0,1940.0,11244.0,1,0,0,0,0,0,1,0,0,0,1,0,1
131053,0035000002QX1UvAAL,0.0,0,86.0,2191.0,0,0,0,1,0,0,0,0,0,1,0,1,1
131056,0035000002QX29RAAT,0.0,0,0.0,1330.0,1,0,0,0,0,1,0,0,0,0,0,1,1
131059,0035000002QX3QdAAL,0.0,0,845.0,1461.0,0,1,0,0,0,1,0,0,0,0,0,1,0
131060,0035000002QX42UAAT,0.0,100,170.0,7688.0,0,0,0,1,0,0,1,0,0,0,0,1,0
131061,0035000002QX4OwAAL,0.0,0,21.0,8710.0,0,0,0,1,0,0,0,0,0,1,0,1,1
131062,0035000002QX5DpAAL,0.0,70,1408.0,3423.0,1,0,0,0,0,0,1,0,0,0,0,1,1
131063,0035000002QX5RaAAL,0.0,90,1271.0,4231.0,1,0,0,0,0,0,1,0,0,0,1,0,0
131067,0035000002QX6WkAAL,0.0,0,289.0,3348.0,0,0,0,1,0,0,1,0,0,0,0,1,0
131069,0035000002QX82lAAD,0.0,100,1755.0,7380.0,0,0,0,0,1,0,1,0,0,0,0,1,0
131070,0035000002QX8FbAAL,0.0,30,596.0,8281.0,0,0,0,0,1,0,1,0,0,0,0,1,1
131072,0035000002QX8XHAA1,0.0,0,1573.0,1460.0,0,0,0,0,1,0,0,0,0,1,1,0,0
131073,0035000002QX924AAD,0.0,80,266.0,4963.0,0,1,0,0,0,0,1,0,0,0,0,1,1
131074,0035000002QX98WAAT,0.0,100,292.0,7329.0,0,1,0,0,0,1,0,0,0,0,0,1,1
131081,0035000002QXAXKAA5,0.0,60,3104.0,1826.0,0,1,0,0,0,0,0,0,1,0,0,1,0
131084,0035000002QXBXyAAP,0.0,30,7125.0,2883.0,0,1,0,0,0,0,0,0,0,1,0,1,1
131085,0035000002QXBbRAAX,0.0,0,0.0,8076.0,0,0,0,0,1,0,1,0,0,0,0,1,1
131089,0035000002QXCLZAA5,0.0,70,475.0,3622.0,1,0,0,0,0,0,1,0,0,0,1,0,1
131090,0035000002QXCPlAAP,0.0,0,0.0,13149.0,0,1,0,0,0,0,1,0,0,0,1,0,0
131093,0035000002QXCdKAAX,0.0,0,0.0,2925.0,0,0,0,0,1,0,1,0,0,0,0,1,1
131096,0035000002QXCygAAH,0.0,0,0.0,2509.0,0,0,0,1,0,0,1,0,0,0,0,1,1
131099,0035000002QXD7xAAH,0.0,0,0.0,4035.0,1,0,0,0,0,0,1,0,0,0,0,1,1
131103,0035000002QXDHsAAP,0.0,0,0.0,1107.0,0,0,0,1,0,0,1,0,0,0,0,1,0
131107,0035000002QXDP8AAP,0.0,0,0.0,1439.0,0,0,0,1,0,0,1,0,0,0,0,1,0
131109,0035000002QXDSWAA5,0.0,0,0.0,2966.0,0,0,0,1,0,0,1,0,0,0,0,1,1
131111,0035000002QXDWEAA5,0.0,0,5162.0,8858.0,0,1,0,0,0,0,0,0,1,0,0,1,1
131112,0035000002QXDXbAAP,0.0,50,3993.0,1031.0,0,1,0,0,0,0,0,0,1,0,0,1,1
131114,0035000002QXEa6AAH,0.0,0,28.0,2628.0,0,1,0,0,0,0,1,0,0,0,0,1,1
131123,0035000002RxO87AAF,0.0,10,828.0,1113.0,0,0,0,1,0,0,1,0,0,0,0,1,1
131125,0035000002RxOEPAA3,0.0,0,436.0,1670.0,0,0,0,1,0,0,1,0,0,0,0,1,1
131127,0035000002RxP12AAF,0.0,0,87.0,3154.0,0,0,0,0,1,0,0,0,0,1,0,1,0
131128,0035000002RxPfZAAV,0.0,90,888.0,2947.0,0,0,0,1,0,0,1,0,0,0,0,1,1
131134,0035000002RxQq9AAF,0.0,0,5755.0,7750.0,0,0,0,1,0,0,1,0,0,0,0,1,0
131136,0035000002RxRSrAAN,0.0,0,0.0,2044.0,0,0,0,1,0,0,1,0,0,0,0,1,1
131138,0035000002RxSCBAA3,0.0,0,2433.0,1334.0,0,0,0,1,0,1,0,0,0,0,0,1,1
131139,0035000002RxSy6AAF,0.0,0,2571.0,3631.0,0,1,0,0,0,1,0,0,0,0,0,1,1
131140,0035000002RxTaGAAV,0.0,0,1022.0,1094.0,1,0,0,0,0,0,1,0,0,0,0,1,0
131141,0035000002RxTbEAAV,0.0,40,139.0,1222.0,0,0,0,1,0,0,1,0,0,0,0,1,0
131142,0035000002RxTqtAAF,0.0,50,3988.0,7329.0,0,1,0,0,0,0,1,0,0,0,0,1,0
131143,0035000002RxUHLAA3,0.0,0,69.0,836.0,0,0,0,1,0,0,1,0,0,0,1,0,0
131145,0035000002RxUWaAAN,0.0,0,58.0,1229.0,0,0,0,1,0,0,0,0,1,0,0,1,1
131149,0035000002RxXSvAAN,0.0,40,593.0,3434.0,0,0,0,1,0,0,1,0,0,0,0,1,1
131152,0035000002RxXhYAAV,0.0,0,0.0,1460.0,0,0,0,1,0,0,0,0,1,0,1,0,1
131153,0035000002RxYfCAAV,0.0,0,1271.0,2280.0,0,0,0,1,0,0,1,0,0,0,0,1,0
131166,0035000002Rxb7TAAR,0.0,20,1809.0,1461.0,0,1,0,0,0,0,0,0,1,0,0,1,1
131169,0035000002RxctLAAR,0.0,0,0.0,7320.0,0,1,0,0,0,0,0,0,0,1,0,1,1
131171,0035000002Rxd2rAAB,0.0,0,1473.0,2387.0,0,0,0,1,0,0,1,0,0,0,0,1,1
131176,0035000002RxdxuAAB,0.0,80,242.0,3975.0,0,0,0,1,0,0,1,0,0,0,0,1,1
131180,0035000002RxgR8AAJ,0.0,0,192.0,2922.0,0,1,0,0,0,0,1,0,0,0,0,1,1
131183,0035000002Rxgo7AAB,0.0,0,1874.0,911.0,0,0,0,1,0,0,0,0,0,1,0,1,0
131187,0035000002RxhtLAAR,0.0,0,6.0,4311.0,0,1,0,0,0,0,0,0,1,0,0,1,0
131191,0035000002Rxi3VAAR,0.0,30,1629.0,1461.0,1,0,0,0,0,0,0,0,0,1,1,0,1
131194,0035000002RxiGtAAJ,0.0,0,0.0,2004.0,0,1,0,0,0,1,0,0,0,0,0,1,1
131202,0035000002RxiiSAAR,0.0,90,158.0,1116.0,0,0,0,1,0,0,1,0,0,0,0,1,1
131204,0035000002Rxj3zAAB,0.0,0,7494.0,1461.0,0,1,0,0,0,1,0,0,0,0,1,0,0
131205,0035000002RxjTJAAZ,0.0,20,1670.0,7521.0,0,1,0,0,0,0,1,0,0,0,0,1,1
131208,0035000002RxkE6AAJ,0.0,0,3176.0,1696.0,1,0,0,0,0,0,1,0,0,0,0,1,0
131212,0035000002RxlBJAAZ,0.0,0,0.0,1938.0,0,1,0,0,0,1,0,0,0,0,0,1,1
131213,0035000002RxlBKAAZ,0.0,0,0.0,8066.0,1,0,0,0,0,1,0,0,0,0,0,1,1
131216,0035000002RxlBNAAZ,0.0,0,0.0,1394.0,0,0,0,0,1,1,0,0,0,0,1,0,0
131217,0035000002RxlBOAAZ,0.0,0,0.0,9601.0,0,0,0,0,1,0,0,0,1,0,0,1,0
131218,0035000002RxlBPAAZ,0.0,0,0.0,2939.0,1,0,0,0,0,0,0,0,1,0,0,1,1
131219,0035000002RxlBQAAZ,0.0,0,0.0,7305.0,0,0,0,1,0,0,1,0,0,0,0,1,1
131220,0035000002RxlBRAAZ,0.0,0,0.0,6830.0,0,0,0,0,1,0,1,0,0,0,0,1,1
131221,0035000002RxlBSAAZ,0.0,0,0.0,2557.0,0,0,0,1,0,1,0,0,0,0,0,1,0
131222,0035000002RxlBTAAZ,0.0,0,0.0,4726.0,0,0,0,1,0,1,0,0,0,0,0,1,0
131224,0035000002RxlBVAAZ,0.0,0,0.0,7331.0,0,1,0,0,0,0,0,0,0,1,1,0,1
131225,0035000002RxlBWAAZ,0.0,0,0.0,4048.0,1,0,0,0,0,1,0,0,0,0,0,1,0
131228,0035000002RxlLxAAJ,0.0,0,0.0,8650.0,0,1,0,0,0,0,0,0,0,1,0,1,1
131234,0035000002RxmXdAAJ,0.0,0,2554.0,1598.0,0,0,0,1,0,0,1,0,0,0,0,1,1
131248,0035000002RxoNeAAJ,0.0,0,17.0,1780.0,0,0,0,1,0,0,0,0,0,1,0,1,1
131255,0035000002RxqOyAAJ,0.0,0,0.0,2641.0,1,0,0,0,0,0,1,0,0,0,0,1,1
131257,0035000002RxrSPAAZ,0.0,0,176.0,10595.0,0,0,0,1,0,0,0,0,1,0,0,1,0
131268,0035000002RxupaAAB,0.0,60,1996.0,3119.0,0,1,0,0,0,0,1,0,0,0,1,0,1
131269,0035000002RxvJcAAJ,0.0,10,1632.0,1461.0,1,0,0,0,0,0,0,0,0,1,1,0,1
131274,0035000002RxwTZAAZ,0.0,0,6478.0,4457.0,0,0,0,1,0,0,1,0,0,0,0,1,1
131279,0035000002RxyZ9AAJ,0.0,0,0.0,10962.0,0,0,0,0,1,0,1,0,0,0,0,1,0
131287,0035000002Ry10tAAB,0.0,20,1232.0,1460.0,0,0,0,1,0,0,0,0,1,0,0,1,1
131288,0035000002Ry1FyAAJ,0.0,0,1399.0,2633.0,0,1,0,0,0,1,0,0,0,0,0,1,1
131290,0035000002Ry2AUAAZ,0.0,0,568.0,1826.0,0,1,0,0,0,1,0,0,0,0,1,0,1
131292,0035000002Ry4S8AAJ,0.0,0,794.0,8683.0,0,0,0,0,1,1,0,0,0,0,0,1,0
131293,0035000002Ry4gjAAB,0.0,60,5381.0,1127.0,0,1,0,0,0,0,0,0,0,1,0,1,0
131301,0035000002RyIojAAF,0.0,20,5079.0,7332.0,0,1,0,0,0,0,0,0,0,1,0,1,1
131304,0035000002RyP61AAF,0.0,0,160.0,2772.0,1,0,0,0,0,0,1,0,0,0,0,1,0
131311,0035000002Rya1YAAR,0.0,0,250.0,2787.0,0,0,0,1,0,0,1,0,0,0,0,1,1
131317,0035000002RzUfEAAV,0.0,0,1504.0,1461.0,0,0,0,1,0,0,0,0,0,1,0,1,1
131319,0035000002RzlCfAAJ,0.0,0,729.0,7351.0,0,0,0,1,0,0,0,0,1,0,0,1,0
131321,0035000002S0Rc2AAF,0.0,0,1579.0,3330.0,0,1,0,0,0,0,1,0,0,0,0,1,1
131322,0035000002S0YY8AAN,0.0,0,57.0,7898.0,0,0,0,1,0,0,1,0,0,0,0,1,1
131326,0035000002S145AAAR,0.0,0,0.0,6908.0,1,0,0,0,0,0,1,0,0,0,0,1,1
131328,0035000002S1GcpAAF,0.0,0,183.0,3609.0,0,0,0,1,0,0,1,0,0,0,0,1,1
131329,0035000002S1Q0hAAF,0.0,30,1232.0,3717.0,0,1,0,0,0,0,1,0,0,0,0,1,1
131334,0035000002S6HZfAAN,0.0,100,2380.0,5754.0,0,0,0,0,1,0,1,0,0,0,0,1,0
131335,0035000002S6U5sAAF,0.0,0,307.0,4310.0,0,0,0,0,1,0,1,0,0,0,0,1,0
131336,0035000002S6U5xAAF,0.0,0,2525.0,1376.0,1,0,0,0,0,0,1,0,0,0,0,1,0
131337,0035000002S6ZOpAAN,0.0,80,2514.0,1462.0,0,0,0,1,0,0,0,0,1,0,0,1,0
131339,0035000002S6tMDAAZ,0.0,0,787.0,7445.0,0,1,0,0,0,0,0,0,0,1,0,1,1
131341,0035000002S7IuqAAF,0.0,30,2866.0,7432.0,0,1,0,0,0,1,0,0,0,0,0,1,0
131343,0035000002S7V1nAAF,0.0,0,10649.0,212.0,1,0,0,0,0,0,0,0,1,0,0,1,0
131346,0035000002SBLZ6AAP,0.0,0,31.0,2075.0,0,0,0,1,0,0,1,0,0,0,0,1,1
131349,0035000002SBZBEAA5,0.0,0,3504.0,3717.0,0,1,0,0,0,0,0,0,1,0,0,1,0
131350,0035000002SBnKgAAL,0.0,40,1690.0,1827.0,1,0,0,0,0,0,0,0,1,0,0,1,1
131362,0035000002SHDSdAAP,0.0,50,3860.0,7862.0,0,0,0,1,0,0,0,0,1,0,0,1,1
131363,0035000002SHQt5AAH,0.0,0,3311.0,2426.0,0,1,0,0,0,0,1,0,0,0,0,1,0
131365,0035000002SI59QAAT,0.0,0,2664.0,4178.0,1,0,0,0,0,0,0,0,1,0,0,1,1
131370,0035000002SKTnbAAH,0.0,0,7623.0,1461.0,0,0,0,0,1,1,0,0,0,0,0,1,0
131381,0035000002SLGcWAAX,0.0,0,726.0,11089.0,0,1,0,0,0,0,1,0,0,0,0,1,0
131384,0035000002SLTp6AAH,0.0,80,151.0,3925.0,0,0,0,0,1,0,1,0,0,0,0,1,0
131385,0035000002SLTp7AAH,0.0,10,2824.0,3336.0,0,1,0,0,0,0,1,0,0,0,0,1,1
131388,0035000002SLTpAAAX,0.0,0,16485.0,1464.0,0,1,0,0,0,1,0,0,0,0,0,1,0
131389,0035000002SLTpBAAX,0.0,0,7.0,9512.0,0,0,0,1,0,0,0,0,0,1,0,1,1
131390,0035000002SLTpCAAX,0.0,0,12477.0,1096.0,0,1,0,0,0,0,0,0,0,1,0,1,1
131392,0035000002SLTpEAAX,0.0,0,6765.0,4375.0,0,0,0,1,0,1,0,0,0,0,0,1,1
131393,0035000002SLTpFAAX,0.0,10,2918.0,8771.0,1,0,0,0,0,1,0,0,0,0,0,1,1
131395,0035000002SLTpIAAX,0.0,0,10192.0,2922.0,0,0,0,1,0,0,0,0,0,1,0,1,1
131396,0035000002SLTpJAAX,0.0,0,0.0,8644.0,0,1,0,0,0,0,0,0,0,1,0,1,0
131397,0035000002SLTpKAAX,0.0,0,0.0,4908.0,0,0,0,0,1,0,1,0,0,0,0,1,1
131399,0035000002SLTpMAAX,0.0,50,2066.0,3042.0,0,0,0,0,1,0,1,0,0,0,0,1,0
131400,0035000002SLTpNAAX,0.0,0,12467.0,1460.0,0,1,0,0,0,1,0,0,0,0,0,1,1
131401,0035000002SLTpOAAX,0.0,30,2948.0,7319.0,0,0,0,1,0,0,1,0,0,0,0,1,1
131402,0035000002SLTpPAAX,0.0,0,336.0,7214.0,0,0,0,0,1,0,0,0,0,1,0,1,1
131404,0035000002SLTpRAAX,0.0,0,5870.0,9373.0,0,1,0,0,0,0,1,0,0,0,1,0,0
131406,0035000002SLTpTAAX,0.0,10,4378.0,1826.0,1,0,0,0,0,0,1,0,0,0,0,1,0
131407,0035000002SLTpUAAX,0.0,80,2128.0,7335.0,0,1,0,0,0,0,0,0,0,1,0,1,0
131409,0035000002SLTpWAAX,0.0,0,14910.0,1740.0,0,0,0,1,0,0,1,0,0,0,0,1,0
131410,0035000002SLTpXAAX,0.0,0,1044.0,2070.0,1,0,0,0,0,0,0,0,0,1,0,1,1
131411,0035000002SLTpYAAX,0.0,0,6447.0,1705.0,0,0,0,0,1,0,0,0,0,1,1,0,0
131412,0035000002SLTpZAAX,0.0,70,2980.0,7541.0,0,1,0,0,0,0,0,0,0,1,0,1,0
131413,0035000002SLTpaAAH,0.0,0,817.0,1308.0,0,0,0,1,0,0,0,0,0,1,1,0,0
131415,0035000002SLZryAAH,0.0,0,0.0,1832.0,0,1,0,0,0,0,1,0,0,0,1,0,1
131417,0035000002SLg0IAAT,0.0,10,1859.0,10459.0,0,0,0,1,0,0,1,0,0,0,0,1,0
131419,0035000002SLpBNAA1,0.0,40,1812.0,9373.0,1,0,0,0,0,0,1,0,0,0,0,1,1
131423,0035000002SM107AAD,0.0,0,611.0,5070.0,0,1,0,0,0,0,1,0,0,0,1,0,0
131426,0035000002SM3ojAAD,0.0,0,3097.0,1042.0,0,1,0,0,0,0,1,0,0,0,0,1,1
131428,0035000002SM43KAAT,0.0,0,0.0,7315.0,0,0,0,1,0,0,1,0,0,0,0,1,1
131429,0035000002SM43UAAT,0.0,0,8777.0,1794.0,1,0,0,0,0,0,0,0,1,0,0,1,0
131438,0035000002SMWKTAA5,0.0,0,959.0,3181.0,1,0,0,0,0,0,1,0,0,0,0,1,1
131443,0035000002SRKyqAAH,0.0,0,2133.0,1460.0,0,0,0,1,0,0,0,0,0,1,0,1,1
131446,0035000002SRLZYAA5,0.0,0,6723.0,1461.0,1,0,0,0,0,0,0,1,0,0,0,1,0
131448,0035000002SRLgAAAX,0.0,0,2713.0,1460.0,0,1,0,0,0,0,0,0,1,0,0,1,1
131449,0035000002SRMxWAAX,0.0,0,931.0,7308.0,1,0,0,0,0,1,0,0,0,0,0,1,1
131452,0035000002SRaE6AAL,0.0,0,1947.0,1825.0,0,0,0,1,0,0,1,0,0,0,1,0,0
131456,0035000002SRogeAAD,0.0,80,1175.0,3135.0,0,1,0,0,0,0,0,0,1,0,0,1,1
131458,0035000002SS2lsAAD,0.0,10,5749.0,2191.0,0,1,0,0,0,0,1,0,0,0,1,0,1
131465,0035000002ST8jOAAT,0.0,0,4373.0,1555.0,1,0,0,0,0,0,0,0,1,0,0,1,0
131466,0035000002ST8qtAAD,0.0,70,1648.0,10450.0,0,0,0,0,1,0,1,0,0,0,0,1,1
131468,0035000002SU0kLAAT,0.0,0,1075.0,2650.0,0,1,0,0,0,0,1,0,0,0,1,0,0
131469,0035000002SUt2gAAD,0.0,0,1705.0,1052.0,0,0,0,1,0,0,1,0,0,0,0,1,0
131472,0035000002SVLTzAAP,0.0,0,3091.0,1841.0,1,0,0,0,0,0,0,0,0,1,0,1,1
131475,0035000002SVNG8AAP,0.0,80,237.0,4599.0,0,0,0,1,0,0,1,0,0,0,0,1,1
131483,0035000002SVPqGAAX,0.0,0,5472.0,4598.0,0,0,0,0,1,1,0,0,0,0,1,0,1
131484,0035000002SVQgWAAX,0.0,20,418.0,1.0,0,1,0,0,0,0,1,0,0,0,0,1,1
131492,0035000002SVUjiAAH,0.0,0,0.0,1461.0,0,0,0,1,0,0,1,0,0,0,0,1,0
131501,0035000002SVV98AAH,0.0,30,976.0,13894.0,0,0,0,1,0,0,0,0,0,1,0,1,0
131502,0035000002SVWEFAA5,0.0,50,1264.0,5959.0,0,0,0,0,1,0,0,0,1,0,0,1,0
131506,0035000002SVdnyAAD,0.0,60,2518.0,2255.0,0,1,0,0,0,0,1,0,0,0,1,0,1
131508,0035000002SVe3YAAT,0.0,0,3433.0,3223.0,0,0,0,0,1,0,1,0,0,0,0,1,1
131509,0035000002SVfepAAD,0.0,0,290.0,2949.0,1,0,0,0,0,0,1,0,0,0,1,0,0
131510,0035000002SVffdAAD,0.0,30,2200.0,1312.0,0,0,0,1,0,0,1,0,0,0,1,0,0
131514,0035000002SVfxWAAT,0.0,20,236.0,1619.0,1,0,0,0,0,0,0,0,0,1,1,0,1
131515,0035000002SVjKaAAL,0.0,0,759.0,3286.0,0,0,0,1,0,0,0,0,0,1,1,0,0
131517,0035000002SVlLeAAL,0.0,0,2574.0,1092.0,0,1,0,0,0,0,0,0,0,1,0,1,1
131520,0035000002SVs7pAAD,0.0,0,155.0,7312.0,0,0,0,1,0,0,1,0,0,0,0,1,1
131522,0035000002SVwPlAAL,0.0,40,1036.0,8472.0,0,0,0,0,1,0,1,0,0,0,0,1,1
131523,0035000002SVyHHAA1,0.0,40,4077.0,4256.0,0,1,0,0,0,0,1,0,0,0,1,0,1
131526,0035000002SWHEiAAP,0.0,80,4091.0,8132.0,1,0,0,0,0,0,1,0,0,0,0,1,1
131536,0035000002SWb7AAAT,0.0,90,276.0,9159.0,0,0,0,1,0,0,1,0,0,0,0,1,0
131542,0035000002SWg3SAAT,0.0,100,1305.0,9192.0,0,0,0,0,1,0,1,0,0,0,1,0,1
131546,0035000002SWjgFAAT,0.0,70,1330.0,3253.0,1,0,0,0,0,0,1,0,0,0,0,1,0
131550,0035000002SWpUoAAL,0.0,30,3323.0,10458.0,0,0,0,0,1,0,1,0,0,0,0,1,1
131551,0035000002SWr8vAAD,0.0,60,1066.0,7584.0,0,0,0,1,0,1,0,0,0,0,0,1,1
131552,0035000002SWtOvAAL,0.0,0,0.0,6494.0,0,0,0,0,1,0,1,0,0,0,0,1,1
131554,0035000002SX46fAAD,0.0,0,265.0,2106.0,1,0,0,0,0,0,1,0,0,0,1,0,0
131555,0035000002SX4B1AAL,0.0,100,887.0,2190.0,1,0,0,0,0,0,1,0,0,0,0,1,0
131556,0035000002SXCOyAAP,0.0,80,641.0,7369.0,0,0,0,0,1,0,1,0,0,0,0,1,1
131557,0035000002SXIOkAAP,0.0,70,1197.0,1778.0,0,1,0,0,0,0,1,0,0,0,0,1,0
131559,0035000002SXMhCAAX,0.0,0,1668.0,1825.0,0,1,0,0,0,0,0,0,1,0,0,1,1
131564,0035000002SY8z2AAD,0.0,0,1885.0,1826.0,0,0,0,1,0,0,0,0,0,1,0,1,0
131565,0035000002SYAvSAAX,0.0,0,124.0,1186.0,0,0,0,1,0,0,1,0,0,0,1,0,1
131568,0035000002SYFnOAAX,0.0,0,581.0,3167.0,0,0,0,0,1,0,0,0,0,1,0,1,0
131570,0035000002SYOIHAA5,0.0,30,11123.0,3916.0,0,0,0,1,0,0,1,0,0,0,0,1,1
131584,0035000002SYiNYAA1,0.0,0,0.0,5222.0,0,0,0,1,0,0,1,0,0,0,0,1,0
131594,0035000002SZ3HxAAL,0.0,0,4.0,3124.0,0,0,0,1,0,0,0,0,1,0,0,1,1
131597,0035000002Smb0bAAB,0.0,0,3.0,10398.0,0,0,0,0,1,0,1,0,0,0,0,1,1
131604,0035000002SmpLwAAJ,0.0,0,919.0,508.0,0,1,0,0,0,0,1,0,0,0,0,1,1
131609,0035000002Sn330AAB,0.0,0,103.0,4627.0,0,1,0,0,0,0,1,0,0,0,0,1,1
131617,0035000002Sn7y4AAB,0.0,0,0.0,8542.0,1,0,0,0,0,0,1,0,0,0,1,0,0
131619,0035000002SnBCXAA3,0.0,0,4084.0,1460.0,0,0,0,0,1,0,0,0,0,1,1,0,1
131621,0035000002SnGEFAA3,0.0,0,16.0,4878.0,0,0,0,1,0,0,1,0,0,0,0,1,1
131622,0035000002SnHnIAAV,0.0,0,1464.0,1679.0,0,0,0,1,0,0,0,0,0,1,0,1,1
131623,0035000002SnHoQAAV,0.0,0,88.0,3287.0,0,0,0,1,0,0,0,0,1,0,0,1,1
131627,0035000002SomS5AAJ,0.0,60,203.0,4932.0,0,0,0,1,0,0,1,0,0,0,0,1,1
131628,0035000002SonTCAAZ,0.0,0,610.0,4321.0,0,1,0,0,0,0,1,0,0,0,0,1,1
131629,0035000002SopDvAAJ,0.0,0,37.0,2557.0,0,0,0,1,0,0,0,0,0,1,0,1,1
131635,0035000002SqabQAAR,0.0,0,128.0,5855.0,1,0,0,0,0,0,0,0,1,0,1,0,1
131636,0035000002SqacdAAB,0.0,0,1323.0,1460.0,1,0,0,0,0,0,0,0,0,1,0,1,1
131638,0035000002SqaijAAB,0.0,0,1433.0,1651.0,0,1,0,0,0,0,1,0,0,0,1,0,1
131639,0035000002SqakfAAB,0.0,20,645.0,1460.0,0,1,0,0,0,0,1,0,0,0,0,1,1
131640,0035000002SqbDUAAZ,0.0,0,618.0,2039.0,0,1,0,0,0,0,1,0,0,0,1,0,1
131642,0035000002SqckHAAR,0.0,0,157.0,1826.0,0,0,0,1,0,0,0,0,1,0,0,1,1
131644,0035000002SqcydAAB,0.0,0,0.0,11550.0,0,0,0,0,1,0,1,0,0,0,0,1,1
131646,0035000002SqdDvAAJ,0.0,0,1707.0,2495.0,1,0,0,0,0,0,1,0,0,0,0,1,1
131647,0035000002SqdFrAAJ,0.0,0,0.0,7337.0,0,1,0,0,0,0,0,0,1,0,0,1,1
131652,0035000002SqdaVAAR,0.0,0,0.0,2950.0,0,0,0,1,0,0,1,0,0,0,0,1,1
131655,0035000002SqhKsAAJ,0.0,0,1612.0,4170.0,0,1,0,0,0,0,1,0,0,0,1,0,1
131663,0035000002SqjsDAAR,0.0,0,0.0,5480.0,0,0,0,0,1,0,1,0,0,0,0,1,1
131664,0035000002Sqk7mAAB,0.0,60,333.0,4420.0,1,0,0,0,0,0,0,0,1,0,0,1,0
131666,0035000002SqkTEAAZ,0.0,60,1005.0,1738.0,0,0,0,1,0,0,1,0,0,0,0,1,0
131667,0035000002SqmV8AAJ,0.0,0,59.0,4000.0,0,1,0,0,0,0,1,0,0,0,0,1,1
131675,0035000002SqpPWAAZ,0.0,0,12605.0,2921.0,0,0,0,1,0,0,0,1,0,0,0,1,1
131685,0035000002SqrRkAAJ,0.0,30,1814.0,1689.0,0,1,0,0,0,1,0,0,0,0,1,0,0
131687,0035000002SqsVGAAZ,0.0,0,3.0,3320.0,0,0,0,1,0,0,1,0,0,0,1,0,0
131694,0035000002SquXTAAZ,0.0,0,2201.0,1377.0,0,0,0,1,0,0,0,0,1,0,0,1,1
131695,0035000002Squd7AAB,0.0,0,3726.0,2606.0,0,1,0,0,0,0,1,0,0,0,0,1,1
131696,0035000002SqudlAAB,0.0,0,0.0,1460.0,0,0,0,1,0,1,0,0,0,0,1,0,0
131706,0035000002SqudvAAB,0.0,0,0.0,9153.0,0,1,0,0,0,0,1,0,0,0,0,1,0
131710,0035000002Sque0AAB,0.0,0,0.0,7502.0,1,0,0,0,0,0,1,0,0,0,0,1,1
131711,0035000002Sque1AAB,0.0,0,0.0,9909.0,0,0,0,1,0,0,1,0,0,0,0,1,0
131714,0035000002Sque4AAB,0.0,0,0.0,7316.0,0,1,0,0,0,0,1,0,0,0,1,0,0
131720,0035000002SqvM6AAJ,0.0,0,0.0,10035.0,0,0,0,0,1,0,1,0,0,0,1,0,1
131726,0035000002SqvMCAAZ,0.0,0,0.0,11694.0,0,0,0,1,0,0,1,0,0,0,1,0,0
131727,0035000002SqvMDAAZ,0.0,0,0.0,10319.0,0,0,0,0,1,0,1,0,0,0,0,1,0
131728,0035000002SqvMEAAZ,0.0,0,34.0,4893.0,0,0,0,1,0,0,1,0,0,0,0,1,0
131729,0035000002SqvMFAAZ,0.0,0,2102.0,304.0,0,1,0,0,0,0,1,0,0,0,1,0,1
131730,0035000002SqvMGAAZ,0.0,100,0.0,2629.0,0,0,0,1,0,0,1,0,0,0,0,1,0
131739,0035000002SqzVbAAJ,0.0,60,131.0,2757.0,0,0,0,0,1,0,1,0,0,0,0,1,1
131742,0035000002Sr0ofAAB,0.0,0,10.0,9829.0,1,0,0,0,0,1,0,0,0,0,1,0,1
131743,0035000002Sr1DPAAZ,0.0,0,1235.0,4204.0,1,0,0,0,0,1,0,0,0,0,0,1,0
131749,0035000002Sr2abAAB,0.0,0,268.0,3887.0,0,1,0,0,0,0,1,0,0,0,0,1,1
131750,0035000002Sr2geAAB,0.0,50,1753.0,2282.0,1,0,0,0,0,0,1,0,0,0,0,1,1
131751,0035000002Sr2lFAAR,0.0,10,4003.0,1321.0,0,1,0,0,0,0,1,0,0,0,1,0,1
131752,0035000002Sr344AAB,0.0,0,555.0,9237.0,0,1,0,0,0,0,1,0,0,0,0,1,1
131754,0035000002Sr3WgAAJ,0.0,0,3.0,3530.0,0,0,0,1,0,0,1,0,0,0,0,1,1
131758,0035000002Sr71nAAB,0.0,0,799.0,1826.0,0,1,0,0,0,0,1,0,0,0,0,1,1
131764,0035000002Sr7thAAB,0.0,0,2163.0,1462.0,0,0,0,1,0,0,0,0,0,1,0,1,0
131765,0035000002Sr8vKAAR,0.0,20,2993.0,4063.0,0,0,0,0,1,0,0,0,0,1,0,1,1
131771,0035000002SrAoLAAV,0.0,0,4166.0,4849.0,0,1,0,0,0,0,0,0,0,1,0,1,0
131772,0035000002SrBHjAAN,0.0,30,784.0,5872.0,0,1,0,0,0,0,1,0,0,0,0,1,0
131778,0035000002SrD5IAAV,0.0,10,787.0,1825.0,0,0,0,1,0,0,0,0,1,0,0,1,1
131789,0035000002SrP5tAAF,0.0,80,587.0,7441.0,0,0,0,1,0,0,0,0,1,0,0,1,1
131803,0035000002StdNnAAJ,0.0,0,953.0,1460.0,0,0,0,0,1,0,1,0,0,0,0,1,1
131805,0035000002StdRfAAJ,0.0,30,2170.0,1056.0,0,0,0,0,1,0,1,0,0,0,0,1,1
131809,0035000002StdamAAB,0.0,70,775.0,4728.0,0,1,0,0,0,0,1,0,0,0,0,1,1
131813,0035000002StdfAAAR,0.0,0,1525.0,2254.0,0,0,0,1,0,0,1,0,0,0,0,1,1
131823,0035000002SteDEAAZ,0.0,0,0.0,8298.0,0,1,0,0,0,0,1,0,0,0,0,1,0
131834,0035000002StixNAAR,0.0,0,1569.0,2191.0,0,0,0,1,0,0,0,0,0,1,0,1,1
131835,0035000002StjDUAAZ,0.0,0,40.0,8321.0,0,0,0,0,1,0,1,0,0,0,0,1,1
131836,0035000002StjNPAAZ,0.0,0,7.0,480.0,0,0,0,1,0,0,1,0,0,0,1,0,1
131838,0035000002StkC8AAJ,0.0,90,1679.0,9273.0,0,1,0,0,0,0,1,0,0,0,1,0,0
131839,0035000002StkCnAAJ,0.0,80,3505.0,2192.0,0,1,0,0,0,0,1,0,0,0,1,0,1
131840,0035000002StkNWAAZ,0.0,0,1663.0,2663.0,0,0,0,1,0,0,1,0,0,0,0,1,1
131841,0035000002StkbEAAR,0.0,0,3881.0,498.0,0,0,0,1,0,0,1,0,0,0,0,1,1
131844,0035000002StmS0AAJ,0.0,90,982.0,7725.0,0,0,0,0,1,1,0,0,0,0,0,1,1
131847,0035000002StpqkAAB,0.0,0,188.0,3747.0,0,0,0,0,1,0,1,0,0,0,0,1,1
131849,0035000002Str1tAAB,0.0,0,691.0,2432.0,0,0,0,1,0,0,1,0,0,0,0,1,0
131850,0035000002Str94AAB,0.0,100,1006.0,2946.0,0,0,0,1,0,0,0,0,1,0,0,1,0
131851,0035000002StruNAAR,0.0,0,222.0,3135.0,0,0,0,0,1,1,0,0,0,0,0,1,1
131855,0035000002Stt0vAAB,0.0,0,0.0,6952.0,0,0,0,0,1,0,0,0,0,1,0,1,1
131861,0035000002Stw2LAAR,0.0,0,139.0,743.0,0,0,0,1,0,0,1,0,0,0,0,1,1
131873,0035000002StzGVAAZ,0.0,60,1027.0,4383.0,0,1,0,0,0,0,1,0,0,0,1,0,1
131878,0035000002Su08sAAB,0.0,0,332.0,1458.0,1,0,0,0,0,0,0,0,0,1,1,0,1
131883,0035000002Su0j4AAB,0.0,0,131.0,3252.0,0,1,0,0,0,0,1,0,0,0,0,1,1
131888,0035000002Su1pnAAB,0.0,40,0.0,1653.0,0,1,0,0,0,0,1,0,0,0,0,1,1
131891,0035000002Su2jrAAB,0.0,0,5489.0,7693.0,0,0,0,0,1,0,1,0,0,0,1,0,0
131892,0035000002Su2wMAAR,0.0,0,1379.0,8041.0,0,0,0,0,1,0,1,0,0,0,1,0,1
131895,0035000002Su2zEAAR,0.0,60,1103.0,1826.0,1,0,0,0,0,0,0,0,0,1,1,0,0
131896,0035000002Su2zFAAR,0.0,90,3.0,3284.0,0,0,0,1,0,0,0,0,0,1,1,0,1
131898,0035000002Su2zHAAR,0.0,0,134.0,5934.0,0,0,0,1,0,0,0,0,1,0,0,1,1
131900,0035000002Su2zJAAR,0.0,30,375.0,4383.0,0,0,0,1,0,0,0,0,0,1,0,1,1
131901,0035000002Su2zKAAR,0.0,70,1432.0,1461.0,0,0,0,1,0,0,0,0,1,0,0,1,1
131902,0035000002Su2zLAAR,0.0,0,1964.0,2936.0,1,0,0,0,0,0,0,0,0,1,1,0,1
131906,0035000002Su2zPAAR,0.0,0,4318.0,1491.0,0,0,0,1,0,0,1,0,0,0,0,1,0
131908,0035000002Su2zRAAR,0.0,0,1762.0,1113.0,1,0,0,0,0,0,1,0,0,0,1,0,0
131910,0035000002Su2zTAAR,0.0,70,3684.0,4382.0,1,0,0,0,0,0,1,0,0,0,0,1,1
131917,0035000002Su2zaAAB,0.0,0,1348.0,837.0,0,0,0,1,0,0,1,0,0,0,0,1,1
131918,0035000002Su2zbAAB,0.0,40,650.0,6139.0,0,0,0,1,0,0,1,0,0,0,0,1,0
131922,0035000002Su2zgAAB,0.0,0,2529.0,7304.0,0,1,0,0,0,0,1,0,0,0,1,0,1
131923,0035000002Su2zhAAB,0.0,0,4207.0,336.0,0,0,0,1,0,0,0,0,1,0,1,0,0
131924,0035000002Su2ziAAB,0.0,0,438.0,150.0,0,0,0,1,0,0,1,0,0,0,1,0,1
131926,0035000002Su2zkAAB,0.0,0,1266.0,1826.0,0,0,0,1,0,0,0,0,0,1,0,1,1
131928,0035000002Su2zmAAB,0.0,0,1131.0,1463.0,0,1,0,0,0,0,0,0,1,0,0,1,1
131930,0035000002Su2zoAAB,0.0,10,609.0,1371.0,0,1,0,0,0,0,0,0,1,0,0,1,1
131931,0035000002Su2zpAAB,0.0,0,2048.0,2192.0,0,1,0,0,0,0,0,0,0,1,0,1,0
131934,0035000002Su4tuAAB,0.0,0,905.0,976.0,0,1,0,0,0,0,1,0,0,0,1,0,1
131938,0035000002TJHV5AAP,0.0,0,229.0,8478.0,0,0,0,0,1,0,0,0,1,0,0,1,1
131944,0035000002TJHnoAAH,0.0,0,1376.0,1360.0,0,0,0,1,0,0,1,0,0,0,0,1,1
131946,0035000002TJIF9AAP,0.0,0,7.0,2764.0,1,0,0,0,0,0,1,0,0,0,0,1,0
131949,0035000002TJIboAAH,0.0,0,9412.0,1747.0,0,0,0,0,1,0,1,0,0,0,1,0,1
131952,0035000002TJLiHAAX,0.0,50,170.0,2555.0,0,0,0,1,0,1,0,0,0,0,0,1,1
131953,0035000002TJLigAAH,0.0,90,116.0,11170.0,0,0,0,1,0,0,1,0,0,0,0,1,0
131970,0035000002TJOfIAAX,0.0,0,532.0,2772.0,0,0,0,1,0,0,0,0,1,0,0,1,0
131973,0035000002TJOo5AAH,0.0,0,0.0,7359.0,0,0,0,0,1,0,1,0,0,0,0,1,1
131976,0035000002TJQ05AAH,0.0,0,4041.0,1555.0,0,0,0,1,0,0,1,0,0,0,0,1,1
131977,0035000002TJQOHAA5,0.0,60,425.0,5762.0,0,0,0,0,1,0,1,0,0,0,1,0,1
131979,0035000002TJR36AAH,0.0,0,470.0,1306.0,1,0,0,0,0,0,1,0,0,0,0,1,1
131981,0035000002TJRBaAAP,0.0,0,0.0,4862.0,0,0,0,1,0,0,1,0,0,0,0,1,1
131983,0035000002TJRPlAAP,0.0,60,1659.0,7607.0,0,1,0,0,0,0,1,0,0,0,0,1,1
131990,0035000002TJT3bAAH,0.0,0,2053.0,2921.0,0,1,0,0,0,0,0,0,1,0,0,1,1
131997,0035000002TJV8EAAX,0.0,10,5373.0,816.0,0,0,0,0,1,1,0,0,0,0,0,1,0
132000,0035000002TJVD9AAP,0.0,0,24.0,4770.0,0,1,0,0,0,0,0,0,1,0,0,1,1
132002,0035000002TJXOKAA5,0.0,60,1926.0,1372.0,0,0,0,0,1,0,0,0,0,1,0,1,1
132008,0035000002TJYUCAA5,0.0,0,0.0,3280.0,1,0,0,0,0,0,0,0,1,0,0,1,0
132010,0035000002TJYUEAA5,0.0,0,0.0,2724.0,0,0,0,1,0,0,0,0,1,0,0,1,0
132016,0035000002TJYUKAA5,0.0,0,0.0,9497.0,1,0,0,0,0,0,0,0,0,1,0,1,1
132018,0035000002TJYUNAA5,0.0,60,2144.0,2992.0,0,1,0,0,0,0,0,0,0,1,1,0,1
132019,0035000002TJYUOAA5,0.0,0,0.0,2559.0,0,0,0,1,0,0,0,0,0,1,0,1,1
132020,0035000002TJYUPAA5,0.0,0,0.0,7279.0,0,1,0,0,0,0,0,0,0,1,0,1,0
132021,0035000002TJYUQAA5,0.0,0,271.0,4084.0,0,0,0,1,0,0,0,0,0,1,0,1,1
132027,0035000002TJZIlAAP,0.0,0,686.0,7683.0,0,1,0,0,0,0,1,0,0,0,0,1,1
132037,0035000002TJcm2AAD,0.0,0,212.0,9270.0,0,0,0,1,0,0,1,0,0,0,0,1,1
132042,0035000002TJea9AAD,0.0,0,15532.0,1645.0,0,1,0,0,0,0,0,0,0,1,0,1,0
132075,0035000002TJqP2AAL,0.0,0,2483.0,2922.0,0,0,0,1,0,0,1,0,0,0,0,1,0
132090,0035000002TJsUcAAL,0.0,0,7284.0,2832.0,1,0,0,0,0,1,0,0,0,0,1,0,0
132092,0035000002TJtvhAAD,0.0,0,0.0,2861.0,0,0,0,1,0,0,0,0,0,1,0,1,1
132095,0035000002TJw4jAAD,0.0,0,20.0,1996.0,0,0,0,1,0,0,1,0,0,0,0,1,1
132105,0035000002TJyS0AAL,0.0,70,2327.0,7693.0,1,0,0,0,0,0,1,0,0,0,1,0,1
132116,0035000002TJzdfAAD,0.0,0,0.0,2174.0,0,0,0,1,0,0,1,0,0,0,0,1,0
132117,0035000002TJznPAAT,0.0,0,0.0,10599.0,0,0,0,1,0,0,1,0,0,0,0,1,1
132122,0035000002TK0dpAAD,0.0,0,8474.0,3583.0,0,0,0,1,0,0,1,0,0,0,0,1,0
132123,0035000002TK0wHAAT,0.0,0,318.0,2190.0,0,0,0,0,1,0,1,0,0,0,1,0,0
132125,0035000002TK1B1AAL,0.0,0,1795.0,1207.0,0,1,0,0,0,0,1,0,0,0,0,1,1
132129,0035000002TK3z9AAD,0.0,0,2583.0,846.0,1,0,0,0,0,0,1,0,0,0,0,1,0
132137,0035000002TK69ZAAT,0.0,40,0.0,5626.0,0,0,0,0,1,0,1,0,0,0,0,1,0
132152,0035000002TKI5eAAH,0.0,10,3078.0,1826.0,0,0,0,0,1,0,1,0,0,0,0,1,0
132153,0035000002TKLRKAA5,0.0,30,236.0,3831.0,0,0,0,1,0,0,0,0,1,0,0,1,0
132161,0035000002TKMi3AAH,0.0,80,114.0,3018.0,0,1,0,0,0,0,1,0,0,0,0,1,0
132162,0035000002TKMlkAAH,0.0,60,1102.0,1517.0,0,0,0,1,0,0,1,0,0,0,0,1,0
132163,0035000002TKNKpAAP,0.0,0,29.0,3135.0,0,0,0,1,0,0,0,0,1,0,0,1,0
132169,0035000002TKPGDAA5,0.0,0,0.0,8701.0,0,0,0,1,0,0,1,0,0,0,0,1,1
132170,0035000002TKPGEAA5,0.0,0,8486.0,1096.0,0,0,0,0,1,0,1,0,0,0,0,1,0
132171,0035000002TKPGFAA5,0.0,0,0.0,10257.0,0,0,0,0,1,0,1,0,0,0,0,1,1
132174,0035000002TKQL2AAP,0.0,0,389.0,7717.0,0,1,0,0,0,0,1,0,0,0,0,1,0
132177,0035000002TKSnsAAH,0.0,0,253.0,2734.0,0,0,0,1,0,0,1,0,0,0,1,0,0
132178,0035000002TKTyDAAX,0.0,0,8994.0,2557.0,0,0,0,1,0,0,1,0,0,0,0,1,1
132179,0035000002TKUcSAAX,0.0,0,12620.0,498.0,1,0,0,0,0,1,0,0,0,0,0,1,0
132180,0035000002TKVBeAAP,0.0,0,290.0,1615.0,1,0,0,0,0,0,0,0,1,0,0,1,1
132181,0035000002TKWn0AAH,0.0,0,56.0,7353.0,0,0,0,0,1,1,0,0,0,0,0,1,1
132182,0035000002TKWqnAAH,0.0,50,25.0,4539.0,0,1,0,0,0,0,0,0,1,0,1,0,0
132184,0035000002TKXG8AAP,0.0,90,1972.0,7310.0,0,0,0,0,1,0,1,0,0,0,0,1,1
132185,0035000002TKYMpAAP,0.0,0,191.0,1012.0,0,0,0,1,0,0,0,0,1,0,0,1,0
132186,0035000002TKYRKAA5,0.0,0,207.0,3780.0,0,0,0,1,0,0,0,0,0,1,0,1,0
132189,0035000002TKZuDAAX,0.0,90,367.0,10042.0,0,0,0,1,0,0,1,0,0,0,0,1,0
132192,0035000002TKZzbAAH,0.0,40,2463.0,2922.0,0,0,0,1,0,0,1,0,0,0,0,1,0
132193,0035000002TKa0PAAT,0.0,0,22.0,1784.0,0,0,0,1,0,0,0,0,1,0,0,1,1
132194,0035000002TKa3dAAD,0.0,0,6264.0,6896.0,1,0,0,0,0,0,1,0,0,0,0,1,1
132195,0035000002TKaBNAA1,0.0,0,60.0,3765.0,0,1,0,0,0,0,1,0,0,0,0,1,1
132196,0035000002TKaHOAA1,0.0,0,755.0,8631.0,0,1,0,0,0,1,0,0,0,0,0,1,0
132198,0035000002TKajcAAD,0.0,10,2745.0,2392.0,0,0,0,1,0,0,1,0,0,0,0,1,0
132202,0035000002TKbpnAAD,0.0,0,21.0,2874.0,0,1,0,0,0,0,1,0,0,0,0,1,1
132203,0035000002TKc8VAAT,0.0,0,3.0,8187.0,0,0,0,1,0,0,0,0,0,1,0,1,1
132207,0035000002TKdd9AAD,0.0,0,233.0,3469.0,1,0,0,0,0,0,1,0,0,0,1,0,0
132209,0035000002TKeB6AAL,0.0,0,98.0,9010.0,0,0,0,1,0,0,1,0,0,0,0,1,0
132218,0035000002TKftwAAD,0.0,0,0.0,7216.0,1,0,0,0,0,0,0,0,0,1,0,1,0
132220,0035000002TKfznAAD,0.0,0,0.0,6.0,0,0,0,1,0,0,1,0,0,0,0,1,1
132222,0035000002TKfzpAAD,0.0,0,0.0,9497.0,0,0,0,1,0,0,1,0,0,0,0,1,0
132225,0035000002TKfzsAAD,0.0,0,0.0,740.0,0,0,0,1,0,0,1,0,0,0,1,0,0
132228,0035000002TKfzvAAD,0.0,0,1205.0,3878.0,1,0,0,0,0,0,1,0,0,0,1,0,1
132230,0035000002TKfzxAAD,0.0,90,966.0,7671.0,0,0,0,1,0,0,1,0,0,0,0,1,0
132231,0035000002TKfzyAAD,0.0,0,0.0,9577.0,0,0,0,1,0,0,1,0,0,0,0,1,0
132232,0035000002TKfzzAAD,0.0,0,0.0,1645.0,0,1,0,0,0,0,1,0,0,0,0,1,1
132233,0035000002TKg00AAD,0.0,0,0.0,8841.0,0,1,0,0,0,0,1,0,0,0,0,1,1
132234,0035000002TKg01AAD,0.0,0,0.0,9513.0,1,0,0,0,0,0,1,0,0,0,0,1,0
132236,0035000002TKg03AAD,0.0,0,692.0,5634.0,0,0,0,1,0,0,1,0,0,0,1,0,0
132238,0035000002TKg05AAD,0.0,40,0.0,257.0,0,0,0,1,0,0,1,0,0,0,0,1,1
132239,0035000002TKg06AAD,0.0,0,0.0,4.0,0,0,0,1,0,0,1,0,0,0,0,1,1
132240,0035000002TKg07AAD,0.0,0,0.0,1513.0,0,0,0,1,0,0,1,0,0,0,0,1,0
132243,0035000002TKg0AAAT,0.0,0,0.0,7671.0,0,0,0,1,0,0,1,0,0,0,0,1,1
132244,0035000002TKg0BAAT,0.0,0,0.0,2430.0,0,0,0,1,0,0,1,0,0,0,0,1,1
132245,0035000002TKg0CAAT,0.0,0,0.0,5830.0,1,0,0,0,0,0,1,0,0,0,0,1,1
132247,0035000002TKgn2AAD,0.0,0,3147.0,2997.0,0,1,0,0,0,0,1,0,0,0,0,1,1
132255,0035000002TKibMAAT,0.0,0,3326.0,1855.0,0,0,0,0,1,0,0,0,0,1,0,1,1
132256,0035000002TKivVAAT,0.0,0,600.0,1827.0,0,0,0,0,1,0,1,0,0,0,1,0,0
132263,0035000002TKk6gAAD,0.0,0,2205.0,1393.0,0,0,0,0,1,0,0,0,1,0,0,1,1
132267,0035000002TKktkAAD,0.0,50,2074.0,1646.0,0,0,0,1,0,0,1,0,0,0,0,1,0
132269,0035000002TKkz2AAD,0.0,0,270.0,1209.0,1,0,0,0,0,0,1,0,0,0,0,1,1
132271,0035000002TKl9UAAT,0.0,90,159.0,3108.0,0,0,0,1,0,0,1,0,0,0,0,1,0
132274,0035000002TKlecAAD,0.0,0,0.0,8424.0,0,0,0,0,1,0,1,0,0,0,0,1,0
132275,0035000002TKlffAAD,0.0,0,3569.0,3803.0,0,0,0,1,0,0,0,0,1,0,0,1,1
132276,0035000002TKlouAAD,0.0,100,266.0,8188.0,0,1,0,0,0,0,1,0,0,0,0,1,1
132277,0035000002TKlqCAAT,0.0,0,2021.0,1456.0,0,0,0,1,0,0,0,0,0,1,0,1,1
132281,0035000002TKmUQAA1,0.0,0,1637.0,2814.0,0,1,0,0,0,1,0,0,0,0,0,1,0
132283,0035000002TKnCgAAL,0.0,0,1885.0,1827.0,0,0,0,1,0,0,0,0,1,0,0,1,0
132286,0035000002TKoGQAA1,0.0,0,18.0,9503.0,0,0,0,1,0,0,0,0,0,1,1,0,1
132296,0035000002TKrgsAAD,0.0,0,676.0,3286.0,0,0,0,1,0,0,0,0,1,0,0,1,1
132298,0035000002TKtNoAAL,0.0,0,145.0,2861.0,0,1,0,0,0,0,1,0,0,0,0,1,1
132312,0035000002TKvynAAD,0.0,0,9466.0,1461.0,0,0,0,1,0,0,0,0,0,1,0,1,1
132316,0035000002TKweXAAT,0.0,90,662.0,8505.0,0,0,0,1,0,1,0,0,0,0,0,1,1
132317,0035000002TKy79AAD,0.0,0,692.0,9707.0,0,0,0,0,1,0,1,0,0,0,1,0,0
132319,0035000002TKyHsAAL,0.0,80,1062.0,948.0,0,0,0,1,0,0,1,0,0,0,0,1,1
132341,0035000002TL3pvAAD,0.0,10,2299.0,3901.0,1,0,0,0,0,0,0,0,0,1,0,1,0
132347,0035000002TL5YoAAL,0.0,90,375.0,2926.0,0,0,0,1,0,0,1,0,0,0,0,1,1
132349,0035000002TL5mHAAT,0.0,0,8.0,10948.0,0,1,0,0,0,0,1,0,0,0,0,1,1
132350,0035000002TL5v0AAD,0.0,0,518.0,6606.0,1,0,0,0,0,0,1,0,0,0,1,0,0
132362,0035000002TL6cDAAT,0.0,0,6075.0,1461.0,0,0,0,0,1,0,1,0,0,0,0,1,0
132364,0035000002TL6lMAAT,0.0,0,26.0,9316.0,1,0,0,0,0,0,1,0,0,0,0,1,0
132365,0035000002TL6roAAD,0.0,0,2539.0,2922.0,0,1,0,0,0,0,1,0,0,0,0,1,1
132370,0035000002TL7X0AAL,0.0,0,13222.0,1360.0,1,0,0,0,0,1,0,0,0,0,0,1,0
132372,0035000002TL7mtAAD,0.0,40,170.0,10681.0,0,0,0,0,1,1,0,0,0,0,1,0,1
132380,0035000002TL8ZYAA1,0.0,0,778.0,5778.0,0,0,0,1,0,0,1,0,0,0,0,1,1
132381,0035000002TL8gFAAT,0.0,0,0.0,7421.0,0,1,0,0,0,0,1,0,0,0,0,1,1
132388,0035000002TLAucAAH,0.0,10,5137.0,1461.0,0,0,0,1,0,0,0,0,1,0,0,1,0
132389,0035000002TLBoWAAX,0.0,0,90.0,1303.0,0,0,0,1,0,0,1,0,0,0,0,1,1
132390,0035000002TLBtMAAX,0.0,10,626.0,1515.0,0,0,0,1,0,0,0,0,1,0,0,1,0
132397,0035000002TLCkVAAX,0.0,0,8978.0,3242.0,0,1,0,0,0,0,0,0,0,1,0,1,1
132398,0035000002TLCvDAAX,0.0,60,1214.0,3533.0,0,0,0,1,0,0,1,0,0,0,0,1,1
132399,0035000002TLD1XAAX,0.0,30,1689.0,1462.0,0,1,0,0,0,0,0,0,1,0,1,0,1
132403,0035000002TLEYAAA5,0.0,0,12505.0,730.0,0,0,0,1,0,0,0,0,1,0,0,1,1
132404,0035000002TLF5TAAX,0.0,0,22.0,1805.0,0,1,0,0,0,0,0,0,0,1,0,1,0
132406,0035000002TLGYBAA5,0.0,50,1993.0,2019.0,0,0,0,1,0,0,1,0,0,0,1,0,1
132421,0035000002TLMJpAAP,0.0,0,534.0,5520.0,0,0,0,1,0,0,1,0,0,0,0,1,1
132426,0035000002TLNdLAAX,0.0,0,8675.0,3610.0,0,1,0,0,0,0,1,0,0,0,0,1,0
132430,0035000002TLOAzAAP,0.0,40,2492.0,1826.0,0,0,0,1,0,0,0,0,0,1,0,1,0
132432,0035000002TLOtEAAX,0.0,0,141.0,1348.0,1,0,0,0,0,0,1,0,0,0,1,0,1
132436,0035000002TLQCpAAP,0.0,0,53.0,8175.0,0,0,0,0,1,0,1,0,0,0,0,1,0
132442,0035000002TLQqJAAX,0.0,0,118.0,8997.0,0,0,0,1,0,0,1,0,0,0,0,1,1
